1757329764099 170.96452083947207 0
1757329764128 153.56641472608175 1
1757329764153 146.7492845840757 2
1757329764177 140.06768257741834 3
1757329764200 133.90661912837666 4
1757329764222 128.20516746164122 5
1757329764245 122.92622274094892 6
1757329764268 118.03497154222264 7
1757329764293 113.49958918743025 8
1757329764326 109.29094293263748 9
1757329764349 105.38236367753373 10
1757329764373 101.74943528535228 11
1757329764396 98.36980207660186 12
1757329764419 95.22299283824168 13
1757329764441 92.29025993297289 14
1757329764466 89.55443221044962 15
1757329764491 86.9997805341113 16
1757329764515 84.61189483938226 17
1757329764540 82.37757173225692 18
1757329764566 80.28471172253333 19
1757329764593 78.32222526386653 20
1757329764617 76.47994684401743 21
1757329764646 74.7485564337485 22
1757329764671 73.11950766229482 23
1757329764696 71.58496214169669 24
1757329764724 70.13772941196105 25
1757329764749 68.77121202442474 26
1757329764772 67.47935532219174 27
1757329764796 66.2566015144445 28
1757329764820 65.09784767609496 29
1757329764843 63.9984073359226 30
1757329764866 62.953975345304414 31
1757329764891 61.96059574610643 32
1757329764915 61.01463238049583 33
1757329764939 60.11274200754029 34
1757329764962 59.25184971166747 35
1757329764986 58.42912640652557 36
1757329765009 57.64196825466583 37
1757329765033 56.887977838895004 38
1757329765058 56.16494693524758 39
1757329765081 55.47084075041472 40
1757329765106 54.8037834982479 41
1757329765130 54.16204520072106 42
1757329765154 53.5440296085769 43
1757329765179 52.94826314587757 44
1757329765203 52.37338479090147 45
1757329765226 51.818136813343 46
1757329765249 51.281356294640524 47
1757329765274 50.76196736453605 48
1757329765299 50.25897409270932 49
1757329765325 49.77145397957409 50
1757329765360 49.2985519951188 51
1757329765385 48.83947511905724 52
1757329765411 48.39348733956033 53
1757329765437 47.95990507150216 54
1757329765463 47.53809295850108 55
1757329765491 47.12746002609587 56
1757329765517 46.72745615619468 57
1757329765542 46.33756885549062 58
1757329765569 45.957320292875806 59
1757329765593 45.586264583021304 60
1757329765618 45.22398529524488 61
1757329765644 44.870093168572595 62
1757329765670 44.52422401553377 63
1757329765694 44.18603679872017 64
1757329765719 43.85521186550511 65
1757329765743 43.5314493275648 66
1757329765768 43.21446757298516 67
1757329765792 42.904001899778834 68
1757329765816 42.59980326059117 69
1757329765841 42.30163710924469 70
1757329765865 42.00928234056834 71
1757329765890 41.72253031568659 72
1757329765915 41.441183965609156 73
1757329765940 41.16505696657109 74
1757329765964 40.89397298113031 75
1757329765990 40.627764959538204 76
1757329766015 40.36627449636513 77
1757329766039 40.10935123778796 78
1757329766066 39.85685233533673 79
1757329766090 39.60864194225292 80
1757329766115 39.36459074893817 81
1757329766141 39.1245755542696 82
1757329766166 38.88847886983062 83
1757329766191 38.65618855435523 84
1757329766216 38.42759747591132 85
1757329766241 38.202603199557686 86
1757329766266 37.98110769839932 87
1757329766291 37.763017086140785 88
1757329766316 37.5482413693962 89
1757329766350 37.336694218161284 90
1757329766375 37.1282927529856 91
1757329766401 36.92295734750617 92
1757329766426 36.72061144511466 93
1757329766451 36.521181388633494 94
1757329766477 36.32459626196911 95
1757329766501 36.13078774279701 96
1757329766526 35.93968996541105 97
1757329766551 35.75123939294183 98
1757329766578 35.565374698214136 99
1757329766604 35.382036652574214 100
1757329766631 35.201168022072295 101
1757329766659 35.02271347043624 102
1757329766685 34.8466194683187 103
1757329766711 34.67283420834219 104
1757329766736 34.50130752550531 105
1757329766761 34.331990822548796 106
1757329766788 34.16483699991273 107
1757329766813 33.999800389945804 108
1757329766838 33.83683669505506 109
1757329766863 33.67590292950939 110
1757329766890 33.516957364633 111
1757329766915 33.35995947714613 112
1757329766941 33.20486990042963 113
1757329766967 33.05165037850747 114
1757329766992 32.90026372255768 115
1757329767017 32.75067376977684 116
1757329767043 32.60284534443728 117
1757329767070 32.456744220988014 118
1757329767096 32.31233708906269 119
1757329767124 32.16959152026765 120
1757329767153 32.02847593663345 121
1757329767178 31.8889595806216 122
1757329767208 31.75101248658689 123
1757329767235 31.614605453602827 124
1757329767261 31.479710019564703 125
1757329767287 31.3462984364913 126
1757329767312 31.214343646951768 127
1757329767338 31.083819261549902 128
1757329767371 30.954699537402682 129
1757329767398 30.82695935755469 130
1757329767424 30.700574211274006 131
1757329767449 30.575520175179335 132
1757329767475 30.451773895151206 133
1757329767501 30.329312568983777 134
1757329767527 30.208113929736623 135
1757329767552 30.088156229748513 136
1757329767580 29.969418225278094 137
1757329767606 29.85187916173835 138
1757329767633 29.73551875949427 139
1757329767660 29.62031720019494 140
1757329767686 29.506255113613136 141
1757329767712 29.3933135649674 142
1757329767738 29.28147404270308 143
1757329767764 29.170718446710055 144
1757329767791 29.061029076956796 145
1757329767816 28.952388622521067 146
1757329767842 28.844780150999142 147
1757329767868 28.738187098276374 148
1757329767894 28.63259325864298 149
1757329767921 28.52798277523981 150
1757329767946 28.424340130819793 151
1757329767972 28.321650138811567 152
1757329767999 28.219897934672513 153
1757329768031 28.119068967519144 154
1757329768057 28.019148992023467 155
1757329768085 27.920124060564515 156
1757329768111 27.821980515624876 157
1757329768138 27.72470498242251 158
1757329768165 27.628284361768664 159
1757329768191 27.53270582314323 160
1757329768218 27.437956797979208 161
1757329768244 27.344024973148485 162
1757329768283 27.250898284641323 163
1757329768310 27.158564911432585 164
1757329768336 27.067013269527802 165
1757329768363 26.976232006182652 166
1757329768399 26.88620999428969 167
1757329768426 26.796936326926446 168
1757329768452 26.708400312059194 169
1757329768479 26.620591467397155 170
1757329768507 26.533499515391828 171
1757329768534 26.447114378376696 172
1757329768563 26.361426173842396 173
1757329768614 26.27642520984311 174
1757329768653 26.192101980529586 175
1757329768682 26.108447161804772 176
1757329768710 26.02545160709816 177
1757329768738 25.943106343254776 178
1757329768770 25.861402566535464 179
1757329768824 25.780331638724636 180
1757329768851 25.699885083342323 181
1757329768878 25.62005458195718 182
1757329768905 25.540831970597253 183
1757329768932 25.462209236255607 184
1757329768959 25.384178513487825 185
1757329768986 25.306732081098634 186
1757329769012 25.22986235891486 187
1757329769039 25.153561904642277 188
1757329769065 25.077823410803664 189
1757329769093 25.002639701755776 190
1757329769120 24.928003730782855 191
1757329769147 24.853908577264388 192
1757329769176 24.780347443915026 193
1757329769203 24.707313654094463 194
1757329769230 24.634800649185298 195
1757329769256 24.562801986036977 196
1757329769283 24.491311334473735 197
1757329769311 24.42032247486497 198
1757329769337 24.349829295755967 199
1757329769364 24.27982579155759 200
1757329769400 24.21030606029299 201
1757329769429 24.141264301399907 202
1757329769456 24.072694813586924 203
1757329769483 24.004591992742245 204
1757329769510 23.936950329893445 205
1757329769537 23.86976440921685 206
1757329769564 23.80302890609517 207
1757329769592 23.736738585222053 208
1757329769620 23.670888298752228 209
1757329769647 23.60547298449616 210
1757329769675 23.540487664157755 211
1757329769702 23.475927441614203 212
1757329769730 23.411787501236645 213
1757329769757 23.34806310625066 214
1757329769784 23.284749597135452 215
1757329769811 23.221842390060804 216
1757329769838 23.15933697536064 217
1757329769865 23.097228916042337 218
1757329769893 23.03551384633084 219
1757329769920 22.974187470246598 220
1757329769948 22.91324556021654 221
1757329769975 22.852683955717048 222
1757329770003 22.792498561948346 223
1757329770030 22.732685348539185 224
1757329770057 22.673240348281364 225
1757329770085 22.614159655893054 226
1757329770114 22.55543942681027 227
1757329770142 22.49707587600584 228
1757329770171 22.439065276835098 229
1757329770199 22.38140395990755 230
1757329770227 22.324088311984045 231
1757329770254 22.26711477489856 232
1757329770282 22.210479844504228 233
1757329770309 22.154180069642763 234
1757329770337 22.098212051136887 235
1757329770364 22.042572440805003 236
1757329770400 21.987257940497756 237
1757329770430 21.932265301155745 238
1757329770457 21.877591321887977 239
1757329770486 21.82323284907053 240
1757329770514 21.76918677546486 241
1757329770542 21.715450039355375 242
1757329770569 21.662019623705714 243
1757329770599 21.608892555333295 244
1757329770653 21.556065904101704 245
1757329770684 21.50353678213047 246
1757329770713 21.451302343021812 247
1757329770741 21.39935978110396 248
1757329770769 21.347706330690595 249
1757329770798 21.296339265356075 250
1757329770826 21.245255897226052 251
1757329770854 21.1944535762831 252
1757329770882 21.143929689687003 253
1757329770910 21.093681661109333 254
1757329770939 21.043706950082026 255
1757329770968 20.994003051359567 256
1757329770995 20.944567494294475 257
1757329771024 20.895397842225826 258
1757329771052 20.846491691880416 259
1757329771080 20.79784667278635 260
1757329771113 20.74946044669874 261
1757329771145 20.70133070703716 262
1757329771177 20.653455178334713 263
1757329771208 20.605831615698346 264
1757329771238 20.558457804280163 265
1757329771269 20.511331558759498 266
1757329771299 20.46445072283552 267
1757329771328 20.417813168730095 268
1757329771357 20.371416796700643 269
1757329771386 20.325259534562868 270
1757329771425 20.27933933722299 271
1757329771455 20.233654186219383 272
1757329771483 20.188202089273368 273
1757329771512 20.142981079848887 274
1757329771540 20.097989216720986 275
1757329771569 20.053224583552787 276
1757329771598 20.008685288480844 277
1757329771627 19.96436946370862 278
1757329771657 19.920275265107996 279
1757329771687 19.87640087182851 280
1757329771718 19.832744485914294 281
1757329771748 19.78930433192845 282
1757329771776 19.746078656584675 283
1757329771807 19.70306572838607 284
1757329771836 19.660263837270897 285
1757329771869 19.617671294265193 286
1757329771898 19.57528643114196 287
1757329771927 19.53310760008704 288
1757329771957 19.49113317337122 289
1757329771986 19.449361543028665 290
1757329772014 19.407791120541432 291
1757329772043 19.366420336530016 292
1757329772073 19.325247640449646 293
1757329772103 19.28427150029238 294
1757329772132 19.243490402294803 295
1757329772161 19.202902850651142 296
1757329772192 19.162507367231818 297
1757329772221 19.122302491307185 298
1757329772250 19.08228677927648 299
1757329772280 19.0424588044017 300
1757329772313 19.002817156546506 301
1757329772345 18.963360441919875 302
1757329772378 18.924087282824495 303
1757329772407 18.884996317409783 304
1757329772450 18.846086199429436 305
1757329772490 18.807355598003344 306
1757329772526 18.76880319738394 307
1757329772563 18.730427696726707 308
1757329772602 18.692227809864896 309
1757329772641 18.65420226508827 310
1757329772679 18.616349804925918 311
1757329772719 18.578669185932863 312
1757329772758 18.54115917848058 313
1757329772797 18.50381856655122 314
1757329772834 18.46664614753554 315
1757329772872 18.429640732034397 316
1757329772911 18.39280114366375 317
1757329772951 18.356126218863178 318
1757329772988 18.319614806707737 319
1757329773029 18.283265768723112 320
1757329773069 18.247077978704066 321
1757329773109 18.21105032253603 322
1757329773148 18.17518169801982 323
1757329773186 18.13947101469944 324
1757329773226 18.103917193692837 325
1757329773275 18.068519167525636 326
1757329773321 18.033275879967718 327
1757329773358 17.998186285872602 328
1757329773396 17.96324935101968 329
1757329773444 17.928464051959047 330
1757329773502 17.893829375859088 331
1757329773561 17.8593443203566 332
1757329773608 17.825007893409502 333
1757329773649 17.7908191131521 334
1757329773702 17.756777007752632 335
1757329773744 17.722880615273468 336
1757329773806 17.689128983533482 337
1757329773880 17.65552116997284 338
1757329773991 17.622056241519985 339
1757329774109 17.588733274460925 340
1757329774285 17.55555135431068 341
1757329774380 17.52250957568683 342
1757329774461 17.48960704218524 343
1757329774602 17.45684286625779 344
1757329774659 17.424216169092155 345
1757329774710 17.391726080493562 346
1757329774776 17.35937173876852 347
1757329774824 17.327152290610396 348
1757329774894 17.295066890986956 349
1757329774958 17.263114703029665 350
1757329775009 17.231294897924858 351
1757329775102 17.199606654806626 352
1757329775151 17.168049160651474 353
1757329775200 17.136621610174696 354
1757329775251 17.105323205728396 355
1757329775300 17.074153157201156 356
1757329775371 17.043110681919355 357
1757329775432 17.012195004549994 358
1757329775490 16.9814053570052 359
1757329775537 16.95074097834811 360
1757329775609 16.92020111470036 361
1757329775658 16.88978501915101 362
1757329775708 16.8594919516669 363
1757329775757 16.829321179004445 364
1757329775805 16.799271974622823 365
1757329775854 16.769343618598498 366
1757329775907 16.73953539754113 367
1757329775957 16.709846604510762 368
1757329776005 16.680276538936358 369
1757329776053 16.650824506535525 370
1757329776103 16.621489819235556 371
1757329776172 16.59227179509569 372
1757329776240 16.563169758230536 373
1757329776283 16.534183038734735 374
1757329776326 16.505310972608715 375
1757329776457 16.476552901685668 376
1757329776545 16.447908173559583 377
1757329776638 16.419376141514412 378
1757329776699 16.390956164454305 379
1757329776774 16.362647606834923 380
1757329776856 16.334449838595773 381
1757329776963 16.306362235093584 382
1757329777063 16.2783841770367 383
1757329777123 16.250515050420432 384
1757329777208 16.222754246463406 385
1757329777249 16.19510116154488 386
1757329777326 16.167555197142967 387
1757329777398 16.140115759773813 388
1757329777490 16.11278226093166 389
1757329777581 16.085554117029808 390
1757329777660 16.058430749342456 391
1757329777712 16.03141158394742 392
1757329777790 16.004496051669655 393
1757329777867 15.977683588025661 394
1757329777918 15.950973633168667 395
1757329777986 15.924365631834647 396
1757329778028 15.8978590332891 397
1757329778071 15.871453291274637 398
1757329778112 15.845147863959314 399
1757329778183 15.818942213885713 400
1757329778235 15.79283580792077 401
1757329778304 15.766828117206337 402
1757329778376 15.740918617110438 403
1757329778427 15.715106787179252 404
1757329778488 15.689392111089749 405
1757329778544 15.663774076603044 406
1757329778616 15.638252175518414 407
1757329778718 15.612825903627932 408
1757329778860 15.587494760671813 409
1757329778953 15.5622582502943 410
1757329779052 15.537115880000306 411
1757329779134 15.512067161112528 412
1757329779191 15.487111608729272 413
1757329779238 15.462248741682831 414
1757329779274 15.437478082498428 415
1757329779311 15.412799157353781 416
1757329779389 15.38821149603919 417
1757329779538 15.36371463191821 418
1757329779610 15.339308101888854 419
1757329779644 15.314991446345346 420
1757329779697 15.290764209140388 421
1757329779793 15.266625937547982 422
1757329779905 15.242576182226696 423
1757329779990 15.218614497183527 424
1757329780051 15.19474043973819 425
1757329780137 15.17095357048793 426
1757329780188 15.14725345327278 427
1757329780260 15.12363965514134 428
1757329780376 15.100111746316983 429
1757329780483 15.076669300164543 430
1757329780569 15.053311893157428 431
1757329780643 15.030039104845216 432
1757329780728 15.006850517821631 433
1757329780816 14.983745717693004 434
1757329780891 14.960724293047132 435
1757329780942 14.937785835422554 436
1757329781070 14.914929939278226 437
1757329781163 14.89215620196363 438
1757329781223 14.869464223689242 439
1757329781373 14.846853607497437 440
1757329781473 14.824323959233718 441
1757329781550 14.801874887518391 442
1757329781596 14.779506003718545 443
1757329781669 14.75721692192047 444
1757329781747 14.735007258902364 445
1757329781811 14.712876634107458 446
1757329781898 14.690824669617452 447
1757329781950 14.668850990126312 448
1757329782033 14.646955222914407 449
1757329782106 14.625136997822967 450
1757329782164 14.603395947228893 451
1757329782219 14.581731706019863 452
1757329782284 14.560143911569787 453
1757329782327 14.53863220371455 454
1757329782373 14.517196224728096 455
1757329782416 14.495835619298768 456
1757329782499 14.474550034506 457
1757329782567 14.453339119797286 458
1757329782654 14.432202526965417 459
1757329782699 14.41113991012604 460
1757329782772 14.39015092569549 461
1757329782832 14.369235232368876 462
1757329782905 14.348392491098478 463
1757329782971 14.327622365072394 464
1757329783157 14.306924519693442 465
1757329783277 14.286298622558363 466
1757329783359 14.265744343437232 467
1757329783450 14.245261354253172 468
1757329783491 14.224849329062266 469
1757329783531 14.204507944033795 470
1757329783576 14.184236877430607 471
1757329783610 14.164035809589834 472
1757329783645 14.143904422903786 473
1757329783685 14.123842401801092 474
1757329783723 14.103849432728078 475
1757329783791 14.083925204130354 476
1757329783850 14.064069406434617 477
1757329783886 14.044281732030722 478
1757329783945 14.024561875253925 479
1757329784060 14.00490953236734 480
1757329784159 13.985324401544627 481
1757329784235 13.965806182852875 482
1757329784326 13.946354578235685 483
1757329784397 13.926969291496471 484
1757329784468 13.907650028281946 485
1757329784598 13.88839649606579 486
1757329784718 13.86920840413255 487
1757329784851 13.85008546356169 488
1757329784923 13.831027387211847 489
1757329785008 13.81203388970528 490
1757329785077 13.79310468741247 491
1757329785151 13.774239498436936 492
1757329785219 13.755438042600188 493
1757329785315 13.736700041426918 494
1757329785401 13.718025218130274 495
1757329785480 13.699413297597381 496
1757329785586 13.680864006374984 497
1757329785670 13.66237707265529 498
1757329785782 13.643952226261923 499
