1757325868370 5204.231343915368 0
1757325868392 1.046605898781496e+18 1
1757325868424 2.1378721049288465e+32 2
1757325868446 4.3669705496156435e+46 3
1757325868468 8.920286549061407e+60 4
1757325868491 1.8221215648997056e+75 5
1757325868515 3.7219959011539843e+89 6
1757325868538 7.602815177136395e+103 7
1757325868575 1.5530054345243735e+118 8
1757325868725 3.1722800350522896e+132 9
1757325868785 6.479926210865693e+146 10
1757325868839 1.323636098777523e+161 11
1757325868861 2.703753815975804e+175 12
1757325868883 5.522881027614249e+189 13
1757325868906 1.1281432009434987e+204 14
1757325868933 2.3044260332090167e+218 15
1757325868956 4.7071855222725395e+232 16
1757325868978 9.615233998305782e+246 17
1757325869000 1.9640765039900264e+261 18
1757325869022 4.01196321816547e+275 19
1757325869044 8.19512316919114e+289 20
1757325869066 1.673994503591773e+304 21
1757325869088 inf 22
