1757508503492 160.65682747033372 0
1757508503547 174.40023366026475 1
1757508503605 171.48116520207634 2
1757508503667 172.5762857045526 3
1757508503729 170.94939964550034 4
1757508503791 175.0951417681847 5
1757508503849 164.4640466029174 6
1757508503909 174.50905307515737 7
1757508503976 166.85274913026487 8
1757508504042 172.83785819899907 9
1757508504102 169.19733912515343 10
1757508504161 173.19767334284907 11
1757508504221 168.79456941611974 12
1757508504280 166.58342889625857 13
1757508504341 175.49666127940813 14
1757508504405 170.9454338108273 15
1757508504463 171.79089604164378 16
1757508504520 170.55715327119012 17
1757508504581 169.371093824454 18
1757508504644 175.17199401676612 19
1757508504703 171.2258926125956 20
1757508504766 167.56635487582574 21
1757508504831 165.07895907168273 22
1757508504891 162.7727354164217 23
1757508504950 172.18986075044182 24
1757508505010 164.4559101901102 25
1757508505068 167.22275755934473 26
1757508505126 165.7803154769219 27
1757508505185 166.04412664001026 28
1757508505248 176.85956501411508 29
1757508505306 159.88462252297805 30
1757508505375 166.20339315841667 31
1757508505435 176.52809413578387 32
1757508505495 170.51972557904037 33
1757508505553 167.270928592406 34
1757508505613 170.99117081198577 35
1757508505672 168.3385699872794 36
1757508505732 167.28054007266462 37
1757508505795 163.61896608542602 38
1757508505855 172.01208205694542 39
1757508505913 167.13909725185746 40
1757508505974 167.0916093227199 41
1757508506034 168.2687359904881 42
1757508506093 169.54416431726898 43
1757508506152 171.30129666081686 44
1757508506212 174.80985710831067 45
1757508506274 170.5050436825344 46
1757508506333 165.3971453379535 47
1757508506401 166.01776434029486 48
1757508506459 171.27491049057753 49
1757508506519 168.7729899133096 50
1757508506578 172.78961170115576 51
1757508506641 167.86555900415166 52
1757508506700 165.83335091293864 53
1757508506761 171.7169879571919 54
1757508506821 168.59469793004618 55
1757508506881 168.9345388758493 56
1757508506940 167.33966867399718 57
1757508506999 169.90592543544628 58
1757508507060 167.4460376752585 59
1757508507121 171.24864373553524 60
1757508507181 167.41293988759543 61
1757508507240 169.32171591814196 62
1757508507300 166.13437289517418 63
1757508507359 174.55235348746697 64
1757508507426 168.71990414018717 65
1757508507483 165.75702950086958 66
1757508507542 166.45635772865705 67
1757508507602 167.6659803642588 68
1757508507818 168.54970936942587 69
1757508508014 166.61000040113484 70
1757508508095 170.21125349815858 71
1757508508161 167.3730211900522 72
1757508508234 170.26198480582082 73
1757508508300 171.21223155116192 74
1757508508364 171.18947146894385 75
1757508508439 164.4693294451053 76
1757508508506 172.13099499565388 77
1757508508574 168.7735317502486 78
1757508508642 167.24883667849738 79
1757508508707 172.4386240621821 80
1757508508769 171.14331680557734 81
1757508508837 171.07926980713435 82
1757508508900 168.51105248457392 83
1757508508980 168.84170072228446 84
1757508509056 168.18855828239316 85
1757508509130 164.72904781935208 86
1757508509198 171.86078147434202 87
1757508509264 171.31877825913858 88
1757508509330 168.52419900993797 89
1757508509400 170.16503479180096 90
1757508509482 169.9980768798892 91
1757508509570 167.87309121475133 92
1757508509649 168.8994465142693 93
1757508509728 168.68902431542796 94
1757508509801 170.21636709937601 95
1757508509874 169.4872386905914 96
1757508509950 173.03613021475167 97
1757508510024 169.78715222802748 98
1757508510110 168.60590579838484 99
1757508510182 167.88581120161516 100
1757508510256 172.45572236833152 101
1757508510328 164.4189223486803 102
1757508510400 169.14095323131306 103
1757508510482 171.49680342162307 104
1757508510558 164.4875527492433 105
1757508510635 169.4480224803901 106
1757508510715 168.57063622203236 107
1757508510786 168.35089273089082 108
1757508510859 170.24342714054546 109
1757508510926 169.0644210180874 110
1757508510996 168.13984175484012 111
1757508511069 167.35280098808653 112
1757508511212 170.2631759617185 113
1757508511393 169.70464261861343 114
1757508511660 169.37465098603258 115
1757508511849 168.82387804002576 116
1757508512131 169.058632233557 117
1757508512261 168.2557408463155 118
1757508512434 167.24434404171512 119
1757508512642 168.24861118357455 120
1757508512847 167.6391569274731 121
1757508513021 167.13174709023835 122
1757508513112 173.18743617287754 123
1757508513199 167.87748583700815 124
1757508513284 168.7401797260922 125
1757508513365 168.82155508672733 126
1757508513458 167.9353049132055 127
1757508513556 166.5744890972655 128
1757508513661 170.1765664271987 129
1757508513803 170.76196110808849 130
1757508513955 167.59499100648168 131
1757508514100 166.17940641461837 132
1757508514215 168.43166691588567 133
