1757509989408 170.5899207163654 0
1757509989464 170.5857312636683 1
1757509989538 170.5815522060581 2
1757509989599 170.57738351752596 3
1757509989659 170.57322517212876 4
1757509989719 170.5690771439885 5
1757509989778 170.5649394072925 6
1757509989839 170.560811936293 7
1757509989900 170.5566947053072 8
1757509989978 170.5525876887168 9
1757509990070 170.5484908609682 10
1757509990137 170.54440419657203 11
1757509990202 170.54032767010315 12
1757509990262 170.53626125620045 13
1757509990324 170.5322049295667 14
1757509990387 170.52815866496832 15
1757509990448 170.52412243723526 16
1757509990511 170.52009622126093 17
1757509990573 170.51607999200192 18
1757509990634 170.51207372447783 19
1757509990695 170.5080773937713 20
1757509990757 170.50409097502745 21
1757509990822 170.50011444345435 22
1757509990885 170.49614777432217 23
1757509990948 170.4921909429635 24
1757509991007 170.48824392477297 25
1757509991074 170.4843066952072 26
1757509991135 170.48037922978457 27
1757509991194 170.47646150408525 28
1757509991251 170.47255349375064 29
1757509991313 170.46865517448362 30
1757509991376 170.46476652204817 31
1757509991436 170.4608875122694 32
1757509991494 170.45701812103317 33
1757509991552 170.45315832428605 34
1757509991611 170.44930809803526 35
1757509991668 170.44546741834833 36
1757509991726 170.44163626135298 37
1757509991783 170.4378146032372 38
1757509991841 170.4340024202488 39
1757509991902 170.43019968869538 40
1757509991960 170.42640638494422 41
1757509992017 170.42262248542207 42
1757509992084 170.41884796661506 43
1757509992143 170.4150828050684 44
1757509992200 170.41132697738647 45
1757509992258 170.4075804602324 46
1757509992317 170.40384323032822 47
1757509992376 170.40011526445434 48
1757509992433 170.3963965394499 49
1757509992490 170.39268703221205 50
1757509992549 170.3889867196962 51
1757509992604 170.38529557891584 52
1757509992660 170.3816135869422 53
1757509992718 170.3779407209042 54
1757509992777 170.37427695798846 55
1757509992834 170.37062227543888 56
1757509992894 170.3669766505566 57
1757509992955 170.36334006070018 58
1757509993013 170.3597124832847 59
1757509993082 170.3560938957825 60
1757509993146 170.3524842757223 61
1757509993205 170.34888360068956 62
1757509993265 170.34529184832607 63
1757509993325 170.34170899632986 64
1757509993384 170.33813502245516 65
1757509993445 170.3345699045121 66
1757509993506 170.33101362036672 67
1757509993568 170.32746614794064 68
1757509993627 170.32392746521117 69
1757509993686 170.32039755021097 70
1757509993746 170.31687638102792 71
1757509993805 170.3133639358051 72
1757509993864 170.30986019274062 73
1757509993926 170.30636513008736 74
1757509993986 170.30287872615293 75
1757509994046 170.2994009592996 76
1757509994116 170.29593180794393 77
1757509994178 170.29247125055693 78
1757509994238 170.28901926566374 79
1757509994300 170.28557583184343 80
1757509994360 170.28214092772913 81
1757509994420 170.27871453200748 82
1757509994481 170.27529662341902 83
1757509994542 170.27188718075757 84
1757509994601 170.26848618287036 85
1757509994662 170.2650936086579 86
1757509994724 170.26170943707362 87
1757509994785 170.2583336471241 88
1757509994845 170.25496621786849 89
1757509994905 170.25160712841887 90
1757509994966 170.24825635793965 91
1757509995027 170.24491388564775 92
1757509995099 170.24157969081236 93
1757509995160 170.23825375275484 94
