1757498269442 169.25484662757714 0
1757498269488 169.08300997608586 1
1757498269536 168.91279709802393 2
1757498269595 168.74287150792196 3
1757498269648 168.57323432358675 4
1757498269697 168.40388040392756 5
1757498269746 168.23481674743786 6
1757498269797 168.0660391041414 7
1757498269852 167.89754578270234 8
1757498269905 167.72933844688367 9
1757498269958 167.56141551591898 10
1757498270007 167.39377514018426 11
1757498270062 167.22641645725972 12
1757498270116 167.05934342741185 13
1757498270164 166.89255119598246 14
1757498270212 166.72604207819168 15
1757498270260 166.55981417641226 16
1757498270310 166.39386532606923 17
1757498270358 166.22819816630658 18
1757498270435 166.06280777095893 19
1757498270488 165.8976975555981 20
1757498270542 165.7328676163965 21
1757498270605 165.56831574109947 22
1757498270657 165.40404140781033 23
1757498270707 165.24004208705958 24
1757498270756 165.0763211699194 25
1757498270829 164.9128733460658 26
1757498270883 164.7497038711737 27
1757498270937 164.5868071242524 28
1757498270989 164.4241869234863 29
1757498271040 164.26184064005102 30
1757498271091 164.09976776004928 31
1757498271145 163.93796534044463 32
1757498271218 163.77643471689524 33
1757498271295 163.61517886373946 34
1757498271351 163.45419436858583 35
1757498271407 163.29348072247362 36
1757498271459 163.13303472564718 37
1757498271510 162.972861150091 38
1757498271563 162.81295690282653 39
1757498271623 162.65331855336512 40
1757498271675 162.49395144354006 41
1757498271728 162.3348521498034 42
1757498271780 162.17602017002585 43
1757498271832 162.01745194728488 44
1757498271884 161.85915298921014 45
1757498271936 161.70111984475753 46
1757498271988 161.54335201565956 47
1757498272038 161.3858460587519 48
1757498272090 161.2286073644775 49
1757498272141 161.07163249652712 50
1757498272193 160.91492096046548 51
1757498272244 160.75847226281098 52
1757498272296 160.60228591103353 53
1757498272347 160.4463578427559 54
1757498272400 160.29069460647295 55
1757498272452 160.13528927836126 56
1757498272501 159.98014729691207 57
1757498272551 159.8252652131567 58
1757498272602 159.67064254023535 59
1757498272657 159.5162787922268 60
1757498272706 159.36217348414678 61
1757498272775 159.20832613194602 62
1757498272827 159.05473326910916 63
1757498272876 158.90140037542776 64
1757498272926 158.74832399108354 65
1757498272974 158.59550363574934 66
1757498273025 158.44293883002388 67
1757498273072 158.29062909543018 68
1757498273120 158.1385739544135 69
1757498273168 157.98677293033987 70
1757498273219 157.83522254435783 71
1757498273268 157.68392832317284 72
1757498273316 157.5328867945478 73
1757498273365 157.38209748551324 74
1757498273416 157.23155992401115 75
1757498273464 157.0812736388937 76
1757498273518 156.9312381599209 77
1757498273648 156.78145301775936 78
1757498273760 156.6319147213221 79
1757498273848 156.48262884368398 80
1757498273902 156.3335919002906 81
1757498273977 156.1848034254163 82
1757498274091 156.03626295423305 83
1757498274183 155.88797002280867 84
1757498274283 155.73992416810503 85
1757498274353 155.59212492797639 86
1757498274407 155.44457184116763 87
1757498274463 155.29726140284623 88
1757498274516 155.15019923780997 89
1757498274569 155.00338184766784 90
1757498274622 154.85680877470983 91
1757498274682 154.7104795621082 92
1757498274735 154.5643937539151 93
1757498274788 154.41855089506154 94
1757498274842 154.2729505313552 95
1757498274894 154.12758914594048 96
1757498274947 153.9824724088474 97
1757498275000 153.837596809582 98
1757498275054 153.69296189744247 99
1757498275106 153.54856722259532 100
1757498275159 153.40441233607376 101
1757498275211 153.2604967897759 102
1757498275262 153.1168201364633 103
1757498275314 152.97338192975906 104
1757498275364 152.83017863930021 105
1757498275416 152.68721598557488 106
1757498275466 152.54449044449316 107
1757498275517 152.40200157310798 108
1757498275568 152.25974892932547 109
1757498275619 152.1177320719034 110
1757498275671 151.97595056044955 111
1757498275729 151.83440395541993 112
1757498275778 151.69308871463963 113
1757498275831 151.55201060271773 114
1757498275881 151.41116608367446 115
1757498275931 151.27055472134265 116
1757498275980 151.13017608039522 117
1757498276031 150.99002972634355 118
1757498276080 150.8501152255359 119
1757498276130 150.71043214515564 120
1757498276181 150.57098005321976 121
1757498276233 150.4317553942827 122
1757498276285 150.2927639821759 123
1757498276338 150.15400226756245 124
1757498276390 150.01546982177743 125
1757498276441 149.87716621698152 126
1757498276491 149.7390910261592 127
1757498276541 149.60124382311733 128
1757498276591 149.46362418248341 129
1757498276642 149.3262316797041 130
1757498276693 149.18906589104355 131
1757498276749 149.05212324636824 132
1757498276800 148.91540961362543 133
1757498276853 148.77892142869547 134
1757498276903 148.64265827109665 135
1757498276974 148.5066197211569 136
1757498277027 148.3708053600121 137
1757498277079 148.23521476960462 138
1757498277131 148.09984753268168 139
1757498277182 147.9647032327939 140
1757498277234 147.82977828679975 141
1757498277285 147.69507861052077 142
1757498277338 147.56060062674527 143
1757498277389 147.4263439222214 144
1757498277439 147.29230808449287 145
1757498277490 147.15849270189747 146
1757498277541 147.02489736356537 147
1757498277591 146.89152165941763 148
1757498277642 146.7583651801647 149
1757498277693 146.6254275173049 150
1757498277752 146.4927050732994 151
1757498277802 146.360203816607 152
1757498277856 146.22792015552642 153
1757498277906 146.095853684692 154
1757498277956 145.96400399951818 155
1757498278007 145.83237069619815 156
1757498278059 145.7009533717023 157
1757498278110 145.56975162377663 158
1757498278161 145.43876505094127 159
1757498278211 145.3079932524891 160
1757498278264 145.1774326166359 161
1757498278316 145.04708916371487 162
1757498278367 144.91695928768843 163
1757498278419 144.78704259092493 164
1757498278470 144.6573386765579 165
1757498278523 144.5278471484847 166
1757498278574 144.39856761136465 167
1757498278627 144.26949967061796 168
1757498278679 144.14064293242396 169
1757498278739 144.01199700371984 170
1757498278790 143.88355825862726 171
1757498278844 143.755332768601 172
1757498278895 143.62731691341978 173
1757498278950 143.499510303037 174
1757498279004 143.37191254815653 175
1757498279056 143.24452326023123 176
1757498279107 143.11734205146143 177
1757498279158 142.9903685347935 178
1757498279210 142.86360232391843 179
1757498279262 142.73704303327034 180
1757498279326 142.6106870230273 181
1757498279380 142.48454041502322 182
1757498279433 142.35859957500483 183
1757498279486 142.2328641203645 184
1757498279540 142.10733366923048 185
1757498279628 141.98200784046557 186
1757498279696 141.8568862536658 187
1757498279762 141.73196852915865 188
1757498279818 141.60725428800197 189
1757498279878 141.4827431519825 190
1757498279935 141.35843474361434 191
1757498279994 141.23432540783026 192
1757498280063 141.11042132119593 193
1757498280157 140.98671883411723 194
1757498280245 140.8632175720038 195
1757498280315 140.73991716098564 196
1757498280376 140.61681722791178 197
1757498280436 140.49391740034883 198
1757498280493 140.3712173065795 199
1757498280552 140.24871657560138 200
1757498280609 140.1264148371254 201
1757498280666 140.0043117215746 202
1757498280721 139.8824035588167 203
1757498280784 139.76069657927587 204
1757498280839 139.63918711819886 205
1757498280897 139.51787480884286 206
1757498280951 139.39675928517028 207
1757498281006 139.27584018184714 208
1757498281061 139.15511713424195 209
1757498281118 139.03458977842422 210
1757498281173 138.91425775116306 211
1757498281227 138.79412068992602 212
1757498281284 138.67417823287738 213
1757498281339 138.55443001887727 214
1757498281395 138.43487236149025 215
1757498281450 138.31551154906032 216
1757498281504 138.19634390043012 217
1757498281556 138.07736905722854 218
1757498281609 137.95858666177318 219
1757498281663 137.83999635706928 220
1757498281717 137.72159778680822 221
1757498281838 137.60339059536622 222
1757498281948 137.48537442780307 223
1757498282040 137.36754892986062 224
1757498282121 137.24991374796173 225
1757498282190 137.1324685292087 226
1757498282336 137.015209571075 227
1757498282423 136.8981432188171 228
1757498282481 136.7812657750873 229
1757498282538 136.6645768896928 230
1757498282594 136.5480762131139 231
1757498282652 136.43176339650248 232
1757498282710 136.31563809168085 233
1757498282766 136.19969995114027 234
1757498282826 136.08394862803982 235
1757498282881 135.96838377620494 236
1757498282937 135.8530050501264 237
1757498282990 135.73781210495866 238
1757498283044 135.62280122229436 239
1757498283098 135.50797880331174 240
1757498283152 135.39334113468473 241
1757498283205 135.27888787421043 242
1757498283259 135.1646186803433 243
1757498283311 135.05053321219407 244
1757498283366 134.93663112952828 245
1757498283419 134.82291209276508 246
1757498283473 134.70937576297604 247
1757498283527 134.5960218018837 248
1757498283579 134.48284987186048 249
1757498283631 134.36985963592736 250
1757498283685 134.25705075775258 251
1757498283738 134.14441950189362 252
1757498283791 134.0319723291446 253
1757498283855 133.91970550904063 254
1757498283908 133.80761870782644 255
1757498283962 133.695711592388 256
1757498284015 133.5839838302508 257
1757498284069 133.47243508957914 258
1757498284123 133.3610650391744 259
1757498284176 133.24987334847415 260
1757498284229 133.13885968755073 261
1757498284284 133.02802372711005 262
1757498284337 132.91736513849042 263
1757498284393 132.80688359366127 264
1757498284448 132.69657876522194 265
1757498284504 132.58644689959502 266
1757498284557 132.47649452064306 267
1757498284610 132.3667178796567 268
1757498284668 132.25711665174268 269
1757498284722 132.1476905126315 270
1757498284774 132.0384391386763 271
1757498284838 131.92936220685152 272
1757498284894 131.82045939475194 273
1757498284950 131.71173038059115 274
1757498285004 131.60317484320066 275
1757498285060 131.49479246202847 276
1757498285116 131.38658291713796 277
1757498285169 131.27854588920675 278
1757498285223 131.17068105952532 279
1757498285278 131.06298465666143 280
1757498285332 130.95546326626717 281
1757498285385 130.84811312167088 282
1757498285440 130.74093390660323 283
1757498285496 130.63392530540185 284
1757498285550 130.5270870030103 285
1757498285604 130.42041868497685 286
1757498285661 130.3139200374533 287
1757498285715 130.20759074719376 288
1757498285770 130.10143050155358 289
1757498285825 129.99543898848813 290
1757498285889 129.88961589655153 291
1757498285943 129.78396091489577 292
1757498286000 129.67847373326921 293
1757498286055 129.57315404201566 294
1757498286109 129.46799805082327 295
1757498286163 129.36301241026987 296
1757498286218 129.25819333469178 297
1757498286272 129.15354051680268 298
1757498286326 129.0490536499059 299
1757498286381 128.94473242789323 300
1757498286436 128.84057654524378 301
1757498286493 128.73658569702283 302
1757498286548 128.63275957888078 303
1757498286603 128.52909788705185 304
1757498286659 128.42560031835302 305
1757498286713 128.32226657018305 306
1757498286766 128.21909634052108 307
1757498286821 128.11608932792566 308
1757498286883 128.01324523153363 309
1757498286938 127.91056375105897 310
1757498286996 127.80804107634616 311
1757498287050 127.70568392577914 312
1757498287107 127.60348849373305 313
1757498287164 127.50145448221922 314
1757498287222 127.39958159382053 315
1757498287278 127.29786953169031 316
1757498287334 127.19631799955118 317
1757498287389 127.09492670169405 318
1757498287445 126.99369534297695 319
1757498287502 126.89262362882393 320
1757498287558 126.79171126522394 321
1757498287614 126.69095795872985 322
1757498287669 126.59036341645717 323
1757498287726 126.4899273460831 324
1757498287785 126.38964945584543 325
1757498287842 126.28952945454132 326
1757498287905 126.18956705152644 327
1757498287962 126.08975841590059 328
1757498288019 125.99011033647123 329
1757498288075 125.89061898674711 330
1757498288129 125.79128407830657 331
1757498288187 125.69210532328083 332
1757498288242 125.59308243435301 333
1757498288298 125.49421512475719 334
1757498288354 125.39550310827708 335
1757498288426 125.29694609924518 336
1757498288488 125.19854381254159 337
1757498288550 125.10029596359296 338
1757498288610 125.00220226837149 339
1757498288668 124.9042624433938 340
1757498288735 124.80647620571992 341
1757498288798 124.7088432729522 342
1757498288884 124.6113633632343 343
1757498288971 124.51403619525011 344
1757498289034 124.41686148822266 345
1757498289094 124.31983538967226 346
1757498289155 124.22296476117863 347
1757498289217 124.12624575454521 348
1757498289276 124.02967809114139 349
1757498289335 123.93326149287044 350
1757498289394 123.83699568216863 351
1757498289452 123.74088038200414 352
1757498289513 123.64491531587592 353
1757498289572 123.54910020781288 354
1757498289630 123.45343478237272 355
1757498289690 123.35791876464084 356
1757498289749 123.26255188022947 357
1757498289808 123.16733385527657 358
1757498289866 123.07226441644478 359
1757498289981 122.97734329092052 360
1757498290104 122.88257020641281 361
1757498290223 122.78794489115234 362
1757498290292 122.69346707389049 363
1757498290373 122.59913648389828 364
1757498290532 122.50494924634953 365
1757498290630 122.41091229767274 366
1757498290693 122.31702176719577 367
1757498290753 122.22327738625812 368
1757498290813 122.12967888671392 369
1757498290881 122.03622600093088 370
1757498290946 121.94291846178936 371
1757498291023 121.84975600268139 372
1757498291085 121.75673835750956 373
1757498291145 121.66386526068618 374
1757498291204 121.57113644713213 375
1757498291265 121.47855165227605 376
1757498291322 121.3861106120532 377
1757498291380 121.29381306290459 378
1757498291436 121.20165874177589 379
1757498291496 121.10964738611658 380
1757498291555 121.01777873387884 381
1757498291612 120.92605252351669 382
1757498291670 120.8344684939849 383
1757498291727 120.74302638473812 384
1757498291785 120.65172593572989 385
1757498291842 120.56056324791275 386
1757498291901 120.46954533821945 387
1757498291964 120.37866831161794 388
1757498292022 120.2879319100475 389
1757498292080 120.19733587594153 390
1757498292137 120.10687995222645 391
1757498292193 120.01656388232087 392
1757498292249 119.92638741013454 393
1757498292307 119.83635028006749 394
1757498292363 119.74645223700894 395
1757498292419 119.65669302633651 396
1757498292477 119.56707239391517 397
1757498292535 119.47759008609631 398
1757498292595 119.38824584971684 399
1757498292654 119.29903943209817 400
1757498292712 119.20997058104533 401
1757498292768 119.12103904484607 402
1757498292824 119.03224457226982 403
1757498292882 118.94358691256679 404
1757498292937 118.8550658154671 405
1757498293004 118.76668103117976 406
1757498293064 118.67843231039181 407
1757498293121 118.59031940426743 408
1757498293178 118.50233838782125 409
1757498293235 118.41449636350998 410
1757498293294 118.32678941021662 411
1757498293350 118.23921728100434 412
1757498293406 118.15177972940874 413
1757498293464 118.06447650943699 414
1757498293521 117.9773073755669 415
1757498293581 117.89027208274598 416
1757498293641 117.80337038639055 417
1757498293700 117.71660204238489 418
1757498293757 117.6299668070802 419
1757498293814 117.54346443729378 420
1757498293871 117.45709469030814 421
1757498293929 117.37085732387003 422
1757498293986 117.28475209618966 423
1757498294052 117.19877876593958 424
1757498294111 117.11293709225411 425
1757498294170 117.02722683472805 426
1757498294227 116.94164775341619 427
1757498294286 116.85619960883209 428
1757498294344 116.77088216194738 429
1757498294401 116.68569517419078 430
1757498294460 116.60063840744728 431
1757498294518 116.51571162405722 432
1757498294578 116.43091458681538 433
1757498294636 116.34624705897016 434
1757498294695 116.2617050869355 435
1757498294753 116.17729586664211 436
1757498294810 116.09301544821186 437
1757498294869 116.00886359669857 438
1757498294927 115.92484007760547 439
1757498294984 115.84094465688398 440
1757498295053 115.75717710093305 441
1757498295112 115.67353717659822 442
1757498295170 115.59002465117075 443
1757498295228 115.50663929238677 444
1757498295286 115.42338086842639 445
1757498295344 115.34024914791291 446
1757498295401 115.2572438999119 447
1757498295461 115.17436489393032 448
1757498295519 115.0916118999157 449
1757498295578 115.00898468825534 450
1757498295637 114.92648302977538 451
1757498295696 114.84410669573991 452
1757498295753 114.76185545785026 453
1757498295812 114.67972908824403 454
1757498295870 114.59772735949434 455
1757498295928 114.51585004460883 456
1757498295985 114.434096917029 457
1757498296053 114.3524677506293 458
1757498296115 114.2709623197162 459
1757498296173 114.18959315723856 460
1757498296232 114.10834745815991 461
1757498296289 114.02722499753104 462
1757498296348 113.94622555083286 463
1757498296406 113.8653488939754 464
1757498296464 113.78459104055611 465
1757498296522 113.70395929011698 466
1757498296581 113.62344965982379 467
1757498296640 113.54306192729496 468
1757498296699 113.46279587057397 469
1757498296757 113.38265126812846 470
1757498296816 113.30262789884951 471
1757498296873 113.22272554205077 472
1757498296932 113.14294397746758 473
1757498296991 113.06328298525631 474
1757498297056 112.98374234599329 475
1757498297117 112.90432184067433 476
1757498297194 112.82502125071352 477
1757498297255 112.74584035794281 478
1757498297321 112.66677894461088 479
1757498297384 112.58783679338255 480
1757498297446 112.50901368733786 481
1757498297510 112.43030940997126 482
1757498297576 112.3517237451909 483
1757498297669 112.27325647731764 484
1757498297734 112.19490739108457 485
1757498297797 112.11667627163588 486
1757498297859 112.03856290452622 487
1757498297921 111.96056707571987 488
1757498297984 111.88268857159 489
1757498298046 111.80492717891784 490
1757498298117 111.72728268489186 491
1757498298179 111.64975487710697 492
1757498298254 111.57234354356386 493
1757498298402 111.495048472668 494
1757498298523 111.41786945322912 495
1757498298747 111.34080627446014 496
1757498298836 111.26385872597662 497
1757498298942 111.18702659779585 498
1757498299069 111.11030968033616 499
