1757493276629 165.43754696041 0
1757493276671 163.9160964665414 1
1757493276719 163.10479311510787 2
1757493276766 162.2971809502857 3
1757493276814 161.49655719900687 4
1757493276862 160.70283571693193 5
1757493276908 159.91594842969806 6
1757493276953 159.1358278768946 7
1757493276997 158.36240729671425 8
1757493277039 157.59562061810024 9
1757493277086 156.83540245346694 10
1757493277132 156.08168809149478 11
1757493277178 155.3344134900019 12
1757493277231 154.59351526889157 13
1757493277284 153.8589307031743 14
1757493277329 153.1305977160645 15
1757493277376 152.4084548721501 16
1757493277421 151.69244137063487 17
1757493277471 150.98249703865253 18
1757493277541 150.2785623246518 19
1757493277678 149.58057829185208 20
1757493277768 148.8884866117679 21
1757493277844 148.20222955780292 22
1757493277904 147.52174999891162 23
1757493277979 146.84699139332807 24
1757493278087 146.17789778236184 25
1757493278223 145.51441378425938 26
1757493278279 144.8564845881307 27
1757493278330 144.20405594794065 28
1757493278380 143.55707417656373 29
1757493278430 142.91548613990247 30
1757493278478 142.27923925106757 31
1757493278530 141.64828146462074 32
1757493278578 141.02256127087782 33
1757493278626 140.4020276902729 34
1757493278675 139.7866302677819 35
1757493278724 139.1763190674058 36
1757493278774 138.57104466671194 37
1757493278823 137.9707581514336 38
1757493278875 137.37541111012678 39
1757493278925 136.78495562888364 40
1757493278980 136.19934428610222 41
1757493279028 135.6185301473113 42
1757493279076 135.0424667600508 43
1757493279127 134.4711081488057 44
1757493279176 133.9044088099946 45
1757493279225 133.3423237070106 46
1757493279288 132.7848082653154 47
1757493279337 132.23181836758528 48
1757493279384 131.68331034890844 49
1757493279430 131.13924099203342 50
1757493279480 130.599567522668 51
1757493279527 130.06424760482776 52
1757493279574 129.53323933623406 53
1757493279620 129.006501243761 54
1757493279668 128.48399227893043 55
1757493279716 127.96567181345483 56
1757493279765 127.45149963482757 57
1757493279813 126.94143594195965 58
1757493279861 126.43544134086316 59
1757493279907 125.93347684037995 60
1757493279954 125.43550384795611 61
1757493280001 124.94148416546085 62
1757493280050 124.45137998505007 63
1757493280096 123.9651538850734 64
1757493280144 123.48276882602498 65
1757493280193 123.00418814653693 66
1757493280242 122.52937555941537 67
1757493280295 122.0582951477185 68
1757493280343 121.59091136087619 69
1757493280391 121.12718901085066 70
1757493280439 120.66709326833792 71
1757493280487 120.21058965900954 72
1757493280537 119.75764405979398 73
1757493280586 119.30822269519767 74
1757493280633 118.86229213366472 75
1757493280681 118.41981928397549 76
1757493280730 117.98077139168318 77
1757493280781 117.54511603558814 78
1757493280829 117.1128211242496 79
1757493280877 116.68385489253438 80
1757493280924 116.25818589820204 81
1757493280973 115.83578301852626 82
1757493281036 115.41661544695208 83
1757493281086 115.00065268978835 84
1757493281136 114.58786456293547 85
1757493281185 114.1782211886475 86
1757493281231 113.7716929923288 87
1757493281291 113.36825069936437 88
1757493281393 112.96786533198399 89
1757493281457 112.57050820615929 90
1757493281509 112.1761509285339 91
1757493281560 111.78476539338595 92
1757493281610 111.3963237796228 93
1757493281661 111.01079854780754 94
1757493281713 110.628162437217 95
1757493281767 110.24838846293076 96
1757493281818 109.8714499129513 97
1757493281866 109.49732034535411 98
1757493281913 109.12597358546846 99
1757493281963 108.7573837230877 100
1757493282011 108.39152510970919 101
1757493282059 108.02837235580331 102
1757493282107 107.66790032811159 103
1757493282156 107.31008414697313 104
1757493282206 106.95489918367953 105
1757493282257 106.60232105785772 106
1757493282315 106.25232563488042 107
1757493282367 105.90488902330404 108
1757493282415 105.55998757233361 109
1757493282464 105.21759786931474 110
1757493282513 104.87769673725168 111
1757493282562 104.54026123235202 112
1757493282611 104.20526864159714 113
1757493282658 103.87269648033842 114
1757493282708 103.54252248991877 115
1757493282759 103.21472463531947 116
1757493282812 102.88928110283163 117
1757493282860 102.56617029775258 118
1757493282911 102.24537084210614 119
1757493282960 101.92686157238762 120
1757493283009 101.61062153733202 121
1757493283056 101.29662999570621 122
1757493283106 100.98486641412421 123
1757493283155 100.67531046488574 124
1757493283203 100.36794202383743 125
1757493283251 100.06274116825672 126
1757493283302 99.75968817475814 127
1757493283358 99.4587635172215 128
1757493283406 99.15994786474228 129
1757493283455 98.86322207960335 130
1757493283501 98.5685672152683 131
1757493283549 98.2759645143959 132
1757493283596 97.98539540687548 133
1757493283644 97.69684150788318 134
1757493283691 97.41028461595843 135
1757493283737 97.12570671110117 136
1757493283787 96.84308995288876 137
1757493283835 96.56241667861289 138
1757493283882 96.28366940143624 139
1757493283930 96.00683080856851 140
1757493283979 95.73188375946168 141
1757493284026 95.45881128402429 142
1757493284074 95.1875965808547 143
1757493284178 94.9182230154928 144
1757493284294 94.65067411869022 145
1757493284372 94.38493358469894 146
1757493284423 94.12098526957766 147
1757493284475 93.85881318951625 148
1757493284579 93.59840151917781 149
1757493284713 93.33973459005817 150
1757493284781 93.08279688886273 151
1757493284835 92.82757305590032 152
1757493284887 92.57404788349417 153
1757493284939 92.32220631440948 154
1757493284989 92.07203344029752 155
1757493285040 91.82351450015629 156
1757493285089 91.57663487880728 157
1757493285139 91.33138010538833 158
1757493285190 91.08773585186228 159
1757493285241 90.84568793154148 160
1757493285290 90.6052222976277 161
1757493285348 90.36632504176755 162
1757493285401 90.1289823926229 163
1757493285452 89.89318071445665 164
1757493285507 89.65890650573309 165
1757493285561 89.42614639773323 166
1757493285616 89.19488715318462 167
1757493285669 88.96511566490554 168
1757493285722 88.73681895446344 169
1757493285777 88.50998417084777 170
1757493285830 88.28459858915637 171
1757493285883 88.060649609296 172
1757493285934 87.83812475469632 173
1757493285985 87.61701167103766 174
1757493286036 87.39729812499186 175
1757493286086 87.17897200297665 176
1757493286137 86.96202130992283 177
1757493286189 86.74643416805479 178
1757493286240 86.53219881568342 179
1757493286291 86.31930360601208 180
1757493286341 86.10773700595493 181
1757493286401 85.89748759496774 182
1757493286451 85.6885440638909 183
1757493286502 85.48089521380474 184
1757493286553 85.27452995489688 185
1757493286604 85.06943730534121 186
1757493286654 84.86560639018901 187
1757493286705 84.66302644027145 188
1757493286757 84.46168679111382 189
1757493286809 84.26157688186095 190
1757493286871 84.06268625421419 191
1757493286922 83.8650045513792 192
1757493286974 83.66852151702516 193
1757493287025 83.47322699425459 194
1757493287075 83.2791109245843 195
1757493287126 83.08616334693663 196
1757493287178 82.8943743966417 197
1757493287230 82.70373430444985 198
1757493287282 82.51423339555461 199
1757493287333 82.32586208862573 200
1757493287393 82.13861089485253 201
1757493287444 81.95247041699727 202
1757493287495 81.7674313484583 203
1757493287546 81.58348447234324 204
1757493287598 81.4006206605517 205
1757493287648 81.21883087286771 206
1757493287697 81.03810615606166 207
1757493287755 80.85843764300171 208
1757493287806 80.67981655177422 209
1757493287858 80.50223418481397 210
1757493287909 80.32568192804281 211
1757493287961 80.1501512500179 212
1757493288041 79.97563370108853 213
1757493288095 79.8021209125619 214
1757493288148 79.62960459587767 215
1757493288199 79.45807654179112 216
1757493288253 79.28752861956475 217
1757493288323 79.11795277616861 218
1757493288409 78.94934103548864 219
1757493288463 78.78168549754368 220
1757493288519 78.61497833771037 221
1757493288571 78.4492118059563 222
1757493288622 78.28437822608123 223
1757493288673 78.12046999496613 224
1757493288725 77.95747958183009 225
1757493288778 77.79539952749512 226
1757493288831 77.63422244365852 227
1757493288882 77.47394101217289 228
1757493288935 77.31454798433369 229
1757493288987 77.15603618017421 230
1757493289038 76.99839848776801 231
1757493289089 76.84162786253846 232
1757493289141 76.68571732657564 233
1757493289193 76.53065996796039 234
1757493289246 76.37644894009533 235
1757493289300 76.22307746104299 236
1757493289351 76.07053881287065 237
1757493289404 75.9188263410022 238
1757493289463 75.76793345357683 239
1757493289516 75.61785362081407 240
1757493289567 75.4685803743859 241
1757493289618 75.32010730679508 242
1757493289667 75.17242807076012 243
1757493289719 75.02553637860666 244
1757493289774 74.87942600166508 245
1757493289828 74.73409076967464 246
1757493289880 74.5895245701935 247
1757493289931 74.44572134801525 248
1757493289982 74.30267510459123 249
1757493290031 74.16037989745901 250
1757493290082 74.0188298396768 251
1757493290131 73.87801909926378 252
1757493290200 73.73794189864624 253
1757493290255 73.59859251410947 254
1757493290310 73.45996527525539 255
1757493290365 73.32205456446583 256
1757493290419 73.18485481637134 257
1757493290482 73.04836051732565 258
1757493290535 72.91256620488548 259
1757493290589 72.7774664672958 260
1757493290643 72.64305594298045 261
1757493290695 72.5093293200382 262
1757493290746 72.37628133574377 263
1757493290800 72.2439067760542 264
1757493290903 72.11220047512043 265
1757493291053 71.98115731480388 266
1757493291194 71.8507722241979 267
1757493291323 71.72104017915453 268
1757493291452 71.59195620181586 269
1757493291564 71.46351536015052 270
1757493291661 71.3357127674947 271
1757493291797 71.20854358209824 272
1757493291937 71.08200300667521 273
1757493292014 70.95608628795924 274
1757493292075 70.8307887162635 275
1757493292135 70.70610562504521 276
1757493292192 70.58203239047465 277
1757493292248 70.45856443100868 278
1757493292303 70.33569720696862 279
1757493292359 70.21342622012263 280
1757493292416 70.09174701327237 281
1757493292480 69.97065516984375 282
1757493292536 69.85014631348234 283
1757493292594 69.7302161076526 284
1757493292647 69.61086025524135 285
1757493292700 69.4920744981655 286
1757493292753 69.3738546169837 287
1757493292808 69.25619643051206 288
1757493292861 69.13909579544381 289
1757493292914 69.02254860597297 290
1757493292968 68.9065507934218 291
1757493293022 68.79109832587233 292
1757493293076 68.67618720780139 293
1757493293129 68.56181347971967 294
1757493293182 68.44797321781446 295
1757493293240 68.33466253359595 296
1757493293297 68.22187757354732 297
1757493293351 68.10961451877849 298
1757493293406 67.99786958468327 299
1757493293461 67.88663902060023 300
1757493293521 67.77591910947696 301
1757493293577 67.66570616753786 302
1757493293636 67.55599654395533 303
1757493293689 67.44678662052438 304
1757493293743 67.33807281134055 305
1757493293797 67.22985156248126 306
1757493293852 67.12211935169027 307
1757493293905 67.01487268806562 308
1757493293958 66.9081081117506 309
1757493294010 66.801822193628 310
1757493294064 66.69601153501748 311
1757493294115 66.59067276737608 312
1757493294171 66.48580255200184 313
1757493294225 66.3813975797404 314
1757493294290 66.27745457069466 315
1757493294342 66.17397027393747 316
1757493294397 66.07094146722726 317
1757493294450 65.96836495672649 318
1757493294504 65.86623757672321 319
1757493294563 65.76455618935525 320
1757493294616 65.6633176843375 321
1757493294670 65.56251897869173 322
1757493294724 65.46215701647934 323
1757493294775 65.36222876853694 324
1757493294830 65.26273123221439 325
1757493294882 65.16366143111581 326
1757493294934 65.06501641484306 327
1757493295011 64.96679325874194 328
1757493295070 64.86898906365097 329
1757493295126 64.77160095565276 330
1757493295180 64.67462608582794 331
1757493295239 64.57806163001159 332
1757493295325 64.4819047885522 333
1757493295393 64.38615278607305 334
1757493295450 64.29080287123611 335
1757493295504 64.19585231650834 336
1757493295567 64.10129841793025 337
1757493295623 64.00713849488716 338
1757493295679 63.913369889882375 339
1757493295734 63.81998996831306 340
1757493295790 63.726996118248145 341
1757493295847 63.6343857502087 342
1757493295902 63.54215629695039 343
1757493295957 63.45030521324832 344
1757493296012 63.35882997568389 345
1757493296068 63.26772808243401 346
1757493296123 63.17699705306241 347
1757493296178 63.086634428312976 348
1757493296233 62.9966377699054 349
1757493296287 62.90700466033271 350
1757493296342 62.81773270266106 351
1757493296398 62.72881952033138 352
1757493296453 62.640262756963196 353
1757493296510 62.55206007616039 354
1757493296576 62.46420916131894 355
1757493296632 62.37670771543662 356
1757493296687 62.28955346092469 357
1757493296742 62.20274413942136 358
1757493296798 62.116277511607414 359
1757493296853 62.03015135702346 360
1757493296906 61.94436347388915 361
1757493296959 61.85891167892425 362
1757493297012 61.773793807171494 363
1757493297067 61.68900771182128 364
1757493297121 61.6045512640381 365
1757493297174 61.520422352788835 366
1757493297230 61.43661888467261 367
1757493297284 61.353138783752584 368
1757493297337 61.26997999138935 369
1757493297391 61.18714046607598 370
1757493297446 61.104618183274894 371
1757493297499 61.022411135256164 372
1757493297553 60.94051733093774 373
1757493297623 60.85893479572702 374
1757493297678 60.77766157136424 375
1757493297732 60.6966957157673 376
1757493297786 60.616035302878245 377
1757493297841 60.53567842251133 378
1757493297911 60.45562318020254 379
1757493297965 60.375867697060634 380
1757493298022 60.29641010961984 381
1757493298078 60.217248569693844 382
1757493298136 60.1383812442314 383
1757493298190 60.05980631517329 384
1757493298243 59.981521979310905 385
1757493298296 59.903526448146025 386
1757493298351 59.825817947752185 387
1757493298531 59.748394718637414 388
1757493298630 59.67125501560828 389
1757493298807 59.59439710763539 390
1757493298951 59.51781927772021 391
1757493299074 59.44151982276329 392
1757493299136 59.36549705343369 393
1757493299292 59.28974929403984 394
1757493299429 59.21427488240167 395
1757493299532 59.13907216972402 396
1757493299603 59.06413952047126 397
1757493299669 58.98947531224336 398
1757493299731 58.91507793565296 399
1757493299791 58.8409457942039 400
1757493299852 58.767077304170805 401
1757493299916 58.69347089447997 402
1757493299974 58.62012500659145 403
1757493300034 58.54703809438225 404
1757493300094 58.47420862403083 405
1757493300153 58.40163507390258 406
1757493300212 58.32931593443661 407
1757493300271 58.25724970803363 408
1757493300330 58.1854349089449 409
1757493300386 58.113870063162345 410
1757493300446 58.04255370830976 411
1757493300503 57.97148439353512 412
1757493300561 57.9006606794039 413
1757493300626 57.830081137793584 414
1757493300684 57.759744351789145 415
1757493300740 57.68964891557952 416
1757493300795 57.61979343435529 417
1757493300853 57.550176524207195 418
1757493300911 57.48079681202578 419
1757493300968 57.41165293540204 420
1757493301024 57.34274354252898 421
1757493301081 57.27406729210423 422
1757493301138 57.2056228532336 423
1757493301195 57.1374089053356 424
1757493301252 57.06942413804696 425
1757493301307 57.00166725112897 426
1757493301364 56.93413695437488 427
1757493301422 56.86683196751819 428
1757493301479 56.79975102014178 429
1757493301535 56.73289285158803 430
1757493301592 56.66625621086983 431
1757493301659 56.599839856582406 432
1757493301716 56.53364255681606 433
1757493301773 56.467663089069816 434
1757493301829 56.40190024016587 435
1757493301886 56.33635280616491 436
1757493301956 56.27101959228225 437
1757493302018 56.205899412804875 438
1757493302079 56.14099109100919 439
1757493302134 56.0762934590797 440
1757493302190 56.01180535802838 441
1757493302264 55.947525637614966 442
1757493302335 55.88345315626792 443
1757493302392 55.819586781006294 444
1757493302454 55.75592538736222 445
1757493302513 55.69246785930432 446
1757493302570 55.62921308916177 447
1757493302628 55.56615997754915 448
1757493302686 55.503307433292015 449
1757493302743 55.440654373353254 450
1757493302802 55.378199722760066 451
1757493302861 55.31594241453183 452
1757493302919 55.253881389608466 453
1757493302978 55.19201559677969 454
1757493303036 55.130343992614904 455
1757493303093 55.06886554139369 456
1757493303151 55.00757921503715 457
1757493303208 54.946483993039756 458
1757493303266 54.885578862401985 459
1757493303323 54.82486281756359 460
1757493303381 54.76433486033746 461
1757493303441 54.70399399984422 462
1757493303498 54.643839252447464 463
1757493303553 54.58386964168947 464
1757493303608 54.524084198227825 465
1757493303665 54.46448195977241 466
1757493303722 54.405061971023095 467
1757493303778 54.345823283608155 468
1757493303836 54.28676495602303 469
1757493303892 54.227886053569975 470
1757493303951 54.16918564829812 471
1757493304008 54.1106628189441 472
1757493304065 54.05231665087344 473
1757493304122 53.99414623602224 474
1757493304177 53.93615067283974 475
1757493304234 53.878329066231146 476
1757493304288 53.82068052750127 477
1757493304344 53.763204174298515 478
1757493304400 53.70589913055956 479
1757493304457 53.64876452645444 480
1757493304512 53.5917994983323 481
1757493304568 53.535003188667574 482
1757493304624 53.47837474600675 483
1757493304687 53.42191332491557 484
1757493304743 53.36561808592685 485
1757493304798 53.30948819548873 486
1757493304854 53.25352282591343 487
1757493304910 53.197721155326555 488
1757493304967 53.142082367616815 489
1757493305023 53.086605652386304 490
1757493305080 53.03129020490118 491
1757493305135 52.976135226042935 492
1757493305189 52.92113992225999 493
1757493305245 52.86630350551988 494
1757493305301 52.81162519326185 495
1757493305357 52.7571042083499 496
1757493305411 52.7027397790263 497
1757493305467 52.648531138865565 498
1757493305525 52.5944775267288 499
