1757497639871 165.21846345249472 0
1757497639968 172.32788359742727 1
1757497640122 170.3046465495028 2
1757497640243 172.45214286741717 3
1757497640304 170.54448243424974 4
1757497640468 169.6531683354599 5
1757497640546 169.86446843600243 6
1757497640609 165.95303408173322 7
1757497640669 172.8233500934102 8
1757497640725 170.15059033953344 9
1757497640789 165.41833410786583 10
1757497640849 165.54178608171887 11
1757497640903 169.6065925078486 12
1757497640957 168.20431807313415 13
1757497641010 171.26514676101095 14
1757497641063 167.03415410221314 15
1757497641114 162.67087451785488 16
1757497641203 167.67438892827766 17
1757497641266 170.34037093780398 18
1757497641332 169.5185226504964 19
1757497641395 173.38616123249847 20
1757497641459 170.2018404200626 21
1757497641520 175.5071105694324 22
1757497641583 166.45933725430706 23
1757497641638 170.56110029445446 24
1757497641689 168.2124018644186 25
1757497641741 168.9774495117068 26
1757497641807 171.7020829308857 27
1757497641860 171.822468857968 28
1757497641914 165.7329695019758 29
1757497641980 165.34517075519395 30
1757497642038 166.19009304715632 31
1757497642092 169.13830210835707 32
1757497642149 167.81313331089623 33
1757497642206 174.21132769663126 34
1757497642286 170.11763087051574 35
1757497642347 170.72838149991878 36
1757497642405 173.2884495971026 37
1757497642459 168.66376036661188 38
1757497642516 167.83119821358926 39
1757497642569 164.9478358312785 40
1757497642621 171.64336452017682 41
1757497642673 167.57299456412719 42
1757497642727 168.76620400636756 43
1757497642779 167.2867009682173 44
1757497642841 170.21792908530645 45
1757497642917 168.18553875223904 46
1757497642971 164.40446232502117 47
1757497643023 166.18227985558735 48
1757497643074 168.3807312763455 49
1757497643142 167.67130650466706 50
1757497643195 169.30204063693816 51
1757497643246 165.88020235015074 52
1757497643296 167.20060322329005 53
1757497643347 167.53075126464026 54
1757497643408 167.93316421958468 55
1757497643458 166.89124167616245 56
1757497643507 174.84158050214342 57
1757497643565 164.42127734148815 58
1757497643650 168.08233408606304 59
1757497643714 168.666701208518 60
1757497643775 167.00784341185613 61
1757497643847 169.21066506727962 62
1757497643916 168.96109356066836 63
1757497643973 166.80193215582585 64
1757497644029 171.67830587844563 65
1757497644092 167.39195802659827 66
1757497644194 166.12212073505145 67
1757497644288 165.2775513784588 68
1757497644356 168.54696154174087 69
1757497644416 171.30420513725596 70
1757497644474 165.48313311482192 71
1757497644529 174.3431090072376 72
1757497644585 172.5641800359204 73
1757497644640 169.14043208759114 74
1757497644697 166.93521213576577 75
1757497644753 166.7055058954289 76
1757497644806 168.65765924761607 77
1757497644867 167.09780225032208 78
1757497644919 168.1061019432771 79
1757497644972 169.5152070354258 80
1757497645025 170.24483195058542 81
1757497645077 172.55598454665775 82
1757497645136 166.4355873883962 83
1757497645196 169.57254236706785 84
1757497645256 171.36769005866333 85
1757497645313 169.71661041717485 86
1757497645373 167.93542503811813 87
1757497645428 170.85155866154213 88
1757497645486 166.82371754272393 89
1757497645542 171.44652300513374 90
1757497645688 167.59076702017666 91
1757497645792 167.744163165054 92
1757497645881 171.4107301139338 93
1757497645967 170.61079646047494 94
1757497646037 167.0809779718806 95
1757497646108 167.20212534564462 96
1757497646176 173.74827710686412 97
1757497646242 173.3758108837512 98
1757497646309 170.1203645386521 99
1757497646382 169.49850673610857 100
1757497646453 166.631972285445 101
1757497646525 168.46093104705557 102
1757497646601 171.19440134656872 103
1757497646673 170.66506047834457 104
1757497646742 167.27875754037157 105
1757497646808 172.61917823283125 106
1757497646873 167.09724541566453 107
1757497646937 166.06571113246204 108
1757497646998 167.67942623558778 109
1757497647056 169.95238312288066 110
1757497647114 165.4613078178599 111
1757497647173 166.66320902378104 112
1757497647230 167.7381206196798 113
1757497647287 170.8399325113006 114
1757497647344 168.35956098653827 115
1757497647402 167.45973800084346 116
1757497647457 166.23022114004232 117
1757497647512 169.32340069476365 118
1757497647570 169.03284692688433 119
