1757434611143 162.33619837389827 0
1757434611186 146.33947955059617 1
1757434611226 140.0936250559432 2
1757434611267 133.97245342949407 3
1757434611313 128.34008728544444 4
1757434611362 123.13629554083148 5
1757434611409 118.3248458261352 6
1757434611452 113.87184516251874 7
1757434611499 109.74647281495706 8
1757434611544 105.92065678996364 9
1757434611591 102.36882792614475 10
1757434611637 99.06769391846785 11
1757434611680 95.9960339393292 12
1757434611723 93.13451186532141 13
1757434611763 90.46550642640851 14
1757434611803 87.97295674096596 15
1757434611843 85.64222184006599 16
1757434611884 83.45995291127123 17
1757434611926 81.41397710756367 18
1757434611968 79.49319187191409 19
1757434612010 77.6874688233397 20
1757434612054 75.98756633697501 21
1757434612111 74.38505002948058 22
1757434612154 72.87222043274937 23
1757434612197 71.44204720399735 24
1757434612241 70.08810927953063 25
1757434612286 68.80454043330771 26
1757434612325 67.58597975034935 27
1757434612365 66.42752656953532 28
1757434612405 65.32469949077253 29
1757434612446 64.27339907828782 30
1757434612487 63.26987392522718 31
1757434612530 62.31068977513421 32
1757434612575 61.39270142351042 33
1757434612620 60.51302714777978 34
1757434612665 59.669025436816774 35
1757434612705 58.858273811961176 36
1757434612746 58.07854955031876 37
1757434612788 57.32781213831003 38
1757434612842 56.60418729903219 39
1757434612905 55.905952451186145 40
1757434612956 55.2315234702186 41
1757434613009 54.57944263405549 42
1757434613062 53.948367646465975 43
1757434613125 53.337061640789294 44
1757434613177 52.74438407557128 45
1757434613226 52.169282441671 46
1757434613277 51.61078470768417 47
1757434613332 51.06799243715539 48
1757434613383 50.54007451707478 49
1757434613434 50.026261442631885 50
1757434613481 49.52584010818014 51
1757434613530 49.0381490588932 52
1757434613577 48.562574161712384 53
1757434613629 48.098544657928684 54
1757434613681 47.645529563146965 55
1757434613734 47.20303438347631 56
1757434613784 46.77059811960538 57
1757434613835 46.34779053298187 58
1757434613885 45.934209650642664 59
1757434613951 45.529479487358955 60
1757434614104 45.13324796568514 61
1757434614248 44.74518501625134 62
1757434614368 44.36498084223182 63
1757434614448 43.99234433336912 64
1757434614543 43.62700161625098 65
1757434614655 43.268694728734886 66
1757434614791 42.917180407504105 67
1757434614876 42.57222897873001 68
1757434614931 42.23362334271693 69
1757434615001 41.90115804422475 70
1757434615050 41.574638420910794 71
1757434615105 41.25387982301018 72
1757434615162 40.93870689799093 73
1757434615210 40.62895293448151 74
1757434615258 40.324459260278395 75
1757434615305 40.02507468970657 76
1757434615352 39.730655016027484 77
1757434615402 39.441062544974194 78
1757434615446 39.15616566584263 79
1757434615491 38.87583845688646 80
1757434615536 38.59996032205266 81
1757434615583 38.328415656358 82
1757434615627 38.06109353744709 83
1757434615669 37.79788744109029 84
1757434615715 37.538694978578654 85
1757434615762 37.28341765415387 86
1757434615806 37.03196064077562 87
1757434615848 36.78423257267859 88
1757434615891 36.54014535330766 89
1757434615934 36.29961397734394 90
1757434615977 36.062556365647545 91
1757434616019 35.828893212045394 92
1757434616062 35.598547840986654 93
1757434616107 35.37144607517321 94
1757434616148 35.14751611235069 95
1757434616200 34.926688410516064 96
1757434616243 34.70889558086256 97
1757434616290 34.49407228784104 98
1757434616332 34.282155155771044 99
1757434616376 34.07308268148279 100
1757434616419 33.86679515251656 101
1757434616463 33.66323457044586 102
1757434616506 33.46234457892801 103
1757434616548 33.264070396119315 104
1757434616590 33.068358751122695 105
1757434616633 32.87515782416384 106
1757434616677 32.68441719021705 107
1757434616732 32.49608776582565 108
1757434616778 32.31012175888307 109
1757434616821 32.12647262115959 110
1757434616867 31.945095003378267 111
1757434616911 31.765944712658875 112
1757434616954 31.588978672164206 113
1757434616996 31.414154882795867 114
1757434617038 31.24143238679963 115
1757434617079 31.07077123315115 116
1757434617120 30.90213244460351 117
1757434617160 30.735477986287243 118
1757434617211 30.570770735762082 119
1757434617252 30.40797445442777 120
1757434617297 30.24705376020813 121
1757434617338 30.08797410142939 122
1757434617380 29.93070173181987 123
1757434617421 29.775203686563316 124
1757434617464 29.62144775934369 125
1757434617505 29.469402480323343 126
1757434617547 29.31903709500141 127
1757434617589 29.17032154390231 128
1757434617629 29.023226443048735 129
1757434617671 28.8777230651761 130
1757434617713 28.733783321648716 131
1757434617754 28.591379745040904 132
1757434617797 28.450485472348305 133
1757434617838 28.311074228797672 134
1757434617881 28.17312031222488 135
1757434617921 28.036598577993562 136
1757434617962 27.901484424427906 137
1757434618005 27.767753778735635 138
1757434618046 27.63538308339794 139
1757434618090 27.504349283005187 140
1757434618131 27.374629811518304 141
1757434618172 27.246202579936906 142
1757434618223 27.119045964356552 143
1757434618266 26.9931387943984 144
1757434618401 26.86846034199573 145
1757434618502 26.74499031052228 146
1757434618609 26.622708824248804 147
1757434618747 26.501596418114406 148
1757434618861 26.381634027800406 149
1757434618912 26.262802980094857 150
1757434618975 26.14508498353663 151
1757434619054 26.028462119328562 152
1757434619146 25.912916832509524 153
1757434619223 25.79843192337608 154
1757434619278 25.684990539144565 155
1757434619327 25.572576165845067 156
1757434619374 25.46117262043917 157
1757434619421 25.350764043153546 158
1757434619471 25.241334890022245 159
1757434619518 25.13286992563024 160
1757434619564 25.025354216051774 161
1757434619614 24.918773121976983 162
1757434619662 24.813112292020477 163
1757434619710 24.708357656206164 164
1757434619761 24.60449541962257 165
1757434619810 24.501512056243218 166
1757434619857 24.39939430290696 167
1757434619904 24.298129153453168 168
1757434619952 24.19770385300711 169
1757434620003 24.098105892410857 170
1757434620050 23.999323002795293 171
1757434620095 23.901343150289055 172
1757434620139 23.804154530860217 173
1757434620186 23.707745565286917 174
1757434620238 23.612104894253047 175
1757434620287 23.51722137356533 176
1757434620332 23.423084069488457 177
1757434620377 23.32968225419463 178
1757434620424 23.237005401324495 179
1757434620470 23.145043181656106 180
1757434620515 23.053785458879027 181
1757434620561 22.96322228547056 182
1757434620606 22.873343898671227 183
1757434620652 22.784140716556838 184
1757434620698 22.695603334204467 185
1757434620744 22.607722519949682 186
1757434620790 22.520489211732695 187
1757434620834 22.433894513530912 188
1757434620882 22.34792969187558 189
1757434620929 22.262586172450312 190
1757434620975 22.177855536769297 191
1757434621020 22.093729518933024 192
1757434621064 22.010200002459545 193
1757434621109 21.927259017189318 194
1757434621152 21.84489873626154 195
1757434621195 21.763111473160293 196
1757434621242 21.681889678828615 197
1757434621298 21.6012259388487 198
1757434621352 21.521112970686595 199
1757434621414 21.44154362099971 200
1757434621460 21.362510863005504 201
1757434621507 21.28400779390984 202
1757434621553 21.20602763239354 203
1757434621599 21.128563716155444 204
1757434621644 21.05160949951091 205
1757434621691 20.975158551044025 206
1757434621738 20.899204551312383 207
1757434621785 20.823741290603078 208
1757434621831 20.74876266673856 209
1757434621877 20.674262682931264 210
1757434621922 20.600235445685684 211
1757434621966 20.5266751627468 212
1757434622011 20.45357614109363 213
1757434622058 20.38093278497697 214
1757434622104 20.30873959400004 215
1757434622149 20.236991161241132 216
1757434622193 20.165682171417277 217
1757434622236 20.09480739908771 218
1757434622285 20.02436170689653 219
1757434622330 19.95434004385322 220
1757434622374 19.884737443650483 221
1757434622420 19.815549023018242 222
1757434622468 19.746769980113054 223
1757434622516 19.678395592942117 224
1757434622565 19.61042121782096 225
1757434622611 19.54284228786414 226
1757434622659 19.475654311508034 227
1757434622706 19.408852871065093 228
1757434622752 19.342433621308764 229
1757434622800 19.27639228808833 230
1757434622916 19.210724666973064 231
1757434623025 19.14542662192489 232
1757434623124 19.080494083999056 233
1757434623193 19.015923050071983 234
1757434623245 18.95170958159579 235
1757434623315 18.887849803378867 236
1757434623402 18.824339902391834 237
1757434623509 18.76117612659838 238
1757434623606 18.698354783810363 239
1757434623657 18.63587224056662 240
1757434623734 18.573724921034998 241
1757434623796 18.511909305937024 242
1757434623850 18.45042193149469 243
1757434623900 18.38925938839894 244
1757434623949 18.32841832079928 245
1757434623999 18.26789542531406 246
1757434624054 18.207687450060984 247
1757434624104 18.14779119370742 248
1757434624151 18.08820350453995 249
1757434624198 18.028921279552915 250
1757434624245 17.969941463555333 251
1757434624291 17.911261048295966 252
1757434624348 17.852877071605956 253
1757434624397 17.794786616558866 254
1757434624444 17.736986810647473 255
1757434624491 17.67947482497715 256
1757434624539 17.62224787347543 257
1757434624586 17.56530321211732 258
1757434624633 17.508638138166106 259
1757434624681 17.45224998942926 260
1757434624728 17.396136143529162 261
1757434624776 17.34029401718829 262
1757434624823 17.284721065528547 263
1757434624867 17.229414781384463 264
1757434624913 17.174372694629938 265
1757434624961 17.119592371518262 266
1757434625007 17.06507141403509 267
1757434625059 17.010807459264104 268
1757434625105 16.956798178765183 269
1757434625150 16.903041277964615 270
1757434625196 16.849534495557304 271
1757434625242 16.796275602920584 272
1757434625288 16.74326240353944 273
1757434625344 16.690492732442898 274
1757434625390 16.637964455651343 275
1757434625436 16.585675469634502 276
1757434625482 16.533623700779934 277
1757434625531 16.48180710487175 278
1757434625578 16.43022366657935 279
1757434625626 16.378871398956033 280
1757434625674 16.327748342947157 281
1757434625722 16.276852566907785 282
1757434625768 16.226182166129497 283
1757434625815 16.175735262376293 284
1757434625860 16.125510003429255 285
1757434625908 16.07550456263996 286
1757434625953 16.025717138492304 287
1757434626000 15.976145954172665 288
1757434626047 15.926789257148213 289
1757434626097 15.877645318753157 290
1757434626143 15.82871243378281 291
1757434626189 15.779988920095306 292
1757434626236 15.7314731182208 293
1757434626283 15.683163390978008 294
1757434626329 15.635058123097915 295
1757434626383 15.587155720854568 296
1757434626430 15.539454611702725 297
1757434626478 15.491953243922268 298
1757434626525 15.444650086269256 299
1757434626571 15.397543627633468 300
1757434626619 15.350632376702267 301
1757434626666 15.303914861630755 302
1757434626712 15.257389629717958 303
1757434626758 15.211055247089075 304
1757434626806 15.164910298383516 305
1757434626853 15.118953386448746 306
1757434626899 15.073183132039697 307
1757434626945 15.027598173523785 308
1757434626992 14.982197166591247 309
1757434627099 14.936978783970845 310
1757434627218 14.891941715150727 311
1757434627329 14.847084666104418 312
1757434627462 14.802406359021782 313
1757434627620 14.757905532044875 314
1757434627715 14.71358093900862 315
1757434627789 14.669431349186185 316
1757434627889 14.625455547038936 317
1757434627994 14.58165233197098 318
1757434628092 14.538020518088084 319
1757434628149 14.494558933960956 320
1757434628201 14.45126642239283 321
1757434628253 14.408141840191162 322
1757434628306 14.365184057943496 323
1757434628358 14.322391959797299 324
1757434628419 14.279764443243753 325
1757434628470 14.237300418905434 326
1757434628520 14.194998810327759 327
1757434628590 14.152858553774148 328
1757434628645 14.110878598024858 329
1757434628707 14.069057904179374 330
1757434628769 14.02739544546232 331
1757434628825 13.98589020703279 332
1757434628882 13.944541185797094 333
1757434628938 13.903347390224774 334
1757434628996 13.862307840167885 335
1757434629051 13.82142156668348 336
1757434629108 13.780687611859188 337
1757434629166 13.740105028641885 338
1757434629224 13.699672880669358 339
1757434629280 13.65939024210492 340
1757434629336 13.619256197474932 341
1757434629399 13.579269841509179 342
1757434629471 13.539430278983977 343
1757434629533 13.499736624568076 344
1757434629593 13.460188002671238 345
1757434629678 13.420783547295402 346
1757434629749 13.38152240188849 347
1757434629825 13.342403719200723 348
1757434629885 13.303426661143416 349
1757434629942 13.26459039865023 350
1757434629998 13.225894111540828 351
1757434630054 13.187336988386866 352
1757434630107 13.148918226380287 353
1757434630160 13.110637031203913 354
1757434630214 13.07249261690423 355
1757434630267 13.034484205766358 356
1757434630319 12.996611028191182 357
1757434630372 12.958872322574573 358
1757434630421 12.921267335188665 359
1757434630482 12.883795320065174 360
1757434630532 12.846455538880706 361
1757434630583 12.809247260844002 362
1757434630633 12.772169762585095 363
1757434630684 12.735222328046385 364
1757434630735 12.698404248375521 365
1757434630786 12.66171482182012 366
1757434630836 12.625153353624247 367
1757434630886 12.588719155926665 368
1757434630937 12.552411547660784 369
1757434630986 12.51622985445631 370
1757434631034 12.480173408542521 371
1757434631082 12.444241548653201 372
1757434631131 12.408433619933147 373
1757434631180 12.372748973846251 374
1757434631228 12.337186968085108 375
1757434631276 12.301746966482149 376
1757434631327 12.266428338922253 377
1757434631374 12.231230461256807 378
1757434631423 12.196152715219206 379
1757434631480 12.16119448834176 380
1757434631530 12.126355173873941 381
1757434631578 12.091634170702065 382
1757434631626 12.057030883270206 383
1757434631675 12.022544721502515 384
1757434631726 11.98817510072673 385
1757434631775 11.953921441599016 386
1757434631825 11.919783170030009 387
1757434631875 11.885759717112077 388
1757434631973 11.8518505190478 389
1757434632118 11.818055017079573 390
1757434632223 11.78437265742043 391
1757434632390 11.75080289118594 392
1757434632498 11.717345174327226 393
1757434632555 11.683998967565127 394
1757434632636 11.650763736325358 395
1757434632749 11.617638950674772 396
1757434632848 11.584624085258652 397
1757434632933 11.551718619238995 398
1757434632988 11.518922036233846 399
1757434633043 11.486233824257543 400
1757434633096 11.453653475662001 401
1757434633150 11.421180487078878 402
1757434633201 11.38881435936273 403
1757434633252 11.356554597535029 404
1757434633303 11.324400710729122 405
1757434633360 11.292352212136059 406
1757434633411 11.260408618951253 407
1757434633463 11.22856945232208 408
1757434633524 11.196834237296207 409
1757434633588 11.165202502770839 410
1757434633640 11.133673781442722 411
1757434633691 11.102247609758951 412
1757434633744 11.07092352786856 413
1757434633795 11.039701079574893 414
1757434633849 11.008579812288726 415
1757434633899 10.9775592769821 416
1757434633949 10.946639028142936 417
1757434633998 10.915818623730303 418
1757434634048 10.885097625130463 419
1757434634097 10.85447559711354 420
1757434634149 10.823952107790909 421
1757434634200 10.793526728573257 422
1757434634249 10.763199034129258 423
1757434634300 10.732968602344942 424
1757434634351 10.702835014283679 425
1757434634400 10.67279785414677 426
1757434634449 10.642856709234705 427
1757434634499 10.613011169908935 428
1757434634557 10.583260829554336 429
1757434634606 10.553605284542176 430
1757434634656 10.524044134193701 431
1757434634703 10.494576980744268 432
1757434634753 10.465203429308039 433
1757434634803 10.435923087843182 434
1757434634852 10.406735567117677 435
1757434634902 10.377640480675586 436
1757434635015 10.348637444803858 437
1757434635168 10.319726078499649 438
1757434635239 10.290906003438154 439
1757434635327 10.262176843940889 440
1757434635388 10.233538226944495 441
1757434635448 10.204989781969992 442
1757434635505 10.176531141092534 443
1757434635572 10.14816193891156 444
1757434635630 10.119881812521479 445
1757434635686 10.091690401482717 446
1757434635740 10.063587347793254 447
1757434635793 10.035572295860586 448
1757434635848 10.007644892474076 449
1757434635902 9.979804786777743 450
1757434635955 9.952051630243485 451
1757434636009 9.924385076644628 452
1757434636065 9.896804782029946 453
1757434636130 9.86931040469804 454
1757434636186 9.841901605172085 455
1757434636239 9.814578046174969 456
1757434636293 9.787339392604798 457
1757434636348 9.76018531151075 458
1757434636403 9.733115472069315 459
1757434636455 9.706129545560863 460
1757434636510 9.67922720534655 461
1757434636572 9.652408126845595 462
1757434636625 9.625671987512861 463
1757434636678 9.599018466816773 464
1757434636731 9.57244724621757 465
1757434636784 9.545958009145853 466
1757434636837 9.519550440981474 467
1757434636891 9.4932242290327 468
1757434636943 9.466979062515717 469
1757434636997 9.440814632534375 470
1757434637050 9.414730632060305 471
1757434637107 9.388726755913243 472
1757434637244 9.36280270074169 473
1757434637408 9.336958165003828 474
1757434637535 9.311192848948721 475
1757434637660 9.285506454597773 476
1757434637753 9.259898685726467 477
1757434637852 9.234369247846345 478
1757434637920 9.208917848187268 479
1757434638008 9.183544195679897 480
1757434638104 9.158248000938464 481
1757434638184 9.133028976243747 482
1757434638271 9.107886835526303 483
1757434638351 9.08282129434995 484
1757434638437 9.057832069895458 485
1757434638542 9.032918880944484 486
1757434638648 9.00808144786372 487
1757434638729 8.983319492589285 488
1757434638820 8.958632738611309 489
1757434638894 8.934020910958742 490
1757434638959 8.909483736184384 491
1757434639035 8.885020942350112 492
1757434639151 8.860632259012306 493
1757434639242 8.836317417207487 494
1757434639351 8.812076149438159 495
1757434639442 8.78790818965882 496
1757434639524 8.763813273262192 497
1757434639596 8.73979113706563 498
1757434639680 8.715841519297706 499
