1757495054789 7.835535635199107 0
1757495054881 51.06839465926601 1
1757495054975 52.106300550131934 2
1757495055064 3.542645780018987 3
1757495055144 50.296696536146655 4
1757495055235 49.71680654735702 5
1757495055326 6.754301023053948 6
1757495055414 1.366070221538901 7
1757495055503 24.2020825854828 8
1757495055590 1.8547258232325283 9
1757495055679 0.8042713523150601 10
1757495055769 13.41761726353422 11
1757495055858 27.92822337209501 12
1757495055948 24.520279800146756 13
1757495056036 0.4623147979380464 14
1757495056126 4.742380971684745 15
1757495056213 0.1482878958986065 16
1757495056302 0.4424343711616516 17
1757495056387 10.441282966590721 18
1757495056469 0.34217958249041874 19
1757495056557 2.811200015070013 20
1757495056654 121.89565124143095 21
1757495056739 0.01658127718568963 22
1757495056827 1.4715509558745017 23
1757495056912 0.4423338716227446 24
1757495056998 7.479405867734482 25
1757495057086 0.0028640719804627884 26
1757495057178 0.28948132204996035 27
1757495057266 3.6529723821598696 28
1757495057358 0.16449134200963372 29
1757495057450 2.021008870533668 30
1757495057541 3.6113475507117476 31
1757495057635 0.0203144598316891 32
1757495057721 0.42026366821176725 33
1757495057809 0.3730613798529598 34
1757495057898 1.4666162398443534 35
1757495057986 0.11289440806852409 36
1757495058075 0.007242115305186903 37
1757495058166 2.6258002009050156 38
1757495058266 0.002961790189870683 39
1757495058355 0.030024802948115797 40
1757495058445 0.07615357406231124 41
1757495058557 0.6715736460976165 42
1757495058678 0.7396298874729079 43
1757495058771 0.31612121374290497 44
1757495058866 0.10353600161831851 45
1757495058957 0.07641580932724881 46
1757495059043 1.982408801652422 47
1757495059147 0.12689627114047977 48
1757495059324 0.039290826234831155 49
1757495059447 0.021279881894216555 50
1757495059565 0.005258400973235994 51
1757495059707 0.5738416203577177 52
1757495059917 0.00581667875447786 53
1757495060080 0.0701902172938685 54
1757495060235 0.03803180997345257 55
1757495060345 0.0331231601338475 56
1757495060460 0.639463544691797 57
1757495060573 0.16795690919655962 58
1757495060689 0.20822767330773334 59
1757495060801 0.11920578765184608 60
1757495060938 0.0023799452507896855 61
1757495061035 0.05699865951414927 62
1757495061140 0.25513809619079336 63
1757495061251 0.3014538792843848 64
1757495061379 0.16000337764000278 65
1757495061494 0.06718372391609073 66
1757495061596 0.563378506912201 67
1757495061704 0.008912949001609858 68
1757495061809 0.07384614959511923 69
1757495061908 0.11408821895862577 70
1757495062004 0.016633420786992564 71
1757495062102 0.0017010023081807978 72
1757495062198 0.20611762898972388 73
1757495062305 0.03834683384695271 74
1757495062396 0.004101860045102723 75
1757495062500 0.0021259690603833035 76
1757495062591 0.18203808644617986 77
1757495062684 0.30452207163429135 78
1757495062774 0.4919390321177673 79
1757495062866 0.1692608058728492 80
1757495062958 0.04073734362296081 81
1757495063047 0.15542431845942095 82
1757495063131 0.03976174044504117 83
1757495063222 0.009680689152113758 84
1757495063310 0.0016540553789037163 85
1757495063403 0.31173964340610216 86
1757495063493 0.023699985223311307 87
1757495063583 0.6340492130821728 88
1757495063667 0.19248125112704398 89
1757495063762 0.002677252871562065 90
1757495063851 0.0016287779971431268 91
1757495063936 0.15748437034019683 92
1757495064026 0.0003615228588816512 93
1757495064144 0.029827273960258353 94
1757495064244 0.6700307932900555 95
1757495064332 0.3828276391912212 96
1757495064428 0.11915070617042696 97
1757495064522 0.026667399078613475 98
1757495064617 0.012610420226039388 99
1757495064713 0.012653474252357556 100
1757495064810 0.05102859846732654 101
1757495064903 0.2481122596149407 102
1757495064996 0.24440783818054845 103
1757495065089 0.0021398004402762116 104
1757495065186 0.05037609999736782 105
1757495065281 0.03337743606252651 106
1757495065376 0.08296301279753841 107
1757495065469 4.5605720743088565e-05 108
1757495065562 0.19294552570691914 109
1757495065653 0.32180420475613475 110
1757495065775 0.4703881247103546 111
1757495065912 0.2842248645701937 112
1757495066047 0.0001065009886062007 113
1757495066216 0.005067234909382597 114
1757495066337 0.04433070393147064 115
1757495066469 0.012651710160670343 116
1757495066604 0.2639105300066533 117
1757495066720 0.024016222557908584 118
1757495066843 0.030728205248572886 119
1757495066955 0.005843280296018046 120
1757495067062 0.23097462367404492 121
1757495067175 0.001797894540196418 122
1757495067366 0.011829952171204363 123
1757495067523 0.021680712085417955 124
1757495067650 0.0008027888801240034 125
1757495067826 0.027261523760820645 126
1757495067974 0.007058411708031579 127
1757495068086 0.16092257008135952 128
1757495068192 0.1368756821893048 129
1757495068294 0.24526412487616397 130
1757495068394 0.20774771617198562 131
1757495068493 0.09269566876750383 132
1757495068590 0.23149716841325907 133
1757495068687 0.2438839395646868 134
1757495068785 0.019742176005982385 135
1757495068899 0.09761342479686522 136
1757495069002 0.00013604050984592633 137
1757495069100 0.033579188457758924 138
1757495069196 0.21341956371953105 139
1757495069292 0.018681615283486712 140
1757495069385 0.014371536116658921 141
1757495069476 0.19326565205585536 142
1757495069568 0.0018782907685101003 143
1757495069659 0.07902756302499124 144
1757495069751 0.0005019633720402632 145
1757495069851 0.8720218698688852 146
1757495069943 0.009836743684242094 147
1757495070039 0.08058670964994491 148
1757495070130 0.00010188393788504014 149
1757495070217 0.01489734555931482 150
1757495070320 0.0011469580105453797 151
1757495070406 0.21896822683245168 152
1757495070498 0.0234547668990182 153
1757495070601 0.010683159450955743 154
1757495070703 0.12537077756178144 155
1757495070821 0.9455576118963436 156
1757495070924 0.01936995056609924 157
1757495071026 2.3627077431743615 158
1757495071123 0.0007052593011290633 159
1757495071222 0.11650629297572723 160
1757495071318 0.07877198536237527 161
1757495071417 0.002631651820688323 162
1757495071519 0.4047976254324629 163
1757495071614 0.012067775913557486 164
1757495071716 0.036745298428018644 165
1757495071811 0.1289401565318651 166
1757495071914 0.0001436071603112795 167
1757495072008 0.0025561738514230563 168
1757495072100 0.005927246829897836 169
1757495072197 0.10813088150848299 170
1757495072292 0.3613659172814947 171
1757495072382 0.04566655262859349 172
1757495072471 0.005421092268340383 173
1757495072562 0.021826110858834097 174
1757495072647 0.20330550045676682 175
1757495072743 0.4706609424009291 176
1757495072854 0.44696646595912204 177
1757495072954 0.05529760993312994 178
1757495073065 0.05638158641943583 179
1757495073160 0.1620490728368955 180
1757495073258 0.01646044112367886 181
1757495073404 0.046703245610168705 182
1757495073507 0.29123334890329056 183
1757495073607 0.1421873171898962 184
1757495073745 0.581388964307318 185
1757495073985 0.3819648013780404 186
1757495074132 0.055819864097170296 187
1757495074239 0.3932424122688008 188
1757495074341 0.00834232523177881 189
1757495074442 0.019373957957235486 190
1757495074544 0.16993510182526667 191
1757495074656 0.003479609026221388 192
1757495074821 0.12206696655489327 193
1757495074943 0.01636667364097296 194
1757495075120 0.05007974857531184 195
1757495075239 0.037627676593053855 196
1757495075476 0.18809897964946484 197
1757495075688 0.08820384549489658 198
1757495075878 0.0844995894800285 199
1757495076037 0.0462806294825741 200
1757495076222 0.13824924131524752 201
1757495076373 0.0024793645708364293 202
1757495076480 0.08324575785470212 203
1757495076587 0.00023915670719345505 204
1757495076689 0.2751336804123721 205
1757495076789 0.04495921909104286 206
1757495076888 0.1964497346076671 207
1757495076995 0.2868874986254436 208
1757495077096 0.039640730403950865 209
1757495077220 0.20717236607034875 210
1757495077322 0.6017782615585805 211
1757495077419 0.051188974564529255 212
1757495077514 0.02092415886891839 213
1757495077607 0.02788987652854847 214
1757495077700 0.17770829778159983 215
1757495077795 0.0326884582176908 216
1757495077888 0.21914814639204305 217
1757495077983 0.06535638540408675 218
1757495078077 0.12517430513315805 219
1757495078172 0.006703875659832712 220
1757495078280 0.1563367986124816 221
1757495078381 0.19030038088827794 222
1757495078475 0.10259843687204917 223
1757495078567 0.07743469107728852 224
1757495078661 0.0002806387781980804 225
1757495078777 0.05615650922686109 226
1757495078867 0.21956466376352277 227
1757495078955 0.06236631701222742 228
1757495079051 0.5137829331446085 229
1757495079143 0.04106211718341105 230
1757495079237 0.10746295845196153 231
1757495079340 0.22646107000881735 232
1757495079436 0.4089043174760057 233
1757495079528 0.1283683927283696 234
1757495079620 1.0950411520044216 235
1757495079711 0.3764881083016373 236
1757495079802 0.07946684651502169 237
1757495079893 0.7792890183141096 238
1757495080007 0.14517047771592823 239
1757495080112 0.3056255221199208 240
1757495080211 0.015371128515205662 241
1757495080307 0.011539879527243767 242
1757495080423 0.015160276565514648 243
1757495080520 0.0015630911122271563 244
1757495080618 0.034345158508837126 245
1757495080720 0.009788096018101766 246
1757495080819 0.22768000434209412 247
1757495080943 0.34218374373473526 248
1757495081050 0.10929545345475553 249
1757495081145 0.013322407090093432 250
1757495081241 0.008841930647955404 251
1757495081359 0.1713596486379176 252
1757495081464 0.5727592099271291 253
1757495081563 0.21598051194703496 254
1757495081662 0.005178647189429213 255
1757495081753 0.007490512326304843 256
1757495081846 0.04082918440987649 257
1757495081940 3.4609876558866785e-05 258
1757495082043 0.5532227583326743 259
1757495082213 0.006912538722810971 260
1757495082356 0.03565597996559766 261
1757495082491 0.14992120836575692 262
1757495082648 0.05044689826900684 263
1757495082792 0.12442783693401145 264
1757495082931 0.03056564161146983 265
1757495083057 0.3221256131922112 266
1757495083181 0.0002594198213593191 267
1757495083291 0.04139823192860861 268
1757495083393 0.1721924076326918 269
1757495083498 0.1404954077088375 270
1757495083706 0.09043273560905223 271
1757495083926 0.06493376538838969 272
1757495084096 0.5755601815610057 273
1757495084264 0.13088147168940073 274
1757495084468 0.19174191505983806 275
1757495084596 0.016071007727280654 276
1757495084707 0.002851088196487802 277
1757495084810 0.0038074203563505282 278
1757495084915 0.08631197855550131 279
1757495085015 0.8617570492438156 280
1757495085118 0.1657752369134226 281
1757495085239 0.08668557481409417 282
1757495085342 0.014628577026679813 283
1757495085439 0.006857329763072356 284
1757495085535 0.05516369703519466 285
1757495085629 0.0632134319841942 286
1757495085729 0.21290778369284877 287
1757495085827 0.05494675210199575 288
1757495085921 0.8503515026268681 289
1757495086020 0.011286173261243178 290
1757495086119 0.007021937786493443 291
1757495086216 0.003067927018375901 292
1757495086313 0.015045724858410816 293
1757495086406 0.011363600571936378 294
1757495086499 0.03430363955477898 295
1757495086592 0.01033869824077722 296
1757495086684 0.23157375907895997 297
1757495086776 0.06970008622787897 298
1757495086883 0.13372225224557927 299
1757495086975 0.3519669787822426 300
1757495087068 0.01451689929515075 301
1757495087166 0.0036657842958654286 302
1757495087259 0.17373996245488954 303
1757495087349 0.03248002404142983 304
1757495087441 0.03445765667728346 305
1757495087533 0.014737167831579986 306
1757495087623 0.11237636652868468 307
1757495087714 0.03565459911363209 308
1757495087807 0.02700667729654757 309
1757495087897 0.7658855368412053 310
1757495087989 0.10477200317922697 311
1757495088082 0.030434406372701665 312
1757495088178 0.41140722535193747 313
1757495088273 0.015150427615800868 314
1757495088362 0.10908294631716207 315
1757495088466 0.0006099596873006456 316
1757495088582 0.0428363546706397 317
1757495088689 0.12148429269688797 318
1757495088787 0.06448482933013816 319
1757495088910 0.32607285666771213 320
1757495089017 0.00436960952725602 321
1757495089116 0.027630948285893082 322
1757495089217 0.04739418806606293 323
1757495089316 0.00021545043042839752 324
1757495089416 0.01983662797180676 325
1757495089512 0.268055500875323 326
1757495089610 0.04439901357596296 327
1757495089721 0.12468023801461729 328
1757495089822 0.01703618350696172 329
1757495089920 0.0031991288203310573 330
1757495090016 0.057286859015162055 331
1757495090113 0.11287535780800038 332
1757495090220 0.36399746990065973 333
1757495090345 0.277726208675594 334
1757495090450 0.018543049456064477 335
1757495090552 0.5472673956166907 336
1757495090653 0.10596257152176347 337
1757495090753 0.054523224557334014 338
1757495090851 0.12838615977945741 339
1757495090947 0.036117432160558606 340
1757495091044 0.14671182680137246 341
1757495091157 0.0030375697582299033 342
1757495091339 0.5598970725990349 343
1757495091487 0.0018584035992561618 344
1757495091606 0.08033656928899294 345
1757495091794 0.06509126092823217 346
1757495091966 0.4680314792772503 347
1757495092098 0.4723028364523809 348
1757495092222 0.5420820421579581 349
1757495092333 0.015073386191950098 350
1757495092441 0.0025963722912299265 351
1757495092545 0.0026826907743207565 352
1757495092650 0.043864197849826154 353
1757495092753 0.12639774790307412 354
1757495092853 0.16951021769400088 355
1757495092952 1.3456483737477654 356
1757495093049 0.08991351619716408 357
1757495093146 0.04982388609565291 358
1757495093241 0.130680734865974 359
1757495093340 0.002723774895548493 360
1757495093443 0.06754406996183263 361
1757495093541 0.00124429222193443 362
1757495093645 0.14331148705817978 363
1757495093737 0.1295953780029387 364
1757495093837 0.10508571976423972 365
1757495093952 0.1772357672501937 366
1757495094056 0.03604436331531837 367
1757495094153 0.07618444036215145 368
1757495094256 0.07803022087903735 369
1757495094352 0.07457764901761023 370
1757495094449 7.501578564218977e-05 371
1757495094544 0.1531736357001017 372
1757495094644 5.25087909204631e-05 373
1757495094738 0.15186118222446102 374
1757495094844 0.06260764087557591 375
1757495094945 0.048403321699290035 376
1757495095044 0.2646055584478033 377
1757495095140 0.0011903676410795114 378
1757495095246 0.06079681976601042 379
1757495095343 0.10150553028977423 380
1757495095437 0.017363633716679913 381
1757495095531 0.1114836176256826 382
1757495095653 0.06905289580162324 383
1757495095757 0.04972374552573718 384
1757495095856 0.016588661011176904 385
1757495095950 0.11097706537500313 386
1757495096050 0.006600211241814358 387
1757495096152 0.003328540362513614 388
1757495096255 0.04055932618890063 389
1757495096359 0.007606181927572239 390
1757495096489 0.00861694001581512 391
1757495096593 0.007976991777289187 392
1757495096698 0.3454067876272365 393
1757495096799 0.8330793020320605 394
1757495096896 0.0015356496722463782 395
1757495096995 0.6043514637423928 396
1757495097093 0.044966214690993316 397
1757495097203 0.07335162678741323 398
1757495097307 0.05356617491133232 399
1757495097405 0.1338520152447483 400
1757495097499 0.17279086198894117 401
1757495097596 0.18469142636073002 402
1757495097698 0.3174069686345885 403
1757495097796 0.0034469222948868322 404
1757495097896 0.313957115910868 405
1757495097990 0.6180289517703084 406
1757495098088 0.12359499418338699 407
1757495098186 1.1820417972745842 408
1757495098288 0.06750339816031974 409
1757495098386 0.07454645143335802 410
1757495098484 0.058582393768324914 411
1757495098582 0.12671791756895975 412
1757495098696 0.1857551631695054 413
1757495098880 0.013749997340917568 414
1757495099041 0.006391686846657973 415
1757495099169 0.20418917926391245 416
1757495099370 0.092195271976103 417
1757495099480 0.0007869791289555488 418
1757495099585 0.00012240119385417846 419
1757495099689 0.1572242684357444 420
1757495099790 0.044022549514969846 421
1757495099890 0.002651735997975036 422
1757495099989 0.008829007406432473 423
1757495100093 0.05750091888592333 424
1757495100196 0.05342885958538958 425
1757495100296 0.038030639975198975 426
1757495100401 0.008709163483586939 427
1757495100500 0.0012502628506704224 428
1757495100599 0.26267027617772254 429
1757495100697 0.0011053001895014567 430
1757495100797 0.07930731576505784 431
1757495100894 0.058003769363450905 432
1757495100989 0.019772657427347597 433
1757495101103 0.028339475806131994 434
1757495101208 0.00522410192661474 435
1757495101309 0.009307610367345771 436
1757495101418 0.6070705933875975 437
1757495101516 0.008334172674741874 438
1757495101613 0.15094865471832544 439
1757495101713 0.01452730149999811 440
1757495101811 0.02652655883878341 441
1757495101906 0.04348737617898927 442
1757495102003 0.0992559035098192 443
1757495102101 0.056743014905888706 444
1757495102196 0.6211382663575503 445
1757495102298 0.025640684573394 446
1757495102396 0.025203042311542617 447
1757495102492 0.26179716878970294 448
1757495102613 0.3194825847208661 449
1757495102719 0.21003413747001723 450
1757495102817 0.005613954823194868 451
1757495102918 0.0065711799167218286 452
1757495103032 0.08584133368359888 453
1757495103132 0.22151331736295232 454
1757495103231 0.0022586959123932072 455
1757495103336 0.7737806599671853 456
1757495103445 0.004780468596423087 457
1757495103561 0.08866185865727598 458
1757495103680 0.04446289950093443 459
1757495103781 0.0013336172713197037 460
1757495103880 0.03390204130970689 461
1757495104003 0.06998107913098978 462
1757495104111 0.03784364012151515 463
1757495104214 0.08723189348795853 464
1757495104314 0.1834993747205188 465
1757495104438 0.24720480184118027 466
1757495104535 0.003247718474783445 467
1757495104634 0.08528118330809449 468
1757495104737 0.0037171250756323905 469
1757495104838 0.07317621937645102 470
1757495104938 0.27033449092105255 471
1757495105039 0.00013705709010620407 472
1757495105142 0.514883549771109 473
1757495105235 0.003682659065270758 474
1757495105338 0.2718497649549267 475
1757495105442 0.2740735243283136 476
1757495105535 0.18934319834245678 477
1757495105632 0.1868713157883686 478
1757495105732 0.5254502575302618 479
1757495105837 0.729006124997692 480
1757495105933 0.1352479545126164 481
1757495106049 0.22334519583049983 482
1757495106235 0.22106258151858588 483
1757495106415 0.0162223548713644 484
1757495106524 0.21013953922174802 485
1757495106702 0.011910639822658916 486
1757495106842 0.004140017405487026 487
1757495106951 0.13436569796024822 488
1757495107056 0.00190640189128067 489
1757495107162 0.01783931990786268 490
1757495107255 0.10678981671908559 491
1757495107359 0.038669262397736624 492
1757495107464 0.01462274842935235 493
1757495107565 0.016386503949601464 494
1757495107667 0.2888750217983468 495
1757495107769 0.004884935421255295 496
1757495107877 0.20587795944652457 497
1757495107977 0.17922447288845236 498
1757495108081 0.010776988774453674 499
