1757344213727 187.86813267341628 0
1757344213762 158.64158531885857 1
1757344213807 185.45211012488954 2
1757344213859 213.39319246806107 3
1757344213916 329.88219380068745 4
1757344213970 589.3001769958457 5
1757344214006 1257.9020343031773 6
1757344214043 2866.4454861319145 7
1757344214099 6816.032713573391 8
1757344214199 16416.457398840874 9
1757344214322 39826.45321714824 10
1757344214427 96818.25248728361 11
1757344214484 235637.3391140729 12
1757344214581 573675.896355512 13
1757344214608 1396906.3495452583 14
1757344214637 3401628.6107788635 15
1757344214666 8283588.7078906335 16
1757344214695 20172147.572815835 17
1757344214753 49123294.49447042 18
1757344214811 119625215.72499155 19
1757344214893 291311876.0616869 20
1757344214987 709403718.4756991 21
1757344215051 1727542483.7355692 22
1757344215097 4206916702.204842 23
1757344215173 10244696079.733202 24
1757344215269 24947911850.403725 25
1757344215322 60753222132.948135 26
1757344215384 147946403769.96875 27
1757344215460 360279462927.6709 28
1757344215528 877353458860.7323 29
1757344215563 2136533354697.0444 30
1757344215634 5202891372653.048 31
1757344215713 12670094077203.2 32
1757344215797 30854244676163.023 33
1757344215862 75136333500216.14 34
1757344215916 182972186291705.75 35
1757344215974 445574323232422.9 36
1757344216012 1085063699819690.1 37
1757344216075 2642349819501039.0 38
1757344216117 6434656848533904.0 39
1757344216182 1.566969235162589e+16 40
1757344216240 3.815887376017864e+16 41
1757344216315 9.292458421964725e+16 42
1757344216363 2.2629017843543946e+17 43
1757344216389 5.510624049175807e+17 44
1757344216461 1.3419485379730563e+18 45
1757344216565 3.2679164147172383e+18 46
1757344216619 7.958038174582001e+18 47
1757344216679 1.9379434340128965e+19 48
1757344216758 4.71928466669072e+19 49
1757344216831 1.1492413748700227e+20 50
1757344216893 2.7986354521774388e+20 51
1757344216965 6.815244008308473e+20 52
1757344217022 1.659649914626335e+21 53
1757344217083 4.0415835966563654e+21 54
1757344217190 9.842074418710502e+21 55
1757344217237 2.3967444083940696e+22 56
1757344217310 5.8365579397036025e+22 57
1757344217401 1.421320039976314e+23 58
1757344217473 3.4612020936106815e+23 59
1757344217510 8.428727940129884e+23 60
1757344217574 2.052565922685371e+24 61
1757344217635 4.9984136359541e+24 62
1757344217677 1.2172149308317949e+25 63
1757344217776 2.9641648245804713e+25 64
1757344217806 7.218341547351825e+25 65
1757344217847 1.75781232751119e+26 66
1757344218029 4.2806289484651294e+26 67
1757344218057 1.0424198253508393e+27 68
1757344218084 2.5385033493129594e+27 69
1757344218109 6.181769664927758e+27 70
1757344218141 1.5053860850947372e+28 71
1757344218175 3.6659199356036545e+28 72
1757344218236 8.927257337715124e+28 73
1757344218269 2.1739679254796766e+29 74
1757344218307 5.294052094866632e+29 75
1757344218341 1.2892088818181424e+30 76
1757344218373 3.1394846729415546e+30 77
1757344218410 7.64528087778511e+30 78
1757344218441 1.8617806993611205e+31 79
1757344218482 4.533812985975958e+31 80
1757344218512 1.1040752650866988e+32 81
1757344218556 2.688646829383639e+32 82
1757344218588 6.547399440732006e+32 83
1757344218615 1.5944243389647875e+33 84
1757344218643 3.8827461127055977e+33 85
1757344218671 9.455272983049605e+33 86
1757344218698 2.302550426653829e+34 87
1757344218725 5.607176521278752e+34 88
1757344218754 1.3654610199556145e+35 89
1757344218783 3.325174069235499e+35 90
1757344218809 8.097472157114865e+35 91
1757344218835 1.971898432081942e+36 92
1757344218861 4.801971962361969e+36 93
1757344218893 1.169377405659005e+37 94
1757344218922 2.8476707643940164e+37 95
1757344218983 6.934654922475091e+37 96
1757344219015 1.688728890119475e+38 97
1757344219045 4.1123967900428666e+38 98
1757344219080 1.0014518883228478e+39 99
1757344219108 2.4387381272489962e+39 100
1757344219136 5.938821148221378e+39 101
1757344219165 1.4462232019289073e+40 102
1757344219203 3.5218463354868026e+40 103
1757344219239 8.57640894865936e+40 104
1757344219269 2.0885292385840888e+41 105
1757344219297 5.085991592206501e+41 106
1757344219328 1.2385419365032195e+42 107
1757344219357 3.016100401793304e+42 108
1757344219386 7.344815194050661e+42 109
1757344219416 1.7886112213864655e+43 110
1757344219442 4.355630491371518e+43 111
1757344219478 1.0606842197187644e+44 112
1757344219514 2.5829808478683527e+44 113
1757344219546 6.290081379945199e+44 114
1757344219579 1.5317621808533774e+45 115
1757344219613 3.730151069544893e+45 116
1757344219648 9.083673154715885e+45 117
1757344219682 2.212058344108115e+46 118
1757344219718 5.386809976972796e+46 119
1757344219755 1.3117973043207978e+47 120
1757344219790 3.1944920555567037e+47 121
1757344219826 7.779234992633686e+47 122
1757344219858 1.8944012386992887e+48 123
1757344219891 4.613250604440727e+48 124
1757344219925 1.1234199336770516e+49 125
1757344219957 2.73575501441019e+49 126
1757344219992 6.662117409981788e+49 127
1757344220024 1.6223604873461735e+50 128
1757344220058 3.95077629067078e+50 129
1757344220092 9.62094024149878e+50 130
1757344220126 2.342893758602939e+51 131
1757344220161 5.7054207035023784e+51 132
1757344220194 1.3893854676263279e+52 133
1757344220238 3.3834349436601923e+52 134
1757344220271 8.239349183303567e+52 135
1757344220306 2.0064483607586566e+53 136
1757344220346 4.8861080345388835e+53 137
1757344220381 1.1898662428649998e+54 138
1757344220414 2.8975652316768304e+54 139
1757344220446 7.056158053199785e+54 140
1757344220480 1.718317362709477e+55 141
1757344220513 4.184450712027235e+55 142
1757344220552 1.0189984773112995e+56 143
1757344220619 2.4814676243604125e+56 144
1757344220664 6.042876125778304e+56 145
1757344220709 1.4715626959232807e+57 146
1757344220756 3.5835531342355346e+57 147
1757344220797 8.726677498325781e+57 148
1757344220837 2.125122673143554e+58 149
1757344220872 5.175104014987623e+58 150
1757344220908 1.2602426158450782e+59 151
1757344220944 3.0689459500570667e+59 152
1757344220980 7.473504804514191e+59 153
1757344221021 1.8199497473084497e+60 154
1757344221055 4.4319461475791614e+60 155
1757344221100 1.0792686272843925e+61 156
1757344221152 2.6282376433580833e+61 157
1757344221204 6.400290840793854e+61 158
1757344221252 1.5586004161484644e+62 159
1757344221290 3.795507606833781e+62 160
1757344221366 9.24282955674562e+62 161
1757344221521 2.2508161506839e+63 162
1757344221610 5.4811930838669214e+63 163
1757344221685 1.334781501967724e+64 164
1757344221896 3.250463230786742e+64 165
1757344221981 7.915536137653296e+64 166
1757344222086 1.9275933274079887e+65 167
1757344222168 4.694080061353057e+65 168
1757344222259 1.1431035431120597e+66 169
1757344222291 2.783688589023963e+66 170
1757344222323 6.778845370005613e+66 171
1757344222393 1.6507861091803655e+67 172
1757344222463 4.0199984356046716e+67 173
1757344222516 9.789510180872454e+67 174
1757344222547 2.3839439521321743e+68 175
1757344222589 5.805386236802564e+68 176
1757344222633 1.413729099138992e+69 177
1757344222664 3.442716615618564e+69 178
1757344222733 8.383712058183232e+69 179
1757344222787 2.0416036439263616e+70 180
1757344222859 4.9717182674766954e+70 181
1757344222942 1.2107140680658455e+71 182
1757344222987 2.9483339074168937e+71 183
1757344223043 7.179790058532159e+71 184
1757344223113 1.7484242593730065e+72 185
1757344223183 4.2577671016038095e+72 186
1757344223233 1.0368525027215525e+73 187
1757344223294 2.5249457914102247e+73 188
1757344223344 6.148754266229834e+73 189
1757344223403 1.497346166998837e+74 190
1757344223457 3.64634110707573e+74 191
1757344223526 8.879578925826701e+74 192
1757344223584 2.1623572667675726e+75 193
1757344223641 5.265777789916142e+75 194
1757344223705 1.2823235160498832e+76 195
1757344223745 3.122717413111186e+76 196
1757344223787 7.604449204976273e+76 197
1757344223830 1.8518373602512393e+77 198
1757344223869 4.50959894186447e+77 199
1757344223937 1.0981786550469984e+78 200
1757344223991 2.6742873899607247e+78 201
1757344224062 6.512431298163309e+78 202
1757344224143 1.58590888819619e+79 203
1757344224212 3.862009265831318e+79 204
1757344224256 9.40477456200622e+79 205
1757344224322 2.290253038611487e+80 206
1757344224381 5.57722989135662e+80 207
1757344224437 1.3581684091946495e+81 208
1757344224493 3.307415085386836e+81 209
1757344224548 8.054225435511989e+81 210
1757344224596 1.9613669796895437e+82 211
1757344224643 4.7763257433232604e+82 212
1757344224706 1.1631320320251146e+83 213
1757344224762 2.832462014999773e+83 214
1757344224843 6.897618538153483e+83 215
1757344225014 1.6797097806052117e+84 216
1757344225123 4.090433432139475e+84 217
1757344225199 9.961033659478794e+84 218
1757344225274 2.425713392269343e+85 219
1757344225337 5.907103281229892e+85 220
1757344225384 1.4384992590766264e+86 221
1757344225426 3.503036970657406e+86 222
1757344225469 8.530604336681799e+86 223
1757344225512 2.0773748880919537e+87 224
1757344225585 5.058828490167321e+87 225
1757344225654 1.2319271711440707e+88 226
1757344225710 2.9999921087517165e+88 227
1757344225760 7.305588238803486e+88 228
1757344225808 1.779058663496e+89 229
1757344225877 4.3323680786566693e+89 230
1757344225917 1.0550193511932756e+90 231
1757344225989 2.569185745956767e+90 232
1757344226064 6.256487513486577e+90 233
1757344226107 1.5235813941446406e+91 234
1757344226166 3.710229197420906e+91 235
1757344226214 9.035159362209771e+91 236
1757344226256 2.200244253300392e+92 237
1757344226310 5.358040273677498e+92 238
1757344226353 1.3047912990244908e+93 239
1757344226398 3.1774310140478277e+93 240
1757344226444 7.73768790195123e+93 241
1757344226508 1.884283680851019e+94 242
1757344226581 4.588612302424512e+94 243
1757344226625 1.1174200082469607e+95 244
1757344226686 2.7211439810918257e+95 245
1757344226740 6.626536585333613e+95 246
1757344226799 1.613695836085309e+96 247
1757344226861 3.929676110386964e+96 248
1757344226916 9.56955703003351e+96 249
1757344226966 2.3303809061771832e+97 250
1757344227017 5.6749493741782716e+97 251
1757344227059 1.3819650819365924e+98 252
1757344227123 3.3653648019874264e+98 253
1757344227188 8.195344729394206e+98 254
1757344227239 1.995732385206669e+99 255
1757344227280 4.860012464243371e+99 256
1757344227330 1.1835114431013736e+100 257
1757344227377 2.8820900074995253e+100 258
1757344227440 7.018472748824233e+100 259
1757344227598 1.7091402280224093e+101 260
1757344227712 4.162102530830299e+101 261
1757344227804 1.0135562426722578e+102 262
1757344227991 2.468214681042392e+102 263
1757344228094 6.010602525274121e+102 264
1757344228215 1.4637034207078773e+103 265
1757344228292 3.5644142076991354e+103 266
1757344228366 8.68007033686034e+103 267
1757344228425 2.113772885600677e+104 268
1757344228473 5.1474649841567695e+104 269
1757344228526 1.253511952188295e+105 270
1757344228593 3.0525554211930635e+105 271
1757344228654 7.433590547890842e+105 272
1757344228751 1.8102298176160575e+106 273
1757344228841 4.40827615063629e+106 274
1757344228901 1.0735045037464065e+107 275
1757344228968 2.6142008353933956e+107 276
1757344229016 6.366108371153995e+107 277
1757344229078 1.5502762926467493e+108 278
1757344229121 3.7752366805953195e+108 279
1757344229182 9.193465746792491e+108 280
1757344229244 2.2387950634162334e+109 281
1757344229330 5.4519193022779495e+109 282
1757344229402 1.3276527434000596e+110 283
1757344229444 3.233103260206416e+110 284
1757344229518 7.873261094153124e+110 285
1757344229566 1.9172984983086363e+111 286
1757344229629 4.669010067945637e+111 287
1757344229690 1.1369984920870898e+112 288
1757344229748 2.7688215535956944e+112 289
1757344229800 6.742641128383183e+112 290
1757344229851 1.6419696432630082e+113 291
1757344229918 3.998528555892065e+113 292
1757344229998 9.73722667643943e+113 293
1757344230063 2.371211860139164e+114 294
1757344230114 5.774381014739436e+114 295
1757344230175 1.4061786997567722e+115 296
1757344230219 3.4243298642787468e+115 297
1757344230272 8.338936595625835e+115 298
1757344230328 2.030699912156809e+116 299
1757344230436 4.9451654727735294e+116 300
1757344230584 1.2042479249008367e+117 301
1757344230656 2.932587539511823e+117 302
1757344230744 7.141444464276892e+117 303
1757344230778 1.7390863307303236e+118 304
1757344230854 4.235027354566573e+118 305
1757344230950 1.0313149138717664e+119 306
1757344231033 2.5114606412812375e+119 307
1757344231149 6.115915195122451e+119 308
1757344231187 1.4893491882416212e+120 309
1757344231259 3.626866844532086e+120 310
1757344231357 8.832155153283061e+120 311
1757344231442 2.1508086178920198e+121 312
1757344231515 5.237654491473739e+121 313
1757344231588 1.2754749234239928e+122 314
1757344231671 3.1060397033285306e+122 315
1757344231790 7.563835604666135e+122 316
1757344231854 1.8419471262104313e+123 317
1757344231920 4.485514219349062e+123 318
1757344231984 1.0923135374345228e+124 319
1757344232020 2.6600046409748564e+124 320
1757344232094 6.477649912337471e+124 321
1757344232169 1.5774389164760178e+125 322
1757344232290 3.841383169648842e+125 323
1757344232384 9.354545841322732e+125 324
1757344232444 2.278021328067813e+126 325
1757344232489 5.547443199442456e+126 326
1757344232540 1.350914746577135e+127 327
1757344232583 3.289750948153881e+127 328
1757344232633 8.011209684623431e+127 329
1757344232691 1.950891773342907e+128 330
1757344232772 4.750816494794989e+128 331
1757344232816 1.1569200134839532e+129 332
1757344232862 2.8173344920102445e+129 333
1757344232936 6.860779956574516e+129 334
1757344232996 1.6707388400639897e+130 335
1757344233088 4.068587375438947e+130 336
1757344233156 9.907834087909984e+130 337
1757344233206 2.412758219379763e+131 338
1757344233252 5.875554812013035e+131 339
1757344233316 1.430816568012523e+132 340
1757344233360 3.484328062285106e+132 341
1757344233415 8.485044356518264e+132 342
1757344233469 2.0662801103999817e+133 343
1757344233515 5.031810459959124e+133 344
1757344233561 1.2253477337132625e+134 345
1757344233629 2.9839698463690112e+134 346
1757344233707 7.266570785630657e+134 347
1757344233768 1.7695571236027557e+135 348
1757344233816 4.309229905095438e+135 349
1757344233887 1.0493847374173544e+136 350
1757344233947 2.555464320486509e+136 351
1757344234004 6.223073064080967e+136 352
1757344234055 1.5154442991212308e+137 353
1757344234102 3.690413723397621e+137 354
1757344234149 8.98690467062291e+137 355
1757344234226 2.1884932588129243e+138 356
1757344234290 5.329424222698078e+138 357
1757344234354 1.2978227111783315e+139 358
1757344234453 3.1604610916065483e+139 359
1757344234588 7.696362704648671e+139 360
1757344234736 1.8742201585337686e+140 361
1757344234915 4.564105587867706e+140 362
1757344234953 1.111452127027682e+141 363
1757344234988 2.706610981915278e+141 364
1757344235032 6.591145789621516e+141 365
1757344235119 1.6050774607181916e+142 366
1757344235228 3.9086886212746017e+142 367
1757344235340 9.518448244389038e+142 368
1757344235407 2.317934881995494e+143 369
1757344235483 5.644640785160199e+143 370
1757344235577 1.3745843268066336e+144 371
1757344235673 3.3473911687523375e+144 372
1757344235757 8.151575293072091e+144 373
1757344235825 1.9850736411959456e+145 374
1757344235911 4.834056264339386e+145 375
1757344236031 1.1771905828501314e+146 376
1757344236136 2.866697432907107e+146 377
1757344236239 6.980988712923224e+146 378
1757344236391 1.7000121062842655e+147 379
1757344236509 4.139873706088386e+147 380
1757344236600 1.0081430737468046e+148 381
1757344236684 2.4550325186223447e+148 382
1757344236745 5.978501290588497e+148 383
1757344236839 1.4558861200594442e+149 384
1757344236928 3.545377497732544e+149 385
1757344237008 8.63371209343975e+149 386
1757344237062 2.1024837146419724e+150 387
1757344237142 5.119973566982299e+150 388
1757344237201 1.2468172354458115e+151 389
1757344237258 3.0362524303440693e+151 390
1757344237308 7.393889464059242e+151 391
1757344237363 1.800561799814878e+152 392
1757344237439 4.384732569659933e+152 393
1757344237509 1.067771165055999e+153 394
1757344237562 2.6002389947660397e+153 395
1757344237619 6.33210846216035e+153 396
1757344237674 1.5419966263589706e+154 397
1757344237724 3.7550740166747323e+154 398
1757344237779 9.144365577504903e+154 399
1757344237831 2.226838177988967e+155 400
1757344237885 5.422801865170254e+155 401
1757344238001 1.3205620578793413e+156 402
1757344238118 3.2158360052046106e+156 403
1757344238170 7.831211831860162e+156 404
1757344238223 1.9070586515049842e+157 405
1757344238272 4.644073967561332e+157 406
1757344238322 1.1309260467243943e+158 407
1757344238374 2.7540339195572244e+158 408
1757344238424 6.706630245222503e+158 409
1757344238473 1.6332002640463032e+159 410
1757344238522 3.9771733418299165e+159 411
1757344238570 9.685222406083376e+159 412
1757344238620 2.3585477672979694e+160 413
1757344238673 5.7435413843798e+160 414
1757344238722 1.3986686253073344e+161 415
1757344238772 3.406041312315464e+161 416
1757344238821 8.294400268434195e+161 417
1757344238871 2.0198544146909417e+162 418
1757344238919 4.918754490391477e+162 419
1757344238970 1.1978163159075105e+163 420
1757344239017 2.916925269307458e+163 421
1757344239067 7.103303664951394e+163 422
1757344239117 1.7297982737998407e+164 423
1757344239169 4.2124090552468106e+164 424
1757344239219 1.025806900000327e+165 425
1757344239269 2.4980475122130085e+165 426
1757344239321 6.083251509881245e+165 427
1757344239386 1.4813949194941018e+166 428
1757344239444 3.6074965895102116e+166 429
1757344239489 8.78498466011488e+166 430
1757344239543 2.1393216476729088e+167 431
1757344239585 5.209681393048751e+167 432
1757344239625 1.2686629075436805e+168 433
1757344239664 3.0894510653275932e+168 434
1757344239712 7.523438912180238e+168 435
1757344239748 1.8321097136168935e+169 436
1757344239785 4.4615581277533774e+169 437
1757344239820 1.0864797440555805e+170 438
1757344239854 2.6457981728403367e+170 439
1757344239887 6.44305428583041e+170 440
1757344239921 1.5690141809113233e+171 441
1757344239955 3.820867232664551e+171 442
1757344239990 9.304585380592399e+171 443
1757344240025 2.2658549442546077e+172 444
1757344240064 5.5178155913446704e+172 445
1757344240103 1.343699824090117e+173 446
1757344240140 3.272181150982997e+173 447
1757344240174 7.968423670888503e+173 448
1757344240207 1.940472512645001e+174 449
1757344240241 4.7254434852495365e+174 450
1757344240293 1.1507411718937485e+175 451
1757344240333 2.8022877616141407e+175 452
1757344240371 6.824138121319835e+175 453
1757344240408 1.661815811236545e+176 454
1757344240464 4.0468579934628745e+176 455
1757344240554 9.854918642919994e+176 456
1757344240626 2.39987223706528e+177 457
1757344240722 5.84417483585658e+177 458
1757344240766 1.4231749084203597e+178 459
1757344240804 3.465719073855248e+178 460
1757344240841 8.43972770164686e+178 461
1757344240876 2.0552445873436206e+179 462
1757344240924 5.004936726786826e+179 463
1757344240963 1.2188034355324891e+180 464
1757344240999 2.9680331551753366e+180 465
1757344241035 7.22776171563e+180 466
1757344241071 1.7601063292313763e+181 467
1757344241105 4.286215307155179e+181 468
1757344241142 1.0437802168073604e+182 469
1757344241177 2.5418161779687208e+182 470
1757344241212 6.189837073503325e+182 471
1757344241246 1.5073506624359712e+183 472
1757344241282 3.670704079227387e+183 473
1757344241317 8.938907696157222e+183 474
1757344241351 2.176805023662844e+184 475
1757344241385 5.300961003413013e+184 476
1757344241419 1.2908913409443589e+185 477
1757344241453 3.143581801586973e+185 478
1757344241487 7.655258215644561e+185 479
1757344241530 1.8642103831562207e+186 480
1757344241576 4.539729757992033e+186 481
1757344241613 1.1055161188784855e+187 482
1757344241648 2.6921556001182107e+187 483
1757344241682 6.555944007944816e+187 484
1757344241717 1.5965051140959454e+188 485
1757344241756 3.8878132214761276e+188 486
1757344241822 9.46761241892036e+188 487
1757344241904 2.305555329143668e+189 488
1757344241956 5.614494067289798e+189 489
1757344241994 1.3672429905787789e+190 490
1757344242032 3.3295135285255966e+190 491
1757344242071 8.108039619162496e+190 492
1757344242110 1.974471823066008e+191 493
1757344242147 4.808238690481735e+191 494
1757344242184 1.1709034808481378e+192 495
1757344242219 2.8513870664871807e+192 496
1757344242282 6.943704870568108e+192 497
1757344242346 1.6909327357281788e+193 498
1757344242397 4.1177636003461855e+193 499
