1757507532388 25.529554191990286 0
1757507532449 15.321894852617577 1
1757507532510 8.019422008580007 2
1757507532581 5.180728085719177 3
1757507532644 4.360680106583475 4
1757507532712 2.7819062248421766 5
1757507532772 10.543750955636963 6
1757507532835 2.732910857074904 7
1757507532912 1.3651458617648404 8
1757507533000 1.5200144872773658 9
1757507533074 0.4693471866487869 10
1757507533133 0.3585744737458578 11
1757507533200 0.3594300517915236 12
1757507533364 0.298144868816824 13
1757507533541 0.13118173346145254 14
1757507533654 0.23197402065831113 15
1757507533781 0.30248833332393227 16
1757507533862 0.14050267267622926 17
1757507533953 0.17287370989693457 18
1757507534114 0.19751949488573323 19
1757507534215 0.13752466177342357 20
1757507534294 0.16652162461939346 21
1757507534360 0.09198410669472534 22
1757507534425 0.1302170596253524 23
1757507534487 0.12642039612861086 24
1757507534547 0.11105328782984772 25
1757507534607 0.11237449557313764 26
1757507534667 0.1092532719294411 27
1757507534728 0.09684415598087817 28
1757507534790 0.16843981336640512 29
1757507534855 0.09391772742043314 30
1757507534919 0.09837384320948625 31
1757507534982 0.15955112829258178 32
1757507535040 0.06973938517329967 33
1757507535099 0.13994010333710102 34
1757507535157 0.13404745276516183 35
1757507535217 0.13002396558687204 36
1757507535284 0.1281511207863525 37
1757507535344 0.1540599585492373 38
1757507535403 0.0931986025363462 39
1757507535459 0.09329102199235861 40
1757507535515 0.16118473803287295 41
1757507535572 0.13960941289427686 42
1757507535631 0.07476972270653304 43
1757507535690 0.08272041833035583 44
1757507535749 0.13235169022362464 45
1757507535822 0.07283642027190253 46
1757507535880 0.12082513127323556 47
1757507535935 0.11628632107917934 48
1757507535991 0.12694186789576714 49
1757507536050 0.12070115901294884 50
1757507536107 0.14466207762879668 51
1757507536164 0.13726954636955535 52
1757507536226 0.15546821902365882 53
1757507536289 0.1263846117929339 54
1757507536346 0.14457518804176367 55
1757507536403 0.08312959743535733 56
1757507536460 0.10192817746050685 57
1757507536526 0.11510292556853056 58
1757507536585 0.10015518131254342 59
1757507536643 0.1394137870239254 60
1757507536700 0.09096527640411564 61
1757507536772 0.12206942327471376 62
1757507536832 0.11863869550181788 63
1757507536889 0.10199242614097763 64
1757507536945 0.10253034895069647 65
1757507537005 0.09090685736597012 66
1757507537064 0.11160137030895684 67
1757507537119 0.07816881169287761 68
1757507537176 0.17103370866815648 69
1757507537235 0.1140193108687361 70
1757507537299 0.13212792310535493 71
1757507537356 0.11121943793125116 72
1757507537413 0.14441381102919743 73
1757507537469 0.10970216027702542 74
1757507537525 0.08319300803243287 75
1757507537583 0.10274659035011593 76
1757507537641 0.16908591072166043 77
1757507537701 0.09677200268492986 78
1757507537760 0.14059984852541957 79
1757507537817 0.1543920161430024 80
1757507537878 0.0912534386610993 81
1757507537935 0.14974628685099703 82
1757507537993 0.08851724355782052 83
1757507538052 0.0825759109640725 84
1757507538108 0.11144402280549151 85
1757507538164 0.07119861776742888 86
1757507538221 0.09194266044468141 87
1757507538279 0.11299992910280857 88
1757507538347 0.09617759095298134 89
1757507538405 0.10112686466144996 90
1757507538464 0.1137973372266965 91
1757507538519 0.0938487338821582 92
1757507538576 0.09004884442416367 93
1757507538631 0.08951613936141793 94
1757507538688 0.13864546467771935 95
1757507538744 0.13500558986397423 96
1757507538801 0.11526657681617218 97
1757507538859 0.10531414212754739 98
1757507538915 0.12389848922355855 99
1757507538972 0.14981165805857802 100
1757507539027 0.07429167296620891 101
1757507539083 0.12204930078051404 102
1757507539139 0.16895587741161305 103
1757507539197 0.07999587910774149 104
1757507539254 0.15333169464861854 105
1757507539312 0.0770914280228566 106
1757507539370 0.10748613279574074 107
1757507539426 0.1252809214696272 108
1757507539484 0.10105654339394154 109
1757507539540 0.10792901816949788 110
1757507539596 0.1047457229162895 111
1757507539652 0.09917791441941569 112
1757507539709 0.11278896034117802 113
1757507539768 0.0913890634344649 114
1757507539827 0.12416669033077443 115
1757507539885 0.11475838038417663 116
1757507539943 0.11479059199364372 117
1757507540002 0.13282931206310755 118
1757507540060 0.11569404672056378 119
1757507540115 0.11026290967983772 120
1757507540173 0.08889391143640926 121
1757507540228 0.09585661309175886 122
1757507540287 0.11397629880894115 123
1757507540352 0.09438345959222674 124
1757507540409 0.11556301562485183 125
1757507540466 0.09251947065776853 126
1757507540523 0.11573511998669758 127
1757507540583 0.12723340218842366 128
1757507540645 0.11089042417907981 129
1757507540705 0.12414728157523994 130
1757507540764 0.16943912108147674 131
1757507540830 0.09613089428492642 132
1757507540893 0.14591103802758398 133
1757507540954 0.1290600993605537 134
1757507541011 0.19976747535981768 135
1757507541071 0.10055515325304534 136
1757507541130 0.0995793901283471 137
1757507541188 0.12264536309533405 138
1757507541250 0.07199550404052843 139
1757507541313 0.09553749106060605 140
1757507541375 0.0882533547195131 141
1757507541434 0.09848002601904718 142
1757507541496 0.12872231580233004 143
1757507541555 0.09630999842096552 144
1757507541613 0.10078128721324116 145
1757507541673 0.07312803058679111 146
1757507541734 0.146537280713786 147
1757507541794 0.11382384079775897 148
1757507541852 0.11067791911412118 149
1757507541915 0.06378424305065053 150
1757507541976 0.10447499430466654 151
1757507542034 0.09661664657346172 152
1757507542094 0.0845981224346098 153
1757507542152 0.09376880309847013 154
1757507542211 0.06930419385708077 155
1757507542268 0.09754508363456373 156
1757507542330 0.12289320216822243 157
1757507542401 0.14028901083916825 158
1757507542462 0.10869510239741621 159
1757507542522 0.13936809004760053 160
1757507542598 0.14229155697415866 161
1757507542676 0.09955863951620952 162
1757507542804 0.13005115528533795 163
1757507542870 0.07868028337698671 164
1757507542938 0.11762713574228296 165
1757507543001 0.12798664095066375 166
1757507543064 0.11892729517041833 167
1757507543129 0.09791894397292113 168
1757507543194 0.09779165338001121 169
1757507543255 0.12142601246833583 170
1757507543315 0.08868570595838575 171
1757507543385 0.07839177585926739 172
1757507543446 0.14780565685735314 173
1757507543506 0.11671134345156897 174
1757507543566 0.08228109426814753 175
1757507543624 0.09796196396573531 176
1757507543684 0.07179177701639777 177
1757507543742 0.14455309809216335 178
1757507543802 0.13496222863405033 179
1757507543866 0.08156794747952814 180
1757507543925 0.07640894223151977 181
1757507543985 0.09964200150488434 182
1757507544044 0.07961163702302214 183
1757507544104 0.11493525761537862 184
1757507544164 0.09630003579418356 185
1757507544223 0.12822518864591143 186
1757507544282 0.13087910982525133 187
1757507544343 0.10038728041476712 188
1757507544411 0.10386839869504573 189
1757507544471 0.05682973243729796 190
1757507544529 0.13554911755448518 191
1757507544610 0.13661620510828373 192
1757507544765 0.08695857939787882 193
1757507544900 0.1282391110141759 194
1757507544996 0.08723424899707735 195
1757507545087 0.11329426460406483 196
1757507545211 0.11758191018794727 197
1757507545343 0.08798159997546588 198
1757507545428 0.17660455282427856 199
1757507545491 0.059704415665961796 200
1757507545553 0.13083487641462577 201
1757507545616 0.11275900893549523 202
1757507545678 0.08247724184519153 203
1757507545737 0.09412234091335343 204
1757507545799 0.13710364689438184 205
1757507545861 0.11642418504188441 206
1757507545922 0.06165734700600189 207
1757507545988 0.14645481130594876 208
1757507546052 0.10496603894698471 209
1757507546112 0.07326794604775262 210
1757507546174 0.12787432276976018 211
1757507546234 0.13726060786065067 212
1757507546297 0.14890848081135516 213
1757507546397 0.11060870159471889 214
1757507546479 0.12589708930941343 215
1757507546551 0.2057384712661305 216
1757507546633 0.0974085637704496 217
1757507546711 0.07920830072233162 218
1757507546790 0.16390767325875297 219
1757507546869 0.13084470522831865 220
1757507546956 0.09661232119432063 221
1757507547048 0.1380355760718061 222
1757507547124 0.17834849698037586 223
1757507547197 0.1462749577429504 224
1757507547271 0.08199651335738149 225
1757507547361 0.0958392860877345 226
1757507547429 0.10030988933632673 227
1757507547505 0.13587023966291828 228
1757507547569 0.12134176510534925 229
1757507547633 0.12013641470470092 230
1757507547696 0.14148848906605413 231
1757507547767 0.0946199030533825 232
1757507547835 0.13080817577690923 233
1757507547909 0.10105684314467148 234
1757507547985 0.11014765274785149 235
1757507548059 0.11396313408523966 236
1757507548130 0.10276175815018687 237
1757507548206 0.10435821616171158 238
1757507548303 0.1225153153537713 239
1757507548402 0.18533774116499838 240
1757507548496 0.0912026233393983 241
1757507548565 0.11451251184152421 242
1757507548633 0.1970635550768161 243
1757507548699 0.10751075328126947 244
1757507548764 0.13927293226189397 245
1757507548829 0.1403303562079583 246
1757507548895 0.15706533805115758 247
1757507548966 0.10336681446169374 248
1757507549032 0.1772286006573777 249
1757507549095 0.1952056179486277 250
1757507549160 0.13052880556268875 251
1757507549223 0.1504402783048659 252
1757507549286 0.10005158872850427 253
1757507549347 0.0735611346395774 254
1757507549410 0.09946287091777652 255
1757507549474 0.07940674890952734 256
1757507549543 0.09342199304189742 257
1757507549606 0.11146454913461755 258
1757507549667 0.10672214714780275 259
1757507549727 0.10687232514616943 260
1757507549788 0.09894279207918347 261
1757507549849 0.15404544096052142 262
1757507549911 0.0910513303503615 263
1757507549973 0.11684080460012786 264
1757507550037 0.11846329952714064 265
1757507550098 0.22549464663156865 266
1757507550158 0.13037380176917038 267
1757507550220 0.08880046200359501 268
1757507550281 0.10952036455362993 269
1757507550341 0.13348264529006548 270
1757507550403 0.11992180762797212 271
1757507550464 0.14955825664787858 272
1757507550531 0.1392009183851394 273
1757507550592 0.09785936698271555 274
1757507550656 0.21561891670793476 275
1757507550716 0.13426356221872893 276
1757507550778 0.1220631554655847 277
1757507550843 0.10839732451031305 278
1757507550903 0.16304467403797424 279
1757507550970 0.07621733508153493 280
1757507551034 0.12128806220885296 281
1757507551097 0.08317422637874929 282
1757507551161 0.11792911849137157 283
1757507551224 0.11833738330334449 284
1757507551289 0.12209845152778927 285
1757507551352 0.13812249763666243 286
1757507551418 0.09474402676240286 287
1757507551485 0.1264805145111891 288
1757507551558 0.0967539075947186 289
1757507551622 0.10436502137313894 290
1757507551686 0.08279704776694986 291
1757507551750 0.15039128779340924 292
1757507551814 0.07995827490679779 293
1757507551877 0.10094408385342508 294
1757507551944 0.0807146743267415 295
1757507552009 0.1458772760016903 296
1757507552073 0.14400098430005426 297
1757507552137 0.12515257394441417 298
1757507552201 0.08254148700199603 299
1757507552265 0.13632334492805118 300
1757507552330 0.1234728545334871 301
1757507552396 0.09534400876780848 302
1757507552460 0.09782016039810082 303
1757507552523 0.09406181959529464 304
1757507552597 0.09701823032715709 305
1757507552661 0.09952961020504637 306
1757507552725 0.10998058209099924 307
1757507552790 0.09607704569688236 308
1757507552854 0.10704670100073858 309
1757507552920 0.10686891036606438 310
1757507552985 0.10741093634767124 311
1757507553050 0.16109906455633002 312
1757507553114 0.0652333266465831 313
1757507553177 0.08851557849210286 314
1757507553243 0.10757033202400744 315
1757507553307 0.11472845842990834 316
1757507553372 0.13957820069894578 317
1757507553440 0.19551568084740453 318
1757507553504 0.11036884763172533 319
1757507553580 0.07722092170309965 320
1757507553648 0.08940762212372277 321
1757507553712 0.10104724765714396 322
1757507553775 0.13602709814697883 323
1757507553841 0.09719040706720858 324
1757507553905 0.1440433836401356 325
1757507553972 0.15194714043650873 326
1757507554037 0.13390658803125027 327
1757507554103 0.11971966875949532 328
1757507554167 0.09614596104670645 329
1757507554232 0.11030606844520911 330
1757507554297 0.19675600372070626 331
1757507554361 0.0841594768459511 332
1757507554426 0.07038861307912535 333
1757507554508 0.1116740771718203 334
1757507554574 0.18723348944857485 335
1757507554643 0.14250018795596947 336
1757507554709 0.10926617266221604 337
1757507554774 0.1357296150261113 338
1757507554846 0.13327023623580875 339
1757507554916 0.09749624737282266 340
1757507554983 0.10085637655158218 341
1757507555048 0.17692203074697124 342
1757507555113 0.07006320784043557 343
1757507555182 0.19299134624631173 344
1757507555247 0.1290424180698004 345
1757507555311 0.1243582974526016 346
1757507555377 0.12395821080828005 347
1757507555443 0.10565171486712106 348
1757507555511 0.12328934761218877 349
1757507555577 0.08699243832709716 350
1757507555652 0.16137529539489726 351
1757507555718 0.06678092028021251 352
1757507555784 0.11417763790987265 353
1757507555849 0.1315705221185372 354
1757507555913 0.1042216608530304 355
1757507555981 0.1046385330910446 356
1757507556047 0.0925815435014764 357
1757507556113 0.08569099223062876 358
1757507556179 0.15261839427263235 359
1757507556246 0.07520531894806036 360
1757507556312 0.08386389382926625 361
1757507556378 0.15515753677984223 362
1757507556447 0.1404876010615248 363
1757507556606 0.12705336213110405 364
1757507556762 0.12935283056162925 365
1757507556891 0.049505097578943745 366
1757507556976 0.11811688482454416 367
1757507557068 0.07199488213290815 368
1757507557219 0.11599063675766656 369
1757507557335 0.12968821283828372 370
1757507557402 0.08226978419661973 371
1757507557469 0.12594169861232407 372
1757507557536 0.1285705864282503 373
1757507557600 0.10109823988789018 374
1757507557674 0.095711074183069 375
1757507557740 0.10758434189930072 376
1757507557807 0.152764321657224 377
1757507557874 0.12004873430397182 378
1757507557946 0.1273678907695922 379
1757507558014 0.12318299000531417 380
1757507558081 0.10208696747558063 381
1757507558150 0.1112227887123111 382
1757507558230 0.1355253216784678 383
1757507558297 0.13899576359166613 384
1757507558363 0.075803461027064 385
1757507558431 0.11544427369821425 386
1757507558501 0.07653344202298205 387
1757507558573 0.10012676512090309 388
1757507558639 0.1949132157473805 389
1757507558711 0.08311528824821172 390
1757507558777 0.2043917562279065 391
1757507558843 0.10533037931075089 392
1757507558911 0.08598441553794667 393
1757507558978 0.1152174485764828 394
1757507559046 0.12252804857344697 395
1757507559114 0.14103768233748867 396
1757507559179 0.08835769215646642 397
1757507559247 0.05669666599513463 398
1757507559313 0.10660888284184498 399
1757507559378 0.12301470074380429 400
1757507559444 0.09308084525256591 401
1757507559510 0.09902214143446868 402
1757507559577 0.12765131481847758 403
1757507559645 0.15699987944573263 404
1757507559719 0.10723027468072642 405
1757507559791 0.10659666674782536 406
1757507559858 0.07575555623354081 407
1757507559924 0.12076404957628704 408
1757507559991 0.10572977077965415 409
1757507560059 0.11868888632519727 410
1757507560129 0.11527620904905056 411
1757507560199 0.07060618725490649 412
1757507560268 0.1295581552442672 413
1757507560336 0.10568213718798088 414
1757507560402 0.1504950145729274 415
1757507560471 0.09031372808231293 416
1757507560538 0.12007527186761534 417
1757507560605 0.08989695566694599 418
1757507560675 0.10697134507046917 419
1757507560742 0.10397092184217893 420
1757507560809 0.0974009847813021 421
1757507560882 0.10450103249713952 422
1757507560964 0.10482257135577569 423
1757507561031 0.08115264591639298 424
1757507561101 0.09466574470662696 425
1757507561167 0.08564352016247262 426
1757507561234 0.138360516321583 427
1757507561299 0.10870534112415851 428
1757507561369 0.11914418191916322 429
1757507561436 0.09806725379541496 430
1757507561502 0.13989182886593676 431
1757507561571 0.09413266317901822 432
1757507561638 0.10918359027333845 433
1757507561713 0.12010985133033217 434
1757507561817 0.11645113485672887 435
1757507561905 0.10391396225002618 436
1757507561989 0.13263071455927442 437
1757507562078 0.1038458485697199 438
1757507562167 0.09112899530490111 439
1757507562245 0.12747581778412212 440
1757507562324 0.08048836710953364 441
1757507562407 0.11877544556459667 442
1757507562485 0.09905711101069606 443
1757507562565 0.07973031198759283 444
1757507562656 0.12126906072114932 445
1757507562746 0.128444612052385 446
1757507562816 0.1581704772980211 447
1757507562889 0.1011464538852231 448
1757507562961 0.09210378770490965 449
1757507563034 0.0826650546459234 450
1757507563105 0.10022067698983442 451
1757507563178 0.19490764313092973 452
1757507563250 0.08017037275516248 453
1757507563325 0.10091521852259311 454
1757507563401 0.07093862235143829 455
1757507563476 0.14916777920515517 456
1757507563551 0.157741483588353 457
1757507563646 0.1325591629362195 458
1757507563750 0.10258169498489861 459
1757507563846 0.10148845568556183 460
1757507563923 0.12626279952054942 461
1757507563995 0.11495770947905425 462
1757507564065 0.11574618162595893 463
1757507564138 0.1055057905143298 464
1757507564216 0.07460991916168462 465
1757507564290 0.14519999527599858 466
1757507564365 0.11066835483290471 467
1757507564437 0.09128065576600712 468
1757507564507 0.133514434658632 469
1757507564585 0.10184813531538928 470
1757507564657 0.08576043043666952 471
1757507564726 0.09175381479258514 472
1757507564804 0.10176727746886897 473
1757507564874 0.15517759305453915 474
1757507564940 0.16555939590841715 475
1757507565007 0.1414402669725195 476
1757507565075 0.09417290243407574 477
1757507565141 0.13092673884544923 478
1757507565208 0.1375616147490094 479
1757507565275 0.09976026377396818 480
1757507565343 0.14387276011229946 481
1757507565409 0.080217482000411 482
1757507565477 0.08744377278663745 483
1757507565543 0.1108477214491858 484
1757507565612 0.08416806431713279 485
1757507565680 0.08744928764839503 486
1757507565747 0.0793219561662417 487
1757507565822 0.09041788356137792 488
1757507565890 0.08920857075726753 489
1757507565957 0.11621695884368766 490
1757507566023 0.1341553160357981 491
1757507566089 0.08442467225551517 492
1757507566157 0.13801675182025325 493
1757507566223 0.17418326674021606 494
1757507566289 0.1417520649144447 495
1757507566355 0.143216972301861 496
1757507566420 0.1475666840057635 497
1757507566487 0.07749349311147719 498
1757507566553 0.0917886983850489 499
