1757428297607 169.0024804656925 0
1757428297693 168.90843877000194 1
1757428297774 168.87569148567792 2
1757428297850 168.84353918980995 3
1757428297912 168.81519392223868 4
1757428297972 168.79001551173423 5
1757428298039 168.76765798231258 6
1757428298106 168.74780084281696 7
1757428298487 168.73016111676458 8
1757428298779 168.71448806818887 9
1757428298856 168.70055955897908 10
1757428298936 168.68817876129336 11
1757428299015 168.6771712540303 12
1757428299084 168.66738245416536 13
1757428299165 168.6586753443767 14
1757428299226 168.65092846257036 15
1757428299273 168.64403412294652 16
1757428299346 168.63789684178636 17
1757428299406 168.63243194426332 18
1757428299469 168.62756433134135 19
1757428299536 168.62322738825614 20
1757428299586 168.61936201822894 21
1757428299662 168.6159157869591 22
1757428299722 168.61284216511973 23
1757428299801 168.61009985756337 24
1757428299856 168.60765220925225 25
1757428299952 168.6054666790844 26
1757428300127 168.603514373809 27
