1757562873955 4.1105455648002405 0
1757562874025 0.24995202691254723 1
1757562874096 0.012391789662007616 2
1757562874170 0.13608764640131282 3
1757562874241 0.029232267920224077 4
1757562874315 0.08850323733391934 5
1757562874400 0.009769431749174592 6
1757562874501 0.005326495512554302 7
1757562874579 0.003336176879319865 8
1757562874661 0.04099144087352679 9
1757562874745 0.00027508207452557354 10
1757562874831 0.004398315195727454 11
1757562874906 0.0007329872007614627 12
1757562874981 0.0029693484315686837 13
1757562875058 0.0031306888682136984 14
1757562875162 0.437660781697243 15
1757562875233 0.11489742840323176 16
1757562875303 0.4921174295341549 17
1757562875375 0.028666221869364236 18
1757562875447 0.0013830176289112654 19
1757562875522 0.02067372255520379 20
1757562875597 0.03467658552698803 21
1757562875668 0.03456673720415915 22
1757562875736 0.04433929770971664 23
1757562875805 0.10277313192210187 24
1757562875877 0.003248753434968611 25
1757562875947 0.008179521045459682 26
1757562876019 0.024057460743046575 27
1757562876092 0.01593812603886478 28
1757562876164 0.1053956639493431 29
1757562876236 0.421335950164838 30
1757562876305 0.008356284549310415 31
1757562876376 0.06006671082004898 32
1757562876447 0.665330018530119 33
1757562876518 0.015221895326350947 34
1757562876589 0.01257381821454496 35
1757562876659 0.019678350819635784 36
1757562876729 1.1994083168013976 37
1757562876803 0.002827884594090074 38
1757562876874 0.009919804597699233 39
1757562876945 0.026555525374355696 40
1757562877018 4.900710877295554e-05 41
1757562877088 0.025425241246649723 42
1757562877166 0.10581468680390135 43
1757562877240 0.01951868456252321 44
1757562877310 0.17186836305374828 45
1757562877381 0.02767350679345452 46
1757562877452 0.006703788870789266 47
1757562877523 0.19475783757506435 48
1757562877593 0.0006515639569442086 49
1757562877666 0.0007636575548529449 50
1757562877739 0.0005803552767210783 51
1757562877814 0.0160995722958198 52
1757562877890 0.021834518464457234 53
1757562877959 0.028454984428192255 54
1757562878030 0.7343567492999576 55
1757562878102 0.006449289002218555 56
1757562878174 0.0025739529242427587 57
1757562878244 0.06031765677517219 58
1757562878315 0.002999119672770836 59
1757562878389 1.7063325335061772e-06 60
1757562878465 0.09338958923980925 61
1757562878535 0.0013348458402624574 62
1757562878607 0.11236314183108358 63
1757562878684 0.48408354966371203 64
1757562878755 0.011078452078691412 65
1757562878827 0.04018737194261029 66
1757562878899 0.009144928968402704 67
1757562878971 0.14080418815416998 68
1757562879041 0.0005182557165780745 69
1757562879112 0.004557870244317213 70
1757562879184 0.04689661091351896 71
1757562879255 0.13655737343514923 72
1757562879326 1.8810793566654946 73
1757562879397 0.19769474411755536 74
1757562879470 0.0014536971054539475 75
1757562879542 0.00403891354840469 76
1757562879614 0.08627599738021123 77
1757562879685 0.1673651994681396 78
1757562879756 0.5901018057480873 79
1757562879826 0.01055256397500833 80
1757562879906 0.0004303741688932715 81
1757562879977 0.09281124681573531 82
1757562880048 0.007988083084068065 83
1757562880118 0.041229235772619624 84
1757562880190 0.07328078852569284 85
1757562880260 0.0005891869058566304 86
1757562880331 0.15954993726500744 87
1757562880403 0.11336221689776085 88
1757562880475 0.3274266799149058 89
1757562880546 0.006427569998322585 90
1757562880617 0.015242680007605088 91
1757562880689 0.22891696898320393 92
1757562880761 0.012160649676982481 93
1757562880832 0.2147989663813784 94
1757562880915 0.003999095425458927 95
1757562880987 0.04747338599662123 96
1757562881059 0.02104654467184936 97
1757562881131 0.2278229739543605 98
1757562881202 0.0019432937794040413 99
1757562881274 0.0018478152965706715 100
1757562881345 0.34986448287965294 101
1757562881416 0.5615145777285567 102
1757562881488 0.0684265035495001 103
1757562881560 0.015423567760281868 104
1757562881632 0.02629008688241983 105
1757562881705 0.033439026621731795 106
1757562881776 0.07424280271955028 107
1757562881851 0.019499618165579075 108
1757562881937 0.037954998025977016 109
1757562882012 0.004906924643165393 110
1757562882085 0.0006147570538750813 111
1757562882159 0.05607203638718001 112
1757562882233 0.006931008407279309 113
1757562882306 0.4188538971601051 114
1757562882381 0.06545029422606692 115
1757562882487 0.011588509337088722 116
1757562882566 0.03887213495081162 117
1757562882644 0.04776565690461577 118
1757562882721 0.23912901184791946 119
1757562882816 0.005902104010279352 120
1757562882936 0.021472694392394402 121
1757562883027 0.008292970240738332 122
1757562883116 0.13354327985191974 123
1757562883206 0.014652325122580067 124
1757562883296 0.007776822194075204 125
1757562883387 0.026644406938492796 126
1757562883474 0.23130912595129158 127
1757562883561 0.019392241604261756 128
1757562883648 0.001048321424860312 129
1757562883728 0.01613084769303105 130
1757562883816 0.001348817788298695 131
1757562883905 3.677893711232809e-05 132
1757562883992 0.023372995113602926 133
1757562884087 0.042208858430771795 134
1757562884187 0.1817995240692771 135
1757562884274 0.024461037045981345 136
1757562884364 0.20895547984315532 137
1757562884457 0.07385905997561085 138
1757562884546 0.3182959787432456 139
1757562884633 0.013440119999011199 140
1757562884720 0.01738598141581366 141
1757562884807 0.12712391847067525 142
1757562884895 0.1162812936935261 143
1757562884989 0.0003141155922841266 144
1757562885076 0.6068421138493617 145
1757562885164 0.2077138363598197 146
1757562885250 0.00504412994713417 147
1757562885419 0.060515463307494306 148
1757562885506 0.07256165344035699 149
1757562885593 0.011079645415152778 150
1757562885679 0.10134021070044535 151
1757562885766 0.1317847763275898 152
1757562885852 0.10006870866996205 153
1757562885942 0.0009117340820890215 154
1757562886030 0.004949594024599593 155
1757562886112 0.10111011234718308 156
1757562886198 0.006992623414010374 157
1757562886285 0.32099820422174574 158
1757562886367 0.04515998640068993 159
1757562886450 0.3766676547965149 160
1757562886537 0.028672481242254643 161
1757562886622 0.403438650188512 162
1757562886708 0.013702773655079978 163
1757562886795 0.004091082231530468 164
1757562886882 0.19823706441388966 165
1757562886970 0.08511929378089368 166
1757562887051 0.025888654158528868 167
1757562887138 0.28004007810152487 168
1757562887224 1.1002762096511164e-07 169
1757562887309 0.04888919946468356 170
1757562887395 0.04714823883331033 171
1757562887479 0.05027978953864239 172
1757562887573 0.4863293009940116 173
1757562887660 0.031814486678178516 174
1757562887750 0.12967279655455427 175
1757562887843 0.3588084320945249 176
1757562887929 0.7540439982132853 177
1757562888017 0.001181423390169702 178
1757562888104 0.038286592107137994 179
1757562888189 0.0687459055671151 180
1757562888276 0.08404476703006489 181
1757562888363 0.5460163906702095 182
1757562888448 0.12273761324168342 183
1757562888535 0.08789893389623452 184
1757562888621 0.01409467514478197 185
1757562888708 0.05855342464642476 186
1757562888795 0.004010455362079174 187
1757562888881 0.002456033202811705 188
1757562888967 0.07293542098456438 189
1757562889055 0.3829961628770446 190
1757562889142 0.010013200571355853 191
1757562889228 0.01425600900965038 192
1757562889310 0.14790988533973404 193
1757562889396 0.5708703000524458 194
1757562889481 0.5741777962007546 195
1757562889568 0.048138423532988334 196
1757562889655 0.003638240663593877 197
1757562889735 0.02219766117032429 198
1757562889822 0.3266229726255585 199
1757562889909 0.05441986853061156 200
1757562889997 0.04649553781310558 201
1757562890082 0.1134201349172005 202
1757562890175 0.09564902254825716 203
1757562890278 0.22053392525468665 204
1757562890368 0.4326816293169528 205
1757562890454 0.0007635882519882635 206
1757562890544 0.0010727296605583024 207
1757562890652 4.9966798917857104e-05 208
1757562890740 0.11313697914069651 209
1757562890828 0.13896589388679179 210
1757562890914 0.006154729314834422 211
1757562891002 0.06397720001198803 212
1757562891115 0.07720436758874905 213
1757562891213 0.010616896107111692 214
1757562891306 0.07389167967811353 215
1757562891398 0.04041474291042945 216
1757562891486 0.14957739544933463 217
1757562891570 0.006307553238145536 218
1757562891697 0.000224179891528132 219
1757562891797 0.07521774958723697 220
1757562891882 0.07504381550100131 221
1757562891973 0.006129177491727236 222
1757562892073 0.47171324495533046 223
1757562892191 0.06039387072163811 224
1757562892285 0.035611065883827175 225
1757562892371 0.04470279400272096 226
1757562892461 0.0062754531124958645 227
1757562892548 0.0006141459391950988 228
1757562892636 0.034232668979878506 229
1757562892725 0.021090591295266664 230
1757562892817 0.008399448784044698 231
1757562892912 0.46487657581150005 232
1757562892999 0.5255347958676025 233
1757562893094 0.00096390852156533 234
1757562893179 0.009161976489514096 235
1757562893284 0.018424595639743278 236
1757562893475 0.09570669256406973 237
1757562893597 0.00812461099302687 238
1757562893683 0.035215133181783535 239
1757562893768 0.019888348679670622 240
1757562893883 0.6535131986845634 241
1757562893972 0.009222734690078003 242
1757562894063 0.09767005654873377 243
1757562894150 0.1355089574643119 244
1757562894236 0.00965268989210056 245
1757562894321 0.10720597985480436 246
1757562894408 0.00788386051196369 247
1757562894516 0.15906009078682998 248
1757562894779 0.0023382976313195045 249
1757562895015 0.0063483550051518 250
1757562895258 0.6946491371262288 251
1757562895438 0.011406967062926415 252
1757562895589 0.009783593896595477 253
1757562895732 0.003767976857060906 254
1757562895850 0.007573842041596912 255
1757562895967 0.008603078524570082 256
1757562896090 0.035820369288744415 257
1757562896193 0.1704322003491649 258
1757562896296 0.3717665267175953 259
1757562896426 0.03589781330406019 260
1757562896554 0.010644581717006253 261
1757562896680 0.0003275030076449658 262
1757562896796 0.012290851924353667 263
1757562896899 0.05193136963198963 264
1757562897023 0.022491992971513743 265
1757562897113 0.011313335551082316 266
1757562897202 0.06542418832440847 267
1757562897323 0.021979892377127233 268
1757562897484 0.005370719459138695 269
1757562897627 0.11894643983352134 270
1757562897757 0.16326408814827267 271
1757562897869 0.07590594219203493 272
1757562898039 0.0004368481860776041 273
1757562898241 0.0006910648324170256 274
1757562898372 2.747820363950323 275
1757562898524 0.03154680416011284 276
1757562898668 0.0037798895870757546 277
1757562898792 0.017418661745075024 278
1757562898934 0.3639420875278726 279
1757562899072 0.019987905358765233 280
1757562899183 0.008940024449879442 281
1757562899306 0.0303903036265043 282
1757562899409 0.0710260379552509 283
1757562899530 0.020038851767459717 284
1757562899640 0.039298569982661756 285
1757562899757 0.0035443164193590926 286
1757562899855 0.00036931241011456536 287
1757562899991 0.20545573029111772 288
1757562900113 0.008609838659795295 289
1757562900229 0.03747645165526322 290
1757562900353 0.00024139326949210757 291
1757562900466 0.11843466249543319 292
1757562900579 0.00011800833162564598 293
1757562900748 0.005979498097372815 294
1757562900898 0.09541586779497159 295
1757562900993 0.07589030637772791 296
1757562901089 0.39263704490044576 297
1757562901189 0.040605475862069536 298
1757562901285 0.22391758309751691 299
1757562901380 0.7776543317675292 300
1757562901473 0.04377515724593439 301
1757562901568 0.578532429090158 302
1757562901662 0.018709829624080625 303
1757562901812 0.10625756093502375 304
1757562901909 0.035137057656522926 305
1757562902004 0.6093358236650398 306
1757562902114 0.2549911005308276 307
1757562902223 0.021471711331622675 308
1757562902323 0.35742929998212947 309
1757562902423 0.232633178536794 310
1757562902522 0.00010946571987893103 311
1757562902619 0.09636863090930947 312
1757562902722 0.0025738221483732823 313
1757562902899 0.16534592148581645 314
1757562903001 0.011592614495278888 315
1757562903101 0.09205085347606645 316
1757562903200 0.057240472337612286 317
1757562903301 0.08574764013936305 318
1757562903419 0.026265260036782173 319
1757562903523 0.1147730183272154 320
1757562903620 0.11327003493061097 321
1757562903715 0.03972018226295301 322
1757562903812 0.3725723654003813 323
1757562903910 0.01673606133787381 324
1757562904002 0.3540953350143855 325
1757562904103 0.005137445555631508 326
1757562904204 0.009151411920402504 327
1757562904302 0.06864768115034613 328
1757562904398 0.01727051331411324 329
1757562904490 0.00015101840461972284 330
1757562904584 0.0011327329494594963 331
1757562904689 0.01960730343428782 332
1757562904790 0.1573058852070759 333
1757562904887 8.964850987395582e-05 334
1757562904981 0.28145486231239447 335
1757562905078 0.002555508607300807 336
1757562905175 0.009778115655792926 337
1757562905281 0.04923722458214263 338
1757562905376 0.03548472828416551 339
1757562905474 0.07602379602077558 340
1757562905568 0.30171882843102477 341
1757562905664 0.29120120624152673 342
1757562905760 0.00687815649594828 343
1757562905858 0.01696728836001196 344
1757562905956 0.022790161268294765 345
1757562906050 0.09422581594052373 346
1757562906143 0.6226335769580028 347
1757562906238 0.13988862483627487 348
1757562906406 0.0054780532317931785 349
1757562906505 0.014213317691865334 350
1757562906602 0.29755435956921433 351
1757562906699 0.010970762630460932 352
1757562906793 0.027561117918796358 353
1757562906890 0.06809740868449446 354
1757562906988 1.404538969047226 355
1757562907081 0.1096078051068123 356
1757562907172 0.015317884694083357 357
1757562907268 0.04032268595423575 358
1757562907367 0.013135227416177881 359
1757562907463 0.440825806228705 360
1757562907560 0.08180458267749686 361
1757562907661 0.1939539207659216 362
1757562907904 0.18177586764636242 363
1757562908104 0.02158496991409462 364
1757562908330 0.05874416612890962 365
1757562908484 0.0009937492060910938 366
1757562908691 0.007226667349053638 367
1757562908849 0.7976947107323327 368
1757562908969 0.1364831761276303 369
1757562909142 0.007176497910276548 370
1757562909301 0.058168476580757265 371
1757562909469 0.009378720917766144 372
1757562909623 0.017816786029799688 373
1757562909757 0.13760640245422137 374
1757562909887 0.005423017451098533 375
1757562910003 0.0015710325102132757 376
1757562910087 0.14947956735866114 377
1757562910169 0.06179711815124018 378
1757562910250 0.04166373007937122 379
1757562910332 0.8073312540823383 380
1757562910413 0.19277904919042443 381
1757562910494 0.16372645364198618 382
1757562910576 0.11699092692349541 383
1757562910656 0.005520312631713423 384
1757562910737 0.7899197003208215 385
1757562910819 0.13984813819192907 386
1757562910901 0.04479767360919469 387
1757562910981 0.0655744724885896 388
1757562911063 0.08498109187062694 389
1757562911144 0.03049634991115626 390
1757562911224 0.3577153612319625 391
1757562911309 0.03504830641166727 392
1757562911390 0.009277146581102477 393
1757562911471 0.09303992711576145 394
1757562911554 0.005630349542409868 395
1757562911634 0.1073659767099308 396
1757562911714 0.022525773514761534 397
1757562911796 0.014573710474354845 398
1757562911877 8.840564263617032e-05 399
1757562911958 0.3226817923397926 400
1757562912039 0.037916732597936535 401
1757562912121 3.0652055107345036e-07 402
1757562912202 0.010430374589849026 403
1757562912284 1.8149556099071635e-08 404
1757562912375 0.08886224433467274 405
1757562912456 0.05084643309651195 406
1757562912539 0.02663361991294398 407
1757562912621 0.0003275359554729825 408
1757562912702 0.007494594352929845 409
1757562912783 4.440445829043456e-05 410
1757562912865 0.02140399858950507 411
1757562912946 0.4014318435465428 412
1757562913030 0.0027196946106984666 413
1757562913113 0.5215305440895269 414
1757562913196 0.09013848484887158 415
1757562913279 0.041901966103332376 416
1757562913373 0.03715471239893754 417
1757562913454 0.03342203447172079 418
1757562913536 0.12773301992447592 419
1757562913632 0.18803283278697916 420
1757562913720 0.0409033236371176 421
1757562913804 0.07765916820401242 422
1757562913888 4.351080278681589e-07 423
1757562913970 0.03830676776108477 424
1757562914071 0.2053533191867322 425
1757562914160 0.14526119386603792 426
1757562914244 8.801814269476095e-05 427
1757562914327 0.3947526371657295 428
1757562914410 0.04456298716180421 429
1757562914492 0.05026704584707508 430
1757562914574 0.1489235387048749 431
1757562914654 0.3857162828773521 432
1757562914739 0.05960786201261305 433
1757562914822 0.002747467131795936 434
1757562914903 0.011677744868867952 435
1757562914986 0.005679713392005903 436
1757562915066 0.7891180812211531 437
1757562915149 0.0012837013942717144 438
1757562915232 0.009157011058755549 439
1757562915314 0.001675081916739898 440
1757562915403 0.3779355458495251 441
1757562915485 0.040448789203620786 442
1757562915567 0.00018245243229646788 443
1757562915651 0.0008944950386048712 444
1757562915735 0.43634617397897224 445
1757562915817 0.14555902176093702 446
1757562915900 0.0011065594091363 447
1757562915986 0.0873259486272775 448
1757562916070 0.010315037758670674 449
1757562916152 0.00021608419720867025 450
1757562916235 0.7037415770572527 451
1757562916317 0.038542237517088226 452
1757562916407 0.030684840242086148 453
1757562916490 0.008081948966202842 454
1757562916573 0.025458723096402493 455
1757562916655 0.06386044945369825 456
1757562916739 0.00820784633353843 457
1757562916821 0.004064856733859481 458
1757562916903 0.36536902507262964 459
1757562916987 0.010202226952473352 460
1757562917069 0.2893952329273483 461
1757562917151 0.005063910494064279 462
1757562917235 0.0011603104545142822 463
1757562917318 0.15675917365902653 464
1757562917407 0.3056491387323685 465
1757562917490 0.43448870822788555 466
1757562917572 0.13448073563776 467
1757562917655 0.010972233997313825 468
1757562917740 0.01776970856716448 469
1757562917821 0.1943777885833183 470
1757562917904 0.08635147882047911 471
1757562917986 0.006573421311392204 472
1757562918069 0.07675881636961 473
1757562918152 0.0005337640042969471 474
1757562918235 0.005762127661973866 475
1757562918318 0.19699219524855419 476
1757562918407 0.11535813375743177 477
1757562918490 0.0060649268523645175 478
1757562918573 0.015993603903064587 479
1757562918656 0.2398559421065651 480
1757562918740 0.025621136722368876 481
1757562918822 0.043545658111683504 482
1757562918909 0.08428890177702626 483
1757562918993 0.00022745322608624526 484
1757562919077 0.3629361481912255 485
1757562919167 0.06809379333412216 486
1757562919250 0.5024953710124268 487
1757562919335 0.0511888203268297 488
1757562919420 0.01892544387022299 489
1757562919503 0.01538748384053171 490
1757562919586 0.0387369529637044 491
1757562919669 0.04163048677844163 492
1757562919753 0.006247580329369522 493
1757562919835 0.008482106318198141 494
1757562919918 0.10988101539569382 495
1757562920003 0.05575519868029816 496
1757562920086 0.20860460183281615 497
1757562920169 0.0007146801393502339 498
1757562920252 0.7252626072037586 499
