1757340925893 166.11661482386538 0
1757340925917 72.88464459182366 1
1757340925944 82.6734154633766 2
1757340925968 59.27524574518517 3
1757340925991 57.78578135541978 4
1757340926017 48.69369168543641 5
1757340926041 45.98037112474177 6
1757340926078 41.48177955776714 7
1757340926106 39.06107135004699 8
1757340926130 36.32896400917182 9
1757340926157 34.37043531085438 10
1757340926182 32.450608944787 11
1757340926206 30.875469057635836 12
1757340926230 29.400457724440848 13
1757340926254 28.1112724319927 14
1757340926277 26.91606616945467 15
1757340926301 25.837638572561065 16
1757340926326 24.83576754929321 17
1757340926351 23.915108151854263 18
1757340926374 23.055128196721757 19
1757340926399 22.255279600585958 20
1757340926427 21.503717910104783 21
1757340926450 20.79853438747719 22
1757340926475 20.132291877477215 23
1757340926498 19.502894784164045 24
1757340926523 18.9053986954232 25
1757340926547 18.33787798585792 26
1757340926571 17.79690752886116 27
1757340926596 17.28082347719464 28
1757340926620 16.787174222577544 29
1757340926644 16.314559152093235 30
1757340926670 15.861173013946793 31
1757340926695 15.425849644001204 32
1757340926719 15.007224966770606 33
1757340926743 14.604330762721803 34
1757340926775 14.21611123265612 35
1757340926799 13.841760689692299 36
1757340926824 13.48044333997936 37
1757340926849 13.131484953504689 38
1757340926874 12.79420986669896 39
1757340926900 12.468049390845954 40
1757340926928 12.15244661947626 41
1757340926952 11.846917422657834 42
1757340926977 11.55099457799989 43
1757340927001 11.26426182870351 44
1757340927026 10.986320886747556 45
1757340927051 10.716810241237367 46
1757340927075 10.455385511344547 47
1757340927101 10.201729662755636 48
1757340927126 9.955541186200985 49
1757340927152 9.716539505412586 50
1757340927177 9.484457768055321 51
1757340927202 9.259045587811332 52
1757340927227 9.040064572651131 53
1757340927252 8.827289608839262 54
1757340927290 8.620506027917191 55
1757340927315 8.419510109192538 56
1757340927341 8.224107238472165 57
1757340927367 8.034112004745083 58
1757340927396 7.849346967274957 59
1757340927423 7.66964255257976 60
1757340927448 7.494836200902359 61
1757340927473 7.3247721745563705 62
1757340927498 7.1593009456923955 63
1757340927523 6.9982789742730045 64
1757340927548 6.841568252885293 65
1757340927572 6.6890360836044 66
1757340927598 6.540554727720459 67
1757340927623 6.396001195083031 68
1757340927649 6.255256965944769 69
1757340927675 6.118207798123131 70
1757340927700 5.9847434999282925 71
1757340927725 5.8547577562944335 72
1757340927750 5.728147939010819 73
1757340927784 5.604814950992358 74
1757340927810 5.484663064569045 75
1757340927836 5.3675997822452945 76
1757340927861 5.253535696689165 77
1757340927886 5.142384366101233 78
1757340927912 5.034062191416537 79
1757340927939 4.928488304457693 80
1757340927966 4.82558445910106 81
1757340927991 4.725274930562637 82
1757340928017 4.627486418117453 83
1757340928043 4.532147954077265 84
1757340928068 4.439190816231329 85
1757340928094 4.348548445282161 86
1757340928119 4.260156365585166 87
1757340928146 4.173952109995836 88
1757340928172 4.089875147781455 89
1757340928198 4.007866815994331 90
1757340928223 3.9278702536469297 91
1757340928249 3.849830338861633 92
1757340928274 3.7736936285645517 93
1757340928300 3.699408300775092 94
1757340928326 3.626924099199366 95
1757340928351 3.5561922801159316 96
1757340928376 3.4871655613474988 97
1757340928406 3.419798073275984 98
1757340928441 3.354045311748538 99
1757340928476 3.289864092818414 100
1757340928504 3.2272125092033854 101
1757340928531 3.1660498884014574 102
1757340928559 3.106336752370114 103
1757340928626 3.048034778709632 104
1757340928682 2.991106763273093 105
1757340928734 2.9355165841467037 106
1757340928785 2.8812291669349777 107
1757340928823 2.828210451298419 108
1757340928857 2.776427358687198 109
1757340928887 2.725847761222833 110
1757340928918 2.6764404516783373 111
1757340928949 2.6281751145129797 112
1757340928982 2.5810222979178037 113
1757340929014 2.5349533868320058 114
1757340929045 2.489940576890886 115
1757340929076 2.445956849269091 116
1757340929107 2.402975946383829 117
1757340929143 2.3609723484249234 118
1757340929177 2.319921250679819 119
1757340929209 2.2797985416233217 120
1757340929240 2.240580781743029 121
1757340929272 2.202245183072911 122
1757340929304 2.1647695894085803 123
1757340929335 2.12813245717898 124
1757340929367 2.0923128369503385 125
1757340929398 2.0572903555392434 126
1757340929431 2.023045198712662 127
1757340929463 1.9895580944536864 128
1757340929495 1.9568102967726289 129
1757340929526 1.9247835700439493 130
1757340929559 1.8934601738502876 131
1757340929593 1.8628228483156242 132
1757340929625 1.832854799910287 133
1757340929657 1.8035396877112666 134
1757340929691 1.7748616101018624 135
1757340929724 1.7468050918954379 136
1757340929757 1.7193550718684665 137
1757340929789 1.692496890688825 138
1757340929834 1.6662162792256743 139
1757340929869 1.6404993472278429 140
1757340929900 1.6153325723581542 141
1757340929932 1.5907027895715382 142
1757340929963 1.5665971808252843 143
1757340929998 1.5430032651102108 144
1757340930035 1.519908888791893 145
1757340930070 1.4973022162515757 146
1757340930104 1.4751717208167083 147
1757340930224 1.4535061759714223 148
1757340930369 1.4322946468376498 149
1757340930512 1.4115264819178726 150
1757340930608 1.3911913050908766 151
1757340930648 1.3712790078521075 152
1757340930769 1.3517797417906232 153
1757340930822 1.3326839112948405 154
1757340930870 1.3139821664796116 155
1757340930910 1.2956653963273714 156
1757340930944 1.2777247220364139 157
1757340930980 1.2601514905695295 158
1757340931035 1.2429372683965616 159
1757340931103 1.226073835424558 160
1757340931160 1.2095531791095069 161
1757340931208 1.1933674887437955 162
1757340931256 1.1775091499137622 163
1757340931301 1.1619707391218923 164
1757340931362 1.1467450185683932 165
1757340931407 1.1318249310870905 166
1757340931479 1.1172035952307071 167
1757340931541 1.1028743005008224 168
1757340931583 1.0888305027179013 169
1757340931653 1.0750658195270024 170
1757340931696 1.0615740260348663 171
1757340931732 1.048349050574262 172
1757340931777 1.0353849705916103 173
1757340931812 1.0226760086540152 174
1757340931879 1.0102165285719917 175
1757340931929 0.9980010316342552 176
1757340931999 0.9860241529511297 177
1757340932071 0.9742806579031841 178
1757340932122 0.9627654386918311 179
1757340932185 0.9514735109887678 180
1757340932244 0.9404000106811918 181
1757340932311 0.9295401907098503 182
1757340932369 0.9188894179970987 183
1757340932421 0.9084431704621647 184
1757340932481 0.8981970341210156 185
1757340932538 0.8881467002681976 186
1757340932634 0.8782879627381877 187
1757340932803 0.8686167152438304 188
1757340932875 0.859128948789532 189
1757340932911 0.8498207491569448 190
1757340932946 0.8406882944609684 191
1757340933020 0.8317278527739418 192
1757340933050 0.8229357798159889 193
1757340933080 0.8143085167095188 194
1757340933109 0.8058425877959877 195
1757340933141 0.7975345985130435 196
1757340933173 0.7893812333302702 197
1757340933241 0.7813792537417797 198
1757340933295 0.7735254963139773 199
1757340933323 0.765816870786858 200
1757340933363 0.7582503582272709 201
1757340933395 0.7508230092325989 202
1757340933487 0.7435319421833813 203
1757340933566 0.7363743415434636 204
1757340933670 0.7293474562062439 205
1757340933734 0.7224485978857098 206
1757340933820 0.7156751395509262 207
1757340933923 0.7090245139027488 208
1757340933993 0.7024942118914871 209
1757340934063 0.6960817812743901 210
1757340934179 0.6897848252117549 211
1757340934243 0.6836010009005689 212
1757340934279 0.6775280182446024 213
1757340934331 0.671563638559904 214
1757340934407 0.665705673314677 215
1757340934480 0.6599519829025694 216
1757340934523 0.6543004754484049 217
1757340934571 0.6487491056454571 218
1757340934627 0.6432958736233333 219
1757340934692 0.6379388238456407 220
1757340934727 0.6326760440365655 221
1757340934803 0.6275056641355526 222
1757340934862 0.6224258552793052 223
1757340934911 0.6174348288103256 224
1757340934964 0.6125308353112541 225
1757340935014 0.607712163664285 226
1757340935087 0.6029771401349626 227
1757340935140 0.598324127479675 228
1757340935203 0.5937515240761748 229
1757340935276 0.5892577630765086 230
1757340935360 0.5848413115817191 231
1757340935441 0.580500669837723 232
1757340935507 0.5762343704517724 233
1757340935575 0.5720409776289529 234
1757340935640 0.5679190864281403 235
1757340935702 0.5638673220369026 236
1757340935763 0.5598843390648256 237
1757340935819 0.5559688208547433 238
1757340935879 0.552119478811412 239
1757340936007 0.5483350517471297 240
1757340936143 0.5446143052438495 241
1757340936278 0.5409560310313378 242
1757340936341 0.5373590463809573 243
1757340936387 0.5338221935146273 244
1757340936455 0.5303443390285758 245
1757340936512 0.52692437333147 246
1757340936565 0.5235612100965553 247
1757340936648 0.5202537857274043 248
1757340936694 0.5170010588369445 249
1757340936739 0.5138020097393732 250
1757340936790 0.5106556399546531 251
1757340936847 0.5075609717252224 252
1757340936900 0.5045170475446236 253
1757340936958 0.5015229296977088 254
1757340937032 0.49857769981214456 255
1757340937082 0.49568045842088654 256
1757340937146 0.49283032453536807 257
1757340937212 0.49002643522909 258
1757340937277 0.4872679452313773 259
1757340937324 0.4845540265309787 260
1757340937384 0.48188386798932703 261
1757340937456 0.4792566749631389 262
1757340937516 0.47667166893616075 263
1757340937592 0.4741280871597892 264
1757340937665 0.4716251823023634 265
1757340937721 0.4691622221068849 266
1757340937799 0.4667384890569584 267
1757340937876 0.464353280050737 268
1757340937925 0.4620059060826716 269
1757340937985 0.4596956919328567 270
1757340938037 0.4574219758637777 271
1757340938115 0.455184109324285 272
1757340938190 0.4529814566605909 273
1757340938243 0.45081339483412425 274
1757340938317 0.44867931314605597 275
1757340938436 0.4465786129683481 276
1757340938524 0.44451070748113075 277
1757340938613 0.44247502141627243 278
1757340938679 0.440470990806976 279
1757340938768 0.4384980627432499 280
1757340938868 0.4365556951331048 281
1757340938929 0.4346433564693422 282
1757340939005 0.43276052560177525 283
1757340939048 0.43090669151476807 284
1757340939152 0.4290813531099418 285
1757340939224 0.4272840189939387 286
1757340939285 0.42551420727109135 287
1757340939336 0.4237714453409043 288
1757340939440 0.4220552697002073 289
1757340939524 0.4203652257498732 290
1757340939634 0.4187008676059912 291
1757340939785 0.41706175791537564 292
1757340939865 0.41544746767530877 293
1757340939895 0.4138575760574173 294
1757340939926 0.4122916702355779 295
1757340939956 0.4107493452177465 296
1757340939996 0.40923020368162666 297
1757340940026 0.40773385581407895 298
1757340940055 0.4062599191541733 299
1757340940085 0.4048080184398044 300
1757340940114 0.40337778545778696 301
1757340940144 0.40196885889732836 302
1757340940175 0.4005808842068145 303
1757340940205 0.3992135134538278 304
1757340940235 0.397866405188304 305
1757340940265 0.39653922430877436 306
1757340940295 0.39523164193159277 307
1757340940325 0.39394333526310454 308
1757340940355 0.39267398747466253 309
1757340940385 0.3914232875804361 310
1757340940416 0.3901909303179432 311
1757340940446 0.38897661603123673 312
1757340940476 0.38778005055668335 313
1757340940506 0.38660094511127946 314
1757340940535 0.385439016183437 315
1757340940565 0.38429398542617793 316
1757340940595 0.3831655795526914 317
1757340940625 0.38205353023418653 318
1757340940655 0.3809575739999978 319
1757340940701 0.37987745213986956 320
1757340940781 0.37881291060840017 321
1757340940838 0.37776369993156295 322
1757340940888 0.37672957511527977 323
1757340940921 0.37571029555597657 324
1757340940952 0.3747056249531003 325
1757340940992 0.37371533122352724 326
1757340941024 0.37273918641783604 327
1757340941054 0.371776966638389 328
1757340941084 0.3708284519591915 329
1757340941115 0.3698934263474788 330
1757340941149 0.36897167758699567 331
1757340941181 0.368062997202928 332
1757340941212 0.3671671803884458 333
1757340941243 0.36628402593282583 334
1757340941273 0.3654133361511106 335
1757340941304 0.3645549168152778 336
1757340941334 0.36370857708687543 337
1757340941365 0.3628741294510888 338
1757340941396 0.3620513896522259 339
1757340941440 0.3612401766305561 340
1757340941499 0.36044031246050523 341
1757340941538 0.3596516222901462 342
1757340941569 0.35887393428197906 343
1757340941599 0.35810707955495613 344
1757340941631 0.3573508921277353 345
1757340941664 0.3566052088631201 346
1757340941699 0.35586986941367305 347
1757340941732 0.3551447161684687 348
1757340941763 0.3544295942009581 349
1757340941794 0.3537243512179323 350
1757340941825 0.35302883750954195 351
1757340941856 0.3523429059003619 352
1757340941888 0.35166641170147683 353
1757340941920 0.35099921266356066 354
1757340941952 0.3503411689309298 355
1757340941983 0.34969214299654133 356
1757340942026 0.34905199965793215 357
1757340942057 0.3484206059740613 358
1757340942088 0.3477978312230407 359
1757340942118 0.3471835468607388 360
1757340942150 0.3465776264802328 361
1757340942183 0.3459799457720936 362
1757340942214 0.34539038248547865 363
1757340942246 0.34480881639002664 364
1757340942278 0.34423512923852473 365
1757340942308 0.34366920473034224 366
1757340942339 0.34311092847559865 367
1757340942370 0.342560187960064 368
1757340942400 0.3420168725107746 369
1757340942433 0.34148087326233717 370
1757340942464 0.3409520831239191 371
1757340942496 0.3404303967468982 372
1757340942527 0.3399157104931714 373
1757340942559 0.33940792240409423 374
1757340942590 0.3389069321700471 375
1757340942621 0.33841264110060876 376
1757340942652 0.3379249520953251 377
1757340942684 0.33744376961506745 378
1757340942715 0.33696899965395277 379
1757340942746 0.33650054971183324 380
1757340942778 0.3360383287673181 381
1757340942809 0.33558224725134655 382
1757340942841 0.3351322170212698 383
1757340942872 0.3346881513354525 384
1757340942904 0.33424996482837294 385
1757340942937 0.3338175734862174 386
1757340942968 0.3333908946229452 387
1757340943003 0.3329698468568341 388
1757340943040 0.3325543500874761 389
1757340943072 0.3321443254732306 390
1757340943103 0.33173969540911047 391
1757340943134 0.3313403835051056 392
1757340943166 0.33094631456492346 393
1757340943199 0.3305574145651444 394
1757340943230 0.33017361063478123 395
1757340943262 0.32979483103523505 396
1757340943293 0.3294210051406318 397
1757340943326 0.32905206341855125 398
1757340943364 0.3286879374111119 399
1757340943397 0.32832855971643093 400
1757340943429 0.32797386397042805 401
1757340943462 0.3276237848289964 402
1757340943494 0.3272782579504921 403
1757340943526 0.3269372199785725 404
1757340943557 0.3266006085253591 405
1757340943589 0.32626836215491245 406
1757340943620 0.3259404203670338 407
1757340943652 0.3256167235813627 408
1757340943684 0.32529721312177823 409
1757340943716 0.32498183120109836 410
1757340943748 0.32467052090606296 411
1757340943780 0.32436322618260055 412
1757340943812 0.3240598918213732 413
1757340943844 0.32376046344359144 414
1757340943875 0.32346488748709207 415
1757340943907 0.3231731111926821 416
1757340943941 0.3228850825907271 417
1757340943975 0.3226007504880012 418
1757340944007 0.3223200644547696 419
1757340944048 0.32204297481212174 420
1757340944083 0.32176943261952734 421
1757340944116 0.3214993896626336 422
1757340944148 0.3212327984412767 423
1757340944179 0.3209696121577198 424
1757340944213 0.32070978470511047 425
1757340944245 0.32045327065614115 426
1757340944277 0.3202000252519202 427
1757340944309 0.3199500043910529 428
1757340944341 0.31970316461891024 429
1757340944374 0.3194594631171007 430
1757340944405 0.319218857693131 431
1757340944437 0.3189813067702572 432
1757340944471 0.31874676937751156 433
1757340944503 0.31851520513991716 434
1757340944535 0.3182865742688794 435
1757340944567 0.31806083755274056 436
1757340944599 0.3178379563475175 437
1757340944631 0.31761789256779543 438
1757340944664 0.31740060867778674 439
1757340944696 0.3171860676825545 440
1757340944729 0.3169742331193843 441
1757340944762 0.3167650690493187 442
1757340944794 0.3165585400488303 443
1757340944827 0.31635461120165703 444
1757340944859 0.3161532480907678 445
1757340944892 0.315954416790481 446
1757340944924 0.31575808385871323 447
1757340944957 0.3155642163293714 448
1757340944990 0.3153727817048744 449
1757340945024 0.3151837479488066 450
1757340945068 0.31499708347869876 451
1757340945102 0.3148127571589392 452
1757340945134 0.31463073829380356 453
1757340945167 0.3144509966206091 454
1757340945200 0.31427350230298473 455
1757340945233 0.3140982259242609 456
1757340945266 0.31392513848097114 457
1757340945299 0.3137542113764707 458
1757340945331 0.3135854164146555 459
1757340945364 0.31341872579379815 460
1757340945399 0.31325411210048754 461
1757340945432 0.31309154830367003 462
1757340945467 0.3129310077487931 463
1757340945502 0.3127724641520507 464
1757340945534 0.3126158915947256 465
1757340945567 0.3124612645176283 466
1757340945600 0.31230855771562627 467
1757340945633 0.31215774633227444 468
1757340945666 0.3120088058545285 469
1757340945698 0.31186171210755176 470
1757340945733 0.3117164412496065 471
1757340945766 0.3115729697670325 472
1757340945798 0.31143127446931074 473
1757340945832 0.31129133248421126 474
1757340945866 0.3111531212530159 475
1757340945899 0.3110166185258265 476
1757340945932 0.31088180235694934 477
1757340945968 0.3107486511003583 478
1757340946003 0.3106171434052248 479
1757340946044 0.31048725821153517 480
1757340946082 0.3103589747457705 481
1757340946115 0.3102322725166617 482
1757340946149 0.3101071313110115 483
1757340946183 0.309983531189589 484
1757340946218 0.3098614524830888 485
1757340946254 0.30974087578815473 486
1757340946290 0.30962178196347584 487
1757340946324 0.309504152125936 488
1757340946358 0.3093879676468362 489
1757340946422 0.309273210148166 490
1757340946467 0.30915986149895086 491
1757340946509 0.3090479038116428 492
1757340946551 0.3089373194385828 493
1757340946587 0.3088280909685125 494
1757340946622 0.3087202012231426 495
1757340946657 0.3086136332537768 496
1757340946691 0.30850837033799317 497
1757340946737 0.308404395976378 498
1757340946791 0.3083016938893039 499
