1757668678571 4313.264428470119 0
1757668678587 19176607945.496666 1
1757668678603 8.679508228279469e+16 2
1757668678618 3.9284244202912655e+23 3
1757668678634 1.778040647056346e+30 4
1757668678650 8.047573796392721e+36 5
1757668678666 3.642405144989608e+43 6
1757668678682 1.6485857198592773e+50 7
1757668678697 7.461649013598914e+56 8
1757668678712 3.377210255520963e+63 9
1757668678728 1.5285560992227416e+70 10
1757668678743 6.918384026139418e+76 11
1757668678759 3.1313235776874357e+83 12
1757668678774 1.4172655509053496e+90 13
1757668678789 6.414672875380312e+96 14
1757668678805 2.9033393263425165e+103 15
1757668678820 1.3140778037550736e+110 16
1757668678835 5.947635740177484e+116 17
1757668678851 2.691954068225776e+123 18
1757668678866 1.2184029120150943e+130 19
1757668678881 5.514602472341862e+136 20
1757668678897 2.4959592699645737e+143 21
1757668678914 1.1296938824815224e+150 22
1757668678931 5.113097330848237e+156 23
1757668678947 2.3142343886380155e+163 24
1757668678964 1.0474435472297739e+170 25
1757668678980 4.740824827510174e+176 26
1757668678997 2.1457404654006154e+183 27
1757668679014 9.71181664030334e+189 28
1757668679030 4.395656603197961e+196 29
1757668679045 1.9895141855390658e+203 30
1757668679062 9.004722278763749e+209 31
1757668679078 4.075619259567836e+216 32
1757668679095 1.8446623710021542e+223 33
1757668679111 8.349109782526897e+229 34
1757668679127 3.7788830767343166e+236 35
1757668679146 1.710356873916579e+243 36
1757668679162 7.741230878944609e+249 37
1757668679178 3.5037515523820665e+256 38
1757668679194 1.5858298418937501e+263 39
1757668679210 7.177610198220249e+269 40
1757668679226 3.2486517025101554e+276 41
1757668679242 1.4703693280583846e+283 42
1757668679262 6.655025403998687e+289 43
1757668679282 3.012125068356243e+296 44
1757668679306 1.3633152207005301e+303 45
1757668679325 inf 46
