1757434565585 169.62449477810824 0
1757434565623 169.6087392741527 1
1757434565663 169.59931880106873 2
1757434565705 169.5899723463731 3
1757434565747 169.5807341297052 4
1757434565798 169.57160265013897 5
1757434565844 169.56257663697156 6
1757434565886 169.55365483363877 7
1757434565927 169.54483599886254 8
1757434565968 169.53611890645357 9
1757434566010 169.5275023451256 10
1757434566061 169.5189851183111 11
1757434566102 169.51056604397954 12
1757434566142 169.50224395445855 13
1757434566183 169.49401769625615 14
1757434566223 169.48588612988644 15
1757434566264 169.4778481296964 16
1757434566306 169.46990258369553 17
1757434566362 169.4620483933874 18
1757434566560 169.45428447360337 19
1757434566639 169.4466097523381 20
1757434566755 169.43902317058766 21
1757434566954 169.43152368218907 22
1757434567096 169.42411025366232 23
1757434567163 169.41678186405406 24
1757434567231 169.40953750478317 25
1757434567331 169.40237617948884 26
1757434567462 169.3952969038797 27
1757434567559 169.38829870558564 28
1757434567661 169.38138062401063 29
1757434567749 169.37454171018837 30
1757434567806 169.3677810266388 31
1757434567862 169.361097647227 32
1757434567916 169.3544906570237 33
1757434567970 169.34795915216728 34
1757434568036 169.341502239728 35
1757434568117 169.33511903757326 36
1757434568184 169.3288086742352 37
1757434568262 169.32257028877956 38
1757434568321 169.3164030306761 39
1757434568371 169.31030605967098 40
1757434568422 169.30427854566057 41
1757434568472 169.2983196685665 42
1757434568519 169.29242861821305 43
1757434568566 169.28660459420502 44
1757434568613 169.28084680580818 45
1757434568659 169.27515447183038 46
1757434568706 169.26952682050464 47
1757434568753 169.26407038342333 48
1757434568796 169.25862135800114 49
1757434568839 169.2532341916041 50
1757434568883 169.24790784840238 51
1757434568926 169.24264161633891 52
1757434568970 169.23743478999128 53
1757434569015 169.23228667242938 54
1757434569062 169.2271965750991 55
1757434569106 169.22216381771995 56
1757434569158 169.21718772818394 57
1757434569205 169.21226764245563 58
1757434569248 169.20740290447333 59
1757434569291 169.20259286605182 60
1757434569334 169.1978368867859 61
1757434569379 169.1931343339555 62
1757434569422 169.18848458243164 63
1757434569462 169.1838870145838 64
1757434569502 169.17934102018825 65
1757434569545 169.17484599633772 66
1757434569587 169.1704013473521 67
1757434569628 169.16600648469003 68
1757434569670 169.16166082686195 69
1757434569711 169.15736379934407 70
1757434569755 169.15311483449327 71
1757434569797 169.1489133714632 72
1757434569838 169.14475885612157 73
1757434569880 169.14065074096797 74
1757434569922 169.13658848505335 75
1757434569963 169.1325715539 76
1757434570006 169.12859941942256 77
1757434570048 169.12467155985047 78
1757434570090 169.12078745965076 79
1757434570134 169.11694660945224 80
1757434570183 169.11314850597034 81
1757434570223 169.10939265193315 82
1757434570262 169.1056785560081 83
1757434570304 169.10200573272965 84
1757434570343 169.09837370242815 85
1757434570383 169.09478199115912 86
1757434570423 169.0912301306335 87
1757434570463 169.08771765814907 88
1757434570503 169.0842441165226 89
1757434570543 169.08080905402252 90
1757434570585 169.07741202430273 91
1757434570626 169.07405258633725 92
1757434570666 169.07073030435544 93
1757434570706 169.0674447477783 94
1757434570746 169.06419549115535 95
1757434570787 169.0609821141023 96
1757434570828 169.05780420123966 97
1757434570867 169.05466134213182 98
1757434570907 169.0515531312273 99
1757434570947 169.04847916779917 100
1757434570987 169.04543905588687 101
1757434571027 169.042432404238 102
1757434571069 169.03945882625172 103
1757434571109 169.03651793992185 104
1757434571151 169.03360936778145 105
1757434571201 169.03073273684777 106
1757434571329 169.0278876785679 107
1757434571440 169.02507382876507 108
1757434571549 169.0222908275857 109
1757434571708 169.0195383194469 110
1757434571828 169.01681595298507 111
1757434571920 169.01412338100437 112
1757434571963 169.0114602604267 113
1757434572033 169.0088262522417 114
1757434572274 169.0062210214574 115
1757434572375 169.00364423705184 116
1757434572453 169.00109557192496 117
1757434572520 168.99857470285113 118
1757434572604 168.99608131043234 119
1757434572693 168.99361507905203 120
1757434572795 168.99117569682926 121
1757434572882 168.98876285557364 122
1757434572962 168.98637625074073 123
1757434573044 168.98401558138804 124
1757434573110 168.98168055013147 125
1757434573186 168.97937086310245 126
1757434573281 168.97708622990535 127
1757434573359 168.9748263635759 128
1757434573452 168.97259098053922 129
1757434573544 168.97037980056953 130
