1757427984131 153.00542290598824 0
1757427984161 151.94052146895655 1
1757427984275 151.34215716640188 2
1757427984338 150.74599027032778 3
1757427984391 150.152112991798 4
1757427984427 149.56051800561815 5
1757427984492 148.97119862766152 6
1757427984554 148.38414826157504 7
1757427984620 147.79936040083936 8
1757427984694 147.21682862753636 9
1757427984751 146.63654661115336 10
1757427984813 146.0585081074035 11
1757427984842 145.48270695706202 12
1757427984935 144.90913708481838 13
1757427985043 144.33779249814384 14
1757427985138 143.76866728617435 15
1757427985215 143.20175561860842 16
1757427985325 142.63705174462032 17
1757427985363 142.0745499917874 18
1757427985392 141.51424476503237 19
1757427985421 140.9561305455796 20
1757427985447 140.4002018899258 21
1757427985474 139.84645342882422 22
1757427985501 139.29487986628303 23
1757427985527 138.74547597857688 24
1757427985553 138.19823661327214 25
1757427985578 137.65316614093618 26
1757427985605 137.11026125936797 27
1757427985631 136.57140917921305 28
1757427985660 136.03373865574343 29
1757427985691 135.49821510664725 30
1757427985717 134.96482810817474 31
1757427985745 134.43357297738328 32
1757427985771 133.904445060364 33
1757427985799 133.3774397671531 34
1757427985827 132.85255257063204 35
1757427985854 132.32977900567224 36
1757427985879 131.80911466829068 37
1757427985907 131.2905552148165 38
1757427985934 130.77409636106896 39
1757427985960 130.25973388154668 40
1757427985987 129.74746360862775 41
1757427986013 129.23728143178076 42
1757427986045 128.72918329678654 43
1757427986073 128.22316520497046 44
1757427986100 127.71922321244503 45
1757427986127 127.21735342936296 46
1757427986155 126.71755201918037 47
1757427986191 126.21981519792969 48
1757427986226 125.72413923350283 49
1757427986254 125.23052044494376 50
1757427986283 124.738955201751 51
1757427986314 124.2494399231892 52
1757427986391 123.76197107761045 53
1757427986448 123.27654518178453 54
1757427986499 122.79315880023836 55
1757427986553 122.31180854460452 56
1757427986603 121.8324910729783 57
1757427986653 121.35520308928396 58
1757427986714 120.87994134264902 59
1757427986764 120.4067026267876 60
1757427986816 119.93548377939184 61
1757427986869 119.46628168153151 62
1757427986924 118.99909325706203 63
1757427986976 118.53391547204039 64
1757427987030 118.07074533414895 65
1757427987085 117.60957989212723 66
1757427987137 117.15041623521122 67
1757427987190 116.69325149258056 68
1757427987322 116.2380828328129 69
1757427987379 115.78490746334606 70
1757427987432 115.33372262994716 71
1757427987468 114.88452561618915 72
1757427987517 114.43731374293446 73
1757427987553 113.99208436782557 74
1757427987589 113.54883488478251 75
1757427987629 113.10756272350744 76
1757427987664 112.66826534899545 77
1757427987698 112.23094026105261 78
1757427987731 111.79558499382016 79
1757427987765 111.36219711530522 80
1757427987799 110.93077422691819 81
1757427987833 110.50131396301599 82
1757427987867 110.07381399045182 83
1757427987900 109.64827200813102 84
1757427987936 109.22468574657272 85
1757427987971 108.80305296747784 86
1757427988011 108.38337146330275 87
1757427988043 107.96563905683857 88
1757427988077 107.5498536007966 89
1757427988109 107.13601297739902 90
1757427988142 106.72411509797534 91
1757427988174 106.31415790256433 92
1757427988208 105.90613935952132 93
1757427988257 105.5000574651309 94
1757427988294 105.09591024322475 95
1757427988330 104.69369574480505 96
1757427988374 104.29341204767239 97
1757427988409 103.8950572560594 98
1757427988445 103.4986295002689 99
1757427988480 103.10412693631729 100
1757427988517 102.7115477455825 101
1757427988553 102.320890134457 102
1757427988586 101.93215233400551 103
1757427988621 101.545332599627 104
1757427988656 101.16042921072194 105
1757427988692 100.77744047036343 106
1757427988727 100.39636470497338 107
1757427988763 100.01720026400254 108
1757427988798 99.63994551961547 109
1757427988835 99.2645988663792 110
1757427988870 98.8911587209568 111
1757427988903 98.51962352180449 112
1757427988938 98.14999172887329 113
1757427988973 97.78226182331456 114
1757427989008 97.41643230718961 115
1757427989042 97.05250170318334 116
1757427989079 96.69046855432157 117
1757427989238 96.33033142369244 118
1757427989392 95.97208889417156 119
1757427989433 95.61573956815076 120
1757427989465 95.2612820672708 121
1757427989544 94.90871503215743 122
1757427989635 94.55803712216137 123
1757427989721 94.2092470151015 124
1757427989768 93.8623434070119 125
1757427989808 93.51732501189198 126
1757427989873 93.17419056146032 127
1757427989951 92.83293880491173 128
1757427990013 92.49356850867773 129
1757427990070 92.15607845618997 130
1757427990122 91.82046744764745 131
1757427990165 91.48673429978632 132
1757427990229 91.15487784565332 133
1757427990279 90.82489693438188 134
1757427990356 90.49679043097171 135
1757427990413 90.17055721607095 136
1757427990473 89.84619618576171 137
1757427990534 89.52370625134827 138
1757427990575 89.20308633914829 139
1757427990626 88.88433539028671 140
1757427990667 88.56745236049281 141
1757427990727 88.25243621989966 142
1757427990800 87.93928595284659 143
1757427990859 87.62800055768406 144
1757427990935 87.31857904658168 145
1757427991019 87.01102044533819 146
1757427991072 86.7053237931948 147
1757427991136 86.40148814265032 148
1757427991197 86.09951255927945 149
1757427991253 85.79939612155316 150
1757427991309 85.50113792066165 151
1757427991354 85.20473706033981 152
1757427991411 84.91019265669489 153
1757427991453 84.61750383803674 154
1757427991499 84.32666974471022 155
1757427991544 84.03768952892986 156
1757427991589 83.75056235461696 157
1757427991630 83.46528739723887 158
1757427991671 83.18186384365025 159
1757427991710 82.90029089193688 160
1757427991752 82.62056775126122 161
1757427991795 82.34269364171047 162
1757427991845 82.06666779414626 163
1757427991922 81.79248945005686 164
1757427991967 81.52015786141114 165
1757427992031 81.2496722905145 166
1757427992080 80.981032009867 167
1757427992155 80.71423630202315 168
1757427992213 80.44928445945398 169
1757427992283 80.18617578441051 170
1757427992351 79.92490958878957 171
1757427992397 79.66548519400122 172
1757427992463 79.40790193083792 173
1757427992520 79.15215913934574 174
1757427992584 78.89825616869707 175
1757427992637 78.64619237706528 176
1757427992755 78.39637881864951 177
1757427992877 78.14923027869892 178
1757427992940 77.90424544444078 179
1757427993047 77.66135153895166 180
1757427993102 77.4204701991033 181
1757427993162 77.18152916698288 182
1757427993224 76.94446144914086 183
1757427993302 76.70952736341447 184
1757427993367 76.47618122427181 185
1757427993416 76.24453348196839 186
1757427993470 76.01453416216229 187
1757427993525 75.78613735035167 188
1757427993577 75.55930050267848 189
1757427993630 75.33398418921223 190
1757427993699 75.11015186605006 191
1757427993760 74.88776966342509 192
1757427993808 74.66680618913044 193
1757427993857 74.44723234614844 194
1757427993907 74.22902116347018 195
1757427993957 74.01214763916178 196
1757427994008 73.7965885948008 197
1757427994061 73.5823225404694 198
1757427994132 73.36932954954736 199
1757427994203 73.15759114260314 200
1757427994271 72.94709017973051 201
1757427994336 72.737810760725 202
1757427994411 72.52973813253715 203
1757427994468 72.32285860348017 204
1757427994548 72.11715946370664 205
1757427994604 71.91262891150322 206
1757427994661 71.70925598498489 207
1757427994729 71.50703049879999 208
1757427994773 71.30594298548479 209
1757427994826 71.10598464113244 210
1757427994880 70.90714727506506 211
1757427994936 70.70942326321958 212
1757427994982 70.51280550497917 213
1757427995024 70.31728738320095 214
1757427995070 70.1228627272083 215
1757427995127 69.92952577853332 216
1757427995205 69.7372711592096 217
1757427995271 69.54609384243024 218
1757427995366 69.35598912539928 219
1757427995417 69.16703264253263 220
1757427995499 68.97983654526817 221
1757427995566 68.79397877438484 222
1757427995642 68.60942608119836 223
1757427995734 68.42613933603096 224
1757427995817 68.24408207914547 225
1757427995883 68.06322012388682 226
1757427995942 67.88352141024458 227
1757427996107 67.70495586237637 228
1757427996274 67.52749525608606 229
1757427996350 67.3511130953897 230
1757427996453 67.17578449753744 231
1757427996519 67.00148608590062 232
1757427996573 66.82819589017505 233
1757427996639 66.65589325339039 234
1757427996699 66.48455874525214 235
1757427996768 66.31417408137594 236
1757427996858 66.14472204800504 237
1757427996902 65.97618643183115 238
1757427996959 65.80855195456513 239
1757427997021 65.64180421192918 240
1757427997108 65.47592961676557 241
1757427997151 65.31091534597788 242
1757427997214 65.14674929104105 243
1757427997280 64.98342001183498 244
1757427997347 64.82091669357347 245
1757427997392 64.65922910661645 246
1757427997479 64.4983475689681 247
1757427997546 64.33826291127731 248
1757427997611 64.17896644416989 249
1757427997674 64.02044992775339 250
1757427997728 63.86270554314694 251
1757427997771 63.70572586589847 252
1757427997827 63.54950384116122 253
1757427997876 63.39403276051045 254
1757427997935 63.239306240289444 255
1757427998011 63.08531820138149 256
1757427998089 62.93206285031168 257
1757427998163 62.77953466158899 258
1757427998228 62.627728361205364 259
1757427998268 62.47663891121407 260
1757427998323 62.32626149531487 261
1757427998404 62.176591505378894 262
1757427998464 62.027624528850225 263
1757427998518 61.87935633696571 264
1757427998575 61.73178287373862 265
1757427998619 61.584900245655234 266
1757427998664 61.438704712037 267
1757427998709 61.293192676024226 268
1757427998753 61.148360676139994 269
1757427998807 61.004205378396094 270
1757427998855 60.86072356890508 271
1757427998904 60.717912146965126 272
1757427998950 60.575768118586524 273
1757427999005 60.43428859043088 274
1757427999077 60.293470764135805 275
1757427999133 60.15331193099992 276
1757427999178 60.01380946700458 277
1757427999234 59.87496082815028 278
1757427999318 59.736763546087246 279
1757427999473 59.599215224021066 280
1757427999618 59.462313532875285 281
1757427999753 59.32605620769465 282
1757427999840 59.190441044272866 283
1757427999918 59.055465895990906 284
1757427999981 58.92112867085168 285
1757428000052 58.787427328698804 286
1757428000124 58.65435987860739 287
1757428000191 58.52192437643575 288
1757428000252 58.39011892252793 289
1757428000322 58.25894165955683 290
1757428000367 58.12839077049965 291
1757428000452 57.99846447673636 292
1757428000528 57.869161036264074 293
1757428000580 57.740478742019334 294
1757428000632 57.61241592030179 295
1757428000688 57.48497092929264 296
1757428000741 57.35814215766179 297
1757428000790 57.231928023258256 298
1757428000865 57.10632697187826 299
1757428000941 56.981337476106404 300
1757428001005 56.85695803422497 301
1757428001078 56.73318716918735 302
1757428001160 56.61029532096142 303
1757428001224 56.48835268965105 304
1757428001274 56.36721705688511 305
1757428001335 56.24687161017065 306
1757428001399 56.12729834859006 307
1757428001466 56.00847993910653 308
1757428001531 55.89039966183941 309
1757428001582 55.77304138196623 310
1757428001655 55.65638952317817 311
1757428001731 55.54042904272205 312
1757428001781 55.42514540792151 313
1757428001838 55.31052457407008 314
1757428001883 55.19655296359804 315
1757428001936 55.08321744642258 316
1757428002001 54.97050532139784 317
1757428002069 54.85840429878809 318
1757428002142 54.74690248369339 319
1757428002187 54.635988360362106 320
1757428002238 54.525650777330405 321
1757428002292 54.41587893333298 322
1757428002380 54.30666236393371 323
1757428002433 54.19799092882887 324
1757428002513 54.0898547997792 325
1757428002576 53.982244449130285 326
1757428002635 53.87515063888383 327
1757428002690 53.768564410285265 328
1757428002757 53.66247707389568 329
1757428002878 53.55688020011828 330
1757428002959 53.45176561015196 331
1757428003096 53.34712536734665 332
1757428003219 53.24295176893646 333
1757428003296 53.139237338129035 334
1757428003352 53.03597481653055 335
1757428003427 52.93315715688741 336
1757428003512 52.83077751612727 337
1757428003595 52.728829248682544 338
1757428003646 52.62730590008179 339
1757428003696 52.52620120079409 340
1757428003764 52.425509060313736 341
1757428003827 52.3252235614725 342
1757428003905 52.22533895496801 343
1757428003967 52.125849654097735 344
1757428004027 52.02675022968795 345
1757428004095 51.928035405208725 346
1757428004150 51.829700052065924 347
1757428004198 51.731739185061755 348
1757428004247 51.634147958016364 349
1757428004301 51.53692165954296 350
1757428004388 51.4400557089697 351
1757428004464 51.34354565240187 352
1757428004534 51.24738715891821 353
1757428004609 51.15157601689566 354
1757428004656 51.05610813045726 355
1757428004704 50.96097951603791 356
1757428004784 50.86618629906317 357
1757428004846 50.77172471073681 358
1757428004904 50.67759108493239 359
1757428004966 50.583781855185066 360
1757428005019 50.490293551779715 361
1757428005109 50.39712279893151 362
1757428005180 50.30426631205576 363
1757428005228 50.21172089512326 364
1757428005277 50.119483438098555 365
1757428005321 50.02755091445758 366
1757428005421 49.93592037878206 367
1757428005491 49.84458896442802 368
1757428005570 49.75355388126555 369
1757428005656 49.66281241348756 370
1757428005710 49.57236191748496 371
1757428005757 49.482199819786246 372
1757428005833 49.39232361505892 373
1757428005912 49.302730864171075 374
1757428005966 49.21341919231086 375
1757428006047 49.12438628716205 376
1757428006126 49.0356298971338 377
1757428006200 48.947147829642866 378
1757428006257 48.85893794944663 379
1757428006325 48.770998177025184 380
1757428006496 48.68332648701101 381
1757428006615 48.59592090666471 382
1757428006727 48.50877951439536 383
1757428006842 48.42190043832404 384
1757428006894 48.33528185488921 385
1757428007002 48.248921987492714 386
1757428007074 48.16281910518504 387
1757428007138 48.076971521388664 388
1757428007220 47.991377592658395 389
1757428007284 47.9060357174775 390
1757428007361 47.820944335088555 391
1757428007421 47.73610192435795 392
1757428007500 47.651507002673135 393
1757428007569 47.567158124871504 394
1757428007634 47.48305388219994 395
1757428007689 47.399192901304396 396
1757428007736 47.31557384324815 397
1757428007784 47.23219540255837 398
1757428007835 47.14905630629974 399
1757428007884 47.066155313174676 400
1757428007949 46.98349121264915 401
1757428008034 46.90106282410341 402
1757428008098 46.818868996006906 403
1757428008168 46.73690860511674 404
1757428008246 46.65518055569879 405
1757428008303 46.5736837787711 406
1757428008370 46.4924172313687 407
1757428008437 46.41137989582922 408
1757428008493 46.3305707790989 409
1757428008547 46.249988912058136 410
1757428008604 46.169633348866256 411
1757428008660 46.08950316632473 412
1757428008713 46.00959746325845 413
1757428008793 45.92991535991457 414
1757428008853 45.85045599737817 415
1757428008932 45.771218537004636 416
1757428009034 45.69220215986791 417
1757428009091 45.6134060662244 418
1757428009153 45.534829474991966 419
1757428009224 45.45647162324359 420
1757428009306 45.37833176571543 421
1757428009391 45.30040917432857 422
1757428009463 45.22270313772435 423
1757428009539 45.145212960812756 424
1757428009617 45.06793796433348 425
1757428009726 44.99087748442939 426
1757428009807 44.914030872231926 427
1757428009867 44.83739749345819 428
1757428009946 44.760976728019386 429
1757428010006 44.68476796964014 430
1757428010079 44.608770625488646 431
1757428010223 44.53298411581709 432
1757428010348 44.457407873612226 433
1757428010429 44.382041344255704 434
1757428010486 44.306883985193906 435
1757428010564 44.231935265617125 436
1757428010636 44.157194666147596 437
1757428010720 44.08266167853635 438
1757428010768 44.008335805368546 439
1757428010825 43.934216559776985 440
1757428010886 43.86030346516371 441
1757428010978 43.7865960549293 442
1757428011050 43.71309387220983 443
1757428011114 43.63979646962109 444
1757428011177 43.56670340900995 445
1757428011226 43.49381426121271 446
1757428011279 43.42112860582016 447
1757428011327 43.34864603094915 448
1757428011420 43.27636613302059 449
1757428011480 43.204288516543606 450
1757428011547 43.13241279390567 451
1757428011622 43.060738585168586 452
1757428011705 42.98926551787019 453
1757428011772 42.91799322683149 454
1757428011850 42.846921353969215 455
1757428011921 42.77604954811354 456
1757428011985 42.705377464830875 457
1757428012067 42.634904766251545 458
1757428012122 42.564631120902305 459
1757428012202 42.49455620354341 460
1757428012268 42.42467969501027 461
1757428012324 42.35500128205943 462
1757428012377 42.28552065721881 463
1757428012433 42.216237518642174 464
1757428012501 42.14715156996744 465
1757428012573 42.07826252017909 466
1757428012666 42.009570083474166 467
1757428012720 41.94107397913226 468
1757428012779 41.87277393138871 469
1757428012845 41.80466966931154 470
1757428012925 41.73676092668175 471
1757428013004 41.66904744187683 472
1757428013059 41.60152895775746 473
1757428013139 41.534205221557414 474
1757428013206 41.467075984776386 475
1757428013272 41.40014100307581 476
1757428013333 41.333400036177466 477
1757428013451 41.26685284776495 478
1757428013602 41.200499205387736 479
1757428013751 41.13433888036793 480
1757428013808 41.0683716477095 481
1757428013865 41.00259728601009 482
1757428013924 40.93701557737507 483
1757428014040 40.871626307334076 484
1757428014124 40.806429264759686 485
1757428014211 40.741424241788465 486
1757428014279 40.67661103374393 487
1757428014367 40.611989439061844 488
1757428014449 40.54755925921731 489
1757428014516 40.483320298653965 490
1757428014586 40.419272364715084 491
1757428014651 40.355415267576475 492
1757428014704 40.29174882018122 493
1757428014805 40.22827283817615 494
1757428014894 40.164987139850076 495
1757428014951 40.10189154607361 496
1757428015021 40.03898588024066 497
1757428015082 39.97626996821142 498
1757428015130 39.91374363825695 499
