1757425628439 4.184438596067808 0
1757425628531 0.929214856646591 1
1757425628631 0.16793575529818613 2
1757425628726 0.13383163205065307 3
1757425628802 0.14491519269589806 4
1757425628897 0.09205388002885118 5
1757425629002 0.12350861964244553 6
1757425629064 0.12695956038795705 7
1757425629152 0.17808155902695488 8
1757425629266 0.1296130719982078 9
1757425629338 0.12435110389680648 10
1757425629437 0.07336083850920853 11
1757425629532 0.07959679201044974 12
1757425629666 0.13340837596592403 13
1757425629751 0.0965739353976568 14
1757425629819 0.12016577043420092 15
1757425629891 0.1608242864528153 16
1757425629969 0.1568949792357612 17
1757425630025 0.1455604490487291 18
1757425630077 0.06597991756064235 19
1757425630128 0.12500272620439815 20
1757425630180 0.16092829712685533 21
1757425630246 0.08878088998833795 22
1757425630324 0.1174612972515508 23
1757425630380 0.08139796288234298 24
1757425630433 0.11943303371675577 25
1757425630493 0.1467246385044225 26
1757425630561 0.09709092527380613 27
1757425630646 0.09795224846723016 28
1757425630707 0.08987586483195344 29
1757425630788 0.1269487844765065 30
1757425630852 0.09531454811919343 31
1757425630911 0.10692022599286037 32
1757425630988 0.2623316595801402 33
1757425631044 0.12849720107373097 34
1757425631112 0.1414850564076409 35
1757425631168 0.11813697788074545 36
1757425631223 0.1086562899105729 37
1757425631291 0.09861582993254776 38
1757425631358 0.12769529939154556 39
1757425631420 0.1447584081598251 40
1757425631492 0.18755428158747936 41
1757425631549 0.21265828857274174 42
1757425631629 0.07200732513265719 43
1757425631757 0.1036214372798409 44
1757425631855 0.13314620997803386 45
1757425631949 0.13692378120784165 46
1757425631994 0.13660555782846306 47
1757425632042 0.09277794683054802 48
1757425632112 0.08449555330375291 49
1757425632178 0.07682142581789374 50
1757425632229 0.11765356344046086 51
1757425632279 0.12325176950606448 52
1757425632347 0.12076842859712635 53
1757425632409 0.14910855153594593 54
1757425632466 0.1818919892713516 55
1757425632540 0.4966966073838465 56
1757425632598 0.13185807403958738 57
1757425632672 0.18518315355783477 58
1757425632747 0.09720624385720433 59
1757425632824 0.10673788588466719 60
1757425632874 0.10731764964653266 61
1757425632934 0.10537476485737618 62
1757425633005 0.14998554478002338 63
1757425633087 0.14663035787687356 64
1757425633159 0.1031973303204537 65
1757425633227 0.12749251944643 66
1757425633292 0.12028452956879288 67
1757425633368 0.08588279516092712 68
1757425633446 0.16012429233363493 69
1757425633504 0.10689887166915191 70
1757425633588 0.1115356989443157 71
1757425633655 0.08271515642329347 72
1757425633717 0.12640503408030013 73
1757425633792 0.119761372446608 74
1757425633855 0.1014395749201427 75
1757425633926 0.10855802911823896 76
1757425633976 0.12996125753751345 77
1757425634036 0.0816587328397032 78
1757425634092 0.12320695778393398 79
1757425634145 0.08073397541889096 80
1757425634195 0.19532034889712566 81
1757425634241 0.09244225045452165 82
1757425634287 0.10815896863867332 83
1757425634337 0.20718974198467197 84
1757425634388 0.12140036700609212 85
1757425634446 0.09771528729801525 86
1757425634522 0.10410377070945498 87
1757425634584 0.14632369213014762 88
1757425634633 0.13420216945454144 89
1757425634680 0.14628893179678057 90
1757425634762 0.10729505016988272 91
1757425634844 0.14496356677928088 92
1757425634910 0.1960434581273396 93
1757425634993 0.10553347586894324 94
1757425635055 0.08260860482157152 95
1757425635111 0.11675127348307589 96
1757425635188 0.1188540662069824 97
1757425635277 0.07876043175748719 98
1757425635374 0.16777564403573128 99
1757425635435 0.0901784040141782 100
1757425635514 0.11484474495591168 101
1757425635622 0.19388597090277196 102
1757425635726 0.09753374127063308 103
1757425635821 0.17493235683954242 104
1757425635920 0.11632334835179618 105
1757425635971 0.1138465501804274 106
1757425636040 0.12133646384399425 107
1757425636111 0.12317139619351906 108
1757425636189 0.07670793724652845 109
1757425636261 0.0792940572250851 110
1757425636324 0.07963123245599436 111
1757425636382 0.10708917189099809 112
1757425636436 0.1247684543033674 113
1757425636512 0.11226530654082796 114
1757425636560 0.3518319536808234 115
1757425636641 0.11424999448256708 116
1757425636712 0.12857084306087804 117
1757425636764 0.11743700799627699 118
1757425636835 0.11356870242691623 119
1757425636884 0.18378925366488616 120
1757425636946 0.16019726373014645 121
1757425636996 0.2237543937571608 122
1757425637055 0.11897894136669886 123
1757425637133 0.12273125985581546 124
1757425637194 0.18583395001796124 125
1757425637277 0.07570531061652079 126
1757425637352 0.13578726769725488 127
1757425637415 0.10550135117050306 128
1757425637479 0.08904522948513934 129
