1757431924530 170.1068322073155 0
1757431924573 170.07745245913148 1
1757431924651 170.06303699212137 2
1757431924714 170.04870887100023 3
1757431924769 170.03450299037064 4
1757431924832 170.02041828793762 5
1757431924877 170.00645390872322 6
1757431924919 169.99260900589738 7
1757431924971 169.9788827418204 8
1757431925011 169.96527428793178 9
1757431925063 169.95178282464826 10
1757431925131 169.93840754126205 11
1757431925177 169.92522333080126 12
1757431925213 169.9122437006739 13
1757431925265 169.8994382910274 14
1757431925324 169.88680487049987 15
1757431925384 169.8743410451952 16
1757431925439 169.86204445653422 17
1757431925505 169.84991277934424 18
1757431925570 169.8379437213916 19
1757431925627 169.82613502291034 20
1757431925683 169.81448445613788 21
1757431925739 169.8029898248573 22
1757431925800 169.7916489639461 23
1757431925851 169.78045973893194 24
1757431925902 169.76942004555383 25
1757431925952 169.75852780933076 26
1757431926013 169.74778098513556 27
1757431926075 169.7371775567754 28
1757431926147 169.72671553657838 29
1757431926190 169.71639296498554 30
1757431926253 169.7062079101494 31
1757431926303 169.69615846753777 32
1757431926364 169.6862427595434 33
1757431926405 169.67645893509945 34
1757431926466 169.66680516930015 35
1757431926518 169.65727966302697 36
1757431926586 169.64788064258056 37
1757431926703 169.63860635931738 38
1757431926811 169.629455089292 39
1757431926885 169.62042513290424 40
1757431926952 169.6115148145516 41
1757431927008 169.60272248228674 42
1757431927052 169.59404650747936 43
1757431927110 169.5854852844837 44
1757431927183 169.57703723031025 45
1757431927236 169.56870078430222 46
1757431927290 169.56047440781714 47
1757431927343 169.55235658391237 48
1757431927404 169.54434581703555 49
1757431927464 169.53644063271932 50
1757431927534 169.52863957728064 51
1757431927581 169.52094121752398 52
1757431927647 169.51334414044948 53
1757431927702 169.50584695296445 54
1757431927757 169.49844828159968 55
1757431927811 169.49114677222948 56
1757431927849 169.483941089796 57
