1757503244533 171.2986605381841 0
1757503244589 171.41362438978467 1
1757503244644 171.72880979414512 2
1757503244696 172.51359699417358 3
1757503244757 171.98529695528592 4
1757503244809 165.17556070981303 5
1757503244865 166.34348302819984 6
1757503244917 174.49810103298984 7
1757503244970 172.01121199106478 8
1757503245024 173.17178564624777 9
1757503245079 168.75626051519382 10
1757503245134 169.65787229860123 11
1757503245201 171.82367635017255 12
1757503245259 170.0212104027338 13
1757503245315 171.21614005939583 14
1757503245372 167.04762950110623 15
1757503245437 167.7695968436682 16
1757503245499 169.99274368864727 17
1757503245559 166.8598429165177 18
1757503245617 168.70936498442688 19
1757503245671 169.18347960742636 20
1757503245731 169.3152566091558 21
1757503245784 169.07355214995573 22
1757503245843 171.1471037221892 23
1757503245902 169.73929331304976 24
1757503245981 164.8203957639318 25
1757503246057 165.74891760310774 26
1757503246114 168.957639154712 27
1757503246171 166.8214168399794 28
1757503246226 167.63092389965135 29
1757503246281 167.90453933666842 30
1757503246337 171.34095005498855 31
1757503246393 166.89848047517452 32
