1757436227384 169.6745008711614 0
1757436227479 169.65550565914052 1
1757436227534 169.646362622287 2
1757436227619 169.637271044194 3
1757436227692 169.62829880663185 4
1757436227762 169.61944378655187 5
1757436227813 169.6107043869219 6
1757436227868 169.60207902946874 7
1757436227920 169.59356615802258 8
1757436227976 169.58516423817736 9
1757436228036 169.57687175698277 10
1757436228093 169.56868722263982 11
1757436228147 169.5606091642016 12
1757436228206 169.55263613127724 13
1757436228260 169.54476669374117 14
1757436228320 169.53699944144586 15
1757436228382 169.52933298393876 16
1757436228490 169.52176595018358 17
1757436228577 169.51429698828503 18
1757436228631 169.50692476521812 19
1757436228691 169.49964796656076 20
1757436228755 169.49246529623056 21
1757436228839 169.48537547622504 22
1757436228921 169.47837724636594 23
1757436228990 169.47146936404698 24
1757436229079 169.464650603985 25
1757436229134 169.45791975797505 26
1757436229214 169.4512756346488 27
1757436229279 169.44471705923627 28
1757436229350 169.43824287333118 29
1757436229414 169.43185193465956 30
1757436229481 169.42554311685143 31
1757436229539 169.41931530921622 32
