1757327836129 1328.6567040779364 0
1757327836153 2.5493475249801472e+17 1
1757327836176 5.207479691814448e+31 2
1757327836198 1.0637170677964184e+46 3
1757327836221 2.1728246047699107e+60 4
1757327836243 4.438367030129388e+74 5
1757327836265 9.066126115699801e+88 6
1757327836290 1.851911799718334e+103 7
1757327836316 3.7828475692578274e+117 8
1757327836341 7.727115154413001e+131 9
1757327836363 1.5783958384893039e+146 10
1757327836388 3.224144293407516e+160 11
1757327836411 6.585867861043972e+174 12
1757327836433 1.3452764993123649e+189 13
1757327836463 2.747958048637871e+203 14
1757327836486 5.613175760472656e+217 15
1757327836511 1.1465874500367915e+232 16
1757327836537 2.34210157793308e+246 17
1757327836563 4.7841442893698164e+260 18
1757327836586 9.772435490056202e+274 19
1757327836609 1.996187607039946e+289 20
1757327836633 4.0775556580082163e+303 21
1757327836656 inf 22
