1757500826865 7.442529186956325 0
1757500827056 0.160829186251105 1
1757500827246 1.153202572163231 2
1757500827427 0.9938149655900099 3
1757500827564 0.006310044701336854 4
1757500827693 0.4472996622389393 5
1757500827812 0.46323158859142155 6
1757500827939 1.1423946103381235 7
1757500828055 0.12298948845184338 8
1757500828175 1.6383232310894429 9
1757500828294 2.0571746314568764 10
1757500828409 0.5918485291215451 11
1757500828520 0.34010348238810273 12
1757500828625 0.5193427759950399 13
1757500828737 1.7340915042747689 14
1757500828845 0.45467815646656046 15
1757500828950 0.5000338644665056 16
1757500829057 0.49417469972951145 17
1757500829162 1.722856688799576 18
1757500829267 2.733799714722796 19
1757500829367 0.5487435827638093 20
1757500829470 2.533745812651158 21
1757500829565 0.4945551468064863 22
1757500829666 4.378402289359305 23
1757500829765 4.424824268376045 24
1757500829866 1.938546169883152 25
1757500829962 3.6565970210408225 26
1757500830062 1.9073135926410627 27
1757500830168 0.024221030103611423 28
1757500830269 0.6871389919206424 29
1757500830369 1.450671063155897 30
1757500830472 0.6117017984787426 31
1757500830575 1.8723137907385223 32
1757500830686 0.27021401892367086 33
1757500830785 0.1636882154678813 34
1757500830884 0.6266097357613429 35
1757500830988 1.461450392063217 36
1757500831087 0.9830911500395382 37
1757500831186 1.3693643234592565 38
1757500831286 1.1360715255381328 39
1757500831384 0.14653429974984256 40
1757500831485 0.17961723426276593 41
1757500831583 1.9834707465369683 42
1757500831682 0.1747969268932716 43
1757500831775 3.4615453206660822 44
1757500831868 0.12242899370744374 45
1757500831963 1.0247891550507258 46
1757500832057 3.5618303031620204 47
1757500832153 0.05748174789008039 48
1757500832253 0.5022522535997658 49
1757500832345 0.791634894594679 50
1757500832439 0.013260156731368112 51
1757500832534 0.979323866785582 52
1757500832627 0.2545802647698773 53
1757500832723 3.3623567988551706 54
1757500832816 1.1389667457687374 55
1757500832910 0.4242540990708671 56
1757500833001 0.3030663987474717 57
1757500833096 0.17780998571005743 58
1757500833192 0.17962277541647145 59
1757500833290 0.4070395049686617 60
1757500833382 0.8109786961600564 61
1757500833481 0.9293526430119374 62
1757500833577 1.6572996941510758 63
1757500833674 0.5193814917827844 64
1757500833771 0.3067860707385619 65
1757500833872 0.3232630916005106 66
1757500833974 0.7391375212368939 67
1757500834078 0.7735485301179881 68
1757500834177 0.9877016299458757 69
1757500834289 1.6058567832076691 70
1757500834383 0.3464092074128565 71
1757500834483 1.9236377693277766 72
1757500834590 3.090334980195046 73
1757500834721 3.207236629350351 74
1757500834911 0.09346539268844595 75
1757500835077 1.2972429021806897 76
1757500835199 0.5771556870411655 77
1757500835375 1.1285207868446598 78
1757500835541 1.9708453404326196 79
1757500835662 1.6119405014642214 80
1757500835769 0.24757699022507995 81
1757500835876 1.4904586140748683 82
1757500835974 0.0030846918387681236 83
1757500836080 0.4038485193828908 84
1757500836189 0.17590950859901194 85
1757500836283 0.12611942805087312 86
1757500836394 0.33683018120548325 87
1757500836541 1.4435868987199532 88
1757500836658 2.0062375500171434 89
1757500836771 0.000951438902907766 90
1757500836890 4.496229390904961 91
1757500837101 0.0974262406701513 92
1757500837280 0.0013281347136315732 93
1757500837448 0.35041278513364776 94
1757500837582 0.8067295325473727 95
1757500837700 0.9160289888342285 96
1757500837807 0.6916430991807299 97
1757500837917 0.7821994783933576 98
1757500838027 1.5530560679931245 99
1757500838134 0.20997483635830136 100
1757500838242 1.4459247204269143 101
1757500838365 1.2652595374823659 102
1757500838470 1.5842461219555233 103
1757500838573 0.5382472186414973 104
1757500838673 1.3232382258838782 105
1757500838774 2.390599402265848 106
1757500838869 0.0026779026806419562 107
1757500838972 0.7957468515864129 108
1757500839069 0.3253642103757424 109
1757500839170 3.1791578744771756 110
1757500839267 0.04933412940335432 111
1757500839364 0.09270966840262466 112
1757500839461 1.8513107102920343 113
1757500839559 1.0221952992296897 114
1757500839662 4.213140586952446 115
1757500839762 1.7459420077412133 116
1757500839860 0.02666329763717661 117
1757500839951 0.5446560315673721 118
1757500840048 0.013829112104516568 119
1757500840147 5.188010063605383 120
1757500840246 1.3185995650239364 121
1757500840352 0.15869210545203527 122
1757500840449 4.405957945045979 123
1757500840549 2.0855436492942934 124
1757500840646 0.2457995467426909 125
1757500840745 3.4043544266217465 126
1757500840841 0.9089511119711806 127
1757500840941 1.3111769589329174 128
1757500841039 0.8803233700628988 129
1757500841136 0.34175534815966596 130
1757500841233 1.7472792403118713 131
1757500841332 0.08247901372363076 132
1757500841432 0.017106326821177777 133
1757500841529 0.9301155205533198 134
1757500841628 1.1395202836970362 135
1757500841726 0.00022396047966445886 136
1757500841825 1.726010774355313 137
1757500841922 0.28497235890988376 138
1757500842019 1.5262220191884779 139
1757500842115 0.18541244112003816 140
1757500842211 0.4776296269532154 141
1757500842306 0.062419745310562186 142
1757500842404 0.12104172979775725 143
1757500842501 0.2929801059228911 144
1757500842599 1.9265199684611056 145
1757500842695 3.4055600322302846 146
1757500842794 0.011376014465576166 147
1757500842890 1.8902697315537553 148
1757500842988 0.0011791243375778972 149
1757500843086 2.2854744358604275 150
1757500843186 0.4207358917954175 151
1757500843283 1.6839564252420482 152
1757500843381 0.2866248405745307 153
1757500843504 1.5097262130315523 154
1757500843605 0.6017543750044017 155
1757500843707 3.009907502686125 156
1757500843807 0.022531291993910272 157
1757500843927 0.015353291623956482 158
1757500844138 0.02217959326770077 159
1757500844372 0.0008466662288263653 160
1757500844529 0.7449048855674296 161
1757500844704 1.068240378396496 162
1757500844884 0.13017162360937184 163
1757500845001 0.018669464247770315 164
1757500845114 0.04724391556771925 165
1757500845225 1.4033577061349591 166
1757500845340 0.3348854418323778 167
1757500845448 1.4192099483438234 168
1757500845554 3.2486144545161286 169
1757500845664 0.9997452251656765 170
1757500845770 0.8227112796084577 171
1757500845876 0.07496221046215812 172
1757500845981 1.0755105958140099 173
1757500846086 0.665149411824479 174
1757500846190 1.7973016869376963 175
1757500846293 1.3703147975269188 176
1757500846397 0.3184653340142026 177
1757500846506 0.44259396199763096 178
1757500846610 1.8132027692883848 179
1757500846712 0.05411729485067222 180
1757500846835 0.03486127543198581 181
1757500846962 4.588112569597399 182
1757500847101 0.09576017311568068 183
1757500847220 0.6296746982929655 184
1757500847340 0.3253045858389598 185
1757500847459 1.5023474625388242 186
1757500847615 0.4911241134998838 187
1757500847741 1.5534567160441448 188
1757500847859 1.2100918053276106 189
1757500847972 0.3808845240912168 190
1757500848082 0.00017995385078173285 191
1757500848190 0.470580181387083 192
1757500848296 0.10178924689283077 193
1757500848406 0.3301218480949033 194
1757500848527 0.3286253664394809 195
1757500848636 3.638982142988081 196
1757500848742 0.5043464440868749 197
1757500848862 1.408475378421655 198
1757500848967 0.21825857528647472 199
1757500849086 0.20412646734281087 200
1757500849188 2.899364667723487 201
1757500849289 0.43647734938996346 202
1757500849393 0.04891381861936577 203
1757500849496 0.09792177283021618 204
1757500849605 0.011116296615040967 205
1757500849702 1.592412049716614 206
1757500849809 2.891098652411761 207
1757500849915 1.229025056632688 208
1757500850020 0.10676727141657515 209
1757500850122 1.9329039697483152 210
1757500850222 4.120854850115752 211
1757500850323 1.009856736078356 212
1757500850429 0.44202660207006 213
1757500850556 0.5803994297352845 214
1757500850680 0.02644521632510895 215
1757500850788 0.9607617226709213 216
1757500850891 0.06171504756515472 217
1757500850996 0.016759790548645345 218
1757500851099 2.012347907442954 219
1757500851201 1.2226954489794373 220
1757500851304 0.6369615229517169 221
1757500851403 0.6053415178980438 222
1757500851504 0.08297912872367574 223
1757500851608 0.7282750397410097 224
1757500851712 1.6862218583236368 225
1757500851813 0.0003913182532271049 226
1757500851914 0.08579569766349095 227
1757500852017 0.44191320580269816 228
1757500852122 0.0932486974613785 229
1757500852228 0.012732679329621478 230
1757500852330 0.7949041216470502 231
1757500852428 0.1480600636751045 232
1757500852530 0.03354864521973169 233
1757500852638 0.02258769817106128 234
1757500852742 2.413354067169458 235
1757500852839 0.05605710093039541 236
1757500852942 0.10258579477574525 237
1757500853035 0.573600244619438 238
1757500853135 0.9743950284182096 239
1757500853233 2.490242312406814 240
1757500853332 0.8824608477558127 241
1757500853434 1.4723009676764007 242
1757500853578 0.11051952777093223 243
1757500853803 0.3674515453795792 244
1757500853962 1.2124256980291934 245
1757500854117 0.17193901760665128 246
1757500854303 0.23017146736378832 247
1757500854426 0.20439765502852056 248
1757500854543 0.927997409894356 249
1757500854657 0.5082315566683365 250
1757500854765 2.8793793733878186 251
1757500854877 2.1841782108262406 252
1757500854985 1.2167255000270083 253
1757500855091 1.13269920988764 254
1757500855197 2.081391773381739 255
1757500855307 0.6132358814148484 256
1757500855414 2.5930471159362805 257
1757500855636 0.793625383933051 258
1757500855781 0.392933296317092 259
1757500855936 1.1217469723914444 260
1757500856061 1.461297355134188 261
1757500856176 1.5731058493677716 262
1757500856292 4.338135569418192 263
1757500856402 0.004823993595087948 264
1757500856510 0.22194625844026072 265
1757500856616 0.7029279149518787 266
1757500856725 0.5578398916924007 267
1757500856832 0.9870551411029034 268
1757500856964 3.419559479368265 269
1757500857114 1.009918167748314 270
1757500857263 4.204746236651537 271
1757500857403 0.7669450282266566 272
1757500857527 0.029433961906035734 273
1757500857652 1.7088831524302954 274
1757500857791 0.03472872361991118 275
1757500857950 0.15280005718992665 276
1757500858087 0.11119514535017629 277
1757500858205 0.3898615388749345 278
1757500858320 0.7502080980229381 279
1757500858438 1.761371537868263 280
1757500858552 0.37429392623973284 281
1757500858665 8.553462669793928e-05 282
1757500858788 2.143767028747328 283
1757500858899 0.6667889330922111 284
1757500859010 1.444619897606913 285
1757500859124 0.007785179101567273 286
1757500859226 1.5229942927214324 287
1757500859347 1.081932964011383 288
1757500859455 0.21930183781226553 289
1757500859568 1.453014929729103 290
1757500859679 2.2108831789942105 291
1757500859793 2.3237661713105027e-06 292
1757500859903 1.079771075244618 293
1757500860013 0.821554921041698 294
1757500860124 0.5906160072493438 295
1757500860233 0.9775655051773501 296
1757500860336 0.03765337213920006 297
1757500860441 3.268756709934279 298
1757500860547 0.3544362465509489 299
1757500860647 0.6630843496016506 300
1757500860746 3.5304213251753054 301
1757500860846 2.830906654188698 302
1757500860950 0.04855969179535519 303
1757500861053 0.26361437837815227 304
1757500861154 0.8835141123093789 305
1757500861255 1.3095390449643434 306
1757500861358 0.938014228978785 307
1757500861469 2.360369379080724 308
1757500861572 3.165891198367177 309
1757500861676 0.8887688298474472 310
1757500861786 5.34515672849823e-05 311
1757500861891 2.077882244901818 312
1757500861992 1.0174442996014093 313
1757500862097 2.552533033344956 314
1757500862197 3.814391733184925e-05 315
1757500862299 1.374464137790436 316
1757500862394 2.2399157939829792 317
1757500862498 1.7592795673825747 318
1757500862602 0.19179186349980742 319
1757500862707 0.7744919646744292 320
1757500862809 1.7946462392151614 321
1757500862911 0.8435824110739207 322
1757500863013 1.1221173283489885 323
1757500863117 0.057684498183946414 324
1757500863218 1.3202280042376269 325
1757500863319 0.00758838124610545 326
1757500863422 0.367667642723429 327
1757500863580 0.3404381243475698 328
1757500863747 0.19421267994141264 329
1757500863898 0.2619367359872479 330
1757500864039 0.7220689847055242 331
1757500864243 1.9231381685559308 332
1757500864488 0.7648487847096839 333
1757500864617 3.459530294480031 334
1757500864740 0.9626440181421465 335
1757500864854 3.590652113547802 336
1757500864969 0.6398886774498762 337
1757500865082 1.5760367144393193 338
1757500865197 0.23937030178004015 339
1757500865310 3.720822492670133 340
1757500865419 3.2065408881581727 341
1757500865527 1.2543525726088103 342
1757500865636 0.05440840164882021 343
1757500865744 0.25429282225821753 344
1757500865849 1.0988079642992035 345
1757500865960 0.9488286753884091 346
1757500866070 2.2248834748185695 347
1757500866177 1.880040489213509 348
1757500866285 0.5236282523943341 349
1757500866386 3.247152099531888 350
1757500866490 0.4407576772889014 351
1757500866592 0.3189943548317335 352
1757500866693 0.17649903390952337 353
1757500866797 2.403831010521031 354
1757500866908 3.2725554732294855 355
1757500867009 1.3986247288875046e-05 356
1757500867114 2.086960273593284 357
1757500867217 1.79943314423407 358
1757500867354 2.2999044250771847 359
1757500867474 0.024325438412425734 360
1757500867594 1.1183030366160045 361
1757500867709 0.08340351884220695 362
1757500867835 0.09535609150555559 363
1757500867979 0.6711965977810224 364
1757500868124 1.2210661999769823 365
1757500868249 0.7062035041659556 366
1757500868369 2.5502981780336462 367
1757500868482 0.005666879704721237 368
1757500868597 0.15645195679044283 369
1757500868706 2.0410990261854347 370
1757500868814 0.5070211277768032 371
1757500868930 0.062383327399204165 372
1757500869031 3.55783115968001 373
1757500869139 0.8230485170558248 374
1757500869242 0.5790383462445156 375
1757500869354 1.4319183431483962 376
1757500869462 0.01249790673636424 377
1757500869569 1.4589964105027808 378
1757500869676 1.02343789761015 379
1757500869793 3.327926841695301 380
1757500869903 0.9444170169936426 381
1757500870018 0.03791596300900905 382
1757500870126 0.054266420923709334 383
1757500870236 0.06817650041427366 384
1757500870342 2.916452493321844 385
1757500870448 0.9329033012455754 386
1757500870549 0.24642438809053074 387
1757500870653 1.9743796331649544 388
1757500870762 1.4157168293511884 389
1757500870871 0.06449096448198828 390
1757500870990 0.043915085618154936 391
1757500871092 3.692439078108914 392
1757500871191 0.9046047192605244 393
1757500871289 1.1859159106806922 394
1757500871392 1.686746906219433 395
1757500871495 1.9256309951212862 396
1757500871600 1.2531272137920506 397
1757500871706 0.7110952703321425 398
1757500871811 2.0468642109594124 399
1757500871959 1.0002905236864015 400
1757500872081 1.2642562856710815 401
1757500872189 2.2107661952271296 402
1757500872298 0.00031776365974676063 403
1757500872406 0.0981834158797474 404
1757500872515 1.3115481098668096 405
1757500872624 0.21191586783662503 406
1757500872731 0.1330997044218783 407
1757500872833 0.9658893615413633 408
1757500872939 5.130008539710587 409
1757500873140 0.3419007055794299 410
1757500873313 3.172673097391529 411
1757500873456 0.4569613404474033 412
1757500873630 0.5644119416563471 413
1757500873803 0.974600482697844 414
1757500873921 1.608610751977224 415
1757500874043 0.7749938372150472 416
1757500874160 0.5239342210092129 417
1757500874270 0.6450728830509965 418
1757500874382 0.20248469668707947 419
1757500874496 0.0007569517455680344 420
1757500874608 0.07619342299841277 421
1757500874713 2.927171601514172 422
1757500874818 0.6795987794281542 423
1757500874927 0.5649026648320491 424
1757500875039 0.024694506038329407 425
1757500875151 4.450699828759402 426
1757500875253 0.710912291688116 427
1757500875366 3.3083287509362873 428
1757500875477 1.5219376859575766 429
1757500875590 0.35618213627151124 430
1757500875693 0.7807313766264169 431
1757500875804 1.358186683985233 432
1757500875911 0.32298992134476234 433
1757500876021 0.9797402648454823 434
1757500876136 0.6399089848926225 435
1757500876242 1.4235489664290393 436
1757500876342 1.038683445017529 437
1757500876448 2.0749816305675624 438
1757500876548 1.2360234470067626 439
1757500876653 0.07156718244340625 440
1757500876752 1.8088205073529384 441
1757500876860 0.1398327824599172 442
1757500876964 2.118984603813441 443
1757500877083 1.4485253532785243 444
1757500877194 0.3528699783570771 445
1757500877305 0.5724005606849926 446
1757500877441 4.848112675535573 447
1757500877580 1.4676688206867075 448
1757500877717 0.1497109561348377 449
1757500877835 0.2593393644913603 450
1757500877957 0.07727576666431 451
1757500878091 3.143966883443107 452
1757500878230 1.2225383899231883 453
1757500878362 0.3962035628296325 454
1757500878478 1.1992994363239973 455
1757500878596 3.8184576624736306 456
1757500878714 0.45769614676398135 457
1757500878824 1.9825860662838515 458
1757500878932 0.14745597894696583 459
1757500879038 0.0011918535947980946 460
1757500879158 0.0523542331192956 461
1757500879260 3.408464767479859 462
1757500879372 1.473084509354109 463
1757500879480 1.4780447359549052 464
1757500879592 0.026500733923953447 465
1757500879702 0.46168950312799667 466
1757500879813 0.27297579253470056 467
1757500879927 1.7502220983599337 468
1757500880038 1.1671186891097076 469
1757500880156 1.2492925840080862 470
1757500880279 0.5372260153608366 471
1757500880378 0.7074751842316733 472
1757500880481 0.0006671333570613166 473
1757500880584 0.05086484290030838 474
1757500880694 0.009590424619625082 475
1757500880804 1.545022962524686 476
1757500880909 1.0096005881174859 477
1757500881027 1.4008063407667484 478
1757500881140 0.08702860449540674 479
1757500881244 0.13616956728800128 480
1757500881353 0.001945970989811277 481
1757500881469 0.65578570556265 482
1757500881576 0.12620253092172168 483
1757500881690 1.1086144809133875 484
1757500881796 4.167425621309176 485
1757500881912 0.7453866380840822 486
1757500882027 0.2029284366051295 487
1757500882151 0.024655619026965104 488
1757500882264 1.972515763045061 489
1757500882369 1.6079589721557037 490
1757500882480 0.3917229337702311 491
1757500882662 0.9785812552698517 492
1757500882828 0.05302975472622333 493
1757500882967 0.0544521260186002 494
1757500883138 0.3422287515037446 495
1757500883323 2.591898377629195 496
1757500883454 0.6909539874866717 497
1757500883582 0.5924559572720353 498
1757500883702 1.5886267330769512 499
