1757436083841 170.82466781363595 0
1757436083892 170.77583753701933 1
1757436083941 170.7522731789865 2
1757436083992 170.728849910771 3
1757436084041 170.70572380266114 4
1757436084083 170.68289006992268 5
1757436084122 170.66034500719644 6
1757436084161 170.63808494973105 7
1757436084201 170.616106279452 8
1757436084240 170.59440542432398 9
1757436084277 170.5729788577645 10
1757436084315 170.5518230980641 11
1757436084351 170.5309347078147 12
1757436084388 170.5103102933447 13
1757436084430 170.48994650416145 14
1757436084470 170.4698400324009 15
1757436084511 170.44998761228433 16
1757436084549 170.43038601958176 17
1757436084587 170.41103207108253 18
1757436084625 170.39192262407238 19
1757436084662 170.37305457581732 20
1757436084699 170.35442486305422 21
1757436084735 170.3360304614875 22
1757436084774 170.3178683852928 23
1757436084809 170.29993568662647 24
1757436084845 170.28222945514176 25
1757436084888 170.26474681751063 26
1757436084929 170.2474849369524 27
1757436084970 170.2304410127678 28
1757436085011 170.21361227987933 29
1757436085049 170.19699600837708 30
1757436085087 170.18058950307085 31
1757436085125 170.16439010304782 32
1757436085163 170.14839518123554 33
1757436085201 170.1326021439709 34
1757436085240 170.11700843057451 35
1757436085278 170.1016115129303 36
1757436085317 170.08640889507083 37
1757436085356 170.07139811276755 38
1757436085395 170.05657673312643 39
1757436085436 170.04194235418893 40
1757436085478 170.02749260453788 41
1757436085516 170.01322514290817 42
1757436085554 169.99913765780283 43
1757436085592 169.98522786711388 44
1757436085631 169.97149351774783 45
1757436085668 169.95793238525607 46
1757436085706 169.94454227347018 47
1757436085744 169.93132101414156 48
1757436085783 169.91826646658566 49
1757436085823 169.90537651733138 50
1757436085861 169.89264907977395 51
1757436085916 169.88008209383287 52
1757436085976 169.86767352561438 53
1757436086034 169.8554213670776 54
1757436086091 169.84332363570547 55
1757436086141 169.8313783741796 56
1757436086181 169.81958365005943 57
1757436086220 169.8079375554653 58
1757436086259 169.7964382067659 59
1757436086300 169.7850837442692 60
1757436086343 169.77387233191791 61
1757436086386 169.76280215698827 62
1757436086434 169.75187142979297 63
1757436086483 169.74107838338807 64
1757436086530 169.73042127328304 65
1757436086572 169.71989837715518 66
1757436086614 169.7095079945671 67
1757436086658 169.69924844668847 68
1757436086704 169.68911807602038 69
1757436086745 169.6791152461243 70
1757436086786 169.6692383413535 71
1757436086831 169.65948576658886 72
1757436086878 169.64985594697686 73
1757436086934 169.64034732767232 74
1757436086981 169.63095837358307 75
1757436087026 169.621687569119 76
1757436087068 169.61253341794347 77
1757436087111 169.60349444272833 78
1757436087176 169.59456918491202 79
