1757502638577 39.85564162520669 0
1757502638630 21.850313474632802 1
1757502638692 26.439755572117353 2
1757502638747 25.345521118561862 3
1757502638807 11.737231972332042 4
1757502638862 11.786712221136476 5
1757502638915 10.7788724945912 6
1757502638967 7.61579144256568 7
1757502639024 4.294781630219141 8
1757502639080 6.0143997825681375 9
1757502639134 4.918898338230639 10
1757502639187 3.9008492179663 11
1757502639239 3.135471211425975 12
1757502639293 3.980273545970677 13
1757502639344 2.709329260453154 14
1757502639396 2.0761925283410942 15
1757502639448 2.786662057820226 16
1757502639501 1.9316469105163983 17
1757502639553 1.7811126629345562 18
1757502639605 1.8741576826554214 19
1757502639657 2.6071473759300576 20
1757502639716 1.4307009569219902 21
1757502639810 1.4004125910119487 22
1757502639943 1.8475112017943653 23
1757502640055 1.5777732526067847 24
1757502640166 1.9568197804618475 25
1757502640218 1.2394602047535508 26
1757502640306 1.1086185883336566 27
1757502640417 0.9484730828279018 28
1757502640520 1.0459951571857724 29
1757502640596 1.1376790047591625 30
1757502640652 1.8985169530192696 31
1757502640707 1.0363951517056085 32
1757502640767 1.7139318317762084 33
1757502640821 1.592771207628674 34
1757502640877 1.2183337142049397 35
1757502640929 1.0023964776708518 36
1757502640982 1.0399533771750837 37
1757502641037 1.0102403255175267 38
1757502641090 1.0064461948417893 39
1757502641143 1.108954464897526 40
1757502641199 1.0112497939280816 41
1757502641256 0.9257110965518485 42
1757502641311 1.3359057630134803 43
1757502641366 1.1566314742371777 44
1757502641422 0.956162698628108 45
1757502641476 2.190918081531723 46
1757502641528 0.8206303614382425 47
1757502641582 0.7738635651027317 48
1757502641636 1.367638074087016 49
1757502641689 0.8574622815911056 50
1757502641748 0.715263034951432 51
1757502641802 1.1670928234881228 52
1757502641855 0.829617021038281 53
1757502641907 1.0333409090030854 54
1757502641959 0.8260601778326744 55
1757502642013 1.010693736074594 56
1757502642067 0.9494824084556844 57
1757502642123 1.19930068470547 58
1757502642177 1.374982945997982 59
1757502642232 1.1370102224106393 60
1757502642286 0.9334052032077533 61
1757502642340 0.9875007815219261 62
1757502642393 1.7114642296364395 63
1757502642447 1.0268802668989991 64
1757502642500 0.9599951417160948 65
1757502642553 1.289898926131149 66
1757502642606 0.8008479226175987 67
1757502642660 0.7830775952324904 68
1757502642715 0.9969994267771113 69
1757502642779 1.4112769419169635 70
1757502642835 6.757028864302573 71
1757502642890 1.1422565939063118 72
1757502642944 1.3644268285272818 73
1757502642999 0.9161420357918079 74
1757502643056 1.1139374976538825 75
1757502643114 1.431925672638686 76
1757502643170 1.2189787113169142 77
1757502643226 0.9875369296892762 78
1757502643280 1.3148230244756727 79
1757502643334 0.8172340567893727 80
1757502643388 1.0396394138565415 81
1757502643442 0.9891000108965186 82
1757502643497 0.8779795427149523 83
1757502643552 0.7425092602565568 84
1757502643609 2.0041447687821017 85
1757502643663 1.072220838741471 86
1757502643717 0.8301049780095426 87
1757502643787 0.8843643870757878 88
1757502643842 0.9020027407126822 89
1757502643899 1.006879232133319 90
1757502643953 1.037775571336601 91
1757502644008 0.7455427968591015 92
1757502644068 0.7263084223845028 93
1757502644144 0.8518736962035466 94
1757502644210 1.0110979252619914 95
1757502644272 1.0660189502331223 96
1757502644332 1.2405269733693962 97
1757502644389 1.8740442239644615 98
1757502644453 1.0394512936601294 99
1757502644511 7.965128793879579 100
1757502644564 0.8767786306757354 101
1757502644622 0.9197933231748725 102
1757502644681 0.931032985554936 103
1757502644738 0.9234020608204621 104
1757502644793 1.157984107867556 105
1757502644856 0.9856704704788879 106
1757502644924 1.1914549655958822 107
1757502645009 0.6821066376730125 108
1757502645067 1.0142248134642902 109
1757502645124 1.1173801888397406 110
1757502645180 1.3657429889754718 111
1757502645237 1.2548847432533512 112
1757502645292 1.234927570320097 113
1757502645348 1.2146899145346477 114
1757502645404 0.8830610332759755 115
1757502645459 0.863822411372828 116
1757502645515 1.0763388066346822 117
1757502645570 1.1709138167632445 118
1757502645625 0.9211960469081066 119
1757502645681 1.1181997516649538 120
1757502645737 0.8615503539767325 121
1757502645792 1.1566537754514012 122
1757502645850 0.9974592264705356 123
1757502645905 1.0272849444634473 124
1757502645960 0.8847444727217217 125
1757502646015 1.148901132242445 126
1757502646068 0.8263135791598779 127
1757502646138 1.241751202752298 128
1757502646194 1.1763829022974253 129
1757502646249 0.8507572691999183 130
1757502646305 1.0446539274978615 131
1757502646371 0.8705611414842258 132
1757502646427 0.8735094872027578 133
1757502646481 0.7072621632494343 134
1757502646537 0.8571064128304423 135
1757502646596 1.3786865221399534 136
1757502646651 1.1617939235077859 137
1757502646706 0.9949490897992612 138
1757502646761 7.585526901294457 139
1757502646822 1.1584706079243627 140
1757502646881 1.1599048085455497 141
1757502646937 0.9548736876576142 142
1757502646993 0.8094654474867631 143
1757502647048 1.1397029296197656 144
1757502647105 1.1461207188969227 145
1757502647159 1.2829043043336048 146
1757502647214 0.972138160266014 147
1757502647270 1.2488801899116022 148
1757502647328 0.987862695432219 149
1757502647383 0.8483437232565469 150
1757502647438 0.9659057729213453 151
1757502647493 0.9084793170294457 152
1757502647549 1.2246471213405279 153
1757502647607 0.9987914719454816 154
1757502647664 0.8293224464581249 155
1757502647721 0.967719102172031 156
1757502647777 0.7511358238714184 157
1757502647833 7.2826522296108385 158
1757502647891 1.056557501813143 159
1757502647947 1.3274198986138153 160
1757502648003 0.9951865413779493 161
1757502648058 1.0178671768051397 162
1757502648115 1.3061046467168613 163
1757502648172 0.7686690455947351 164
1757502648229 1.0522296691792095 165
1757502648286 0.9840157288450468 166
1757502648342 0.8056419365603626 167
1757502648398 1.1567668466910948 168
1757502648453 1.0876201511623274 169
1757502648509 1.1821927921907447 170
1757502648566 1.1253999202737874 171
1757502648625 0.6868279688159107 172
1757502648684 0.7852012811162608 173
1757502648744 1.03099907765747 174
1757502648801 0.9720555471134547 175
1757502648867 7.141395894933657 176
1757502648924 1.2313510289946907 177
1757502648980 1.1255715093081213 178
1757502649035 1.1652842968051673 179
1757502649092 0.8549589131912412 180
1757502649150 0.7018088500838402 181
1757502649209 0.9747005910942506 182
1757502649266 6.972956613982716 183
1757502649394 1.0113105834412546 184
1757502649519 1.050428599596105 185
1757502649631 0.807719232578709 186
1757502649723 0.8020276942225495 187
1757502649792 1.0451189503927407 188
1757502649891 1.0663420890693205 189
1757502650012 1.0059032532324186 190
1757502650069 0.7946855275788798 191
1757502650127 0.7378665097728976 192
1757502650186 0.7772666619318535 193
1757502650244 0.897803417695529 194
1757502650300 0.9093641457996333 195
1757502650356 0.8125815552505831 196
1757502650412 0.9206804665848114 197
1757502650470 0.9261450696736734 198
1757502650526 1.3235671389148649 199
1757502650584 7.263542911422485 200
1757502650640 1.087580745568098 201
1757502650738 1.0324737112976998 202
1757502650809 1.0668580555526876 203
1757502650869 0.7863846681343238 204
1757502650928 1.2661121807504854 205
1757502650986 1.1856385412377097 206
1757502651043 1.107618809085387 207
1757502651101 0.7240780903968086 208
1757502651158 1.4291638622768192 209
1757502651215 0.9796573740391736 210
1757502651274 0.9532749884594174 211
1757502651332 0.8833751621639001 212
1757502651389 0.9628484101072255 213
1757502651447 0.9131051971010283 214
1757502651505 0.8794024307393091 215
1757502651563 0.8031093826435927 216
1757502651619 0.9915422688782423 217
1757502651678 1.5515955916262458 218
1757502651736 0.8907257590919406 219
1757502651793 1.3093150479766174 220
1757502651852 1.0219370349687629 221
1757502651919 1.5394788477411907 222
1757502651979 0.976582338642593 223
1757502652065 1.1530034404562337 224
1757502652136 1.2215703086063403 225
1757502652199 0.9791140462027341 226
1757502652259 0.8429465905445993 227
1757502652318 1.0004935484825601 228
1757502652378 1.2576202931706288 229
1757502652437 1.0875722012822366 230
1757502652495 0.9728343917037585 231
1757502652554 0.8842292279406038 232
1757502652615 1.0601735068999942 233
1757502652676 1.0183553008244088 234
1757502652742 1.0262409913053752 235
1757502652811 1.1781434905072257 236
1757502652876 0.8557170456575308 237
1757502652955 1.1062179292748333 238
1757502653022 0.7745177482482283 239
1757502653084 0.9058778607294552 240
1757502653147 1.126096733557468 241
1757502653206 1.1990443949676368 242
1757502653268 0.9874280569207261 243
1757502653327 1.1796992068660503 244
1757502653386 1.1700896671622276 245
1757502653446 0.9660889907007751 246
1757502653506 1.0277589466433752 247
1757502653564 0.802052745579049 248
1757502653623 0.9701611157812566 249
1757502653685 0.7868564947860354 250
1757502653761 0.8624715925021164 251
1757502653836 1.6787611034723928 252
1757502653971 1.152262929161972 253
1757502654054 1.011695610709619 254
1757502654141 0.7966892668106874 255
1757502654200 0.814307068588854 256
1757502654266 1.0238606370761827 257
1757502654333 0.9421960838236856 258
1757502654419 0.9412846986543578 259
1757502654498 0.7706311933748463 260
1757502654583 1.1609839005915155 261
1757502654650 0.8994073042162765 262
1757502654714 1.552455121604767 263
1757502654776 0.9839891505582645 264
1757502654852 0.9185467756613822 265
1757502654914 0.8994530573836554 266
1757502654997 0.9519219588081154 267
1757502655087 1.1387202372996388 268
1757502655158 0.9664287311779663 269
1757502655227 0.8772572503059402 270
1757502655297 1.037285518379779 271
1757502655365 1.8973710876787264 272
1757502655430 0.9955020992384748 273
1757502655502 0.8507800391550002 274
1757502655563 1.039468430855777 275
1757502655624 1.1961833787062088 276
1757502655681 1.240503075237834 277
1757502655738 1.1330025206880352 278
1757502655798 1.109120274938647 279
1757502655857 1.0521161848466076 280
1757502655928 0.6963121019075227 281
1757502656029 1.1428540904330635 282
1757502656090 1.0442360707551324 283
1757502656149 1.170385114144578 284
1757502656210 0.991548919053165 285
1757502656270 1.0118377566278742 286
1757502656329 0.9578911828505673 287
1757502656389 1.083640871803737 288
1757502656448 0.846277925399823 289
1757502656508 1.0221654693441435 290
1757502656566 0.7856810995336149 291
1757502656632 0.8674836957827164 292
1757502656691 0.9611521566738075 293
1757502656750 0.9374499437217821 294
1757502656809 0.8876260974386981 295
1757502656877 0.9976451152049961 296
1757502656936 1.4931410047630116 297
1757502656994 0.9736790978903637 298
1757502657062 1.1993269922633736 299
1757502657124 0.9363147028851202 300
1757502657189 1.0501566547027616 301
1757502657256 0.9120753617550214 302
1757502657321 0.9218651275188716 303
1757502657381 0.8265676772392905 304
1757502657442 1.4337282126560456 305
1757502657504 0.757265301201135 306
1757502657565 1.0744079299631022 307
1757502657632 1.3676887078180264 308
1757502657704 0.6813143695480212 309
1757502657768 0.7438665045427625 310
1757502657830 0.7954466099807833 311
1757502657890 8.20869436134995 312
1757502657955 0.8412111554208609 313
1757502658020 1.0110643154697199 314
1757502658086 1.3920083391503606 315
1757502658148 0.8969531754465345 316
1757502658208 1.1751105621281874 317
1757502658272 0.9548926462566635 318
1757502658333 0.8958375639276903 319
1757502658395 0.9804346711162977 320
1757502658456 0.8682259522908172 321
1757502658561 1.2436608874344135 322
1757502658650 0.8767108585762144 323
1757502658715 0.8297906959265996 324
1757502658781 1.5113435614518174 325
1757502658843 1.126557296155936 326
1757502658904 1.40182305814816 327
1757502658966 0.9291241578107217 328
1757502659027 0.8280577582916294 329
1757502659094 1.0004472559086781 330
1757502659156 0.9506346005383544 331
1757502659216 0.9081023354275097 332
1757502659282 0.9925673762400663 333
1757502659343 1.0108408885480806 334
1757502659404 0.8167938613725503 335
1757502659464 0.8287106463668805 336
1757502659526 0.9466148955584681 337
1757502659585 1.01016207424143 338
1757502659646 1.0714896694918732 339
1757502659707 1.0687859692637156 340
1757502659770 1.019153624875988 341
1757502659929 1.0077622456849447 342
1757502660074 0.9669449914268409 343
1757502660185 1.0269357553434748 344
1757502660333 1.074556594862945 345
1757502660412 1.197321890399859 346
1757502660507 1.2562063380000559 347
1757502660657 1.2983222743821758 348
1757502660736 1.0486015254211791 349
1757502660900 1.0997502905048677 350
1757502660998 1.3450224481848647 351
1757502661063 1.14111081545209 352
1757502661136 1.0160881129238302 353
1757502661199 0.7369539594741732 354
1757502661263 0.9161554056581578 355
1757502661326 1.1542352210968188 356
1757502661389 1.0931447093575672 357
1757502661454 1.1873053725174105 358
1757502661516 0.8742948638114258 359
1757502661581 0.9106200227595537 360
1757502661642 1.3845656138560654 361
1757502661705 1.0277977724887277 362
1757502661768 0.8171253803968918 363
1757502661832 0.980476187357246 364
1757502661893 1.1953459186180895 365
1757502661954 0.958502206629173 366
1757502662018 0.9337692260894783 367
1757502662080 0.8238713746952304 368
1757502662153 0.6451357072115986 369
1757502662219 1.2597715426362404 370
1757502662283 0.9497031211724893 371
1757502662347 1.0054710046481932 372
1757502662409 0.871786453468928 373
1757502662472 1.1306121042823687 374
1757502662534 1.2019192785203783 375
1757502662597 0.9156387619221847 376
1757502662661 0.816662864479554 377
1757502662724 0.7236141058092069 378
1757502662786 0.9884284420161018 379
1757502662848 1.131415841538465 380
1757502662910 1.0974768799268444 381
1757502662973 1.0106597617626014 382
1757502663037 1.544782717278675 383
1757502663100 1.0405623806788222 384
1757502663169 0.8376466349396645 385
1757502663232 0.775666574487783 386
1757502663294 0.7615793766604365 387
1757502663358 2.3853755389274762 388
1757502663422 0.7908249784423216 389
1757502663486 1.8186871439009877 390
1757502663550 1.7856842042113126 391
1757502663613 1.4199819044099589 392
1757502663674 0.9440014869673446 393
1757502663740 0.8607283333253403 394
1757502663803 1.0470758690251185 395
1757502663865 1.061391455020096 396
1757502663926 1.0304474628833236 397
1757502663991 0.9453508240510624 398
1757502664055 1.0994992928032994 399
1757502664119 0.8875091388784894 400
1757502664192 0.705891283469956 401
1757502664255 1.3119813963623885 402
1757502664318 0.838012085764079 403
1757502664381 0.5846649526623952 404
1757502664445 0.9479939340696679 405
1757502664531 1.1906804811874718 406
1757502664603 0.7843311408479176 407
1757502664673 0.9142410259141659 408
1757502664737 1.245258372533341 409
1757502664800 1.6961108111013439 410
1757502664865 1.145600911788374 411
1757502664929 1.4233656286297844 412
1757502664995 0.9013670830141991 413
1757502665058 1.3561744778560192 414
1757502665121 0.7438967791075176 415
1757502665186 0.9687453581289511 416
1757502665251 7.511114393442742 417
1757502665313 0.9593390415405806 418
1757502665378 0.9183561045431796 419
1757502665441 0.8466450725145243 420
1757502665505 0.962216105985779 421
1757502665571 0.916591199268348 422
1757502665634 1.703376151042869 423
1757502665699 1.410852246393216 424
1757502665764 0.8738650784410832 425
1757502665827 0.973045534512 426
1757502665890 0.9123243827333689 427
1757502665953 1.0143855953039673 428
1757502666017 1.2325356191142756 429
1757502666118 0.9923128061670401 430
1757502666207 0.9610922886044309 431
1757502666285 1.0891689601750716 432
1757502666374 1.2885922910449858 433
1757502666513 1.1833327832623997 434
1757502666601 0.9883158253088421 435
1757502666676 1.3333254261320244 436
1757502666742 0.865111738476108 437
1757502666805 0.9782450965655834 438
1757502666870 0.8381494567890105 439
1757502666932 1.2759528699352944 440
1757502666994 1.311461155964821 441
1757502667072 1.0939396476947638 442
1757502667178 1.103456954487871 443
1757502667262 0.9730351162112607 444
1757502667330 0.9266397359216504 445
1757502667405 1.4611277163456735 446
1757502667472 1.2204920585651649 447
1757502667540 0.933095485895901 448
1757502667609 1.1327635699815832 449
1757502667674 0.9671200978275721 450
1757502667738 0.90268235947427 451
1757502667803 1.1760416009237027 452
1757502667928 1.204581515596111 453
1757502668002 1.4037836344985215 454
1757502668072 1.0143456878716777 455
1757502668141 0.9736468067665485 456
1757502668207 0.8441643449884132 457
1757502668280 1.8493141970067875 458
1757502668347 0.8236152303602468 459
1757502668429 0.9499571897157272 460
1757502668531 0.9810463443336103 461
1757502668614 1.0405125006248075 462
1757502668684 1.4706520155247338 463
1757502668760 1.2327455015080446 464
1757502668935 0.8847740718383618 465
1757502669078 1.1079212778360072 466
1757502669293 1.0420031531475726 467
1757502669397 2.0199672578649372 468
1757502669469 1.0808930560081584 469
1757502669541 8.109085041986415 470
1757502669610 0.9743202845225084 471
1757502669683 1.6536872047246611 472
1757502669831 1.016507708238485 473
1757502669914 1.2932356861192216 474
1757502670002 0.9221683139744082 475
1757502670070 1.0565345735622391 476
1757502670152 0.9503511799693595 477
1757502670219 0.8551957853981011 478
1757502670326 1.4713028326685629 479
1757502670422 0.9804118590459364 480
1757502670504 0.7638674641634826 481
1757502670581 0.7578238682562894 482
1757502670646 1.869832411306489 483
1757502670716 0.9284007595328275 484
1757502670804 0.8796907042893248 485
1757502670897 1.077905652930268 486
1757502670976 0.9855906705376398 487
1757502671045 0.921797704529909 488
1757502671111 1.1260150733913377 489
1757502671173 1.0151726722716188 490
1757502671237 1.2290523008140941 491
1757502671315 1.1044650331448975 492
1757502671378 1.1969708368014955 493
1757502671445 1.058200837299239 494
1757502671512 1.4844873014161533 495
1757502671577 8.425879381862316 496
1757502671641 6.441041039993127 497
1757502671728 0.9810977534243154 498
1757502671879 0.9948980211873258 499
