1757490084205 97.82467115741572 0
1757490084318 58.51285779725844 1
1757490084463 3.93172277820098 2
1757490084622 49.67020734784495 3
1757490084758 20.2472825576286 4
1757490084875 39.87271319687452 5
1757490085023 23.809734622916743 6
1757490085150 33.98050017730127 7
1757490085280 2.4301853770712745 8
1757490085400 1.2473714550006378 9
1757490085525 3.578186543875444 10
1757490085720 5.272370091148814 11
1757490085877 34.81904521887561 12
1757490086000 12.156488971417264 13
1757490086113 5.139887801598674 14
1757490086231 12.225257312488246 15
1757490086347 0.2732252891824567 16
1757490086470 23.706684026235457 17
1757490086584 16.03121566093804 18
1757490086687 16.106584995341525 19
1757490086864 6.003552270799382 20
1757490087034 4.351343556905999 21
1757490087221 19.97743973541649 22
1757490087347 25.018800479300598 23
1757490087526 1.0541121923809145 24
1757490087682 10.675357217755192 25
1757490087835 0.37932379534093186 26
1757490087939 15.203835678234256 27
1757490088049 1.0660584789844039 28
1757490088145 8.75370341687862 29
1757490088231 7.000446490096209 30
1757490088328 3.8933879475469566 31
1757490088476 5.454189222646879 32
1757490088578 8.146781494400974 33
1757490088704 2.1545328677129736 34
1757490088804 18.69302004011648 35
1757490088899 0.000804704525415164 36
1757490088991 10.744438649616965 37
1757490089089 7.342639799785149 38
1757490089182 3.4828642119912376 39
1757490089271 8.272739697338494 40
1757490089357 3.9486579930757117 41
1757490089446 1.7802629671626848 42
1757490089532 6.412737634740967 43
1757490089623 1.6409586096425413 44
1757490089707 7.127711871439341 45
1757490089790 9.795414488396364 46
1757490089872 12.439417768391682 47
1757490089954 14.931471896448592 48
1757490090037 9.003766937726658 49
1757490090115 2.4265353597703823 50
1757490090197 6.12989243175102 51
1757490090282 15.658309713180328 52
1757490090360 15.980533151447517 53
1757490090442 0.17445857344594773 54
1757490090529 12.500999601585136 55
1757490090607 0.05701242932801009 56
1757490090691 9.350232966987459 57
1757490090775 8.18498219351826 58
1757490090856 0.5408315582040728 59
1757490090940 1.0387701356296275 60
1757490091023 1.8435510420783756 61
1757490091112 15.362310410852313 62
1757490091201 3.7232819496439657 63
1757490091286 14.288921668353394 64
1757490091375 6.258989883352421 65
1757490091466 5.274292439183846 66
1757490091568 10.463547843428069 67
1757490091667 5.910181935125876 68
1757490091782 4.531834863111616 69
1757490091886 0.48933863951139195 70
1757490091981 5.220398064103971 71
1757490092077 15.421466339919112 72
1757490092167 3.092766176110274 73
1757490092259 7.669530130925983 74
1757490092357 3.412456372093096 75
1757490092458 7.245008923416242 76
1757490092548 11.551713433890887 77
1757490092638 0.0172300484201136 78
1757490092729 3.778155384137165 79
1757490092820 2.4289536086497305 80
1757490092912 9.209485765665722 81
1757490093000 0.591680845891256 82
1757490093088 0.08645663050703889 83
1757490093181 7.1621527545475505 84
1757490093364 0.6693214681130204 85
1757490093555 2.331501030742174 86
1757490093721 1.5518301486593047 87
1757490093847 7.534533406873853 88
1757490094029 4.690597426802657 89
1757490094162 2.1837752276797127 90
1757490094291 17.907963033661986 91
1757490094393 5.414183656580085 92
1757490094526 6.914184772424333 93
1757490094626 9.42264075495068 94
1757490094722 0.27463069372080773 95
1757490094821 9.245499167509498 96
1757490094915 9.31793457126051 97
1757490095009 3.739907785817576 98
1757490095101 4.281314427356071 99
1757490095191 0.23119070783251522 100
1757490095285 3.0100435581830487 101
1757490095404 1.8125551353103195 102
1757490095545 0.19396461396108144 103
1757490095662 15.52878893078431 104
1757490095772 6.041691044702811 105
1757490095866 5.097518082972248 106
1757490095959 8.305097924425562 107
1757490096049 3.7121983474809883 108
1757490096143 5.2419768026024585 109
1757490096233 14.704137164150989 110
1757490096320 0.6832519733897503 111
1757490096420 18.99908295230585 112
1757490096542 0.09050684773189993 113
1757490096673 8.939887894333735 114
1757490096787 4.822588438917603 115
1757490096898 7.232162828907858 116
1757490097003 2.7071486119992048 117
1757490097101 15.979529218058008 118
1757490097210 0.24393084539300727 119
1757490097307 7.854096421861257 120
1757490097407 9.527392235790952 121
1757490097504 7.279915018984374 122
1757490097601 4.629979824320209 123
1757490097695 11.661502105498718 124
1757490097793 9.202486204600051 125
1757490097899 15.882226687947668 126
1757490098033 3.317461372751277 127
1757490098135 0.7602138406645782 128
1757490098233 2.4846420599136403 129
1757490098338 2.6687745503213147 130
1757490098440 6.094791462877032 131
1757490098549 7.68785403607218 132
1757490098649 8.399019696822087 133
1757490098747 1.9651758564838895 134
1757490098844 12.448853888204132 135
1757490098946 9.135314293463573 136
1757490099044 23.69272216828507 137
1757490099143 0.04078411509725307 138
1757490099240 1.6579560942868463 139
1757490099327 0.7362341279283193 140
1757490099417 9.476117757824785 141
1757490099509 0.7853198673197493 142
1757490099614 1.501855443581697 143
1757490099722 10.821728528734143 144
1757490099818 1.8445248750022696 145
1757490099911 8.937942528948813 146
1757490100012 1.6697550518523965 147
1757490100115 0.09856755233899132 148
1757490100220 1.0382898732373396 149
1757490100345 19.160129625563577 150
1757490100535 1.1164842672567794 151
1757490100704 1.3697888961081843 152
1757490100844 10.723337273187703 153
1757490100950 17.29423997169418 154
1757490101115 0.4516668789951773 155
1757490101258 0.45245195046474873 156
1757490101360 19.65369323780066 157
1757490101462 10.682410057621302 158
1757490101558 9.472851376529407 159
1757490101650 0.0961195674683125 160
1757490101736 6.972989973144779 161
1757490101827 13.08715506553216 162
1757490101917 19.849954045174513 163
1757490102009 3.1584961385021852 164
1757490102101 3.8804269280334216 165
1757490102193 3.116267991759573 166
1757490102290 0.2640018639597858 167
1757490102381 1.4479463457145123 168
1757490102467 6.182326819201233 169
1757490102552 0.030229346993772 170
1757490102641 22.6412889003363 171
1757490102728 1.364750621084491 172
1757490102815 0.3858431295980436 173
1757490102901 9.904105169653448 174
1757490102989 0.5506243974524534 175
1757490103070 0.16123964260466647 176
1757490103164 0.014155541560586493 177
1757490103257 1.8431184927153745 178
1757490103350 8.56547241152586 179
1757490103438 18.316025200216625 180
1757490103526 7.560324922801448 181
1757490103613 6.622282344509274 182
1757490103701 0.6510356544285721 183
1757490103787 11.277496690376841 184
1757490103873 2.174382340359123 185
1757490103962 17.415766589535853 186
1757490104049 8.5898413904885 187
1757490104135 2.6604383279748505 188
1757490104223 0.20585485448895627 189
1757490104312 8.312059562273303 190
1757490104399 0.009377904705864052 191
1757490104486 8.504839731935652 192
1757490104573 3.481316788161981 193
1757490104660 14.994334351771833 194
1757490104746 9.98653925366768 195
1757490104835 8.947164447089 196
1757490104922 0.03247251952060053 197
1757490105009 6.317011633775342 198
1757490105093 0.12545789661912685 199
1757490105179 17.94352540531735 200
1757490105265 8.688652899570155 201
1757490105352 2.2941166999518074 202
1757490105436 9.878690849996316 203
1757490105522 4.346614387252839 204
1757490105611 8.349459053553659 205
1757490105698 4.473902468490322 206
1757490105791 6.126503844077962 207
1757490105881 6.959521523844737 208
1757490105969 8.679290149126086 209
1757490106081 5.0958549382336 210
1757490106178 10.701996686930377 211
1757490106333 10.077866437995652 212
1757490106481 20.373646496081353 213
1757490106596 11.57253737019572 214
1757490106735 2.47216672878277 215
1757490106878 9.837617924384885 216
1757490106986 4.039258682223533 217
1757490107085 17.984816685629017 218
1757490107183 1.536161708571342 219
1757490107276 0.13129786706353366 220
1757490107376 8.941165478704972 221
1757490107467 0.04476237080862647 222
1757490107558 0.22888521946238197 223
1757490107651 3.1233697837119845 224
1757490107742 10.347418047296408 225
1757490107836 0.2299415844955658 226
1757490107929 5.10394000297833 227
1757490108022 8.320285904925445 228
1757490108106 9.746284880170215 229
1757490108199 0.14038906439655935 230
1757490108289 4.882452839350756 231
1757490108387 0.6563751962708418 232
1757490108477 6.175470655579964 233
1757490108566 0.01953239247419993 234
1757490108655 0.33914091520560935 235
1757490108746 5.32239176778772 236
1757490108834 3.1600272291421962 237
1757490108922 4.360887463776758 238
1757490109011 10.069200579647601 239
1757490109103 3.282983277955816 240
1757490109193 8.30857462496033 241
1757490109282 12.33714605633998 242
1757490109378 0.12952485248161583 243
1757490109467 0.6426036169630469 244
1757490109555 2.054384192879787 245
1757490109643 7.270988341113806 246
1757490109731 9.532337198867618 247
1757490109820 0.9045681525928191 248
1757490109907 0.5745870115333475 249
1757490110022 3.5070631431389345 250
1757490110131 3.4467086066107444 251
1757490110222 0.3760152543456193 252
1757490110312 5.395738126731009 253
1757490110412 0.2690246937794303 254
1757490110500 9.619079624225263 255
1757490110589 8.406946695164756 256
1757490110679 6.775842770299134 257
1757490110764 19.920657342841583 258
1757490110852 1.5162091932345718 259
1757490110937 12.665331403130985 260
1757490111023 14.132329463204583 261
1757490111112 0.22968102934066809 262
1757490111200 7.452526759989886 263
1757490111280 18.49074016221647 264
1757490111370 8.003146635382217 265
1757490111459 1.2656119528277499 266
1757490111556 3.536024545788239 267
1757490111648 16.350959905896723 268
1757490111743 3.6523431754307305 269
1757490111858 1.4036683159986536 270
1757490112052 5.101895846481863 271
1757490112230 2.517749428140587 272
1757490112401 5.25650093098259 273
1757490112535 0.5238571036537589 274
1757490112682 1.9533638922938283 275
1757490112858 0.3714861741452393 276
1757490112986 1.0904754188073718 277
1757490113091 0.4424657630368141 278
1757490113197 3.9329471899052595 279
1757490113300 0.0818919444979801 280
1757490113399 0.6661608620083663 281
1757490113496 0.6078330589274801 282
1757490113590 2.75360146684108 283
1757490113685 9.644644002042712 284
1757490113785 9.33839566118149 285
1757490113890 0.23759249650753866 286
1757490113991 1.4474731295897394 287
1757490114087 0.34575866812887013 288
1757490114184 14.54552433101294 289
1757490114287 0.019278387580218603 290
1757490114378 2.093084349956888 291
1757490114481 12.948964225499804 292
1757490114578 0.7752674191521876 293
1757490114673 10.531942682518993 294
1757490114765 1.267701683018564 295
1757490114857 0.014855737747464367 296
1757490114946 14.93249931599844 297
1757490115038 3.779986957359103 298
1757490115128 0.10438361723484417 299
1757490115219 4.756913328720602 300
1757490115311 6.090020789053013 301
1757490115402 4.282660304972009 302
1757490115499 0.6868670166860722 303
1757490115591 15.228103084575103 304
1757490115676 23.785075010571283 305
1757490115766 10.235723722193914 306
1757490115858 19.370947944139626 307
1757490115949 10.409514614791362 308
1757490116042 5.028081566131061 309
1757490116132 0.15497056533725184 310
1757490116222 1.8540465888907978 311
1757490116314 11.634172098341104 312
1757490116404 2.773348764303286 313
1757490116503 0.007218295844095065 314
1757490116592 5.694145729929941 315
1757490116680 0.0007419977793688155 316
1757490116766 0.45443414632887735 317
1757490116864 0.29340545123916495 318
1757490116954 0.1560441944122091 319
1757490117048 21.444172498366708 320
1757490117134 1.6913026661998432 321
1757490117222 12.000587526796803 322
1757490117327 19.33345188111319 323
1757490117421 12.434153748304077 324
1757490117534 0.9402054485585234 325
1757490117632 0.5604338570950533 326
1757490117726 6.377107927692562 327
1757490117822 7.340696006997306 328
1757490117916 5.949657608037369 329
1757490118008 8.145917931934132 330
1757490118098 7.2119789162771335 331
1757490118261 0.5852038562869352 332
1757490118487 9.264538209337301 333
1757490118655 0.4328180396097384 334
1757490118801 0.48716216817447805 335
1757490118951 3.368900197442761 336
1757490119075 5.172019030084028 337
1757490119203 18.48540133799087 338
1757490119344 1.65255691635691 339
1757490119479 20.461864845702294 340
1757490119608 7.027810611157682 341
1757490119739 4.0774389624203815 342
1757490119886 0.29187854333564206 343
1757490120035 9.34941894165484 344
1757490120186 0.5988439099669988 345
1757490120329 4.315924926113521 346
1757490120449 18.754388116937672 347
1757490120582 3.070351267928847 348
1757490120696 2.090591517016056 349
1757490120819 13.318317592800616 350
1757490120938 12.006470241049167 351
1757490121060 5.4872444988549045 352
1757490121191 2.4618234544520767 353
1757490121329 10.130409062661602 354
1757490121462 0.9318081586081106 355
1757490121616 0.7980177667380205 356
1757490121784 1.6271002746522891 357
1757490121919 23.07722491445984 358
1757490122054 11.411637032706421 359
1757490122194 8.984766016399522 360
1757490122348 1.6960607846930311 361
1757490122512 11.992226244670139 362
1757490122660 5.057349120685228 363
1757490122777 3.635723832458374 364
1757490122909 1.027563129785081 365
1757490123051 0.23034281482319785 366
1757490123190 19.074581916149672 367
1757490123343 20.065686410671788 368
1757490123501 8.712017905427496 369
1757490123652 0.21639895332908773 370
1757490123828 1.0444367151870924 371
1757490123970 10.196045169975767 372
1757490124087 14.185536134023536 373
1757490124215 3.3828909890735366 374
1757490124327 1.1195830926131194 375
1757490124445 1.0563644257138884 376
1757490124622 6.478950600142403 377
1757490124725 0.05942561797271728 378
1757490124826 3.8145335848914903 379
1757490124921 17.087753089879506 380
1757490125017 0.7430894109675134 381
1757490125112 0.04786240285855541 382
1757490125202 5.830733714722328 383
1757490125372 0.16150920026227245 384
1757490125536 0.0015195797437782988 385
1757490125729 17.443121109047212 386
1757490125868 9.431196304766955 387
1757490126049 13.477904028461476 388
1757490126170 10.854895701122441 389
1757490126267 8.380391634794512 390
1757490126364 9.431497233797375 391
1757490126459 4.788720958714035 392
1757490126555 13.10411245691651 393
1757490126648 11.027565044957726 394
1757490126740 2.782630514186212 395
1757490126834 0.004944674043105022 396
1757490126967 2.0861440445173876 397
1757490127070 131.64945541057776 398
1757490127191 12.95743048434391 399
1757490127294 10.13454535336983 400
1757490127408 12.315513039905891 401
1757490127522 10.611526731360021 402
1757490127627 2.122494906568817 403
1757490127735 10.631225953012692 404
1757490127836 0.657692971589055 405
1757490127941 0.06381540208184623 406
1757490128041 16.96142903383387 407
1757490128142 1.5667533451478062 408
1757490128243 6.51648507013424 409
1757490128341 8.142692930030073 410
1757490128440 8.281127500564082 411
1757490128540 7.543367176715683 412
1757490128634 0.13046248677258948 413
1757490128739 1.7192245889223818 414
1757490128840 19.315978837035512 415
1757490128945 0.20101683219536634 416
1757490129059 7.247420316611444e-05 417
1757490129163 0.6665993873926348 418
1757490129264 3.510562845962852 419
1757490129365 1.9007098040334311 420
1757490129462 1.9337469343130458 421
1757490129557 6.282744641001483 422
1757490129651 11.688050002922214 423
1757490129757 0.644321834822703 424
1757490129856 8.798642850211886 425
1757490129954 0.7904250921057921 426
1757490130057 6.977239842111364 427
1757490130182 0.007337126131825018 428
1757490130280 14.051106883199468 429
1757490130379 6.04419785866643 430
1757490130478 17.438059416858593 431
1757490130580 9.097245044100365 432
1757490130679 0.26258942718854583 433
1757490130780 19.0389986163352 434
1757490130880 3.0558960166215328 435
1757490130988 3.6049320749255633 436
1757490131092 5.233439537765542 437
1757490131191 1.6108228560905042 438
1757490131288 7.9479286207256195 439
1757490131384 7.52054961411122 440
1757490131478 0.6007300389991774 441
1757490131573 7.784385184315707 442
1757490131701 8.858288675175707 443
1757490131840 8.114126988790236 444
1757490132087 4.745516711246357 445
1757490132286 1.184682495541605 446
1757490132468 12.838632721009526 447
1757490132659 0.915166632225792 448
1757490132793 11.331380058303184 449
1757490132975 0.6986726017152566 450
1757490133161 12.38581947629046 451
1757490133278 13.139419416778543 452
1757490133393 3.1942053810226 453
1757490133517 0.1313395640987624 454
1757490133640 8.763878731563258 455
1757490133755 13.810182814268487 456
1757490133866 12.1937669731849 457
1757490133971 4.915839800649931 458
1757490134077 9.56162089383184 459
1757490134181 10.163537454564816 460
1757490134279 14.668752328505496 461
1757490134376 0.2672295067574365 462
1757490134484 1.857766963688412 463
1757490134605 7.00449762155724 464
1757490134722 0.03479153773936576 465
1757490134861 10.103160323702097 466
1757490134989 5.137331634595109 467
1757490135107 0.5635093457743938 468
1757490135219 9.772470931585564 469
1757490135324 0.11905916964555288 470
1757490135428 0.0023144302021613624 471
1757490135531 7.44592225961216 472
1757490135636 6.4235011691511055 473
1757490135736 0.8432958283640044 474
1757490135848 5.957152158763525 475
1757490135948 2.3934578979456296 476
1757490136049 1.0960845109990653 477
1757490136158 4.853815233174228 478
1757490136258 0.2701753664741471 479
1757490136357 10.417190006733522 480
1757490136456 14.711348282120575 481
1757490136548 7.3104676466475125 482
1757490136647 8.839315737848821 483
1757490136746 4.423480940549131 484
1757490136847 7.2151069005528905 485
1757490136949 0.13360724474946314 486
1757490137046 7.333644444298567 487
1757490137145 1.1983194900111207 488
1757490137241 2.9613557484751483 489
1757490137337 4.5459375524485015 490
1757490137431 444.3971216435095 491
1757490137527 4.1595550613611305 492
1757490137620 5.882540090106908 493
1757490137718 8.325253151772301 494
1757490137811 0.16794633603479928 495
1757490137913 1.2946243232354193 496
1757490138011 8.209697686668646 497
1757490138104 1.8249638260328342 498
1757490138198 9.459115207175188 499
