1757341267782 170.42710694721947 0
1757341267807 170.06704477506622 1
1757341267832 169.94427332368062 2
1757341267856 169.82357227225646 3
1757341267880 169.71730848807678 4
1757341267904 169.623052046103 5
1757341267928 169.53948756469686 6
1757341267953 169.46539690062932 7
1757341267980 169.39970373471834 8
1757341268005 169.34145395517203 9
1757341268031 169.28980197036935 10
1757341268056 169.243998348184 11
1757341268081 169.20337887648859 12
1757341268105 169.16735486770625 13
1757341268129 169.13540456676793 14
1757341268153 169.10706553682232 15
