1757327836737 6541.494299646162 0
1757327836759 6.311208460095108e+18 1
1757327836787 1.2846814694111328e+33 2
1757327836815 2.6150404493074018e+47 3
1757327836841 5.323060006966892e+61 4
1757327836864 1.0835384150663853e+76 5
1757327836890 2.205602595852672e+90 6
1757327836915 4.489626526562972e+104 7
1757327836938 9.138884033742027e+118 8
1757327836961 1.8602705790346216e+133 9
1757327836984 3.786684035430102e+147 10
1757327837008 7.708005569610395e+161 11
1757327837031 1.569007324224678e+176 12
1757327837059 3.1938015109596253e+190 13
1757327837087 6.501160277533095e+204 14
1757327837115 1.3233472652931061e+219 15
1757327837143 2.6937468233336135e+233 16
1757327837170 5.483271200634364e+247 17
1757327837198 1.1161502929402259e+262 18
1757327837226 2.271985883693712e+276 19
1757327837255 4.624753394191825e+290 20
1757327837286 inf 21
1757327837320 inf 22
