1757492369644 168.2692089172398 0
1757492369697 167.67648668338407 1
1757492369750 169.6660753757734 2
1757492369811 168.3855636825919 3
1757492369863 165.9239784822917 4
1757492369912 168.34061205363994 5
1757492369958 169.6280077161654 6
1757492370003 167.12623231143428 7
1757492370048 169.59682166464682 8
1757492370095 166.97642073493589 9
1757492370142 165.97428399102915 10
1757492370194 169.47615200103567 11
1757492370240 171.6726576678617 12
1757492370287 170.58713720164786 13
1757492370332 168.02410695301248 14
1757492370379 168.28408170577927 15
1757492370429 165.9088323007512 16
1757492370478 170.49224537083538 17
1757492370530 170.98068420961204 18
1757492370587 169.9007844024671 19
1757492370638 169.25133407328818 20
1757492370695 169.8539601395258 21
