1757504631264 169.17593756399393 0
1757504631321 169.16128683251426 1
1757504631378 169.14836013632947 2
1757504631439 169.1357387817437 3
1757504631498 169.12343384478712 4
1757504631560 169.11141767345964 5
1757504631616 169.09970350755387 6
1757504631672 169.08826237497013 7
1757504631732 169.07710957205862 8
1757504631787 169.0662148708752 9
1757504631840 169.05559552120542 10
1757504631895 169.04523373496008 11
1757504631951 169.03510805768113 12
1757504632006 169.0252404530542 13
1757504632062 169.01559587582378 14
1757504632117 169.00619796124667 15
1757504632173 168.9970106590832 16
1757504632228 168.98805918705202 17
1757504632282 168.9793233728199 18
1757504632336 168.9707797190945 19
1757504632392 168.96245762615894 20
1757504632448 168.9543168227006 21
1757504632504 168.94638804251235 22
1757504632558 168.9386302358433 23
1757504632614 168.93107539324657 24
1757504632675 168.9237012806858 25
1757504632742 168.91648264379822 26
1757504632798 168.90945518931443 27
1757504632853 168.90257418394282 28
1757504632908 168.89587637126357 29
1757504632963 168.8893379426538 30
1757504633021 168.8829322807168 31
1757504633075 168.87669953003518 32
1757504633131 168.87059165328472 33
1757504633191 168.86464963124325 34
1757504633250 168.8588482375772 35
1757504633305 168.85315963207967 36
1757504633360 168.84762790900874 37
1757504633421 168.84222665894143 38
1757504633477 168.83692698866417 39
1757504633536 168.83177592087677 40
1757504633592 168.82672008577575 41
1757504633651 168.8218070411714 42
1757504633706 168.81700921125463 43
1757504633776 168.81229670592433 44
1757504633838 168.8077197647071 45
1757504633899 168.8032497716587 46
1757504633954 168.7988559122149 47
1757504634009 168.79459094542952 48
1757504634067 168.79039702571396 49
1757504634124 168.78632718678713 50
1757504634184 168.7823518719723 51
1757504634245 168.77843947276654 52
1757504634303 168.7746453312513 53
1757504634362 168.77093897860388 54
1757504634418 168.76728799697878 55
1757504634475 168.76374989455326 56
1757504634532 168.7602933426341 57
1757504634588 168.7568851614429 58
1757504634646 168.75358489027306 59
1757504634752 168.7503603906713 60
1757504634926 168.74717776637235 61
1757504635152 168.7440984597394 62
1757504635271 168.74108957056532 63
1757504635418 168.7381165296348 64
1757504635488 168.7352425609303 65
1757504635583 168.7324340484543 66
1757504635734 168.72965579172362 67
1757504635855 168.72697268116465 68
1757504635924 168.7243504289726 69
1757504635982 168.721753243278 70
1757504636040 168.7192475717471 71
1757504636097 168.71679849683136 72
1757504636157 168.71436967341126 73
1757504636212 168.71202900287 74
1757504636270 168.7097409781208 75
1757504636326 168.70746873723954 76
1757504636384 168.70528153720926 77
1757504636441 168.70314331981285 78
1757504636499 168.70101674113064 79
1757504636557 168.69897232077219 80
1757504636613 168.6969734860605 81
1757504636672 168.69498244430676 82
1757504636728 168.69307088966815 83
1757504636794 168.69120177000016 84
