1757517159655 3.711494043287735 0
1757517159754 0.01499111189872509 1
1757517159868 0.13856338393295897 2
1757517159964 0.0002892801665753325 3
1757517160061 0.0020134113424259536 4
1757517160159 0.03807159006622707 5
1757517160249 0.06613025073696796 6
1757517160338 0.8299121741873008 7
1757517160435 0.08311625627229202 8
1757517160526 0.038891182029844276 9
1757517160614 0.13881479776152617 10
1757517160706 1.4632068892209811e-05 11
1757517160812 0.8672314334683112 12
1757517160924 0.14926567027161083 13
1757517161016 0.7306180089535006 14
1757517161111 0.21694659223062177 15
1757517161200 0.09414597481884698 16
1757517161289 0.16363964109961296 17
1757517161378 0.06259169367500787 18
1757517161469 0.008597049594046486 19
1757517161578 0.17737429376544323 20
1757517161668 0.08780223659570971 21
1757517161761 0.08411878287272803 22
1757517161865 0.22080917330419125 23
1757517161972 0.027651544484147323 24
1757517162078 0.035916685993798936 25
1757517162194 0.30262147424423785 26
1757517162420 0.01052881469750091 27
1757517162535 0.112688781079965 28
1757517162629 0.18178315174897525 29
1757517162724 0.24950164706178818 30
1757517162833 0.037358350244071116 31
1757517162936 0.015440506502538308 32
1757517163042 0.05559657509232991 33
1757517163133 0.0003251671118603694 34
1757517163251 0.021205467573825434 35
1757517163363 0.0015706119143626524 36
1757517163485 0.14779402908366904 37
1757517163598 0.0024902771313109356 38
1757517163703 0.04902145936961149 39
1757517163804 0.2511085681159401 40
1757517163894 0.0019216220779929012 41
1757517163994 0.061410421656607754 42
1757517164086 0.33558642853623405 43
1757517164180 0.013693450134706898 44
1757517164271 0.023596764821155653 45
1757517164363 0.05372129269061584 46
1757517164460 0.08283418390023514 47
1757517164572 0.05224225275218642 48
1757517164664 0.02085375581742036 49
1757517164765 0.14540315742027013 50
1757517164858 0.06245510478379403 51
1757517164969 0.13007522648388303 52
1757517165059 0.062270147738578106 53
1757517165149 0.004237816066499168 54
1757517165239 0.05525622319356358 55
1757517165343 0.0014560758618252978 56
1757517165433 0.04353712953205871 57
1757517165523 0.010780456890390169 58
1757517165614 0.008441979871293005 59
1757517165703 0.013617647032259369 60
1757517165789 0.7348491466341714 61
1757517165878 0.21247318613605576 62
1757517165976 0.3025442494933971 63
1757517166066 0.10236280713219575 64
1757517166154 0.04057420880835339 65
1757517166251 0.7420734655431882 66
1757517166340 0.01088996970820065 67
1757517166429 0.10490952092250991 68
1757517166520 0.0038766049616182187 69
1757517166610 0.21273219331592746 70
1757517166699 0.05458394146525708 71
1757517166790 0.047274120290024445 72
1757517166882 0.002393946139169088 73
1757517166977 0.004468104060690026 74
1757517167068 0.0005958673832609622 75
1757517167158 0.14123334441530272 76
1757517167248 0.16754479081170512 77
1757517167337 0.014990017393173696 78
1757517167426 0.01288817008782889 79
1757517167518 0.04781741114998202 80
1757517167609 0.16746337452761872 81
1757517167700 0.033492116272953856 82
1757517167789 0.1365736321422112 83
1757517167880 0.09810270315688092 84
1757517167972 0.031142265713323375 85
1757517168064 0.16757789707088372 86
1757517168157 0.12342260043524898 87
1757517168249 0.4368280108095422 88
1757517168339 0.00037709521198426107 89
1757517168429 0.13591256755226255 90
1757517168522 0.06134153104461555 91
1757517168613 0.013998753791464601 92
1757517168703 0.04290540580603918 93
1757517168794 0.032045113287955854 94
1757517168883 0.03868063550032919 95
1757517168973 0.2217176179924745 96
1757517169062 0.012632375958614382 97
1757517169153 0.14777367102426384 98
1757517169242 0.04690004118702792 99
1757517169331 0.07515157060810174 100
1757517169421 0.056486232166760186 101
1757517169509 0.0009295561341687796 102
1757517169599 0.2811003845853371 103
1757517169687 0.004346934270884312 104
1757517169776 0.017121123492419607 105
1757517169890 0.15113349830115175 106
1757517170017 0.10479318564652963 107
1757517170109 0.04349787914042911 108
1757517170199 0.0005452480395313527 109
1757517170289 0.012328863118121015 110
1757517170379 0.35897820678892833 111
1757517170471 0.04303530525357968 112
1757517170561 0.05585868932884014 113
1757517170652 0.5626504729111697 114
1757517170743 0.08157727850693226 115
1757517170862 2.532902720598356e-05 116
1757517171035 0.1348408814770548 117
1757517171189 0.07618936866221268 118
1757517171309 0.00030717912996258326 119
1757517171456 0.06597564267811862 120
1757517171597 0.014250402275588943 121
1757517171690 0.03840292012240916 122
1757517171787 0.03861976446951349 123
1757517171878 0.02894049312497318 124
1757517171969 0.28790191689683825 125
1757517172067 0.24164121725512605 126
1757517172160 0.11830520797124738 127
1757517172251 0.2963745888402136 128
1757517172346 0.00017216819561190511 129
1757517172438 0.021146696975324418 130
1757517172529 0.008014996293250903 131
1757517172622 0.10751441517628159 132
1757517172713 0.2911573416287899 133
1757517172803 0.3608146699943159 134
1757517172892 0.039953468415153195 135
1757517172986 0.08626776778394508 136
1757517173086 0.013120039922359761 137
1757517173179 0.0019830541851027705 138
1757517173270 0.00890024256572485 139
1757517173362 0.20107685922329263 140
1757517173454 0.0019204593942861263 141
1757517173546 0.013319657249966112 142
1757517173639 0.045943110938570765 143
1757517173733 0.049549617620019734 144
1757517173825 0.07214471129885175 145
1757517173916 0.0035187180991479504 146
1757517174007 0.11477174617591185 147
1757517174103 0.04046392943006291 148
1757517174196 0.6847703849196756 149
1757517174289 0.006102160772195795 150
1757517174390 0.008972896734221504 151
1757517174485 0.2781252796235809 152
1757517174576 0.00015024646603665565 153
1757517174671 7.977238382997538e-08 154
1757517174756 0.22242977597461824 155
1757517174850 0.27558073443080144 156
1757517174941 0.06019286972924038 157
1757517175036 0.003318113438485691 158
1757517175135 0.3263456321241664 159
1757517175230 0.023312206730775196 160
1757517175323 0.2583111121634473 161
1757517175416 0.021202680574949766 162
1757517175509 0.003479127412854096 163
1757517175599 0.04038113753934695 164
1757517175693 0.11478842294782146 165
1757517175786 0.039649865385706105 166
1757517175878 0.10865104030849954 167
1757517175966 0.11210815349079462 168
1757517176061 0.024568050447558547 169
1757517176158 0.09488717402114138 170
1757517176255 1.0412759237246332 171
1757517176348 2.204578998389432 172
1757517176441 0.21891708215997527 173
1757517176533 0.00035261508120741636 174
1757517176627 0.10805294875849515 175
1757517176721 0.048016688466809836 176
1757517176817 0.0024656407937243617 177
1757517176911 0.14909319244302913 178
1757517177003 0.11686700328285962 179
1757517177104 0.035009150354385 180
1757517177199 0.03249893213608661 181
1757517177295 0.015802566450933843 182
1757517177383 0.8103076872803873 183
1757517177476 0.039157417743117505 184
1757517177567 0.08820185763065655 185
1757517177660 0.04645113350897363 186
1757517177753 0.03826284888785799 187
1757517177845 0.03678229787217055 188
1757517177935 0.045907713172242334 189
1757517178029 0.030310791739123145 190
1757517178123 0.059474833700797286 191
1757517178217 0.3465188783936495 192
1757517178311 0.21662072544433497 193
1757517178405 0.09154850171091528 194
1757517178498 0.017534508571437953 195
1757517178592 0.034635945653550104 196
1757517178686 0.20795398925492115 197
1757517178780 0.0904111004221501 198
1757517178873 0.09366548586430554 199
1757517178967 0.018329985894438686 200
1757517179054 0.7038020017480122 201
1757517179150 0.0012691473605298406 202
1757517179244 0.09291953919695607 203
1757517179334 0.021844789532574915 204
1757517179437 0.13553331243588296 205
1757517179529 0.024966156011595863 206
1757517179623 0.00039993793893723683 207
1757517179716 0.0005112086782861713 208
1757517179832 0.019906431826485087 209
1757517179949 0.035525134051011355 210
1757517180071 0.061496143824996026 211
1757517180193 0.3413065214996892 212
1757517180305 0.13078224629081053 213
1757517180399 2.7960277225474077 214
1757517180494 0.07371793797794518 215
1757517180586 0.0025712539532914106 216
1757517180679 0.002440329849711223 217
1757517180778 0.07277750631045718 218
1757517180871 0.007680229297424751 219
1757517180962 0.9986134551850406 220
1757517181052 0.009742001515118006 221
1757517181141 0.06824674214949944 222
1757517181239 0.00930506810144765 223
1757517181329 0.06287791461687386 224
1757517181435 6.495258899375497e-06 225
1757517181549 0.07981923123933157 226
1757517181644 0.05196803863182889 227
1757517181741 0.06689252995214723 228
1757517181835 0.17703988376644628 229
1757517181928 8.457551689379539e-06 230
1757517182019 0.020067813213393272 231
1757517182115 0.02564276527097985 232
1757517182215 0.41902243612095175 233
1757517182326 0.10313278514644392 234
1757517182535 0.014128257172351536 235
1757517182693 0.00399124921716676 236
1757517182842 0.11843187659286475 237
1757517183011 0.002990261537568825 238
1757517183233 0.039162563944592076 239
1757517183334 0.04808201483690374 240
1757517183430 0.0022470442386946887 241
1757517183526 0.07051513119535646 242
1757517183621 0.272689924204063 243
1757517183720 0.37105555940377094 244
1757517183818 0.545761194750682 245
1757517183915 0.03664786873999186 246
1757517184014 0.05286610214637463 247
1757517184111 0.025072625130129 248
1757517184216 0.025432882986802446 249
1757517184315 4.0771570518142663e-05 250
1757517184412 0.23536267572737368 251
1757517184510 0.17589560402487903 252
1757517184604 0.005470113040935997 253
1757517184699 0.008409298674100917 254
1757517184807 0.0012956211211852039 255
1757517184902 0.17636310925708637 256
1757517184998 0.00301569227818899 257
1757517185099 0.023677851288071795 258
1757517185196 0.04093416356105065 259
1757517185300 0.021303379621773255 260
1757517185397 0.17650761140746712 261
1757517185494 0.01470412119477775 262
1757517185590 0.017834102229617205 263
1757517185688 0.004768727759838157 264
1757517185786 0.06647193752434226 265
1757517185909 0.09244602758510594 266
1757517186006 0.16661513772333442 267
1757517186098 0.02091010067748029 268
1757517186193 0.13427548223955282 269
1757517186293 0.05232293435797463 270
1757517186391 0.0007996737968743755 271
1757517186487 0.04077079277680166 272
1757517186581 0.04104739414653003 273
1757517186673 0.32009356295993785 274
1757517186767 0.2749773049970178 275
1757517186862 0.018952685063575118 276
1757517186958 0.1901165072406979 277
1757517187052 0.1964040928633417 278
1757517187147 0.13198489742481442 279
1757517187242 0.4424122487109713 280
1757517187340 0.18903815964109974 281
1757517187438 0.37497932864733813 282
1757517187533 0.02929014147598536 283
1757517187631 0.06901768149804428 284
1757517187723 1.4204412669765284e-05 285
1757517187818 0.08932976440591786 286
1757517187915 0.00016512229836012022 287
1757517188011 0.008642685224340056 288
1757517188105 0.0030462635181406138 289
1757517188201 0.20398435445079355 290
1757517188296 0.043875351167511456 291
1757517188392 0.02130387019702597 292
1757517188487 0.036205733146295445 293
1757517188582 6.207769661985499e-05 294
1757517188677 0.02456186306438907 295
1757517188771 0.6192058832714142 296
1757517188864 0.45412815765116576 297
1757517188959 0.015827670106123407 298
1757517189054 0.030516122744381344 299
1757517189151 0.0840397055003585 300
1757517189246 0.010867212964922802 301
1757517189345 0.09252467296039515 302
1757517189440 0.3472684505449725 303
1757517189535 0.0647238456389409 304
1757517189628 0.08205436588289759 305
1757517189722 0.0021144622967390224 306
1757517189819 0.0033144998090124628 307
1757517189916 0.0028070337840903703 308
1757517190010 0.05447353458376596 309
1757517190106 0.03206956926729945 310
1757517190203 0.028845475666138428 311
1757517190298 0.0010406743997767667 312
1757517190394 0.13326014871085629 313
1757517190488 0.12913415931920155 314
1757517190584 0.0740814464744542 315
1757517190676 0.6446329936015949 316
1757517190771 0.002402589236735322 317
1757517190867 0.33072367315612655 318
1757517190963 0.0006012092985933248 319
1757517191059 0.0003610822456616171 320
1757517191155 0.0036581917673983366 321
1757517191251 0.05781526376348241 322
1757517191355 0.08071049753219448 323
1757517191451 0.01910684722790183 324
1757517191548 0.0006618820839096834 325
1757517191644 0.03241319489006799 326
1757517191741 0.007744159080846531 327
1757517191834 0.03482355589413779 328
1757517191932 0.0002599719104249819 329
1757517192026 0.047929670964665765 330
1757517192127 0.045650712522751 331
1757517192224 0.6191905999206239 332
1757517192321 0.03549174984189103 333
1757517192425 0.34612393888746174 334
1757517192521 0.009028330347950893 335
1757517192615 0.3003125632702377 336
1757517192711 0.5355424670364672 337
1757517192806 0.004239532537819893 338
1757517192898 0.020863751782594232 339
1757517192995 0.30900481157595217 340
1757517193093 0.00032760120836416133 341
1757517193201 0.043613372782987866 342
1757517193297 0.08966655371799997 343
1757517193405 0.010715825003446424 344
1757517193502 0.0731587903734894 345
1757517193601 0.02312038200090355 346
1757517193697 0.04188182152440787 347
1757517193821 0.0004870499755743123 348
1757517193921 4.383076470564193e-05 349
1757517194023 0.020726461385265457 350
1757517194119 2.740120922944195 351
1757517194225 0.012861825133466698 352
1757517194425 1.4019364712798e-05 353
1757517194583 0.18333823412119946 354
1757517194693 8.107703983846612 355
1757517194854 0.02716198432009041 356
1757517195006 0.03666546894128173 357
1757517195124 0.06680639169775453 358
1757517195221 0.011587005736431457 359
1757517195319 0.04806670241291449 360
1757517195421 0.14121288648197308 361
1757517195518 0.011501203214089758 362
1757517195615 0.08242246193387232 363
1757517195714 0.15286161759631256 364
1757517195811 0.029995172440089698 365
1757517195908 0.1213463448875452 366
1757517196005 0.0092944173937534 367
1757517196103 0.08151428599120564 368
1757517196202 0.2283355711343505 369
1757517196300 0.3627722839900167 370
1757517196396 0.033992081753074645 371
1757517196490 0.1520138411789202 372
1757517196587 0.0016996234203092429 373
1757517196686 0.6314450077891881 374
1757517196779 0.1853499702605292 375
1757517196878 0.037564239814148234 376
1757517196976 0.005550328477035337 377
1757517197074 0.013175263870541206 378
1757517197173 0.003204124014589968 379
1757517197269 0.0017072437939390267 380
1757517197369 0.07175264536057244 381
1757517197477 0.24680458503698094 382
1757517197575 0.009360749886331326 383
1757517197674 0.16574176558528914 384
1757517197773 0.10609154017004108 385
1757517197877 0.04384062914682856 386
1757517197985 0.05010822799149701 387
1757517198086 0.09175328800540479 388
1757517198185 0.5120485412540747 389
1757517198303 0.17010136674415086 390
1757517198423 0.039616622433287584 391
1757517198523 0.029856393809766138 392
1757517198618 0.00018946936065933876 393
1757517198716 0.62094525681903 394
1757517198810 0.07186927668727253 395
1757517198907 0.008556480873783346 396
1757517199001 0.0009714156730221573 397
1757517199098 0.005620911028731249 398
1757517199192 0.000726470994442499 399
1757517199291 0.065498305429578 400
1757517199420 0.09352174062296628 401
1757517199520 0.0002462183787084996 402
1757517199619 0.004165727876409429 403
1757517199716 0.0014198982072041566 404
1757517199813 0.021762280965094062 405
1757517199911 0.0008344990819145777 406
1757517200010 0.001338060590649613 407
1757517200110 0.00026900934008756213 408
1757517200207 0.002974393565197986 409
1757517200301 0.6651714079975547 410
1757517200398 0.019698384125772822 411
1757517200507 0.29325002550684737 412
1757517200603 0.0031190565081733335 413
1757517200702 0.05987039044663822 414
1757517200800 0.012576131103396107 415
1757517200899 0.12635556433945558 416
1757517200996 0.20629587517325146 417
1757517201096 0.032018984551377416 418
1757517201194 0.0029409770783867073 419
1757517201294 0.03123035600485399 420
1757517201392 0.13114456474337463 421
1757517201492 0.15100009281652096 422
1757517201588 0.10919286053995046 423
1757517201687 0.13309732558256931 424
1757517201786 0.01446320172390542 425
1757517201885 0.02336894317524565 426
1757517201986 0.0007668992254442044 427
1757517202087 0.03943654168297302 428
1757517202189 0.022112745689994617 429
1757517202286 0.00016702662774373823 430
1757517202381 0.05778021176281591 431
1757517202491 0.04428476201571209 432
1757517202596 0.052089900325439364 433
1757517202691 0.03881312138382028 434
1757517202790 0.19475320534642035 435
1757517202890 0.05100782538070315 436
1757517202989 0.050868879585421425 437
1757517203088 0.00012617263756069564 438
1757517203190 0.40303456128201703 439
1757517203288 0.003619799218270489 440
1757517203387 0.04177529610579994 441
1757517203487 0.0006124894853485849 442
1757517203592 0.06825969571331261 443
1757517203694 0.017998813123908768 444
1757517203796 0.015969517189995217 445
1757517203896 0.002030659360951579 446
1757517203995 0.0005204601880835261 447
1757517204097 0.3830070697270058 448
1757517204198 0.00016627454440990252 449
1757517204297 0.7899313684378161 450
1757517204406 0.049476916881934146 451
1757517204501 0.8461382053193824 452
1757517204607 0.37756865440849824 453
1757517204707 0.3398203105020681 454
1757517204804 0.1418723508611419 455
1757517204904 0.004036829543764569 456
1757517205038 0.013508538208497472 457
1757517205182 0.10989606303044995 458
1757517205282 0.25626540923299024 459
1757517205378 0.6437519762526662 460
1757517205474 0.30515873228701335 461
1757517205580 0.019378109810284247 462
1757517205678 0.28339108024914256 463
1757517205775 0.007102642072636198 464
1757517205876 0.004447868790000599 465
1757517205975 0.2709351961986041 466
1757517206165 0.0009453615558534421 467
1757517206353 0.10172459799832372 468
1757517206489 0.0012285467319422733 469
1757517206686 0.013757447587830278 470
1757517206811 0.040560905685390496 471
1757517206910 0.00037020849262304486 472
1757517207008 0.3184796792655934 473
1757517207103 0.22083181416023243 474
1757517207203 2.6104148540587382e-05 475
1757517207305 0.10703699722655186 476
1757517207405 0.13580445946610095 477
1757517207506 0.06940792546213496 478
1757517207601 0.0025697211110979183 479
1757517207700 0.0022762279685048016 480
1757517207799 0.06588749963951906 481
1757517207900 0.05137960708663978 482
1757517208001 2.944061515421719e-05 483
1757517208103 0.0020989645095818143 484
1757517208203 0.05454659569566883 485
1757517208304 0.0428687805410238 486
1757517208406 0.04629136121544714 487
1757517208505 0.0015843871970077118 488
1757517208609 0.42083478795998414 489
1757517208707 0.12474892680490099 490
1757517208804 0.000977847271911466 491
1757517208908 0.3000234110430407 492
1757517209006 0.16204586621774678 493
1757517209107 3.9105319385074756e-05 494
1757517209209 0.028579155917575576 495
1757517209312 0.3827172036675566 496
1757517209427 0.0022946414362760735 497
1757517209527 0.025126479265196636 498
1757517209629 0.5392062909165127 499
