1757496222864 167.85836546966175 0
1757496222968 172.2314316459502 1
1757496223060 289.8045487439 2
1757496223157 132.78043367569072 3
1757496223253 160.08872247685633 4
1757496223343 163.27030539330383 5
1757496223434 164.80522096500982 6
1757496223524 182.10252050681768 7
1757496223616 197.388785808796 8
1757496223712 218.81551068967997 9
1757496223806 180.6076083442881 10
1757496223897 189.18451067487672 11
1757496223984 210.73889026643843 12
1757496224072 171.95702093421085 13
1757496224157 161.17117327321316 14
1757496224241 191.94721279781737 15
1757496224325 181.9739158122912 16
1757496224404 164.38207066331896 17
1757496224489 139.6369687891767 18
1757496224575 115.7811409492274 19
1757496224661 183.74602580348892 20
1757496224746 217.928067074066 21
1757496224830 130.5165321193958 22
1757496224924 240.42846662116477 23
1757496225009 149.05385685950432 24
1757496225094 152.01720652039398 25
1757496225180 174.03710603285444 26
1757496225267 125.67819127890643 27
1757496225352 155.5276345650945 28
1757496225437 149.68518599466427 29
1757496225521 159.14133443962885 30
1757496225603 196.99698955140838 31
1757496225686 197.66239497256683 32
1757496225773 170.51186947159616 33
1757496225856 160.11075618193283 34
1757496225946 178.73471927623999 35
1757496226029 180.73077868943557 36
1757496226111 152.6330101674202 37
1757496226195 143.17948327325675 38
1757496226299 151.6604234472229 39
1757496226388 136.88976155361567 40
1757496226475 163.52735590212575 41
1757496226559 139.1101767146464 42
1757496226658 146.30812157226077 43
1757496226767 187.08994135789976 44
1757496226853 243.10031272394247 45
1757496226940 174.29576870417986 46
1757496227026 179.72019469432502 47
1757496227111 189.1917551950678 48
1757496227196 166.52082800128736 49
1757496227280 207.7646244901702 50
1757496227361 154.72690673923586 51
1757496227443 139.35842567302564 52
1757496227529 83.98002633630229 53
1757496227612 172.20635609030649 54
1757496227700 200.52193755032494 55
1757496227786 203.1813225301046 56
1757496227877 183.94106611090032 57
1757496227973 209.34093871628346 58
1757496228073 163.7494282534639 59
1757496228195 204.50014062966744 60
1757496228303 231.28580384028893 61
1757496228402 127.58545142183833 62
1757496228503 152.5715916046303 63
1757496228602 167.86414924509324 64
1757496228693 174.80299097850013 65
1757496228784 225.02597065394926 66
1757496228875 201.41214583526852 67
1757496228992 142.84168653120773 68
1757496229121 213.76046619458538 69
1757496229222 176.14639070182764 70
1757496229314 205.3628101905813 71
1757496229406 131.53576277692366 72
1757496229649 200.03481147723267 73
1757496229901 153.35059155775554 74
1757496230050 171.00112319734328 75
1757496230172 215.4925520277435 76
1757496230418 169.85680407951716 77
1757496230581 220.3346129324032 78
1757496230684 135.93470848906372 79
1757496230787 68.80740396513805 80
1757496230884 212.69246670685718 81
1757496230997 241.84839590205107 82
1757496231094 221.04331754324832 83
1757496231188 159.99185125397705 84
1757496231281 128.60543697032395 85
1757496231375 130.05194163990996 86
1757496231472 146.13612747992693 87
1757496231578 124.03805207064063 88
1757496231672 122.30647309578299 89
1757496231755 185.49801218436681 90
1757496231843 218.6799077038302 91
1757496231924 195.2417406217909 92
1757496232023 215.68691428032378 93
1757496232134 198.9444389453733 94
1757496232228 132.31631077652852 95
1757496232325 185.02281992042705 96
1757496232421 216.5624360576066 97
1757496232520 178.59400991505476 98
1757496232636 210.80148953973725 99
1757496232728 167.78639970708284 100
1757496232820 200.48938077244105 101
1757496232918 119.57539916719777 102
1757496233071 152.67011576723965 103
1757496233176 488.0521732839033 104
1757496233274 170.7201500916048 105
1757496233368 311.0643879135931 106
1757496233479 157.12839331224615 107
1757496233577 148.62400347398926 108
1757496233677 146.42482919981492 109
1757496233770 155.87482692864154 110
1757496233863 191.71779672717526 111
1757496233956 221.73350427909818 112
1757496234045 174.93014483161608 113
1757496234132 174.46055217757873 114
1757496234264 169.44577395695745 115
1757496234401 214.1296796176762 116
1757496234528 187.10343228637865 117
1757496234640 228.09124570880587 118
1757496234771 147.62765349159724 119
1757496234914 231.04632866568525 120
1757496235038 164.1202249508864 121
1757496235143 121.5663608706725 122
1757496235259 124.28708231645379 123
1757496235366 316.96071827827166 124
1757496235470 176.80161595365016 125
1757496235566 154.40431580097066 126
1757496235661 180.8841384353453 127
1757496235755 172.9546409181076 128
1757496235848 268.2677704643584 129
1757496235942 177.20439325662824 130
1757496236037 235.24611589943964 131
1757496236213 63.167124763968374 132
1757496236361 62.974508633385504 133
1757496236535 210.88645399134805 134
1757496236660 170.42684660654783 135
1757496236783 208.54703892524165 136
1757496236912 197.33857610781183 137
1757496237018 180.69119220977169 138
1757496237149 116.50164396690387 139
1757496237284 259.11319579406427 140
1757496237396 194.0315865934235 141
1757496237506 195.70035092167873 142
1757496237615 257.3707935133696 143
1757496237715 161.16871970254607 144
1757496237812 194.86310155760955 145
1757496237907 140.2046686159586 146
1757496238000 167.51713487545783 147
1757496238091 211.87678687711735 148
1757496238188 130.06812661979333 149
1757496238281 255.39738923785157 150
1757496238366 165.17168317288179 151
1757496238457 127.53883829686241 152
1757496238547 156.68727977778158 153
1757496238640 167.0592279419062 154
1757496238748 192.55897341830632 155
1757496238936 180.28991453687752 156
1757496239073 162.0620489554701 157
1757496239186 159.37446865808198 158
1757496239289 142.22996882165808 159
1757496239486 191.7863367319458 160
1757496239596 129.80593114522839 161
1757496239693 201.4008133644987 162
1757496239786 119.18160121973756 163
1757496239891 182.35332001799904 164
1757496239997 172.87031684143412 165
1757496240158 147.7558082823166 166
1757496240294 166.79667613179566 167
1757496240404 169.25585558892683 168
1757496240518 99.59164164140722 169
1757496240642 204.46477299669974 170
1757496240760 146.06106200664647 171
1757496240871 140.81515943877076 172
1757496240982 149.5901589020175 173
1757496241091 133.05988654786455 174
1757496241205 108.62219740157309 175
1757496241316 209.98882942366092 176
1757496241426 166.93704665526428 177
1757496241542 161.66814892613985 178
1757496241681 198.07262106068148 179
1757496241791 131.12219109460892 180
1757496241901 139.05009379020083 181
1757496242004 161.46894030613055 182
1757496242102 131.23984576348983 183
1757496242207 216.14038944019887 184
1757496242303 285.90590132836604 185
1757496242397 170.91860264536288 186
1757496242519 200.37064936251585 187
1757496242639 144.85819832719258 188
1757496242745 128.2815723790021 189
1757496242838 129.577290737635 190
1757496242947 169.7399180725097 191
1757496243076 513.5348149298416 192
1757496243175 149.35706149242864 193
1757496243279 287.6374118085937 194
1757496243372 189.70080739005522 195
1757496243466 265.22037973327167 196
1757496243556 142.34965681902122 197
1757496243646 141.68129053077058 198
1757496243731 142.49863969584587 199
1757496243821 188.24491485268527 200
1757496243909 380.10708441790695 201
1757496243999 136.95875076589306 202
1757496244085 181.8349092335798 203
1757496244174 153.21027330810273 204
1757496244268 197.42875618597265 205
1757496244353 220.91258948726815 206
1757496244439 163.84289922968796 207
1757496244520 194.6747132339022 208
1757496244606 144.1149876224814 209
1757496244693 166.5222144098872 210
1757496244780 141.59255482533854 211
1757496244862 271.4895743668156 212
1757496244947 208.10629360086438 213
1757496245031 256.57587043429737 214
1757496245116 195.9444182942235 215
1757496245201 160.04998514465308 216
1757496245294 113.47303715706141 217
1757496245379 141.35210630764 218
1757496245463 193.78539572831974 219
1757496245547 141.49350870136067 220
1757496245631 191.56709911059505 221
1757496245717 204.61858472374195 222
1757496245803 273.59017133946634 223
1757496245890 278.06928975217824 224
1757496245975 143.30020847215187 225
1757496246060 134.0726745604505 226
1757496246145 134.25587189792614 227
1757496246231 88.11824249617369 228
1757496246325 151.72213931110508 229
1757496246405 124.60350319920117 230
1757496246491 139.06856054062146 231
1757496246579 140.78223424318463 232
1757496246665 187.97972041856508 233
1757496246805 172.78078708386406 234
1757496246946 153.12013268625552 235
1757496247065 155.50240775591436 236
1757496247200 145.03807065691163 237
1757496247365 183.54545815875403 238
1757496247460 245.55186949341228 239
1757496247550 159.20875291275792 240
1757496247642 370.324263059682 241
1757496247732 133.11359849567495 242
1757496247821 187.29282373684202 243
1757496247912 222.4850711032221 244
1757496248004 201.56412383029567 245
1757496248093 228.19089298015285 246
1757496248183 78.71041482467072 247
1757496248271 199.47162671954266 248
1757496248363 215.70728069515968 249
1757496248451 214.90071683735002 250
1757496248544 108.44355179865431 251
1757496248628 176.92231508497426 252
1757496248716 187.94097332400588 253
1757496248805 261.3033390983217 254
1757496248892 334.65317151639493 255
1757496248981 167.8553107539699 256
1757496249069 181.86289168657416 257
1757496249158 228.18970472588302 258
1757496249243 254.49885065107975 259
1757496249337 230.6213419938169 260
1757496249423 154.4249270861361 261
1757496249511 154.0351644170877 262
1757496249597 156.76199285493115 263
1757496249684 150.79144553658773 264
1757496249769 354.05128514711123 265
1757496249868 182.69560726695482 266
1757496249954 191.02283520978895 267
1757496250036 177.1397084680162 268
1757496250123 155.3588221322748 269
1757496250202 162.72718717907793 270
1757496250291 197.2764963067538 271
1757496250376 102.07698408804886 272
1757496250458 148.07128249251602 273
1757496250565 103.92556961273091 274
1757496250664 155.25428116113463 275
1757496250764 179.2044894178798 276
1757496250863 111.79951403192682 277
1757496250977 141.95698040365937 278
1757496251077 172.5116939127542 279
1757496251169 127.82628307454851 280
1757496251262 155.9493065285055 281
1757496251364 146.4084432514003 282
1757496251452 126.29661027096513 283
1757496251544 164.2105395353159 284
1757496251632 120.90421098441284 285
1757496251724 180.91419131053803 286
1757496251812 151.3805506172599 287
1757496251903 175.84201528254883 288
1757496251994 186.82152702237155 289
1757496252083 175.99316417319932 290
1757496252172 135.6974820540195 291
1757496252260 149.13533590669797 292
1757496252344 126.3021936934715 293
1757496252441 122.79700194661972 294
1757496252531 150.89489684369266 295
1757496252622 182.60504550770696 296
1757496252711 138.43082565310942 297
1757496252799 133.10845104326057 298
1757496252888 209.0227852909525 299
1757496252976 229.1346096092369 300
1757496253067 112.3795592983098 301
1757496253156 59.82483450861168 302
1757496253246 152.17241802741304 303
1757496253334 153.44087983264308 304
1757496253424 143.48122331962563 305
1757496253512 85.07080297127465 306
1757496253603 138.29451775853485 307
1757496253689 196.34754838629047 308
1757496253841 148.69615826365788 309
1757496253940 172.5809628361202 310
1757496254052 176.4926788919404 311
1757496254238 192.85910989236493 312
1757496254385 162.99763790398558 313
1757496254496 142.745892385092 314
1757496254640 205.7988596462344 315
1757496254777 219.88295953536982 316
1757496254966 191.9228633234677 317
1757496255073 173.79295538274965 318
1757496255168 135.9670277788838 319
1757496255268 176.7241161992654 320
1757496255368 217.40505383782659 321
1757496255465 195.23424505909645 322
1757496255556 122.8602989632005 323
1757496255649 165.36941502348347 324
1757496255742 106.5719464045307 325
1757496255834 179.60989886129488 326
1757496255923 215.32874100346635 327
1757496256016 127.96437232652328 328
1757496256109 263.3978358335806 329
1757496256195 210.37087764883725 330
1757496256288 206.45433302836955 331
1757496256379 166.48651358423382 332
1757496256474 190.16588129111315 333
1757496256565 194.92065325615434 334
1757496256654 97.90282739228049 335
1757496256742 235.78103719674291 336
1757496256839 192.441005232856 337
1757496256946 114.08637180838461 338
1757496257038 202.41434116279464 339
1757496257130 168.52424868418873 340
1757496257233 176.65513758076767 341
1757496257436 189.41142562586307 342
1757496257567 204.08995015618524 343
1757496257685 151.16543697708366 344
1757496257779 106.07002786722049 345
1757496257881 184.063065956506 346
1757496257988 188.05633462797462 347
1757496258096 425.65892713957066 348
1757496258206 215.34628890015767 349
1757496258323 137.36245779045564 350
1757496258489 149.9787123323111 351
1757496258659 155.94138558017173 352
1757496258793 180.09855938743817 353
1757496258924 100.54514613749485 354
1757496259059 183.90765300087617 355
1757496259220 162.22523144592307 356
1757496259343 154.3405145978827 357
1757496259456 177.51852998530174 358
1757496259582 134.6700452498516 359
1757496259683 168.34439185645758 360
1757496259789 159.98903752884846 361
1757496259895 167.65129302874007 362
1757496259991 184.49120354600691 363
1757496260094 182.20152336570663 364
1757496260195 174.90895595546112 365
1757496260295 149.19355024590698 366
1757496260401 194.82387841090767 367
1757496260504 213.61354233727545 368
1757496260609 174.39318229999174 369
1757496260713 155.15147887095554 370
1757496260808 221.24519998245117 371
1757496260900 114.80165533808048 372
1757496260999 159.86703779582214 373
1757496261094 155.47882927279875 374
1757496261197 197.55365526865359 375
1757496261294 191.02512322053897 376
1757496261387 371.9680952470692 377
1757496261482 213.95109896437785 378
1757496261585 129.5313237205919 379
1757496261680 201.24850874594136 380
1757496261770 162.721665507323 381
1757496261861 187.3920380083211 382
1757496261950 152.1836550801384 383
1757496262041 188.81082630593593 384
1757496262133 173.83366232579206 385
1757496262223 234.33797311907975 386
1757496262311 222.52676886571626 387
1757496262395 175.03347880867884 388
1757496262485 144.31816077047262 389
1757496262577 222.13980353307966 390
1757496262771 142.53127533586505 391
1757496262949 142.82650153997218 392
1757496263115 152.32878974659633 393
1757496263238 249.3954913998013 394
1757496263419 148.64267108874014 395
1757496263594 181.44759645212025 396
1757496263701 159.05986752387398 397
1757496263798 209.5440335505855 398
1757496263894 169.2548082779038 399
1757496264069 238.68338587844414 400
1757496264196 139.522376266777 401
1757496264301 155.31264076138146 402
1757496264419 236.30549303591818 403
1757496264545 177.0711816656768 404
1757496264646 139.1248553059933 405
1757496264746 193.53815874362007 406
1757496264845 204.01366496084984 407
1757496264941 166.72057133571764 408
1757496265032 207.03588135813746 409
1757496265129 180.7729082110161 410
1757496265227 148.47985686404084 411
1757496265316 142.90868512806202 412
1757496265416 174.93945219687492 413
1757496265514 173.02214314657923 414
1757496265615 154.7778124346499 415
1757496265710 204.955237897624 416
1757496265806 121.33806899909793 417
1757496265897 91.65693590445328 418
1757496265991 200.2672231068606 419
1757496266096 102.60695422868876 420
1757496266192 57.20058962801166 421
1757496266283 174.92470116231712 422
1757496266375 132.40280776972884 423
1757496266467 175.58235971308682 424
1757496266560 133.22299158907254 425
1757496266667 261.32060603950686 426
1757496266803 185.72615792095885 427
1757496266917 109.92684551237981 428
1757496267033 194.26226669567413 429
1757496267137 173.3878849553568 430
1757496267258 181.07419348987534 431
1757496267355 92.47639145008138 432
1757496267461 81.78644341549177 433
1757496267562 186.25578913992365 434
1757496267665 131.5709109108989 435
1757496267779 224.49573507543306 436
1757496267880 137.61492271118198 437
1757496267975 143.09623542894002 438
1757496268074 130.54667710006325 439
1757496268171 220.62255240277582 440
1757496268267 166.22364259389286 441
1757496268364 161.44465892927047 442
1757496268497 167.7199231778111 443
1757496268597 72.08192473102096 444
1757496268692 195.04913334626917 445
1757496268792 276.67575001888787 446
1757496268889 157.32108293826693 447
1757496268985 108.51907953345787 448
1757496269082 180.6609255041465 449
1757496269190 142.73447409726114 450
1757496269284 165.4809485742927 451
1757496269378 189.86295867553548 452
1757496269475 96.31294035052547 453
1757496269570 121.12240257962563 454
1757496269665 152.9701006033424 455
1757496269757 138.36543353132885 456
1757496269848 189.06671744780883 457
1757496269942 183.32167802543754 458
1757496270034 300.5915071191854 459
1757496270127 142.5465247849042 460
1757496270219 168.05516365992722 461
1757496270310 172.54824024826632 462
1757496270403 171.24305327432427 463
1757496270494 104.18160619351698 464
1757496270586 152.83314982812362 465
1757496270677 172.45572095681615 466
1757496270777 160.03114636099124 467
1757496270871 169.24098470317304 468
1757496270975 278.1081576600257 469
1757496271157 146.27754995532595 470
1757496271306 217.6471432986653 471
1757496271428 172.56188277509284 472
1757496271599 145.86299585457357 473
1757496271710 117.09129054401741 474
1757496271818 258.91534443069514 475
1757496271915 143.79530058367482 476
1757496272012 168.56431169411258 477
1757496272111 163.1670267403479 478
1757496272210 212.05286285434298 479
1757496272307 156.2667046955754 480
1757496272407 177.63443630905735 481
1757496272509 137.8123060746603 482
1757496272606 206.00018027670453 483
1757496272700 389.5234832333237 484
1757496272795 154.5338084476415 485
1757496272889 171.77103392068784 486
1757496272986 147.88889972840593 487
1757496273080 235.00062860223238 488
1757496273174 154.15026392639808 489
1757496273267 147.42366482120988 490
1757496273361 157.77518771058413 491
1757496273456 183.95444045036112 492
1757496273567 117.35989057683751 493
1757496273667 63.82623835172349 494
1757496273763 155.48575861127117 495
1757496273879 193.01371787471547 496
1757496273980 118.98816288906629 497
1757496274077 223.64901875048866 498
1757496274172 179.799024759878 499
