1757574530738 159.26172563850017 0
1757574530805 145.3493835356694 1
1757574530875 135.73270310600248 2
1757574530953 137.86737355788173 3
1757574531024 127.39027972262507 4
1757574531094 118.24912173903999 5
1757574531164 100.16648902857783 6
1757574531241 97.5751655310656 7
1757574531311 96.88462816113923 8
1757574531378 94.24010250727002 9
1757574531444 85.40098454207259 10
1757574531511 79.16646218478745 11
1757574531594 85.07053583038132 12
1757574531674 77.22323934168043 13
1757574531745 69.76601965263372 14
1757574531813 79.48087916510335 15
1757574531880 71.82665120759542 16
1757574531956 65.02036511913299 17
1757574532024 72.59147259549404 18
1757574532142 61.588918525048406 19
1757574532230 50.95770617900987 20
1757574532305 55.07567007427622 21
1757574532378 68.11905913140949 22
1757574532450 51.77650089174034 23
1757574532525 113.09331623318889 24
1757574532599 53.10474998364051 25
1757574532680 63.856679619006194 26
1757574532755 44.85439227131216 27
1757574532829 46.07500714575522 28
1757574532896 103.21375942165075 29
1757574532974 41.34276509978098 30
1757574533042 48.780051832886386 31
1757574533115 47.54753543519846 32
1757574533189 51.61694939233288 33
1757574533256 54.20294655707332 34
1757574533334 55.55605574930622 35
1757574533402 49.246280371012936 36
1757574533472 47.85660851161989 37
1757574533538 56.657393103628486 38
1757574533604 31.17054724891536 39
1757574533677 35.27752569966717 40
1757574533744 34.410193876170986 41
1757574533812 100.43608430564723 42
1757574533879 43.62285879700047 43
1757574533944 49.51499952242892 44
1757574534015 33.429351079607436 45
1757574534079 38.8702069271876 46
1757574534148 36.040954227000526 47
1757574534215 48.30884878174904 48
1757574534280 38.77543171103976 49
1757574534347 26.82086298953873 50
1757574534420 41.20187464282791 51
1757574534490 33.55631636423692 52
1757574534556 41.30931777900636 53
1757574534623 35.435510153674244 54
1757574534691 30.265519080657185 55
1757574534758 30.872643487404975 56
1757574534827 36.848995741292335 57
1757574534892 40.563863644668416 58
1757574534967 35.71253694051361 59
1757574535068 32.41704825601891 60
1757574535140 30.97224735666117 61
1757574535207 29.079478566431522 62
1757574535282 48.647364277163724 63
1757574535351 32.43065730112697 64
1757574535416 26.658075127693802 65
1757574535480 24.53956861127463 66
1757574535545 39.84452008786613 67
1757574535609 26.81090727569213 68
1757574535673 25.08597783870732 69
1757574535747 24.26906284547142 70
1757574535827 30.153786019209296 71
1757574535905 29.08046020883364 72
1757574535975 29.73304245002133 73
1757574536052 34.38595853132504 74
1757574536130 31.30071533180553 75
1757574536216 28.54597179026994 76
1757574536325 27.8220145380772 77
1757574536399 31.668170512852043 78
1757574536473 23.53927549678096 79
1757574536542 25.12306695047341 80
1757574536610 23.024206354745477 81
1757574536696 25.15927627835894 82
1757574536936 25.006434910218122 83
1757574537124 32.601851524101875 84
1757574537286 25.31300349672061 85
1757574537390 28.693836612868655 86
1757574537502 28.158456286998724 87
1757574537633 20.939056579069085 88
1757574537792 28.74167971163972 89
1757574537897 25.951612675407358 90
1757574538172 22.05617063496925 91
1757574538306 24.180689263678858 92
1757574538478 29.995398032327518 93
1757574538597 27.10911650876236 94
1757574538702 19.842379566680048 95
1757574538800 23.21319405398712 96
1757574538910 29.506741812005885 97
1757574539012 18.429497816353006 98
1757574539143 22.0336734105791 99
1757574539246 24.018735749899736 100
1757574539344 26.52651409903544 101
1757574539446 21.535553973619262 102
1757574539544 25.92544506301768 103
1757574539641 24.526601840627887 104
1757574539738 18.2168884613325 105
1757574539827 17.345516213427487 106
1757574539937 24.415680382728606 107
1757574540055 22.175273367897983 108
1757574540186 20.977185573467487 109
1757574540280 38.674896042772836 110
1757574540381 21.985935370226965 111
1757574540503 29.279605513769365 112
1757574540594 24.127485195498547 113
1757574540675 29.141601813111308 114
1757574540752 24.435377149442754 115
1757574540826 20.34478020554935 116
1757574540904 17.474835953234944 117
1757574541008 23.303429207317947 118
1757574541114 19.94872353804632 119
1757574541204 20.13085383772606 120
1757574541289 20.856710771385796 121
1757574541360 18.54361806324958 122
1757574541430 40.65505882590485 123
1757574541504 20.45213324598778 124
1757574541577 25.62237158338159 125
1757574541652 20.041137237438935 126
1757574541723 18.654711152423122 127
1757574541794 25.227859795663022 128
1757574541863 19.30944717299657 129
1757574541936 20.78869437110106 130
1757574542004 18.865072614059226 131
1757574542076 16.550249936397393 132
1757574542146 14.49094365802283 133
1757574542224 21.77723887985681 134
1757574542291 34.151764467322444 135
1757574542357 30.187522301329565 136
1757574542424 18.07063005079912 137
1757574542490 19.76870787790952 138
1757574542559 30.026066204599356 139
1757574542629 15.949384705993927 140
1757574542701 27.559747982421726 141
1757574542767 15.575735600704851 142
1757574542839 35.27815576084988 143
1757574542907 13.555360079058302 144
1757574542975 19.126499790251163 145
1757574543044 13.917879651050391 146
1757574543111 18.716349742573865 147
1757574543184 21.188220295997443 148
1757574543256 15.58464779284454 149
1757574543323 16.349276675471224 150
1757574543389 14.691352007480475 151
1757574543455 14.454418223524067 152
1757574543522 17.87583221638872 153
1757574543590 17.87913669253425 154
1757574543657 18.123481359150983 155
1757574543726 15.509086785389476 156
1757574543793 27.378189870366786 157
1757574543857 17.470784438153427 158
1757574543923 17.449588973731338 159
1757574543992 14.053642979062742 160
1757574544057 15.638635718132582 161
1757574544125 13.519326553771956 162
1757574544227 17.27876245665644 163
1757574544354 16.00782936898085 164
1757574544434 10.451025113025475 165
1757574544505 15.439342124467961 166
1757574544577 13.390711209660807 167
1757574544650 17.663884400190742 168
1757574544726 22.335137940414615 169
1757574544872 17.780318045177292 170
1757574544950 17.237084684983785 171
1757574545027 18.11661158917644 172
1757574545102 15.229448713280938 173
1757574545180 14.631599376019958 174
1757574545262 15.274835991453557 175
1757574545332 12.43285140722063 176
1757574545403 12.750099786687274 177
1757574545476 14.579514565204475 178
1757574545547 16.39037264627712 179
1757574545622 14.004289344560332 180
1757574545693 14.428026537193084 181
1757574545765 13.510665297311121 182
1757574545834 13.234910333762661 183
1757574545906 16.68288097986466 184
1757574545975 14.844045445773752 185
1757574546047 13.071407438174617 186
1757574546142 18.47926902183448 187
1757574546210 15.841956953578949 188
1757574546285 18.686912142555666 189
1757574546353 15.310048260549218 190
1757574546417 13.013349025372515 191
1757574546485 12.004408885319132 192
1757574546551 12.365567154139605 193
1757574546615 17.982905260199676 194
1757574546683 25.14526335794764 195
1757574546752 13.529692360629928 196
1757574546817 13.03833018322379 197
1757574546881 15.123459914242602 198
1757574546947 13.452826273158939 199
1757574547011 11.415644019172943 200
1757574547080 13.313349521914404 201
1757574547148 32.67774947734492 202
1757574547216 11.577355177633313 203
1757574547290 15.35801863916798 204
1757574547360 14.291479376758152 205
1757574547425 12.734990757233648 206
1757574547490 13.286341704482751 207
1757574547555 14.625543927321479 208
1757574547621 14.237959653327446 209
1757574547692 14.210576221332943 210
1757574547759 15.668186873758414 211
1757574547829 13.453034122543015 212
1757574547894 21.669075348156568 213
1757574547958 18.282734249610964 214
1757574548023 14.123907131112572 215
1757574548094 16.963054958450428 216
1757574548163 14.907513420246957 217
1757574548232 11.592094375071959 218
1757574548307 15.98477312982822 219
1757574548377 19.663407666852805 220
1757574548445 15.883064143507545 221
1757574548510 15.267789039259995 222
1757574548574 13.869437881029873 223
1757574548646 13.917100786927323 224
1757574548716 15.699871833929786 225
1757574548782 10.541939533698804 226
1757574548850 11.529441242436059 227
1757574548931 10.537627115141369 228
1757574548998 23.134970829689042 229
1757574549063 25.402067076407292 230
1757574549134 10.143831231389067 231
1757574549203 16.398168746812097 232
1757574549277 12.827101377827553 233
1757574549355 10.847205212731827 234
1757574549421 13.383714726212377 235
1757574549488 11.725737550309512 236
1757574549554 13.043809850215283 237
1757574549617 12.704649818287358 238
1757574549683 12.208603612228808 239
1757574549753 12.152161662142262 240
1757574549822 13.557521408390707 241
1757574549893 12.299578031087691 242
1757574549959 13.014806212081387 243
1757574550023 11.709842785062682 244
1757574550089 13.515932890823231 245
1757574550160 8.706486297958937 246
1757574550226 10.089307978759734 247
1757574550298 11.771927847979546 248
1757574550375 14.2739496468494 249
1757574550441 12.383188425426718 250
1757574550513 20.312959343300566 251
1757574550583 11.310670716278985 252
1757574550650 11.828024239574523 253
1757574550722 12.180795575798745 254
1757574550793 9.423427850588096 255
1757574550859 10.869205783137197 256
1757574550929 9.936619218921097 257
1757574550997 12.6806470397391 258
1757574551063 11.01204290845119 259
1757574551131 11.221783996965243 260
1757574551200 12.789212424538576 261
1757574551268 13.747982764336447 262
1757574551339 19.705575065440353 263
1757574551410 11.373511160344819 264
1757574551476 10.584764121576528 265
1757574551546 11.60287826012979 266
1757574551612 12.254752393666495 267
1757574551678 11.892583170890765 268
1757574551745 10.171288634825558 269
1757574551814 10.063250088657584 270
1757574551879 10.886721864936648 271
1757574551949 9.7854566216821 272
1757574552013 15.787631104743719 273
1757574552117 11.464716625897017 274
1757574552367 11.710447501342303 275
1757574552509 11.876875094101555 276
1757574552709 19.46801687637372 277
1757574552854 9.275400411155452 278
1757574552960 11.110553276893434 279
1757574553138 11.1757488917503 280
1757574553273 9.433116853458904 281
1757574553398 8.580925195998732 282
1757574553477 10.252574080412893 283
1757574553553 13.680043184144216 284
1757574553627 11.428380088371037 285
1757574553698 9.785055201902958 286
1757574553770 11.85549122838315 287
1757574553841 9.034524625228263 288
1757574553915 10.596574702798733 289
1757574553988 8.997575922879145 290
1757574554058 9.437044062147411 291
1757574554134 7.8603117668445615 292
1757574554208 9.093455819309229 293
1757574554282 12.204329290884155 294
1757574554354 9.266586047880292 295
1757574554433 9.903540120961779 296
1757574554505 10.486102502551736 297
1757574554576 9.473981567837464 298
1757574554644 9.696801164547884 299
1757574554718 9.433230322472431 300
1757574554789 9.406965822566168 301
1757574554857 17.632229935081988 302
1757574554929 15.73861575359694 303
1757574554998 9.375547115912754 304
1757574555064 9.253735196890746 305
1757574555133 8.218994038441565 306
1757574555206 7.647375350204307 307
1757574555278 13.479054811641015 308
1757574555351 19.194549907615954 309
1757574555439 9.745793710679667 310
1757574555511 8.871112568487002 311
1757574555580 8.486415721114431 312
1757574555652 14.110365600787228 313
1757574555722 8.146797942075464 314
1757574555790 8.145722511126904 315
1757574555857 9.607966458581405 316
1757574555932 8.785662362019568 317
1757574555999 7.625531551113355 318
1757574556085 10.73938109113152 319
1757574556154 9.868598071633551 320
1757574556222 10.320739363731631 321
1757574556290 8.7052691272859 322
1757574556360 9.27172326555912 323
1757574556427 8.434473285364847 324
1757574556506 15.340754668381038 325
1757574556578 12.782578987209396 326
1757574556657 9.20807086095215 327
1757574556760 8.896993564007635 328
1757574556848 7.3307936893835075 329
1757574556936 7.87713866318214 330
1757574557023 16.524519253588366 331
1757574557117 9.574775247152516 332
1757574557209 6.123637484941039 333
1757574557302 10.493977727172826 334
1757574557386 8.181645971444098 335
1757574557476 7.389555905820106 336
1757574557558 8.064147634070386 337
1757574557643 7.686861762909557 338
1757574557726 7.838801006335646 339
1757574557807 10.600517142992883 340
1757574557891 6.141217249844789 341
1757574557979 8.171655029685462 342
1757574558066 6.950866786537399 343
1757574558158 5.511245667507058 344
1757574558244 8.039702050734034 345
1757574558334 10.016542632087424 346
1757574558433 7.617107443594105 347
1757574558565 6.330207998786861 348
1757574558652 4.726621645827964 349
1757574558733 7.622250999675683 350
1757574558811 8.261720745377028 351
1757574558885 8.000734339628265 352
1757574558962 7.855423787033826 353
1757574559036 7.516798275527873 354
1757574559131 8.7412785980477 355
1757574559233 9.722851936094179 356
1757574559310 7.112225498976194 357
1757574559389 6.656064656776565 358
1757574559465 7.867766560945938 359
1757574559550 9.954320270729607 360
1757574559624 5.883504192303628 361
1757574559712 5.894790373221077 362
1757574559786 8.586833942172682 363
1757574559857 11.8712894500957 364
1757574559932 7.133064271587067 365
1757574560002 6.718782428609209 366
1757574560082 7.000725340437474 367
1757574560155 8.572016510513043 368
1757574560232 7.61579891011264 369
1757574560301 5.17585156119829 370
1757574560376 8.408543530106146 371
1757574560448 7.344683545721101 372
1757574560518 7.334304270565671 373
1757574560598 7.673482818512696 374
1757574560669 6.840881393789694 375
1757574560744 6.339707016357537 376
1757574560811 6.917806585813177 377
1757574560880 6.701966375479348 378
1757574560949 14.70433996398826 379
1757574561020 7.457621763280815 380
1757574561091 7.800663777171302 381
1757574561162 6.505911189086954 382
1757574561234 6.8486007994158795 383
1757574561304 5.675811185462128 384
1757574561373 6.971164338985496 385
1757574561446 4.852997470036866 386
1757574561514 11.972817454612168 387
1757574561596 8.31531415768503 388
1757574561667 8.464565701447254 389
1757574561740 6.706926178391737 390
1757574561809 8.3522466278125 391
1757574561876 6.827635820379825 392
1757574561945 8.850586072441287 393
1757574562013 6.0406108691360485 394
1757574562081 6.829527500891459 395
1757574562155 7.946744817812989 396
1757574562223 5.072533098573801 397
1757574562294 6.892119785600428 398
1757574562364 6.2409346649091875 399
1757574562434 5.56070034998573 400
1757574562502 7.115884438403989 401
1757574562580 5.056140697635665 402
1757574562652 5.9141297320851285 403
1757574562722 5.9452109928533226 404
1757574562796 5.56201532761236 405
1757574562864 5.756885449967417 406
1757574562934 6.2428516623850925 407
1757574563003 5.044410192315639 408
1757574563071 6.71787358227903 409
1757574563143 5.8152594429469096 410
1757574563213 5.807227938341508 411
1757574563285 5.276538371660856 412
1757574563353 5.508733254956617 413
1757574563422 5.098941781735991 414
1757574563495 6.227932497268944 415
1757574563565 4.473439039386837 416
1757574563641 5.830986310577355 417
1757574563712 5.445951905771966 418
1757574563785 5.522249226612108 419
1757574563855 7.763407748710971 420
1757574563923 5.7695952910848165 421
1757574563992 7.429450633319418 422
1757574564183 5.186994431347991 423
1757574564353 6.298038082348692 424
1757574564456 6.007180884529396 425
1757574564572 5.308547196101431 426
1757574564662 7.412842135829327 427
1757574564740 5.508018607308162 428
1757574564817 4.944445695835584 429
1757574564893 5.4682881709953435 430
1757574564968 12.08738693595916 431
1757574565046 4.593268589153715 432
1757574565120 7.86177946773201 433
1757574565195 4.768257962943646 434
1757574565273 5.580032445397378 435
1757574565348 5.210798862737534 436
1757574565422 6.454700631173648 437
1757574565496 7.148243422615368 438
1757574565571 6.3665952529496765 439
1757574565655 5.685018630108201 440
1757574565729 2.836799069092289 441
1757574565804 4.938669909951096 442
1757574565878 5.254659841395589 443
1757574565954 4.982457022548932 444
1757574566025 4.15273647212317 445
1757574566094 6.121305567748164 446
1757574566166 5.257347827310085 447
1757574566237 6.0105204467144695 448
1757574566312 6.073699528836815 449
1757574566388 5.327075722993235 450
1757574566462 4.569948416609072 451
1757574566535 6.088311992611846 452
1757574566608 3.7846181788350908 453
1757574566687 5.814188884783185 454
1757574566759 5.470208099618042 455
1757574566831 6.034355818356521 456
1757574566905 5.035082792102465 457
1757574566977 4.464332198524288 458
1757574567047 6.221688099469901 459
1757574567116 4.675132622806026 460
1757574567186 3.629016128756161 461
1757574567259 4.159221001808212 462
1757574567477 7.942992349743208 463
1757574567706 4.774480419906968 464
1757574567842 5.501620110763098 465
1757574567932 3.0286070706317534 466
1757574568024 4.5474496181304636 467
1757574568200 5.557746022918842 468
1757574568362 5.052123732207526 469
1757574568480 5.5996566920215285 470
1757574568569 4.438766453794488 471
1757574568649 3.862951507169426 472
1757574568735 4.155251269895719 473
1757574568813 6.5390855353965955 474
1757574568891 5.563240955204172 475
1757574568970 9.22317528927513 476
1757574569047 4.607533692582385 477
1757574569138 5.583137548806451 478
1757574569220 4.489517972037199 479
1757574569304 3.9215656336274116 480
1757574569382 4.1921505767791745 481
1757574569459 4.990102065049025 482
1757574569543 4.260801838389079 483
1757574569620 4.561279875518141 484
1757574569698 3.4646229036094867 485
1757574569774 5.443940671463927 486
1757574569844 3.5149826217420905 487
1757574569917 4.557939636011401 488
1757574569992 5.074216740472177 489
1757574570063 3.487429835199066 490
1757574570134 7.7104930893853165 491
1757574570206 4.172568483885565 492
1757574570275 3.759205120784569 493
1757574570354 4.8392441758853435 494
1757574570431 4.756655528562039 495
1757574570504 3.666257833449634 496
1757574570577 4.964512568667733 497
1757574570652 4.143955354813359 498
1757574570731 4.249870925168057 499
