1757327827145 21733.26245699523 0
1757327827170 4.422937039722756e+18 1
1757327827195 9.034607732053008e+32 2
1757327827223 1.8454736329954198e+47 3
1757327827260 3.769696517092044e+61 4
1757327827283 7.700251890302212e+75 5
1757327827307 1.572908559223812e+90 6
1757327827373 3.212935590841342e+104 7
1757327827398 6.562972176837249e+118 8
1757327827426 1.340599665823392e+133 9
1757327827450 2.7384048196161667e+147 10
1757327827473 5.593661662962789e+161 11
1757327827496 1.1426013632303369e+176 12
1757327827542 2.333959316667575e+190 13
1757327827565 4.7675123338368087e+204 14
1757327827588 9.738461887904214e+218 15
1757327827611 1.9892479201168445e+233 16
1757327827634 4.0633801654080156e+247 17
1757327827677 8.300151128302517e+261 18
1757327827702 1.6954482708546656e+276 19
1757327827725 3.463243975573183e+290 20
1757327827775 inf 21
1757327827798 inf 22
