1757509913838 169.6085632387107 0
1757509913898 169.58977904426047 1
1757509913957 169.57914679517074 2
1757509914020 169.56859975601296 3
1757509914086 169.55818781509592 4
1757509914146 169.5479089056798 5
1757509914204 169.5377613209269 6
1757509914264 169.52774337382016 7
1757509914323 169.51785339909998 8
1757509914381 169.5080897529685 9
1757509914441 169.4984508128125 10
1757509914501 169.4889349769297 11
1757509914559 169.47954066425854 12
1757509914618 169.47026631411148 13
1757509914677 169.4611103859121 14
1757509914737 169.4520713589348 15
1757509914795 169.4431477320487 16
1757509914862 169.4343380234646 17
1757509914920 169.42564077048476 18
1757509914978 169.41705452925666 19
1757509915037 169.40857787452947 20
1757509915097 169.40020939941368 21
1757509915156 169.39194771514403 22
1757509915215 169.38379145084548 23
1757509915274 169.3757392533021 24
1757509915333 169.3677897867289 25
1757509915391 169.359941732547 26
1757509915450 169.35219378916108 27
1757509915507 169.34454467174038 28
1757509915566 169.33699311200206 29
1757509915629 169.32953785799742 30
1757509915689 169.3221776739011 31
1757509915748 169.31491133980313 32
1757509915807 169.3077376515029 33
1757509915869 169.3006554203067 34
1757509915928 169.29366347282752 35
1757509915987 169.28676065078724 36
1757509916047 169.27994581082172 37
1757509916106 169.2732178242882 38
1757509916164 169.26657557707532 39
1757509916225 169.26001796941534 40
1757509916285 169.25354391569923 41
1757509916345 169.24715234429377 42
1757509916403 169.24084219736108 43
1757509916463 169.23461243068084 44
1757509916524 169.22846201347406 45
1757509916584 169.22238992823011 46
1757509916643 169.21639517053515 47
1757509916702 169.21047674890303 48
1757509916760 169.20463368460878 49
1757509916821 169.1988650115236 50
1757509916888 169.19316977595247 51
1757509916947 169.18754703647377 52
1757509917006 169.18199586378066 53
1757509917066 169.1765153405249 54
1757509917125 169.17110456116265 55
1757509917184 169.16576263180187 56
1757509917244 169.16048867005227 57
1757509917303 169.15528180487672 58
1757509917363 169.1501411764449 59
1757509917425 169.14506593598853 60
1757509917484 169.1400552456589 61
1757509917543 169.1351082783859 62
1757509917602 169.1302242177388 63
1757509917663 169.12540225778923 64
1757509917723 169.12064160297567 65
1757509917782 169.11594146796963 66
1757509917844 169.1113010775437 67
1757509917911 169.10671966644122 68
1757509917970 169.10219647924785 69
1757509918031 169.09773077026438 70
1757509918092 169.0933218033816 71
1757509918152 169.08896885195654 72
1757509918212 169.08467119869042 73
1757509918272 169.08042813550816 74
1757509918333 169.0762389634394 75
1757509918393 169.07210299250116 76
1757509918453 169.06801954158172 77
1757509918513 169.06398793832662 78
1757509918573 169.0600075190254 79
1757509918686 169.0560776285003 80
1757509918763 169.0521976199962 81
1757509918824 169.0483668550721 82
1757509918883 169.04458470349374 83
1757509918950 169.0408505431281 84
1757509919009 169.03716375983865 85
1757509919068 169.03352374738247 86
1757509919130 169.0299299073084 87
1757509919190 169.02638164885667 88
1757509919250 169.02287838885962 89
1757509919309 169.01941955164412 90
1757509919371 169.0160045689345 91
1757509919430 169.01263287975775 92
1757509919506 169.00930393034895 93
1757509919566 169.00601717405868 94
1757509919626 169.0027720712611 95
1757509919686 168.99956808926353 96
1757509919748 168.9964047022173 97
1757509919811 168.993281391029 98
1757509919872 168.99019764327406 99
1757509919942 168.9871529531105 100
1757509920003 168.98414682119397 101
1757509920063 168.98117875459448 102
1757509920122 168.9782482667133 103
1757509920181 168.97535487720162 104
1757509920241 168.97249811188001 105
1757509920302 168.96967750265884 106
1757509920364 168.96689258745994 107
1757509920425 168.96414291013912 108
1757509920486 168.9614280204097 109
1757509920547 168.9587474737671 110
1757509920606 168.95610083141423 111
1757509920664 168.95348766018827 112
1757509920724 168.9509075324877 113
1757509920784 168.94836002620102 114
1757509920844 168.94584472463578 115
1757509920949 168.94336121644903 116
1757509921119 168.9409090955782 117
1757509921247 168.9384879611733 118
1757509921325 168.93609741752957 119
1757509921402 168.93373707402137 120
1757509921550 168.9314065450368 121
1757509921648 168.9291054499131 122
1757509921710 168.92683341287275 123
1757509921772 168.92459006296096 124
1757509921835 168.92237503398326 125
1757509921900 168.92018796444415 126
1757509921974 168.91802849748694 127
1757509922036 168.91589628083375 128
1757509922097 168.91379096672674 129
1757509922160 168.9117122118697 130
1757509922222 168.90965967737085 131
1757509922283 168.90763302868598 132
1757509922345 168.90563193556264 133
1757509922409 168.90365607198473 134
1757509922476 168.90170511611814 135
1757509922546 168.89977875025673 136
1757509922612 168.89787666076944 137
1757509922675 168.89599853804765 138
1757509922739 168.89414407645344 139
1757509922801 168.89231297426858 140
1757509922864 168.89050493364414 141
1757509922927 168.88871966055044 142
1757509923002 168.88695686472812 143
1757509923070 168.88521625963966 144
1757509923134 168.88349756242124 145
1757509923198 168.8818004938358 146
1757509923262 168.88012477822616 147
1757509923349 168.87847014346903 148
1757509923424 168.8768363209295 149
1757509923492 168.87522304541622 150
1757509923559 168.87363005513714 151
1757509923622 168.87205709165565 152
1757509923688 168.87050389984745 153
1757509923754 168.86897022785823 154
1757509923821 168.8674558270611 155
1757509923887 168.86596045201546 156
1757509923948 168.86448386042588 157
1757509924020 168.86302581310179 158
1757509924097 168.86158607391727 159
1757509924159 168.86016440977193 160
1757509924220 168.85876059055175 161
1757509924312 168.85737438909104 162
1757509924378 168.8560055811341 163
1757509924439 168.85465394529803 164
1757509924500 168.85331926303573 165
1757509924566 168.85200131859963 166
1757509924646 168.85069989900538 167
1757509924715 168.84941479399652 168
1757509924775 168.84814579600942 169
1757509924836 168.8468927001385 170
1757509924899 168.8456553041024 171
1757509924961 168.84443340820977 172
1757509925025 168.8432268153264 173
1757509925089 168.84203533084207 174
1757509925150 168.8408587626383 175
