1757508024563 158.00188397054094 0
1757508024623 156.86951627351186 1
1757508024682 143.203924260321 2
1757508024744 142.67401076723178 3
1757508024805 135.2293743679826 4
1757508024864 137.36066162362044 5
1757508024929 126.61721823117811 6
1757508024988 124.40536297831373 7
1757508025044 118.52006292800993 8
1757508025102 125.05035811579863 9
1757508025157 117.69333010690029 10
1757508025214 109.99693465173391 11
1757508025272 100.6959630758834 12
1757508025328 110.38428178251633 13
1757508025394 107.26010506375798 14
1757508025454 101.95661631269961 15
1757508025513 104.40013379899712 16
1757508025573 89.40916354102693 17
1757508025630 95.42684670625991 18
1757508025694 102.48949628443368 19
1757508025754 91.57998949012133 20
1757508025811 87.0952009692466 21
1757508025869 90.8005305042226 22
1757508025929 87.96610195545381 23
1757508025989 79.65996021308597 24
1757508026048 90.67730604668245 25
1757508026107 75.03966438294383 26
1757508026166 76.18417328806704 27
1757508026225 73.50806305041074 28
1757508026281 83.77866378373155 29
1757508026339 72.10749825828624 30
1757508026405 75.27897007524693 31
1757508026464 61.7445219384635 32
1757508026526 67.47502766783357 33
1757508026584 69.07625153501253 34
1757508026641 70.50719190546118 35
1757508026699 66.4556238215485 36
1757508026758 63.314840200895894 37
1757508026817 65.58420527388307 38
1757508026874 67.39552971504132 39
1757508026933 58.50476026235611 40
1757508026991 71.32822940637645 41
1757508027049 67.81161682632312 42
1757508027106 62.63207474621142 43
1757508027168 63.27918145596035 44
1757508027226 55.00671666327352 45
1757508027287 76.21384395750404 46
1757508027350 65.39628746920363 47
1757508027416 53.325523660580224 48
1757508027477 51.03947009525768 49
1757508027535 60.00642820328585 50
1757508027593 52.67028095090193 51
1757508027651 61.736546651069155 52
1757508027710 65.99883160085382 53
1757508027770 52.63159255879142 54
1757508027827 51.66192821162536 55
1757508027884 48.68716892961938 56
1757508027945 47.787974381782014 57
1757508028006 59.62710199508661 58
1757508028069 57.630290131912574 59
1757508028128 50.027559208829494 60
1757508028187 59.78110635907976 61
1757508028245 47.336005017392836 62
1757508028303 50.658483127385956 63
1757508028362 49.90953351248296 64
1757508028428 61.584018466466844 65
1757508028485 48.701595439223006 66
1757508028542 62.00124348282538 67
1757508028601 47.14638884305105 68
1757508028658 48.97857328007294 69
1757508028727 43.97767108061422 70
1757508028786 58.59310031111297 71
1757508028844 43.720201041758635 72
1757508028901 47.96619563546105 73
1757508028989 44.20913303198194 74
1757508029130 41.84577470340128 75
1757508029194 48.71669709875619 76
1757508029263 42.134002011337884 77
1757508029356 51.1681217750009 78
1757508029420 45.011319408624544 79
1757508029487 46.35584185710787 80
1757508029589 52.549172853871184 81
1757508029683 48.48271563534769 82
1757508029759 45.21374359316154 83
1757508029831 191.63340187513657 84
1757508029900 41.590194693648655 85
1757508030019 62.3461314175286 86
1757508030197 36.00251725103291 87
1757508030342 41.19563281392146 88
1757508030482 39.27445975880706 89
1757508030580 29.856446605086667 90
1757508030659 42.322823784340926 91
1757508030762 40.90264372476561 92
1757508030915 39.942539768989825 93
1757508031040 36.970931766545746 94
1757508031121 34.58299544307689 95
1757508031196 39.35964840097149 96
1757508031270 42.2298420666703 97
1757508031347 37.985196044115476 98
1757508031425 35.48027619987734 99
1757508031510 42.916748170564915 100
1757508031587 43.283767475994374 101
1757508031667 35.04722082751924 102
1757508031744 30.597233332933044 103
1757508031831 27.593403580260993 104
1757508031935 32.07865307873756 105
1757508032018 34.80031558421983 106
1757508032091 36.44941932079711 107
1757508032163 32.00030139245463 108
1757508032238 29.590768800696107 109
1757508032315 46.94158829945178 110
1757508032383 32.128615565211035 111
1757508032453 37.49597658760183 112
1757508032522 34.52575509040235 113
1757508032592 45.75159710684572 114
1757508032654 24.814006082125474 115
1757508032719 42.8211752254236 116
1757508032783 35.60259950350823 117
1757508032846 164.71215830939622 118
1757508032906 35.613084049633805 119
1757508032975 25.255768207492448 120
1757508033039 35.86829189236763 121
1757508033101 152.65733723181677 122
1757508033164 28.819846046719356 123
1757508033225 26.470571478692772 124
1757508033285 24.96928602895468 125
1757508033344 27.819728547797865 126
1757508033408 21.056441367620266 127
1757508033469 31.202181604003055 128
1757508033536 32.28265916255567 129
1757508033597 32.28310500425304 130
1757508033656 29.485867109025445 131
1757508033714 33.039741882532304 132
1757508033774 26.476425193101143 133
1757508033833 146.88687580984276 134
1757508033892 24.292497269096994 135
1757508033952 29.785910961884458 136
1757508034011 47.22887089819972 137
1757508034076 29.567222698405974 138
1757508034134 26.516257790985218 139
1757508034193 35.32151433718114 140
1757508034253 41.52156904683421 141
1757508034310 25.989392320018112 142
1757508034370 30.29425024191785 143
1757508034428 24.437193945317308 144
1757508034492 26.279961317539087 145
1757508034563 30.058448779283346 146
1757508034623 26.237213804702748 147
1757508034684 28.088692319469814 148
1757508034745 27.82720207924808 149
1757508034886 29.773119565196936 150
1757508034964 28.365253273587584 151
1757508035028 25.21191516084142 152
1757508035090 29.57009871694588 153
1757508035152 35.894162363267185 154
1757508035215 23.21045208577109 155
1757508035280 28.594368659916686 156
1757508035342 35.79406170827083 157
1757508035402 26.668647861518128 158
1757508035465 23.211337894971486 159
1757508035527 29.803486415466086 160
1757508035597 25.08478956617328 161
1757508035656 19.886275488646824 162
1757508035718 27.865536896862874 163
1757508035780 22.40578810774389 164
1757508035839 26.597300644305932 165
1757508035902 23.72915006908524 166
1757508035962 26.154255298875405 167
1757508036023 22.24631114438581 168
1757508036083 44.78552097727107 169
1757508036144 33.15514198779716 170
1757508036203 37.393741760367114 171
1757508036260 19.907292527931514 172
1757508036320 30.68729025832869 173
1757508036379 28.924160891636024 174
1757508036438 27.247570320279557 175
1757508036499 26.616684242550857 176
1757508036568 25.933649219035487 177
1757508036627 30.18980625327957 178
1757508036685 29.114237722931097 179
1757508036746 25.193945296514094 180
1757508036805 24.882575748162733 181
1757508036863 26.657098700929115 182
1757508036922 23.075118388879932 183
1757508036986 21.786286631432255 184
1757508037044 36.9338654776449 185
1757508037102 38.19962978571613 186
1757508037162 19.090986031276373 187
1757508037229 24.86401800977312 188
1757508037289 17.52002573985305 189
1757508037349 21.780394373372893 190
1757508037411 42.08779698790367 191
1757508037473 24.110159572843497 192
1757508037535 24.743116007625712 193
1757508037605 22.406892270578204 194
1757508037665 24.090563742511225 195
1757508037724 34.85444917896811 196
1757508037785 24.472240335829884 197
1757508037844 26.85907942203797 198
1757508037903 21.409021888974358 199
1757508037962 40.63222001727991 200
1757508038026 20.943432646642208 201
1757508038086 29.972452412569325 202
1757508038146 20.893145496936413 203
1757508038206 25.239193527780486 204
1757508038266 34.5363215313388 205
1757508038325 30.6944879710255 206
1757508038386 17.573708613875887 207
1757508038448 22.42315708516345 208
1757508038517 33.34477693210657 209
1757508038576 22.04269954231169 210
1757508038644 24.34334325665802 211
1757508038703 17.887775790967545 212
1757508038763 27.292197485556226 213
1757508038834 21.49800553865695 214
1757508038894 20.92497110078663 215
1757508038953 46.84498222851013 216
1757508039014 20.419388990702995 217
1757508039074 17.933292095555714 218
1757508039135 22.89805585869553 219
1757508039196 25.115945796779627 220
1757508039255 25.3614799007412 221
1757508039314 19.24355393617415 222
1757508039375 20.84747743673625 223
1757508039434 31.09971201952241 224
1757508039496 22.93959101501058 225
1757508039558 25.430053049390093 226
1757508039624 21.95859480033623 227
1757508039684 27.715644055325114 228
1757508039743 20.400956832228836 229
1757508039803 21.766796465910804 230
1757508039862 20.845089486751807 231
1757508039922 25.95251563337558 232
1757508039984 25.49098529471651 233
1757508040044 25.054343364329405 234
1757508040103 27.980578319115462 235
1757508040165 18.8199628076157 236
1757508040226 25.79073270297225 237
1757508040286 21.64351073091537 238
1757508040345 26.366715662930694 239
1757508040405 20.59942392467676 240
1757508040466 16.006022914719185 241
1757508040527 28.639967621092147 242
1757508040587 20.75828598650291 243
1757508040656 20.80996343165476 244
1757508040715 23.489006942241108 245
1757508040776 17.105962309589877 246
1757508040837 24.08799826616328 247
1757508040901 33.39532839506331 248
1757508040960 21.785300220948223 249
1757508041022 23.460763381655507 250
1757508041083 25.755614332709545 251
1757508041142 16.230777014639855 252
1757508041206 19.848458140536987 253
1757508041266 19.585643566584793 254
1757508041326 13.346867813711706 255
1757508041387 18.826184676597673 256
1757508041446 18.876297905272846 257
1757508041510 20.257771792422858 258
1757508041571 15.867633429533477 259
1757508041631 24.718540289994692 260
1757508041701 21.02696848390084 261
1757508041762 17.277764923860136 262
1757508041823 20.278596012544792 263
1757508041884 22.699781721427367 264
1757508041943 15.560894463529621 265
1757508042005 17.364492996676194 266
1757508042065 21.878101554804566 267
1757508042191 30.47898554396393 268
1757508042348 21.858770921316026 269
1757508042465 22.541095859424964 270
1757508042598 16.711896933979844 271
1757508042666 12.264782902569733 272
1757508042766 29.44048613866326 273
1757508042897 17.330310722052175 274
1757508042980 19.79555955370599 275
1757508043054 15.36095476923681 276
1757508043119 22.278095264000452 277
1757508043188 13.785583105881171 278
1757508043252 17.03454705663559 279
1757508043316 16.988036419720306 280
1757508043382 19.23250721790215 281
1757508043444 22.871598759749556 282
1757508043508 16.441927712763956 283
1757508043572 24.68968231672557 284
1757508043635 13.99527152316347 285
1757508043706 15.910434737658596 286
1757508043771 16.71737084863973 287
1757508043835 18.693508364882014 288
1757508043900 14.925707511392472 289
1757508043963 18.301710988316756 290
1757508044026 21.412895109072892 291
1757508044089 16.212218282028445 292
1757508044151 16.06581525280794 293
1757508044216 17.645974479086178 294
1757508044278 23.08489659905681 295
1757508044341 27.496371525576905 296
1757508044404 17.00820376883435 297
1757508044467 19.790431349100697 298
1757508044530 14.150084297973939 299
1757508044593 21.46683183974743 300
1757508044654 17.17424898947565 301
1757508044724 17.78213335044168 302
1757508044789 14.889700904023051 303
1757508044852 27.53622890623684 304
1757508044914 18.03878102736316 305
1757508044977 13.616222665110167 306
1757508045040 18.564673852799693 307
1757508045103 21.85464056558996 308
1757508045166 18.635263695014388 309
1757508045230 14.618752995133944 310
1757508045292 18.377585068995074 311
1757508045354 14.174184586632517 312
1757508045417 14.769294164965828 313
1757508045479 16.07577904372157 314
1757508045542 15.439341810107626 315
1757508045630 18.947559714353467 316
1757508045733 16.95973412951858 317
1757508045825 16.306565408189435 318
1757508045914 18.465358914936843 319
1757508045994 14.713937193492095 320
1757508046077 31.31285836323104 321
1757508046160 16.831812376479228 322
1757508046248 16.39782169305775 323
1757508046329 16.31984047940725 324
1757508046411 15.691012407534226 325
1757508046492 20.558687493411046 326
1757508046571 13.87212810250565 327
1757508046655 19.043656397328387 328
1757508046725 18.62860331886327 329
1757508046808 13.123002507147804 330
1757508046882 70.6617207921809 331
1757508046955 16.424329756154037 332
1757508047030 17.46349535000024 333
1757508047108 18.95956448884998 334
1757508047188 16.067759860944467 335
1757508047265 16.282317661441017 336
1757508047344 14.984499921731283 337
1757508047421 16.416587092066464 338
1757508047503 18.73466169491415 339
1757508047599 13.55077695923664 340
1757508047697 18.794023579185453 341
1757508047775 17.56165188299228 342
1757508047851 16.13113222868461 343
1757508047923 18.020097714438023 344
1757508047996 16.17985811347177 345
1757508048064 16.18352702885458 346
1757508048135 15.578024100090769 347
1757508048209 18.2778122368305 348
1757508048281 12.73740273128959 349
1757508048350 19.032774143674445 350
1757508048421 17.459108030093322 351
1757508048490 14.764423428206376 352
1757508048558 15.253232165309239 353
1757508048631 17.005368518703044 354
1757508048701 17.874159182334946 355
1757508048776 23.667707626891936 356
1757508048841 25.069444767927184 357
1757508048905 12.456946542932918 358
1757508048970 19.734675186265708 359
1757508049035 14.112061142138776 360
1757508049099 15.37075119954261 361
1757508049178 19.62299985107965 362
1757508049245 15.58282943795185 363
1757508049311 14.668515028146356 364
1757508049377 10.786709794753508 365
1757508049456 16.73662157837019 366
1757508049518 12.400673269241384 367
1757508049583 14.381589061133804 368
1757508049649 20.047777014846456 369
1757508049713 16.333049860798056 370
1757508049778 20.183344232781756 371
1757508049849 17.68129445554352 372
1757508049912 16.558628238710817 373
1757508049977 19.921758392152693 374
1757508050046 19.742925185706284 375
1757508050112 12.755242235653487 376
1757508050180 13.344797712674243 377
1757508050250 19.91075365172364 378
1757508050318 15.939453652052736 379
1757508050385 14.99794962330293 380
1757508050453 16.56297096461121 381
1757508050520 17.889288338893603 382
1757508050588 15.21595956761149 383
1757508050659 13.447888067157072 384
1757508050727 12.508761819940123 385
1757508050796 14.89468173590494 386
1757508050865 11.250133602006695 387
1757508050995 12.19687430494928 388
1757508051063 13.915788087331315 389
1757508051134 14.908849723576449 390
1757508051203 20.000523949034882 391
1757508051269 20.721958484690948 392
1757508051337 17.058420985164755 393
1757508051409 18.086912363768185 394
1757508051476 15.288318176865488 395
1757508051542 13.89637929515746 396
1757508051610 16.296743467914677 397
1757508051686 15.934493411410003 398
1757508051753 15.793471520830304 399
1757508051827 11.770408000078161 400
1757508051899 12.31094840890509 401
1757508051967 11.878433163565504 402
1757508052034 10.849123157682913 403
1757508052104 14.42655164720097 404
1757508052172 11.3990973724469 405
1757508052241 13.261953789281405 406
1757508052309 21.055090082531088 407
1757508052377 19.767646707467375 408
1757508052445 15.97500258513403 409
1757508052512 12.257374599608617 410
1757508052579 13.950100534303003 411
1757508052650 16.314517870705128 412
1757508052718 17.625365598753966 413
1757508052786 14.792778260604956 414
1757508052862 12.13397912750527 415
1757508052929 13.544151232118741 416
1757508052996 12.222480255972064 417
1757508053063 16.635799043147596 418
1757508053132 13.598413323705183 419
1757508053203 12.841356374088239 420
1757508053270 13.250489928685806 421
1757508053337 15.14283029794928 422
1757508053406 13.663125283111118 423
1757508053473 12.711207842322558 424
1757508053539 54.383408370056706 425
1757508053608 13.855210831516274 426
1757508053679 15.454116070117067 427
1757508053748 14.588661843374696 428
1757508053817 15.040964993333962 429
1757508053895 14.603556579218788 430
1757508053962 12.512604484052662 431
1757508054035 12.50994901526286 432
1757508054105 18.112203432352533 433
1757508054173 11.098504944336787 434
1757508054242 10.149961534368783 435
1757508054311 16.16274461727599 436
1757508054380 11.754746987665008 437
1757508054449 11.14991875025337 438
1757508054518 11.353212876340928 439
1757508054663 12.135194757684793 440
1757508054828 12.075043680583189 441
1757508054927 13.739162967899873 442
1757508055010 14.341142960398269 443
1757508055080 14.514223136104752 444
1757508055164 15.268147601378836 445
1757508055342 15.661957836437772 446
1757508055456 15.724972420512554 447
1757508055526 13.673740657310221 448
1757508055595 10.98447392573665 449
1757508055664 10.8330919592951 450
1757508055734 10.550003933027856 451
1757508055800 20.2699369528029 452
1757508055866 13.314016282978764 453
1757508055944 11.309128721998928 454
1757508056012 16.61018140887751 455
1757508056078 10.521461360595042 456
1757508056148 9.308543048634721 457
1757508056219 16.153416005456215 458
1757508056286 13.909871766140261 459
1757508056359 14.756588119078332 460
1757508056426 14.361165802434243 461
1757508056492 9.4697013340179 462
1757508056556 13.717604518278664 463
1757508056625 12.514453346821249 464
1757508056691 9.915704541243366 465
1757508056763 11.71175719123412 466
1757508056836 15.180276991975491 467
1757508056905 16.48522467914671 468
1757508056979 10.722608739304862 469
1757508057048 12.173662762137898 470
1757508057115 14.06187165084208 471
1757508057181 11.140465027220806 472
1757508057251 15.550144981672354 473
1757508057319 11.22525629680732 474
1757508057385 9.456487715803211 475
1757508057454 17.4036551112015 476
1757508057523 8.559781542594393 477
1757508057589 13.758170900587917 478
1757508057655 8.11829542603219 479
1757508057723 13.038111201917264 480
1757508057791 11.008432069408967 481
1757508057858 10.013855791916914 482
1757508057925 14.023704414465831 483
1757508057998 11.627091439236644 484
1757508058065 8.591746694836479 485
1757508058132 12.420949815191845 486
1757508058198 12.487508250274555 487
1757508058267 12.224417885459578 488
1757508058335 12.99159483209663 489
1757508058411 10.366547970000232 490
1757508058478 10.595037763531531 491
1757508058545 12.325870693137334 492
1757508058614 11.301083938698426 493
1757508058681 13.643366916844457 494
1757508058749 11.486226048532533 495
1757508058817 11.708976514338483 496
1757508058884 13.524027960375816 497
1757508058952 11.560883616367164 498
1757508059031 13.751071893971734 499
