1757491015338 118.94228467026399 0
1757491015437 222.19517612685533 1
1757491015560 166.98550237090683 2
1757491015691 129.3316695159566 3
1757491015796 173.61512360630152 4
1757491015899 160.38239272819527 5
1757491015991 184.06348486236183 6
1757491016086 158.4880672148455 7
1757491016180 186.15347512243778 8
1757491016270 154.50130034222659 9
1757491016353 164.8111853914164 10
1757491016445 162.1757197666036 11
1757491016535 148.5041486441684 12
1757491016621 194.46885151109493 13
1757491016727 135.93570766876638 14
1757491016822 201.34782401494255 15
1757491016912 191.72740857970163 16
1757491016998 220.35379363805814 17
1757491017088 146.02042134289778 18
1757491017179 186.25497890140173 19
1757491017264 163.72842537666955 20
1757491017356 171.0920276444167 21
1757491017445 167.51337618932743 22
1757491017535 173.0188756602784 23
1757491017623 208.8512098157417 24
1757491017713 174.06569543156624 25
1757491017795 173.5504398532325 26
1757491017889 210.74104439017557 27
1757491017968 185.3927659712133 28
1757491018058 184.11256357113336 29
1757491018144 199.33181291780537 30
1757491018232 209.33379052512575 31
1757491018321 169.57427797168498 32
1757491018409 174.50652877134002 33
1757491018496 143.93609724483758 34
1757491018584 169.2503585454477 35
1757491018672 159.7364319771458 36
1757491018766 155.39329937922693 37
1757491018849 156.40210058054717 38
1757491018933 155.2966456396974 39
1757491019018 159.4771006651241 40
1757491019108 159.9873477362722 41
1757491019189 193.25459284905236 42
1757491019277 160.05382273558615 43
1757491019362 173.48951181960456 44
1757491019446 165.1927816597951 45
1757491019530 142.82505044973902 46
1757491019610 192.69622393015138 47
1757491019697 162.38076638719747 48
1757491019798 181.78335817748908 49
1757491019887 98.95045087954925 50
1757491019977 162.2801527231229 51
1757491020071 167.76057752619843 52
1757491020164 212.4534124867714 53
1757491020273 197.49669584058395 54
1757491020368 182.54548938977186 55
1757491020461 165.322415483395 56
1757491020552 192.85656866053202 57
1757491020642 187.6291232448439 58
1757491020744 179.86943027622897 59
1757491020860 183.1486122111564 60
1757491021042 161.30277195267882 61
1757491021203 202.07208130307657 62
1757491021320 170.72240629498017 63
1757491021497 155.17311905363854 64
1757491021646 172.63757931035607 65
1757491021757 162.3364038267424 66
1757491021911 171.6433236608361 67
1757491022055 180.88799976106202 68
1757491022163 173.47055510283988 69
1757491022264 164.16836161988354 70
1757491022363 179.03582434887085 71
1757491022456 144.91430677267525 72
1757491022548 105.39276694774445 73
1757491022643 203.91401697560946 74
1757491022738 156.96419703382983 75
1757491022837 180.00526405856428 76
1757491022942 144.70300117408283 77
1757491023048 183.5209720315971 78
1757491023143 191.59988352356453 79
1757491023236 200.12299865171033 80
1757491023333 191.36164377550526 81
1757491023433 176.95147112083754 82
1757491023529 171.28871859543588 83
1757491023623 188.06251385459942 84
1757491023717 182.06769954779483 85
1757491023816 193.17004189394 86
1757491023910 137.5373253673739 87
1757491024007 209.62036308470942 88
1757491024108 146.01196896499903 89
1757491024213 177.87089536670115 90
1757491024309 122.40215817689888 91
1757491024403 189.0166883353225 92
1757491024497 161.89746789259434 93
1757491024593 136.51797507083205 94
1757491024696 173.34233179966023 95
1757491024804 265.32849805289 96
1757491024905 106.93733487315008 97
1757491025002 177.70286120238276 98
1757491025098 175.13544328669647 99
1757491025193 177.29716332837478 100
1757491025290 205.11948300930143 101
1757491025385 164.81747718954563 102
1757491025480 164.61238068700908 103
1757491025575 125.20412734820974 104
1757491025686 193.2426050823495 105
1757491025794 139.1116110125782 106
1757491025908 161.73077476194393 107
1757491026007 160.7416925010707 108
1757491026121 182.5782401302272 109
1757491026233 163.992386144207 110
1757491026336 195.27741019030708 111
1757491026461 180.90288796806982 112
1757491026572 83.8763316302545 113
1757491026682 183.8523935794499 114
1757491026783 191.9123218895096 115
1757491026891 152.34452941024836 116
1757491026999 164.71729350186484 117
1757491027104 169.23249919074146 118
1757491027207 148.53652986974112 119
1757491027309 187.67060736768593 120
1757491027408 169.2324567430502 121
1757491027509 143.75304209364853 122
1757491027739 190.68958247124544 123
1757491027912 157.37088725059246 124
1757491028034 299.98159464000594 125
1757491028195 104.28234934656177 126
1757491028412 127.4081902492349 127
1757491028535 157.63352515043852 128
1757491028654 214.24288743336862 129
1757491028768 153.05370674315185 130
1757491028883 181.39548143176665 131
1757491028991 197.9426396826927 132
1757491029097 181.92982080150807 133
1757491029199 228.33178786376263 134
1757491029302 164.03386108827254 135
1757491029398 196.85577734499623 136
1757491029498 157.3364118781849 137
1757491029593 196.09000894529208 138
1757491029689 245.38706992126478 139
1757491029784 241.8894427393977 140
1757491029876 172.39962586154962 141
1757491029973 195.7524635747984 142
1757491030063 171.91637194883836 143
1757491030154 196.65915184647608 144
1757491030244 110.01376785212136 145
1757491030331 171.8035772275861 146
1757491030416 130.3554836034993 147
1757491030511 231.16189075346526 148
1757491030600 251.67465978473479 149
1757491030688 165.6554399060748 150
1757491030774 129.97410695225398 151
1757491030861 126.43168493334869 152
1757491030956 187.1811128699679 153
1757491031042 180.80679108712624 154
1757491031128 206.0131598263642 155
1757491031213 176.73819289393 156
1757491031300 167.16403100250312 157
1757491031389 118.18875936552848 158
1757491031476 148.01288822547508 159
1757491031563 174.04518495025115 160
1757491031646 171.2801133535088 161
1757491031734 169.01399246596426 162
1757491031819 160.41020424696055 163
1757491031906 148.7817274847081 164
1757491032001 169.7822446197807 165
1757491032087 91.04982498775509 166
1757491032171 169.12276309689446 167
1757491032255 184.08955536304077 168
1757491032369 137.65650017159356 169
1757491032455 158.35245263216825 170
1757491032571 169.03906501184815 171
1757491032665 168.88072252754765 172
1757491032759 153.72339710966247 173
1757491032850 121.76109920701894 174
1757491032942 180.22102855332932 175
1757491033033 161.52360509769613 176
1757491033122 164.93362809205172 177
1757491033211 203.61226330541953 178
1757491033299 174.8561946331761 179
1757491033384 115.07803484702963 180
1757491033473 156.98794032835377 181
1757491033567 189.46446239832926 182
1757491033653 168.8084792267227 183
1757491033744 147.2817870338664 184
1757491033845 178.2344748210309 185
1757491034001 158.24324497326168 186
1757491034157 112.7534813579479 187
1757491034268 117.23123126161441 188
1757491034428 134.5067606128229 189
1757491034564 194.44207299786373 190
1757491034665 125.99248150477374 191
1757491034761 142.24254175283957 192
1757491034851 167.39706276677205 193
1757491034939 167.72116671391433 194
1757491035046 182.70868653347935 195
1757491035142 172.3307890264887 196
1757491035235 169.91953372770448 197
1757491035349 173.20808622178703 198
1757491035443 148.9823244602266 199
1757491035536 208.7175743834233 200
1757491035630 167.9642815932154 201
1757491035723 173.04990544851253 202
1757491035815 170.0488419546068 203
1757491035907 208.64645464893354 204
1757491036002 162.32428534775104 205
1757491036170 156.97965965716566 206
1757491036282 207.22915083540192 207
1757491036388 160.97451750110318 208
1757491036493 158.3276975197019 209
1757491036602 174.8074938844412 210
1757491036743 139.26741163056965 211
1757491036843 181.694520830058 212
1757491036935 131.52820120740347 213
1757491037041 216.50726422132504 214
1757491037140 164.95632599096902 215
1757491037240 199.6477436410786 216
1757491037335 231.39500149209655 217
1757491037428 171.5642234559361 218
1757491037535 153.2385630015936 219
1757491037642 146.56003122392912 220
1757491037755 168.36174893274233 221
1757491037859 117.19904877598475 222
1757491037968 174.96089330126034 223
1757491038075 169.12033226729582 224
1757491038173 223.34225953885473 225
1757491038269 172.82246050377873 226
1757491038365 191.54040940040537 227
1757491038502 162.01114268457235 228
1757491038615 194.7093288352425 229
1757491038741 251.94480394941885 230
1757491038855 248.60466059396978 231
1757491038961 188.37534160143196 232
1757491039057 185.73828018464505 233
1757491039147 180.4279259588809 234
1757491039249 147.88964388047344 235
1757491039394 189.3646345163349 236
1757491039510 166.71866833278415 237
1757491039615 170.3655152538725 238
1757491039720 185.81881332183565 239
1757491039821 185.67393508921782 240
1757491039918 169.30873440549627 241
1757491040017 165.13673419018608 242
1757491040124 225.36493939719136 243
1757491040220 175.71718785448826 244
1757491040314 148.51597383876907 245
1757491040411 160.53624154554834 246
1757491040506 192.22601249427825 247
1757491040601 163.0608855448472 248
1757491040733 133.98841914881427 249
1757491040926 308.4463952120686 250
1757491041073 149.63327676629856 251
1757491041190 177.06995410180798 252
1757491041376 138.6701130726968 253
1757491041528 269.57966749772567 254
1757491041684 161.21746094802805 255
1757491041789 24.749143607078274 256
1757491041891 128.26483478678642 257
1757491041988 199.01374310269495 258
1757491042085 129.33832628537084 259
1757491042183 199.86021840975636 260
1757491042275 156.9996047446719 261
1757491042368 158.1433425766541 262
1757491042460 213.10570375933946 263
1757491042552 174.23065932429026 264
1757491042647 118.2948390540753 265
1757491042738 177.69313142324472 266
1757491042829 183.88155497084898 267
1757491042920 191.22571757241036 268
1757491043010 148.53714206808615 269
1757491043099 207.3027869187602 270
1757491043183 185.33405590617946 271
1757491043272 180.19345425052674 272
1757491043363 147.78084625535647 273
1757491043453 166.8264507696319 274
1757491043543 174.83202888420627 275
1757491043632 151.1420243697925 276
1757491043721 204.29385365880879 277
1757491043810 147.2538740104048 278
1757491043901 152.01243211881788 279
1757491043992 183.0084681818063 280
1757491044083 172.3033319092889 281
1757491044185 156.68292955993584 282
1757491044275 140.37703593132682 283
1757491044365 209.2814433404747 284
1757491044460 159.37156834386172 285
1757491044549 185.8835597719205 286
1757491044648 153.0556206863608 287
1757491044739 122.62467070894846 288
1757491044843 209.0453301175207 289
1757491044950 159.46772206832415 290
1757491045044 239.40179230374608 291
1757491045140 201.6152348420553 292
1757491045241 168.09516535228107 293
1757491045326 235.99170391684822 294
1757491045419 313.7494341112451 295
1757491045512 203.0504612438495 296
1757491045606 157.6350571483282 297
1757491045707 173.9962603173903 298
1757491045804 196.03944771259714 299
1757491045896 171.82816921260607 300
1757491045990 141.4295262224474 301
1757491046083 171.46408064329802 302
1757491046180 156.7765003890242 303
1757491046274 147.71806201662227 304
1757491046365 168.264002327446 305
1757491046455 139.9899168094009 306
1757491046550 163.12814509688238 307
1757491046640 185.88633280150867 308
1757491046731 179.9861782505529 309
1757491046840 148.39754950487517 310
1757491047162 123.3366834892635 311
1757491047309 154.29013645017946 312
1757491047539 149.2231544369186 313
1757491047659 152.20694481775357 314
1757491047770 151.39507260825525 315
1757491047874 196.62375052907018 316
1757491047976 179.68044399676214 317
1757491048072 180.08983658799494 318
1757491048177 171.18207278276083 319
1757491048281 167.64461269374272 320
1757491048378 174.94884930740196 321
1757491048477 153.4030973405029 322
1757491048576 144.20941644572642 323
1757491048671 144.3401136688983 324
1757491048767 177.96457223710723 325
1757491048863 280.7090259779844 326
1757491048959 149.1873560172867 327
1757491049055 226.80959972680952 328
1757491049150 153.58356003379313 329
1757491049245 172.4285120865824 330
1757491049339 170.05852149035195 331
1757491049430 194.13563584040975 332
1757491049523 190.88782604634363 333
1757491049615 169.06223253262903 334
1757491049707 197.41757713291065 335
1757491049804 182.71405724329156 336
1757491049896 273.9647854273217 337
1757491049988 198.97986903897322 338
1757491050079 170.46422913907898 339
1757491050170 129.30909666981208 340
1757491050272 177.4706391800239 341
1757491050365 110.80148507900051 342
1757491050463 107.78492418835282 343
1757491050554 155.56283923178833 344
1757491050646 234.43293745049866 345
1757491050763 162.88371700321468 346
1757491050860 193.21985108138014 347
1757491050972 148.03237766850978 348
1757491051074 156.7894124445656 349
1757491051172 188.91319387351086 350
1757491051270 154.90229104405836 351
1757491051366 169.7530929706903 352
1757491051468 112.1205317610936 353
1757491051570 194.491285210018 354
1757491051673 146.64124206257497 355
1757491051768 174.96318287130526 356
1757491051865 127.75615921821152 357
1757491051960 165.53239564361834 358
1757491052058 170.0928246024214 359
1757491052157 131.8782950728818 360
1757491052258 179.8694129326291 361
1757491052359 158.88161199244254 362
1757491052458 199.6736747435873 363
1757491052557 137.61398830193897 364
1757491052657 176.20243483944918 365
1757491052754 77.28015333097414 366
1757491052853 161.50744992957237 367
1757491052949 151.9746785239998 368
1757491053042 141.18067601973033 369
1757491053134 168.02333875987307 370
1757491053225 185.2763758991173 371
1757491053327 153.3458097627709 372
1757491053419 180.80598723952494 373
1757491053511 176.42585546058083 374
1757491053622 150.6356125217957 375
1757491053794 171.92130518607624 376
1757491053953 157.64573755735083 377
1757491054087 176.01566538636837 378
1757491054253 154.7726713474339 379
1757491054413 152.70493503271064 380
1757491054521 181.3162128479331 381
1757491054624 250.84951568623578 382
1757491054719 154.48825839583304 383
1757491054818 138.30613048086974 384
1757491054919 166.64649421232122 385
1757491055023 171.40518282725662 386
1757491055149 149.10812158082413 387
1757491055255 150.94501390078347 388
1757491055369 190.838643012777 389
1757491055469 174.1531132769835 390
1757491055564 198.5695681374902 391
1757491055667 164.249612256312 392
1757491055768 188.6834928157303 393
1757491055866 148.58886483848764 394
1757491055963 154.45126301811257 395
1757491056062 145.0952503916292 396
1757491056159 182.53275828378952 397
1757491056258 164.08872604407776 398
1757491056354 146.3376972986955 399
1757491056484 151.69443984524113 400
1757491056590 188.86976015217806 401
1757491056688 120.20312462102687 402
1757491056791 166.86277456157373 403
1757491056898 154.52634929334852 404
1757491057011 247.57316435157603 405
1757491057146 245.75635612319397 406
1757491057249 151.26834147048257 407
1757491057352 166.27028930038654 408
1757491057450 148.50249285310193 409
1757491057546 149.98985520121806 410
1757491057643 284.1749650231956 411
1757491057740 174.26565680748436 412
1757491057829 233.72925005425628 413
1757491057927 178.54545548582064 414
1757491058025 91.70814630304992 415
1757491058121 188.12808818953255 416
1757491058213 164.2166817325258 417
1757491058300 179.52213997364296 418
1757491058394 71.35632755173157 419
1757491058487 134.79777099205916 420
1757491058581 143.16082177913157 421
1757491058678 193.1761926044141 422
1757491058772 159.2747956053483 423
1757491058869 181.88829587256848 424
1757491058964 160.13726592898203 425
1757491059060 154.35212801577896 426
1757491059153 107.41218927710463 427
1757491059247 185.01716819427216 428
1757491059340 200.6455689707614 429
1757491059440 172.63105995327447 430
1757491059535 152.45820237589103 431
1757491059622 133.0799577512727 432
1757491059715 166.32982761197354 433
1757491059808 122.80222859026264 434
1757491059931 142.71290270103842 435
1757491060090 113.09799208370863 436
1757491060222 171.43870022204308 437
1757491060358 304.5386363621676 438
1757491060547 190.0622612389834 439
1757491060652 157.23747562879137 440
1757491060757 152.10355554720104 441
1757491060856 169.60786346049215 442
1757491060954 170.68766830874958 443
1757491061048 175.5174138948081 444
1757491061146 175.73117823737857 445
1757491061247 229.17957293838631 446
1757491061345 145.6728036988685 447
1757491061453 154.8063936838608 448
1757491061551 205.1963022306453 449
1757491061649 170.54277835739532 450
1757491061745 152.4868242104923 451
1757491061838 218.1790945473121 452
1757491061931 223.32133473238054 453
1757491062025 141.16666854854336 454
1757491062118 196.69648809020768 455
1757491062207 183.9626167192433 456
1757491062301 158.0359551789265 457
1757491062393 163.67827871062732 458
1757491062483 163.53952841560988 459
1757491062577 151.83902466190077 460
1757491062670 174.08344892367384 461
1757491062766 188.80900743278235 462
1757491062860 136.6829316427255 463
1757491062968 180.6726445181042 464
1757491063069 177.47861406799976 465
1757491063176 147.93246829869446 466
1757491063302 169.8211464988222 467
1757491063406 139.9649065068553 468
1757491063514 137.52406156312625 469
1757491063608 193.99585173747684 470
1757491063706 172.7378402208835 471
1757491063805 194.15909524937285 472
1757491063901 167.61567502750378 473
1757491063995 140.78416371445724 474
1757491064091 168.54344261802981 475
1757491064185 173.17445860828443 476
1757491064279 140.69715149130747 477
1757491064368 166.01283156318772 478
1757491064463 176.10606724858613 479
1757491064557 175.20553966116464 480
1757491064647 141.52418292130724 481
1757491064737 160.20815028997353 482
1757491064831 203.36393791928714 483
1757491064926 203.74272338090933 484
1757491065021 149.24599257311053 485
1757491065121 176.7904779389389 486
1757491065215 193.17556748287785 487
1757491065311 131.4419000416015 488
1757491065404 140.12090624041332 489
1757491065493 149.6856521377955 490
1757491065583 309.75950221551733 491
1757491065680 180.38898562669925 492
1757491065776 156.02609173475935 493
1757491065865 145.12501101207846 494
1757491065979 127.29789894640442 495
1757491066169 164.48201150772178 496
1757491066370 184.53005052130194 497
1757491066557 114.98141773488635 498
1757491066701 191.42981655672853 499
