1757493739125 170.1112487224954 0
1757493739175 170.08425311908238 1
1757493739229 170.0678081772873 2
1757493739280 170.0515112198599 3
1757493739340 170.03543043174741 4
1757493739398 170.01956236578366 5
1757493739464 170.00390411611983 6
1757493739518 169.98845281390487 7
1757493739570 169.97320563027 8
1757493739645 169.95815977574063 9
1757493739710 169.94331249968224 10
1757493739770 169.92866108975358 11
1757493739829 169.9142028713676 12
1757493739883 169.89993520716 13
1757493739939 169.88585549646575 14
1757493740013 169.87196117480232 15
1757493740102 169.85824971336098 16
1757493740166 169.84471861850437 17
1757493740220 169.83136543127245 18
1757493740279 169.81818772689414 19
1757493740331 169.80518311430694 20
1757493740384 169.7923492356825 21
1757493740445 169.77968376595967 22
1757493740503 169.76718441238353 23
1757493740564 169.75484891405142 24
1757493740621 169.742675041465 25
1757493740674 169.7306605960891 26
1757493740738 169.7188034099164 27
1757493740792 169.70710134503835 28
1757493740867 169.6955522932226 29
1757493740923 169.68415417549562 30
1757493740978 169.67290494173207 31
1757493741033 169.66180257024936 32
1757493741086 169.6508450674083 33
1757493741137 169.64003046721922 34
1757493741188 169.62935683095364 35
1757493741238 169.61882224676165 36
1757493741290 169.60842482929453 37
1757493741342 169.59816271933275 38
1757493741392 169.5880340834192 39
1757493741443 169.5780371134976 40
1757493741506 169.56817002655632 41
1757493741558 169.5584310642766 42
1757493741611 169.54881849268642 43
1757493741663 169.5393306018187 44
1757493741715 169.52996570537508 45
1757493741767 169.52072214039336 46
1757493741818 169.5115982669208 47
1757493741870 169.5025924676911 48
1757493741923 169.49370314780666 49
1757493741972 169.48492873442473 50
1757493742025 169.47626767644857 51
1757493742077 169.4677184442225 52
1757493742127 169.45927952923134 53
1757493742176 169.4509494438046 54
1757493742227 169.4427267208241 55
1757493742278 169.43460991343605 56
1757493742328 169.42659759476757 57
1757493742378 169.41868835764654 58
1757493742430 169.41088081432576 59
1757493742491 169.4031735962112 60
1757493742545 169.39556535359367 61
1757493742596 169.38805475538456 62
1757493742647 169.3806404888551 63
1757493742701 169.37332125937968 64
1757493742753 169.36609579018224 65
1757493742804 169.3589628220868 66
1757493742854 169.35192111327103 67
1757493742906 169.34496943902377 68
1757493742956 169.33810659150552 69
1757493743005 169.33133137951265 70
1757493743057 169.32464262824453 71
1757493743106 169.3180391790747 72
1757493743155 169.3115198893244 73
1757493743204 169.30508363203973 74
1757493743257 169.29872929577198 75
1757493743306 169.29245578436104 76
1757493743354 169.28626201672162 77
1757493743404 169.28014692663297 78
1757493743456 169.27410946253084 79
1757493743514 169.26814858730327 80
1757493743566 169.26226327808834 81
1757493743619 169.2564525260756 82
1757493743671 169.25071533630975 83
1757493743724 169.24505072749716 84
1757493743775 169.23945773181546 85
1757493743828 169.23393539472525 86
1757493743880 169.2284827747851 87
1757493743931 169.2230989434687 88
1757493743983 169.21778298498464 89
1757493744037 169.2125339960989 90
1757493744090 169.20735108595974 91
1757493744143 169.2022333759251 92
1757493744196 169.19717999939235 93
1757493744249 169.19219010163044 94
1757493744300 169.18726283961468 95
1757493744351 169.18239738186327 96
1757493744404 169.17759290827684 97
1757493744456 169.17284860997967 98
1757493744511 169.1681636891634 99
1757493744567 169.16353735893316 100
1757493744685 169.1589688431551 101
1757493744895 169.1544573763071 102
1757493745040 169.15000220333087 103
1757493745151 169.1456025794862 104
1757493745293 169.1412577702075 105
1757493745434 169.1369670509623 106
1757493745534 169.13272970711157 107
1757493745601 169.1285450337721 108
1757493745661 169.1244123356811 109
1757493745720 169.12033092706193 110
1757493745780 169.1163001314927 111
1757493745841 169.112319281776 112
1757493745913 169.10838771981082 113
1757493745981 169.10450479646596 114
1757493746048 169.10066987145564 115
1757493746120 169.09688231321644 116
1757493746180 169.09314149878634 117
1757493746241 169.08944681368513 118
1757493746303 169.0857976517966 119
1757493746370 169.08219341525268 120
1757493746443 169.07863351431868 121
1757493746507 169.07511736728057 122
1757493746571 169.07164440033364 123
1757493746632 169.06821404747285 124
1757493746691 169.06482575038456 125
1757493746751 169.0614789583399 126
1757493746820 169.05817312808958 127
1757493746898 169.05490772376015 128
1757493746968 169.051682216752 129
1757493747032 169.04849608563822 130
1757493747094 169.04534881606543 131
1757493747163 169.04223990065572 132
1757493747258 169.0391688389101 133
1757493747338 169.03613513711295 134
1757493747399 169.03313830823865 135
1757493747461 169.03017787185837 136
1757493747520 169.02725335404912 137
1757493747578 169.02436428730354 138
1757493747634 169.02151021044133 139
1757493747690 169.01869066852151 140
1757493747747 169.01590521275617 141
1757493747803 169.0131534004254 142
1757493747858 169.0104347947935 143
1757493747914 169.00774896502614 144
1757493747967 169.00509548610873 145
1757493748020 169.0024739387661 146
1757493748073 168.99988390938327 147
1757493748133 168.99732498992702 148
1757493748186 168.9947967778691 149
1757493748238 168.99229887611003 150
1757493748290 168.9898308929041 151
1757493748346 168.98739244178572 152
1757493748399 168.98498314149623 153
1757493748453 168.98260261591238 154
1757493748508 168.98025049397515 155
1757493748560 168.97792640962027 156
1757493748625 168.97563000170902 157
1757493748679 168.97336091396053 158
1757493748732 168.9711187948847 159
1757493748787 168.96890329771625 160
1757493748841 168.96671408034965 161
1757493748893 168.96455080527474 162
1757493748948 168.9624131395136 163
1757493749001 168.96030075455826 164
1757493749054 168.95821332630888 165
1757493749107 168.95615053501314 166
1757493749161 168.95411206520666 167
1757493749218 168.95209760565373 168
1757493749273 168.95010684928917 169
1757493749335 168.94813949316114 170
1757493749411 168.9461952383744 171
1757493749471 168.94427379003469 172
1757493749527 168.9423748571936 173
1757493749584 168.9404981527945 174
1757493749649 168.93864339361897 175
1757493749703 168.93681030023401 176
1757493749757 168.93499859694026 177
1757493749811 168.9332080117206 178
1757493749865 168.9314382761897 179
1757493749920 168.92968912554412 180
1757493749977 168.92796029851297 181
1757493750031 168.92625153730992 182
1757493750085 168.92456258758497 183
1757493750139 168.9228931983777 184
1757493750192 168.92124312207036 185
1757493750253 168.91961211434256 186
1757493750306 168.91799993412573 187
1757493750359 168.91640634355866 188
1757493750411 168.91483110794383 189
1757493750467 168.91327399570358 190
1757493750520 168.91173477833797 191
