1757487007913 170.50321496231842 0
1757487007957 170.46504698685976 1
1757487008020 170.4428166797918 2
1757487008102 170.42078213689237 3
1757487008176 170.39905105165175 4
1757487008258 170.37761835802445 5
1757487008301 170.35647986490685 6
1757487008349 170.33563143500965 7
1757487008417 170.3150689899526 8
1757487008462 170.29478850937937 9
1757487008538 170.27478603012713 10
1757487008607 170.25505764540847 11
1757487008667 170.23559950400465 12
1757487008708 170.2164078094706 13
1757487008762 170.19747881935106 14
1757487008814 170.17880884440854 15
1757487008865 170.16039424786172 16
1757487008957 170.14223144463506 17
1757487009139 170.12431690061942 18
1757487009242 170.10664713194268 19
1757487009322 170.0892187042514 20
1757487009387 170.07202823200262 21
1757487009461 170.0550723777656 22
1757487009558 170.03834785153384 23
1757487009636 170.02185141004682 24
1757487009709 170.00557985612159 25
1757487009771 169.98953003799394 26
1757487009818 169.97369884866873 27
1757487009877 169.95808322528006 28
1757487009940 169.9426801484601 29
1757487010034 169.9274866417174 30
1757487010085 169.91249977082376 31
1757487010135 169.8977166432101 32
1757487010194 169.88313440737107 33
1757487010261 169.86875025227792 34
1757487010334 169.8545614068001 35
1757487010407 169.84056513913484 36
1757487010457 169.82675875624523 37
1757487010524 169.81313960330613 38
1757487010590 169.7997050631582 39
1757487010666 169.7864525557694 40
1757487010726 169.7733795377048 41
1757487010814 169.7604835016037 42
1757487010892 169.74776197566362 43
1757487010954 169.7352125231331 44
1757487011008 169.7228327418104 45
1757487011087 169.71062026355017 46
1757487011146 169.69857275377686 47
1757487011194 169.68668791100535 48
1757487011260 169.6749634663682 49
1757487011322 169.66339718314987 50
1757487011394 169.65198685632748 51
1757487011448 169.64073031211825 52
1757487011527 169.62962540753344 53
1757487011594 169.61867002993856 54
1757487011662 169.60786209662007 55
1757487011722 169.59719955435796 56
1757487011805 169.5866803790051 57
1757487011877 169.57630257507165 58
1757487011923 169.56606417531646 59
1757487011975 169.5559632403437 60
1757487012090 169.54599785820514 61
1757487012188 169.5361661440089 62
1757487012294 169.52646623953285 63
1757487012387 169.51689631284435 64
1757487012479 169.50745455792494 65
1757487012585 169.49813919430056 66
1757487012706 169.4889484666772 67
1757487012826 169.47988064458144 68
1757487012902 169.47093402200665 69
1757487012991 169.46210691706366 70
1757487013089 169.45339767163705 71
1757487013148 169.44480465104567 72
1757487013204 169.43632624370872 73
1757487013283 169.42796086081623 74
1757487013346 169.4197069360042 75
1757487013404 169.41156292503473 76
1757487013460 169.4035273054803 77
1757487013557 169.39559857641302 78
1757487013632 169.38777525809792 79
1757487013676 169.38005589169086 80
1757487013719 169.372439038941 81
1757487013762 169.36492328189675 82
1757487013807 169.35750722261696 83
1757487013879 169.35018948288544 84
1757487014007 169.3429687039298 85
1757487014205 169.33584354614473 86
1757487014341 169.32881268881846 87
1757487014399 169.3218748298638 88
1757487014452 169.3150286855528 89
1757487014510 169.30827299025515 90
1757487014577 169.30160649618037 91
1757487014653 169.29502797312378 92
1757487014723 169.2885362082159 93
1757487014784 169.28213000567573 94
1757487014864 169.2758081865672 95
1757487014961 169.26956958855948 96
1757487015020 169.26341306569051 97
1757487015111 169.25733748813394 98
1757487015189 169.25134174196933 99
1757487015247 169.24542472895587 100
1757487015321 169.23958536630911 101
1757487015377 169.23382258648095 102
1757487015425 169.22813533694296 103
1757487015476 169.22252257997243 104
1757487015524 169.21698329244177 105
1757487015585 169.21151646561097 106
1757487015648 169.20612110492272 107
1757487015736 169.20079622980074 108
1757487015817 169.195540873451 109
1757487015884 169.1903540826654 110
1757487015950 169.18523491762897 111
1757487016030 169.18018245172888 112
1757487016106 169.17519577136727 113
1757487016176 169.17027397577579 114
1757487016255 169.1654161768334 115
1757487016340 169.16062149888634 116
1757487016392 169.15588907857128 117
1757487016444 169.15121806464035 118
1757487016497 169.146607617789 119
1757487016550 169.14205691048625 120
1757487016601 169.13756512680766 121
1757487016661 169.13313146226992 122
1757487016745 169.1287551236688 123
1757487016819 169.1244353289186 124
1757487016867 169.12017130689438 125
1757487016932 169.11596229727618 126
1757487017007 169.11180755039567 127
1757487017079 169.1077063270849 128
1757487017139 169.10365789852696 129
1757487017217 169.09966154610942 130
1757487017296 169.09571656127912 131
1757487017392 169.09182224539958 132
1757487017469 169.0879779096102 133
1757487017532 169.08418287468749 134
1757487017586 169.08043647090827 135
1757487017667 169.07673803791505 136
1757487017733 169.0730869245829 137
1757487017807 169.06948248888875 138
1757487017865 169.065924097782 139
1757487017934 169.06241112705757 140
1757487017999 169.05894296123017 141
1757487018066 169.05551899341077 142
1757487018125 169.05213862518482 143
1757487018187 169.0488012664919 144
1757487018243 169.0455063355074 145
1757487018301 169.04225325852593 146
1757487018369 169.03904146984587 147
1757487018436 169.03587041165642 148
1757487018482 169.03273953392545 149
1757487018545 169.02964829428936 150
1757487018648 169.02659615794457 151
1757487018768 169.02358259754033 152
1757487018832 169.0206070930731 153
1757487018919 169.01766913178278 154
1757487019009 169.01476820804982 155
1757487019079 169.01190382329423 156
1757487019172 169.0090754858761 157
1757487019228 169.00628271099717 158
1757487019309 169.00352502060392 159
1757487019370 169.00080194329254 160
1757487019447 168.99811301421434 161
1757487019504 168.9954577749833 162
1757487019558 168.99283577358455 163
1757487019613 168.99024656428438 164
1757487019707 168.9876897075412 165
1757487019792 168.98516476991816 166
1757487019853 168.98267132399673 167
1757487019913 168.98020894829173 168
1757487019956 168.9777772271673 169
1757487020001 168.9753757507544 170
1757487020097 168.97300411486918 171
1757487020257 168.97066192093274 172
1757487020395 168.9683487758918 173
1757487020477 168.96606429214097 174
1757487020527 168.96380808744533 175
1757487020580 168.96157978486508 176
1757487020704 168.95937901268036 177
1757487020790 168.95720540431788 178
1757487020872 168.955058598278 179
1757487020925 168.95293823806318 180
1757487021017 168.95084397210772 181
1757487021068 168.9487754537076 182
1757487021149 168.94673234095237 183
1757487021214 168.94471429665725 184
1757487021268 168.9427209882966 185
1757487021322 168.94075208793825 186
1757487021380 168.93880727217854 187
1757487021457 168.93688622207873 188
1757487021513 168.9349886231019 189
1757487021587 168.9331141650509 190
1757487021669 168.93126254200732 191
1757487021744 168.92943345227113 192
1757487021804 168.92762659830115 193
1757487021875 168.9258416866566 194
1757487021935 168.9240784279395 195
1757487022005 168.92233653673736 196
1757487022065 168.92061573156732 197
1757487022120 168.91891573482087 198
1757487022188 168.91723627270923 199
1757487022258 168.91557707520954 200
1757487022307 168.91393787601197 201
1757487022358 168.91231841246753 202
1757487022410 168.91071842553646 203
1757487022474 168.90913765973747 204
1757487022533 168.90757586309795 205
1757487022618 168.90603278710424 206
1757487022669 168.90450818665335 207
1757487022723 168.90300182000487 208
1757487022788 168.9015134487338 209
1757487022872 168.90004283768383 210
1757487022957 168.89858975492163 211
1757487023033 168.89715397169155 212
1757487023102 168.89573526237075 213
1757487023173 168.8943334044255 214
1757487023271 168.89294817836776 215
1757487023348 168.89157936771238 216
1757487023433 168.89022675893497 217
1757487023512 168.8888901414304 218
1757487023592 168.88756930747186 219
1757487023672 168.88626405217045 220
1757487023743 168.8849741734354 221
1757487023831 168.88369947193485 222
1757487023887 168.8824397510573 223
1757487023949 168.8811948168732 224
1757487024016 168.87996447809778 225
1757487024083 168.87874854605352 226
1757487024162 168.87754683463407 227
1757487024231 168.87635916026812 228
1757487024293 168.87518534188365 229
1757487024357 168.87402520087335 230
1757487024428 168.87287856105982 231
1757487024512 168.87174524866177 232
1757487024573 168.87062509226044 233
