1757497627563 164.79191047810102 0
1757497627619 172.98065800659143 1
1757497627676 171.66066067486102 2
1757497627760 167.09036972121822 3
1757497627932 168.11729420349076 4
1757497628009 170.96074310141827 5
1757497628075 175.1123018971658 6
1757497628140 172.40881449285507 7
1757497628219 167.90923741323778 8
1757497628384 169.48350323308867 9
1757497628683 172.2543922632266 10
1757497628883 173.99347522733268 11
1757497629004 168.82385190345633 12
1757497629077 167.8396160909997 13
1757497629194 169.15875635357372 14
1757497629356 169.05796654435628 15
1757497629468 172.61475910958984 16
1757497629538 171.83484864815162 17
1757497629603 169.6084402866783 18
1757497629665 172.27883710441816 19
1757497629728 169.33553119281444 20
1757497629788 169.31097828309044 21
1757497629847 167.92274315512793 22
1757497629904 170.0317504494946 23
1757497629965 170.06360730274403 24
1757497630031 167.65672070363178 25
1757497630102 169.3068079961401 26
