1757496624058 161.88648260371738 0
1757496624110 155.49934054190985 1
1757496624160 148.4803746733207 2
1757496624217 144.8900163108401 3
1757496624271 143.77379298537042 4
1757496624324 139.28566251635309 5
1757496624383 129.5033023873652 6
1757496624438 134.21897827173927 7
1757496624491 128.13558804117625 8
1757496624544 127.98391684381511 9
1757496624608 125.62703650950338 10
1757496624663 115.44321395128243 11
1757496624715 111.12996579079542 12
1757496624768 106.40917569193532 13
1757496624820 105.97346551939073 14
1757496624869 102.60225731959686 15
1757496624921 95.20711306886501 16
1757496624972 93.8932392300455 17
1757496625026 94.94864178635142 18
1757496625078 89.25916676009291 19
1757496625128 98.18986221093758 20
1757496625182 90.22101037263094 21
1757496625310 87.1981214860837 22
1757496625455 78.35244439445295 23
1757496625579 90.45025154108191 24
1757496625729 87.43997106455828 25
1757496625836 88.44555658751055 26
1757496625919 80.41502988260413 27
1757496626101 77.15846666347544 28
1757496626267 71.10983215429208 29
1757496626406 77.39378510912653 30
1757496626540 77.58086035141058 31
1757496626699 72.89754255611187 32
1757496626784 68.43800408869386 33
1757496626850 68.44069307485766 34
1757496626911 60.00573772775516 35
1757496626971 72.98021962401475 36
1757496627029 63.65272716068608 37
1757496627087 65.87491859276066 38
1757496627152 106.60037067468353 39
1757496627216 68.4606020358121 40
1757496627275 60.4877826706277 41
1757496627330 58.178384038968396 42
1757496627385 67.44839243365583 43
1757496627445 50.534898042243746 44
1757496627503 51.822006714268866 45
1757496627557 51.671173797218955 46
1757496627614 67.64584578959615 47
1757496627676 52.18307024460151 48
1757496627734 65.10150635961035 49
1757496627817 54.233946221967955 50
1757496627916 47.12070361796513 51
1757496627988 64.03296322158452 52
1757496628052 53.26561165493922 53
1757496628112 56.66237603985494 54
1757496628173 55.88496645103165 55
1757496628240 79.35896692743104 56
1757496628313 56.63825382217718 57
1757496628394 63.615860138699816 58
1757496628474 53.390723325010704 59
1757496628530 44.59916915149657 60
1757496628585 49.00792581756631 61
1757496628639 55.95665767767131 62
1757496628692 50.532587982710844 63
1757496628747 50.80079689907135 64
1757496628798 46.6947388638975 65
1757496628850 37.690916174659954 66
1757496628902 58.54757721770077 67
1757496628952 72.57224405631911 68
1757496629005 50.8724921149431 69
1757496629054 49.81302874778813 70
1757496629109 51.73060496930588 71
1757496629159 51.46557921336273 72
1757496629210 52.58713299349717 73
1757496629265 42.86004546276491 74
1757496629316 47.03145223844623 75
1757496629367 54.43316251646564 76
1757496629417 44.81821456575735 77
1757496629466 33.43725134066832 78
1757496629524 47.68724254321594 79
1757496629572 48.541396721901584 80
1757496629621 42.268763491131715 81
1757496629671 45.230291296114494 82
1757496629719 48.46979988907257 83
1757496629769 35.09420652885766 84
1757496629817 42.734954343558854 85
1757496629866 38.8493576482172 86
1757496629914 39.018071261520554 87
1757496629960 51.89079205251909 88
1757496630007 51.5061820771601 89
1757496630055 48.24447716021268 90
1757496630102 34.39130077045264 91
1757496630150 39.7221585152791 92
1757496630197 48.551009917932014 93
1757496630247 42.159171392917976 94
1757496630295 41.48777362072486 95
1757496630344 82.29187758521347 96
1757496630392 42.756724009566334 97
1757496630440 36.562101687822455 98
1757496630488 35.384210267331326 99
1757496630544 39.10085449685716 100
1757496630594 38.69595492214936 101
1757496630644 40.693557223508186 102
1757496630691 42.492586884735346 103
1757496630738 40.9117558209664 104
1757496630788 32.97477517026547 105
1757496630836 33.89389403435799 106
1757496630886 32.4998677230939 107
1757496630933 32.75341215796698 108
1757496630984 36.33680823924697 109
1757496631036 28.488033629410342 110
1757496631085 36.55688614099514 111
1757496631135 44.709041067258966 112
1757496631185 31.330417029199698 113
1757496631235 36.49528876943659 114
1757496631287 32.34084892306347 115
1757496631339 39.51225752542033 116
1757496631388 38.74555547332463 117
1757496631437 37.159347962688514 118
1757496631485 35.71126313789323 119
1757496631546 30.809079202267537 120
1757496631601 37.998852600814864 121
1757496631651 27.347637704697366 122
1757496631702 35.469051459893755 123
1757496631752 37.430916298108826 124
1757496631802 32.05122486192963 125
1757496631852 33.75884569884035 126
1757496631903 28.268970321887462 127
1757496631952 37.939739360012226 128
1757496632001 32.561644170538194 129
1757496632051 28.741315593990276 130
1757496632101 48.02889047021006 131
1757496632150 32.5571637060789 132
1757496632199 36.049346343036994 133
1757496632249 31.816784345685708 134
1757496632299 25.811819505611822 135
1757496632349 26.56098654907277 136
1757496632398 30.693880622895623 137
1757496632449 48.340029197598675 138
1757496632497 32.72511738211046 139
1757496632547 31.63937597958535 140
1757496632598 28.15002463845074 141
1757496632649 46.96549636951121 142
1757496632697 32.5693916533048 143
1757496632745 21.275369786253332 144
1757496632796 27.512902000954607 145
1757496632848 30.290794676799678 146
1757496632897 28.925498884470255 147
1757496632946 40.66509183728473 148
1757496632996 26.16179676610182 149
1757496633045 30.239887754559884 150
1757496633095 25.91756566022033 151
1757496633143 22.394651785346344 152
1757496633201 31.64510383039887 153
1757496633251 28.22531125922788 154
1757496633302 35.8775139017518 155
1757496633351 28.4232691390566 156
1757496633402 20.214841889688202 157
1757496633451 55.722611935292 158
1757496633500 26.629545464197133 159
1757496633553 31.833339262029355 160
1757496633605 46.84204271235917 161
1757496633655 32.93857176533596 162
1757496633705 30.175717188190237 163
1757496633755 33.85916297154069 164
1757496633806 30.73747157374257 165
1757496633856 30.172177140181628 166
1757496633904 23.50536408672816 167
1757496633955 29.3913859576665 168
1757496634005 30.06495091804815 169
1757496634075 23.492451197440563 170
1757496634196 24.963602480769236 171
1757496634300 22.65883948801087 172
1757496634391 34.94349713226044 173
1757496634465 33.64433982788983 174
1757496634565 15.806447373500797 175
1757496634694 22.871059779031267 176
1757496634775 50.03692624325951 177
1757496634833 30.8863351665165 178
1757496634887 25.57793799251623 179
1757496634941 25.262040628583776 180
1757496634994 15.38457566766274 181
1757496635049 28.53728999385829 182
1757496635103 22.997857832866035 183
1757496635157 26.026632945045634 184
1757496635210 22.230136059321378 185
1757496635265 24.029288858966925 186
1757496635322 22.85764657340776 187
1757496635376 25.19723812821452 188
1757496635427 22.07023275014252 189
1757496635480 23.514096525077083 190
1757496635532 28.58211337620909 191
1757496635584 27.958695001329193 192
1757496635643 27.005990985832664 193
1757496635699 23.00039214472751 194
1757496635752 21.799931090610198 195
1757496635803 28.006369643101497 196
1757496635862 22.284443177263142 197
1757496635913 21.659631578562486 198
1757496635963 25.356692531741857 199
1757496636013 45.563999843583595 200
1757496636075 25.173945237805594 201
1757496636144 23.144597054497535 202
1757496636199 24.974905158956897 203
1757496636256 26.922511619156 204
1757496636314 21.127725973213323 205
1757496636368 42.98367448323748 206
1757496636423 51.687376596579554 207
1757496636487 22.798049723947653 208
1757496636574 40.0164142557843 209
1757496636639 19.452372430080416 210
1757496636693 49.0457834747536 211
1757496636749 20.088398966571386 212
1757496636803 24.830992513483732 213
1757496636865 23.827639371124665 214
1757496636919 25.002980018953195 215
1757496636976 18.69243639698337 216
1757496637031 24.351960708952323 217
1757496637083 25.54680308001257 218
1757496637148 48.92770317728762 219
1757496637201 21.055988645677015 220
1757496637254 27.83190812704825 221
1757496637307 25.548385550937763 222
1757496637363 18.43312302646557 223
1757496637420 22.951059637181853 224
1757496637473 19.341422295948423 225
1757496637524 17.914311271107945 226
1757496637576 26.14818566833739 227
1757496637639 20.809720851670207 228
1757496637691 40.650895285913144 229
1757496637742 19.73458169139268 230
1757496637793 19.752780737246294 231
1757496637846 18.586178472831083 232
1757496637897 20.781844848792417 233
1757496637949 21.714197800570606 234
1757496637999 26.824902720178006 235
1757496638051 23.85610008588688 236
1757496638103 23.95946638804001 237
1757496638153 19.99945784919525 238
1757496638203 17.316552757420613 239
1757496638256 22.401790412164463 240
1757496638307 23.546669503254552 241
1757496638358 22.885603646650306 242
1757496638409 33.17796270059324 243
1757496638461 22.57492209580037 244
1757496638512 20.4716694300258 245
1757496638563 25.118071293981586 246
1757496638614 21.91031959742898 247
1757496638676 18.622494755358876 248
1757496638726 19.57604215006318 249
1757496638778 21.371768081851986 250
1757496638830 17.511857561203215 251
1757496638883 16.66783618620622 252
1757496638934 22.702771242191655 253
1757496638985 18.312218699108993 254
1757496639038 16.220740191991712 255
1757496639090 23.641396791797018 256
1757496639141 21.417141421624507 257
1757496639193 21.072164101170042 258
1757496639246 22.20632933701854 259
1757496639297 42.46398932763454 260
1757496639350 14.892046085210302 261
1757496639404 17.786099968627415 262
1757496639459 16.273981579866803 263
1757496639511 35.15925354153698 264
1757496639562 20.989446973902 265
1757496639613 14.633120818109118 266
1757496639675 19.188402627459435 267
1757496639728 20.792910390521623 268
1757496639779 16.729286279340684 269
1757496639832 17.28312223823365 270
1757496639886 16.7181290365323 271
1757496639938 16.539738194826267 272
1757496639990 21.032251579263832 273
1757496640041 31.720564619723046 274
1757496640094 22.487485675022224 275
1757496640146 20.355208006198108 276
1757496640197 23.223993474309797 277
1757496640250 21.747701069077298 278
1757496640303 20.00579008097591 279
1757496640355 17.097364018982375 280
1757496640407 34.10328779620655 281
1757496640460 21.021498871333073 282
1757496640513 18.53236667293221 283
1757496640566 18.335401752428975 284
1757496640620 20.95143123282567 285
1757496640674 22.65643859295946 286
1757496640736 18.5971715256175 287
1757496640788 16.81467383820312 288
1757496640840 23.007741170087517 289
1757496640894 19.238236983394945 290
1757496640946 20.803157634927167 291
1757496640998 18.582714739512777 292
1757496641051 16.67003512112129 293
1757496641104 19.378266718600823 294
1757496641157 11.039236350019015 295
1757496641209 18.208602890558424 296
1757496641261 14.09056980783785 297
1757496641314 23.16132292891668 298
1757496641369 20.74021108849088 299
1757496641427 15.325693743630845 300
1757496641482 18.726065396958152 301
1757496641535 32.00850008800645 302
1757496641588 19.227887466655602 303
1757496641641 19.53485329171434 304
1757496641701 18.638446251214237 305
1757496641756 23.396724343788236 306
1757496641809 35.338303933455826 307
1757496641863 40.393472995007464 308
1757496641918 32.783533077098525 309
1757496641970 20.753958986537075 310
1757496642023 21.456093038408145 311
1757496642076 17.27728774608356 312
1757496642129 16.655989015999683 313
1757496642183 28.536441784999624 314
1757496642326 33.432076278335906 315
1757496642431 19.222336507494443 316
1757496642533 17.565149079424884 317
1757496642591 18.308391887633963 318
1757496642685 16.778974937035 319
1757496642818 14.300179535979133 320
1757496642901 48.41526942373667 321
1757496642966 29.691578400862966 322
1757496643025 21.09181401221441 323
1757496643083 18.47931826424157 324
1757496643140 18.015536617652085 325
1757496643199 17.99007848682219 326
1757496643257 16.320038235285296 327
1757496643314 13.869717754361167 328
1757496643369 20.233169194934852 329
1757496643428 17.289858833220023 330
1757496643483 24.69654282170302 331
1757496643538 18.014497048686188 332
1757496643594 14.245457536473088 333
1757496643651 16.155443625443578 334
1757496643706 18.31117322560912 335
1757496643769 15.53502649213096 336
1757496643825 15.51814062467075 337
1757496643880 15.714699264414477 338
1757496643934 18.931339062433036 339
1757496643989 17.73686990724836 340
1757496644044 19.2767132355177 341
1757496644099 18.089782732412015 342
1757496644153 13.590676507872688 343
1757496644228 17.939944147856348 344
1757496644288 20.99329939109818 345
1757496644347 13.804191324462446 346
1757496644412 12.075770458835661 347
1757496644472 16.84243881050617 348
1757496644531 14.419822140168627 349
1757496644591 35.09724510904806 350
1757496644676 12.435851887926546 351
1757496644737 14.35850702886232 352
1757496644804 16.01247925144786 353
1757496644863 17.29805440931243 354
1757496644922 19.667731000826794 355
1757496644980 18.921056851732818 356
1757496645038 20.122964030907305 357
1757496645096 17.481967251290143 358
1757496645154 14.989887970462796 359
1757496645212 15.547039429775266 360
1757496645269 17.647192485513077 361
1757496645325 12.008665286763915 362
1757496645380 15.533935100172068 363
1757496645437 14.796660455814745 364
1757496645494 19.472514315084336 365
1757496645550 16.85230674883628 366
1757496645605 13.28130011323023 367
1757496645660 14.374398551518297 368
1757496645714 17.24635489702793 369
1757496645776 27.94584893458914 370
1757496645834 15.960596741520618 371
1757496645891 42.35710229893022 372
1757496645945 13.467442049569181 373
1757496645998 12.481337100315374 374
1757496646054 14.547762779755923 375
1757496646109 10.328283339794138 376
1757496646163 12.921610603699866 377
1757496646217 20.62820570092724 378
1757496646276 14.523641067152418 379
1757496646330 16.157120144737032 380
1757496646390 17.451603656113324 381
1757496646447 24.564958645920466 382
1757496646502 32.23639492403083 383
1757496646556 15.55046409723204 384
1757496646613 26.235096748193627 385
1757496646680 13.471605294261522 386
1757496646735 13.059964984884658 387
1757496646791 14.998447635361591 388
1757496646852 15.882049737042292 389
1757496646912 12.260455036797575 390
1757496646969 25.79736221556388 391
1757496647026 13.78492125448104 392
1757496647153 12.868591318047196 393
1757496647217 14.812804470553415 394
1757496647301 15.931096654336498 395
1757496647361 13.016261779668959 396
1757496647422 12.876889600489632 397
1757496647483 16.59837484343688 398
1757496647540 14.082069502833576 399
1757496647599 16.784589266990707 400
1757496647658 11.071037526142234 401
1757496647716 28.31949496180664 402
1757496647772 13.035347984136953 403
1757496647839 14.39236963890176 404
1757496647896 16.44961278132848 405
1757496647955 15.790781620603696 406
1757496648013 13.695329465890893 407
1757496648073 13.161587340684624 408
1757496648129 17.17529465227587 409
1757496648186 14.373816603155475 410
1757496648245 15.022388836684817 411
1757496648302 17.363642382865063 412
1757496648358 12.92877668403676 413
1757496648414 15.210204306647379 414
1757496648471 11.480605440900424 415
1757496648526 24.3736092052021 416
1757496648581 10.893450058860585 417
1757496648640 11.639837204024035 418
1757496648696 15.940551029853822 419
1757496648751 13.119415481737763 420
1757496648808 12.16874736239719 421
1757496648874 13.458480562208884 422
1757496648934 15.023537381784477 423
1757496648994 12.252873733956484 424
1757496649050 12.665498730750635 425
1757496649107 14.619896100286425 426
1757496649162 15.918501220214834 427
1757496649220 13.519872261294509 428
1757496649276 28.53449048307944 429
1757496649332 10.73598606062148 430
1757496649389 26.423984760053646 431
1757496649445 14.66194998688843 432
1757496649504 12.605484602449911 433
1757496649561 9.72649736488278 434
1757496649619 12.916531059965687 435
1757496649675 13.884898030477395 436
1757496649732 11.415373188662096 437
1757496649792 10.448866193375915 438
1757496649855 11.12733679722673 439
1757496649913 16.896554276771187 440
1757496649970 13.590005188483593 441
1757496650027 14.162172532868112 442
1757496650083 13.749763261958686 443
1757496650139 14.146429829421022 444
1757496650197 11.620788721525102 445
1757496650252 13.809372022802 446
1757496650309 10.608345396145069 447
1757496650471 12.599023723371998 448
1757496650595 12.554795380574646 449
1757496650728 18.515375084867774 450
1757496650866 13.630162501227083 451
1757496650953 12.355030402113194 452
1757496651020 13.725892691639475 453
1757496651112 13.533349662262466 454
1757496651204 9.885502312005613 455
1757496651367 11.778652267565882 456
1757496651449 12.061167816188368 457
1757496651546 14.965175935781234 458
1757496651677 12.145014582119863 459
1757496651775 12.320043454011744 460
1757496651877 12.379905827873683 461
1757496651955 11.999716066259884 462
1757496652032 12.023394367620929 463
1757496652111 7.7025625156257265 464
1757496652219 13.531389067101978 465
1757496652337 14.33948638249574 466
1757496652440 11.9920058432047 467
1757496652537 12.586489759445774 468
1757496652647 14.581344484091488 469
1757496652780 10.762888159651453 470
1757496652882 12.752657395623318 471
1757496652981 10.845144903221554 472
1757496653063 13.494253340315097 473
1757496653143 13.820516384265849 474
1757496653224 12.833885302258688 475
1757496653307 9.510894986688394 476
1757496653433 10.929343647464398 477
1757496653512 9.643128794812037 478
1757496653603 12.72349952137371 479
1757496653747 10.643561509606 480
1757496653860 13.248088270449571 481
1757496653949 10.364204140815133 482
1757496654044 16.574037591644053 483
1757496654139 12.551596178521883 484
1757496654231 8.809376499285078 485
1757496654329 10.873713886539413 486
1757496654441 11.879644283433578 487
1757496654530 12.152168521579028 488
1757496654629 11.193230963713864 489
1757496654725 11.555341931142253 490
1757496654801 10.539779613983354 491
1757496654895 10.96878754192469 492
1757496655022 15.317069205213295 493
1757496655119 10.029513872856285 494
1757496655196 12.498429481264992 495
1757496655300 10.423845891195057 496
1757496655418 12.518901278682977 497
1757496655502 21.922558712026234 498
1757496655613 10.696667785383019 499
