1757325863574 13437.549567015038 0
1757325863596 6.956032889550583e+16 1
1757325863619 1.4159396348899067e+31 2
1757325863641 2.882223737918192e+45 3
1757325863666 5.86692643579058e+59 4
1757325863696 1.1942454484064498e+74 5
1757325863721 2.4309529131625086e+88 6
1757325863750 4.948339618039744e+102 7
1757325863779 1.0072620017804862e+117 8
1757325863803 2.0503377264811757e+131 9
1757325863827 4.173576274297071e+145 10
1757325863852 8.495546217778314e+159 11
1757325863883 1.7293155987801728e+174 12
1757325863913 3.5201179106368025e+188 13
1757325863952 7.1653954394019014e+202 14
1757325863984 1.4585560230200778e+217 15
1757325864011 2.9689717619628247e+231 16
1757325864035 6.043506854869229e+245 17
1757325864062 1.230189373061091e+260 18
1757325864086 2.5041187673562873e+274 19
1757325864112 5.097272776322873e+288 20
1757325864138 1.0375781730062546e+303 21
1757325864166 inf 22
