1757496936352 153.07813465563936 0
1757496936411 141.86153268069225 1
1757496936457 136.23679297529392 2
1757496936509 127.27046269015766 3
1757496936571 127.30503541080593 4
1757496936624 111.91900793114038 5
1757496936684 103.57100108459906 6
1757496936732 99.33728028718195 7
1757496936780 91.50532445776287 8
1757496936827 96.35771688392548 9
1757496936886 86.04234096364897 10
1757496936938 77.9902891851491 11
1757496936988 77.93756255776569 12
1757496937042 77.40261137308303 13
1757496937092 88.23876638785055 14
1757496937138 73.16896414300909 15
1757496937216 69.90591777019509 16
1757496937276 63.44044251207873 17
1757496937330 66.75849105993228 18
1757496937385 65.25052209756713 19
1757496937436 73.03320006203833 20
1757496937486 63.25312520137741 21
1757496937545 60.55578533177725 22
1757496937614 63.50832525565478 23
1757496937709 58.67860805966593 24
1757496937781 46.90805176647115 25
1757496937836 54.208783804911064 26
1757496937913 44.06595634647862 27
1757496937967 53.271432737693274 28
1757496938020 50.14973880449127 29
1757496938074 50.16724791595591 30
1757496938124 43.20456077636037 31
1757496938176 46.4191937597369 32
1757496938229 48.97965083840967 33
1757496938283 45.07882076595346 34
1757496938333 47.53540570504006 35
1757496938386 52.04525045553243 36
1757496938439 50.4715861300936 37
1757496938492 54.81287232825231 38
1757496938544 36.51234534001169 39
1757496938596 56.78453658811671 40
1757496938666 34.91135496934155 41
1757496938721 42.301057057591585 42
1757496938774 38.35494553935845 43
1757496938831 37.91239259569901 44
1757496938893 34.14843022887778 45
1757496938959 40.90220148758644 46
1757496939012 37.91625650971352 47
1757496939079 46.29263827198632 48
1757496939133 43.92007700526207 49
1757496939185 59.49110579320504 50
1757496939238 37.966676323566546 51
1757496939289 39.93445950003899 52
1757496939340 49.75047825693271 53
1757496939396 28.708387583233137 54
1757496939448 43.821991598137146 55
1757496939500 40.22058959080273 56
1757496939553 33.69633490534298 57
1757496939604 27.81075324429783 58
1757496939662 34.277443177428154 59
1757496939729 34.339791927952504 60
1757496939784 35.03294508027162 61
1757496939837 27.020674685268194 62
1757496939893 37.091894881699105 63
1757496939956 36.377584973987354 64
1757496940008 27.362675627376845 65
1757496940059 33.2788106684654 66
1757496940112 32.70641843923323 67
1757496940169 37.27224716476942 68
1757496940220 79.08621061043145 69
1757496940269 34.030632935199826 70
1757496940319 57.05955740716075 71
1757496940370 25.57296306777715 72
1757496940420 28.538363134640395 73
1757496940468 36.73084682903342 74
1757496940518 177.95280034363947 75
1757496940569 28.983042103537745 76
1757496940617 39.760424664585784 77
1757496940666 29.639175461556157 78
1757496940716 26.41116154743504 79
1757496940769 31.722545656040225 80
1757496940819 34.3867100356624 81
1757496940869 24.252399301494506 82
1757496940921 26.068053831167585 83
1757496940983 30.625238000909594 84
1757496941034 28.86991152367812 85
1757496941089 25.728021557454245 86
1757496941162 19.848093265156077 87
1757496941214 26.339940101726405 88
1757496941264 23.629739401478552 89
1757496941315 28.067715265349655 90
1757496941367 28.64157996632323 91
1757496941420 64.98428747099612 92
1757496941468 25.28449204564664 93
1757496941520 19.34496006963108 94
1757496941569 23.119096361695153 95
1757496941620 22.9649806918774 96
1757496941710 22.111603531364093 97
1757496941796 21.690246605668143 98
1757496941849 17.18027041141406 99
1757496941906 18.75162847243162 100
1757496941959 60.529905423308925 101
1757496942022 20.554125286647096 102
1757496942074 26.154676394378203 103
1757496942133 21.260585227667733 104
1757496942186 23.562404748081704 105
1757496942241 25.165460940507725 106
1757496942293 33.54138781445182 107
1757496942345 23.315233592753774 108
1757496942401 20.03096955262986 109
1757496942452 25.77191657566721 110
1757496942505 19.51118213000704 111
1757496942558 20.03248331938809 112
1757496942636 26.92465071165011 113
1757496942707 26.069138165441665 114
1757496942766 19.43390768141462 115
1757496942825 18.147275343342123 116
1757496942891 20.153741098182472 117
1757496942955 25.062173897092382 118
1757496943021 22.873160401443133 119
1757496943112 20.961437062991713 120
1757496943256 17.378380894422907 121
1757496943380 18.91832355103799 122
1757496943505 37.78242630184208 123
1757496943608 18.381930271725924 124
1757496943686 16.220676109447037 125
1757496943768 21.34400062208513 126
1757496943906 38.16210547013763 127
1757496944051 16.36726126329608 128
1757496944118 18.094079018662935 129
1757496944178 21.495460091064913 130
1757496944237 17.088207889124153 131
1757496944295 17.069525550626267 132
1757496944350 23.97021175970704 133
1757496944405 26.04844830710004 134
1757496944461 19.23764423668771 135
1757496944518 43.18172358853371 136
1757496944576 20.656871491833314 137
1757496944630 18.40704323470622 138
1757496944684 25.50074583602502 139
1757496944740 17.856972973265876 140
1757496944793 16.933465441457304 141
1757496944847 19.630422086872642 142
1757496944900 20.855459268622933 143
1757496944955 17.1539678709356 144
1757496945009 21.912361142549614 145
1757496945072 22.20237599871916 146
1757496945126 22.078433664738167 147
1757496945181 18.63136871423514 148
1757496945234 15.286542434654933 149
1757496945289 32.13567824864034 150
1757496945344 15.778688116707396 151
1757496945398 23.88002458272893 152
1757496945452 19.593595778910018 153
1757496945522 16.21446516484781 154
1757496945670 20.710128106223394 155
1757496945768 20.77456360107886 156
1757496945857 18.303850957742764 157
1757496945962 16.073756772209332 158
1757496946038 20.259632076836066 159
1757496946146 19.224884259244078 160
1757496946245 19.386218058524108 161
1757496946345 18.790668039278447 162
1757496946411 18.42036954075252 163
1757496946474 17.958431279151533 164
1757496946536 15.017905748410357 165
1757496946598 15.034983528326743 166
1757496946659 15.476817631142165 167
1757496946731 16.392038437572893 168
1757496946797 26.078543374778338 169
1757496946863 17.970643420636176 170
1757496946930 15.863503477213081 171
1757496947006 22.09027146644893 172
1757496947066 15.603323861606091 173
1757496947134 16.074519533180165 174
1757496947193 17.351923954583587 175
1757496947254 14.593553740621891 176
1757496947319 13.153974756553998 177
1757496947382 13.856569261011312 178
1757496947446 14.037097003985068 179
1757496947505 19.07314447563274 180
1757496947565 12.974599736877462 181
1757496947633 15.780005008728859 182
1757496947706 12.239535048426076 183
1757496947770 14.094280453895037 184
1757496947836 18.56732598937587 185
1757496947893 14.755347640643071 186
1757496947952 15.663059440652061 187
1757496948010 17.43532094200546 188
1757496948077 72.87717587998073 189
1757496948148 12.14301799636118 190
1757496948207 22.19428177321738 191
1757496948267 13.744148913086216 192
1757496948332 15.57928651024534 193
1757496948393 24.535210703414805 194
1757496948456 14.785458955824781 195
1757496948530 36.19367623975137 196
1757496948593 12.916498011617563 197
1757496948654 15.354306267058243 198
1757496948718 20.866007556996582 199
1757496948802 17.44773112082066 200
1757496948873 14.447383338699305 201
1757496948938 12.728977935782153 202
1757496949000 15.588658812980324 203
1757496949063 67.95091993983968 204
1757496949126 12.513465898311413 205
1757496949195 13.48512756208782 206
1757496949254 35.14888868054825 207
1757496949315 12.479756309508966 208
1757496949375 13.16613768630491 209
1757496949433 12.694332537971203 210
1757496949489 19.81890615518908 211
1757496949546 17.83930672960249 212
1757496949605 13.386969094325869 213
1757496949665 13.150565959213694 214
1757496949727 21.941094695636384 215
1757496949795 13.646534991848794 216
1757496949858 11.760819312761175 217
1757496949919 12.533226623790233 218
1757496949980 10.603182378207887 219
1757496950037 14.519373283628001 220
1757496950096 14.721554340199614 221
1757496950161 13.565271218505549 222
1757496950222 15.507315245990911 223
1757496950278 18.252083435268453 224
1757496950340 11.531857864742113 225
1757496950442 11.278873576641642 226
1757496950507 21.346921320699163 227
1757496950570 14.670961982136737 228
1757496950634 12.768817827363979 229
1757496950695 14.875385182190627 230
1757496950757 11.851390315223338 231
1757496950816 19.792276821926592 232
1757496950872 13.691540935468288 233
1757496950930 14.033529700145271 234
1757496950987 14.07353799196879 235
1757496951043 12.12527417526023 236
1757496951100 9.195681806252203 237
1757496951161 11.401016932257669 238
1757496951235 12.553359198868602 239
1757496951298 13.212093643147835 240
1757496951363 13.25315648569924 241
1757496951451 53.96747890322953 242
1757496951519 11.914860876158142 243
1757496951604 10.340718230561102 244
1757496951671 13.321930942420916 245
1757496951734 12.180778379104828 246
1757496951794 13.283484421753828 247
1757496951853 12.368717308636567 248
1757496951912 10.682151326903153 249
1757496951970 12.406240759740106 250
1757496952026 7.98110398944784 251
1757496952082 12.070051230742441 252
1757496952139 10.442593347787794 253
1757496952207 11.004354540913665 254
1757496952272 10.117465378244873 255
1757496952339 10.504470200570523 256
1757496952407 9.504613762047383 257
1757496952472 11.984466172832407 258
1757496952536 12.172121798137793 259
1757496952604 9.799436459331158 260
1757496952667 11.42973175438952 261
1757496952735 9.731863295109418 262
1757496952894 13.180750221386802 263
1757496952995 8.969334323682402 264
1757496953125 13.648724679022502 265
1757496953198 10.387914213465908 266
1757496953281 16.51950956295494 267
1757496953422 12.221691745162282 268
1757496953550 10.590201806728027 269
1757496953616 10.55401929639257 270
1757496953678 9.294845221314526 271
1757496953739 9.516950705236818 272
1757496953800 10.903652259001882 273
1757496953859 9.656974284911607 274
1757496953915 10.359628940905216 275
1757496953972 15.663467513260299 276
1757496954028 14.990700730974499 277
1757496954091 9.048587855949451 278
1757496954163 9.385096674381824 279
1757496954224 8.021294289711829 280
1757496954298 9.492015592957399 281
1757496954359 9.931813497871817 282
1757496954417 20.359408699660538 283
1757496954481 16.74687644023848 284
1757496954565 9.956184818675231 285
1757496954654 10.382073444521057 286
1757496954720 9.613301805234197 287
1757496954781 8.165812227545839 288
1757496954841 16.317877398699604 289
1757496954902 9.635218486849602 290
1757496954961 12.207081879288072 291
1757496955019 8.882568861346016 292
1757496955079 8.438900928588781 293
1757496955137 9.037959889967645 294
1757496955193 15.924376032624124 295
1757496955252 11.365736473696714 296
1757496955317 10.108985316897757 297
1757496955375 8.243573565570788 298
1757496955431 8.841667266434431 299
1757496955488 12.466003808053916 300
1757496955546 11.479845975610138 301
1757496955605 10.333792494744177 302
1757496955661 10.840995981495277 303
1757496955716 11.62085486483136 304
1757496955772 12.383171554873572 305
1757496955828 6.927290509456069 306
1757496955883 16.770663679484368 307
1757496955939 10.184875150082448 308
1757496955994 9.465659774248216 309
1757496956049 10.198768992818954 310
1757496956106 7.535457336922397 311
1757496956162 13.88279088202086 312
1757496956217 8.404632146646584 313
1757496956270 8.860461053123581 314
1757496956333 8.894616690649151 315
1757496956388 7.0700137596750015 316
1757496956441 8.133576768300777 317
1757496956495 10.219005266438339 318
1757496956552 8.725746478831518 319
1757496956610 8.419012796188092 320
1757496956664 10.369925487791194 321
1757496956718 8.021650083357317 322
1757496956772 9.288366356332226 323
1757496956826 7.442869795138321 324
1757496956879 9.24065820474805 325
1757496956936 9.301174108549706 326
1757496956993 12.692953934896824 327
1757496957052 7.502437346643502 328
1757496957108 9.045231160382121 329
1757496957164 9.849014041398139 330
1757496957219 9.925096419179319 331
1757496957277 7.78467834013017 332
1757496957345 10.586436283517068 333
1757496957400 15.731814959643412 334
1757496957455 12.004589170511263 335
1757496957524 8.417846914534275 336
1757496957581 9.381866647167913 337
1757496957637 8.445969834290718 338
1757496957692 5.5616125217042836 339
1757496957747 10.370113985629299 340
1757496957803 7.0108687865164585 341
1757496957857 9.05707537114065 342
1757496957915 7.0744309522005935 343
1757496957972 9.135692079870811 344
1757496958027 8.075994215248315 345
1757496958081 11.173264383093805 346
1757496958139 9.477112608642825 347
1757496958195 6.467120225563641 348
1757496958252 8.64457763406996 349
1757496958308 7.5178565773288435 350
1757496958376 6.8906990156139765 351
1757496958431 7.9782681536705775 352
1757496958486 7.811050334139758 353
1757496958545 5.381902319762081 354
1757496958605 7.366598652635969 355
1757496958661 9.710524006307512 356
1757496958725 10.757697152319412 357
1757496958794 6.61529694312219 358
1757496958947 7.479400923688342 359
1757496959016 8.020591689053639 360
1757496959083 7.425198468783558 361
1757496959162 13.025708408202997 362
1757496959256 6.209676738305507 363
1757496959319 7.387697906063667 364
1757496959387 8.067110756446109 365
1757496959450 5.636555688931244 366
1757496959516 6.362666929913609 367
1757496959579 5.657350336250741 368
1757496959642 6.547983747219623 369
1757496959702 8.233013076037548 370
1757496959773 6.979177886221567 371
1757496959835 5.565785516274793 372
1757496959896 6.2488683612793015 373
1757496959957 17.37543564773219 374
1757496960021 6.871673615055758 375
1757496960082 5.661882218674028 376
1757496960143 6.272192841318558 377
1757496960206 10.336526029866048 378
1757496960272 8.105908691886063 379
1757496960333 7.8538330210152205 380
1757496960405 4.8131221227218735 381
1757496960467 8.509305860848906 382
1757496960528 12.334709268580657 383
1757496960590 6.783639078844385 384
1757496960654 5.97834229623188 385
1757496960717 6.319965019383188 386
1757496960778 7.6325638370932065 387
1757496960838 6.8576232938925195 388
1757496960899 7.027569027086183 389
1757496960959 5.3839651731814 390
1757496961024 7.00316673941712 391
1757496961086 6.699565526203769 392
1757496961149 4.780315439012923 393
1757496961210 7.49448348156141 394
1757496961274 8.300147850984253 395
1757496961340 5.89640634143029 396
1757496961411 6.592937292998368 397
1757496961473 6.972939159827919 398
1757496961540 4.108192762383198 399
1757496961666 6.449473470124142 400
1757496961802 6.681448222731467 401
1757496961945 5.657873726475181 402
1757496962046 7.2178850977712345 403
1757496962122 6.483591065431805 404
1757496962257 6.681079778231747 405
1757496962388 7.523289222040223 406
1757496962506 5.081641762267389 407
1757496962595 7.631026656092874 408
1757496962679 5.841250501661751 409
1757496962766 6.407526119008004 410
1757496962849 5.454923195587821 411
1757496962929 8.157462247403705 412
1757496963013 5.814853393930263 413
1757496963123 9.302449954388539 414
1757496963202 6.984628266756287 415
1757496963271 5.680214281135927 416
1757496963343 4.973501939746047 417
1757496963416 6.420812701814111 418
1757496963487 6.370447893840726 419
1757496963550 7.182499882541414 420
1757496963614 6.061465787618204 421
1757496963678 5.665999219960491 422
1757496963741 4.99588097884459 423
1757496963801 4.869751885217542 424
1757496963862 5.512625866883063 425
1757496963923 5.070547354381249 426
1757496963986 10.211451762915399 427
1757496964046 5.864592965957982 428
1757496964108 7.018748493156423 429
1757496964168 6.973220282793556 430
1757496964229 5.026476000517057 431
1757496964289 6.716673927781381 432
1757496964351 5.347464132280502 433
1757496964412 4.521716948848481 434
1757496964482 4.728099619609911 435
1757496964543 5.631747936890197 436
1757496964604 4.726932735927174 437
1757496964665 5.123856600898634 438
1757496964727 5.845536634406077 439
1757496964788 5.487963861519003 440
1757496964849 5.777229569073885 441
1757496964907 5.907690009432998 442
1757496964966 3.8605582551544533 443
1757496965025 4.188184964478322 444
1757496965086 4.572939054427584 445
1757496965149 5.415481560583408 446
1757496965212 6.292453622907958 447
1757496965273 4.959260576388656 448
1757496965335 6.53957645012782 449
1757496965401 6.174847344216328 450
1757496965463 10.95885044567637 451
1757496965524 7.852923761559707 452
1757496965584 4.985713067767489 453
1757496965644 4.924188877315313 454
1757496965702 4.893180913548638 455
1757496965760 4.691817387414059 456
1757496965820 4.706172665248275 457
1757496965880 5.762762810513826 458
1757496965936 4.440725154985569 459
1757496965998 4.550102846269081 460
1757496966058 4.548471673387658 461
1757496966117 5.904383407484548 462
1757496966174 3.993458205182335 463
1757496966239 4.304122410998583 464
1757496966295 5.1544830900696015 465
1757496966353 5.036081154876983 466
1757496966414 3.7524196154749108 467
1757496966482 5.2918192786137705 468
1757496966539 5.779507646630061 469
1757496966598 5.330677905265036 470
1757496966655 5.185334714682251 471
1757496966713 4.127096781639317 472
1757496966770 4.74568358001166 473
1757496966829 5.2092039052205035 474
1757496966886 3.8027079156737162 475
1757496966943 4.313359563670822 476
1757496967001 5.459240488563913 477
1757496967059 4.307301365524417 478
1757496967116 4.079177534706055 479
1757496967174 5.151715967337625 480
1757496967233 4.1210302914606665 481
1757496967290 3.666712081380001 482
1757496967348 4.955095915253633 483
1757496967409 4.194861463771085 484
1757496967467 4.06366871603952 485
1757496967540 4.579303814763277 486
1757496967602 3.9844525083004254 487
1757496967664 4.578850283002876 488
1757496967723 5.4108084027818935 489
1757496967798 3.7144889721190477 490
1757496967858 11.486447997743449 491
1757496967918 4.108671291488432 492
1757496967976 4.491177486908515 493
1757496968038 3.6348277032628955 494
1757496968097 4.513705946202677 495
1757496968156 4.453453523663398 496
1757496968216 5.064773576351063 497
1757496968275 5.19682392010874 498
1757496968332 4.243704534420068 499
