1757498425489 153.52637946888572 0
1757498425551 152.15416971179093 1
1757498425664 151.48247187471708 2
1757498425721 150.81322555848902 3
1757498425775 150.14907025719265 4
1757498425828 149.48995092155653 5
1757498425888 148.8358245356516 6
1757498425943 148.18664841212146 7
1757498425997 147.5423802409172 8
1757498426049 146.90780097873315 9
1757498426101 146.27558275450045 10
1757498426152 145.64813357483283 11
1757498426203 145.02540518052615 12
1757498426254 144.4073573245937 13
1757498426314 143.7939500852194 14
1757498426381 143.18514389305577 15
1757498426433 142.58089952794873 16
1757498426487 141.9811781158241 17
1757498426538 141.38594112560168 18
1757498426588 140.79515036613694 19
1757498426639 140.20876798318943 20
1757498426691 139.62675645641954 21
1757498426741 139.04907859641068 22
1757498426791 138.4756975417194 23
1757498426841 137.90657675595102 24
1757498426893 137.3416800248618 25
1757498426947 136.78097145348718 26
1757498426997 136.22441546329517 27
1757498427050 135.67197678936603 28
1757498427101 135.1236204775962 29
1757498427151 134.57931188192813 30
1757498427202 134.03901666160445 31
1757498427252 133.50270077844664 32
1757498427300 132.9703304941584 33
1757498427357 132.44187236765282 34
1757498427407 131.91729325240354 35
1757498427456 131.3965602938198 36
1757498427505 130.87964092664467 37
1757498427554 130.36650287237686 38
1757498427606 129.85711413671524 39
1757498427657 129.35144300702663 40
1757498427708 128.84945804983602 41
1757498427758 128.35112810833905 42
1757498427807 127.8564222999372 43
1757498427856 127.3653100137947 44
1757498427907 126.87776090841736 45
1757498427956 126.39374490925304 46
1757498428007 125.91323220631375 47
1757498428057 125.43619325181874 48
1757498428108 124.96259875785897 49
1757498428160 124.49241969408219 50
1757498428210 124.02562728539895 51
1757498428258 123.56219300970905 52
1757498428308 123.10208859564828 53
1757498428363 122.6452860203553 54
1757498428414 122.19175750725869 55
1757498428464 121.74147552388354 56
1757498428514 121.29441277967778 57
1757498428564 120.85054222385796 58
1757498428613 120.4098370432743 59
1757498428663 119.97227066029468 60
1757498428715 119.53781673070793 61
1757498428766 119.10644914164534 62
1757498428817 118.6781420095213 63
1757498428869 118.25286967799188 64
1757498428922 117.83060671593209 65
1757498428996 117.41132791543086 66
1757498429048 116.99500828980425 67
1757498429109 116.58162307162614 68
1757498429160 116.17114771077689 69
1757498429212 115.76355787250912 70
1757498429262 115.35882943553088 71
1757498429312 114.95693849010607 72
1757498429374 114.55786133617171 73
1757498429425 114.16157448147224 74
1757498429477 113.76805463971012 75
1757498429528 113.37727872871342 76
1757498429578 112.98922386861958 77
1757498429627 112.60386738007523 78
1757498429700 112.22118678245253 79
1757498429753 111.84115979208104 80
1757498429807 111.46376432049571 81
1757498429860 111.0889784727003 82
1757498429914 110.71678054544648 83
1757498429968 110.3471490255282 84
1757498430020 109.98006258809156 85
1757498430084 109.6155000949593 86
1757498430168 109.25344059297092 87
1757498430222 108.893863312337 88
1757498430276 108.53674766500868 89
1757498430328 108.18207324306144 90
1757498430386 107.82981981709368 91
1757498430438 107.47996733463908 92
1757498430493 107.1324959185937 93
1757498430546 106.78738586565673 94
1757498430599 106.44461764478545 95
1757498430652 106.10417189566385 96
1757498430704 105.76602942718498 97
1757498430757 105.43017121594684 98
1757498430810 105.09657840476184 99
1757498430860 104.76523230117937 100
1757498430915 104.43611437602176 101
1757498430967 104.1092062619332 102
1757498431017 103.78448975194169 103
1757498431070 103.46194679803395 104
1757498431120 103.14155950974278 105
1757498431171 102.82331015274727 106
1757498431223 102.50718114748555 107
1757498431275 102.19315506777977 108
1757498431325 101.88121463947347 109
1757498431384 101.57134273908109 110
1757498431438 101.26352239244962 111
1757498431489 100.95773677343209 112
1757498431542 100.65396920257305 113
1757498431596 100.35220314580567 114
1757498431654 100.05242221316053 115
1757498431708 99.754610157486 116
1757498431764 99.45875087318 117
1757498431820 99.16521974503122 118
1757498431874 98.87341776492222 119
1757498431929 98.58352207227314 120
1757498431984 98.29551766895584 121
1757498432038 98.00938910651507 122
1757498432090 97.72512107528809 123
1757498432145 97.4426983988633 124
1757498432199 97.1621060329186 125
1757498432252 96.8833290640487 126
1757498432303 96.60635270860307 127
1757498432355 96.33116231153436 128
1757498432417 96.0583049418518 129
1757498432469 95.78692637242122 130
1757498432521 95.51729122862416 131
1757498432573 95.24938572517962 132
1757498432625 94.98319581076134 133
1757498432677 94.71870755915272 134
1757498432729 94.4559071651405 135
1757498432780 94.19478094345561 136
1757498432831 93.93531532770868 137
1757498432883 93.67749686933574 138
1757498432934 93.42131223655291 139
1757498433067 93.16674821332064 140
1757498433190 92.91379169831717 141
1757498433279 92.66242970392105 142
1757498433390 92.41264935520287 143
1757498433537 92.164437888926 144
1757498433628 91.91778265255613 145
1757498433688 91.67267110327975 146
1757498433743 91.4290908070314 147
1757498433797 91.18702943752956 148
1757498433852 90.94647477532116 149
1757498433906 90.70741470683473 150
1757498433961 90.4698372234417 151
1757498434015 90.23373042052656 152
1757498434070 89.99908249656477 153
1757498434124 89.76588175220947 154
1757498434178 89.53411658938579 155
1757498434233 89.30377551039376 156
1757498434287 89.07484711701878 157
1757498434340 88.84732010965035 158
1757498434394 88.62118328640855 159
1757498434455 88.39642554227827 160
1757498434507 88.17303586825129 161
1757498434561 87.95100335047584 162
1757498434613 87.73031716941402 163
1757498434665 87.51096659900648 164
1757498434719 87.29294100584463 165
1757498434771 87.07622984835034 166
1757498434823 86.86082267596291 167
1757498434875 86.64670912833316 168
1757498434926 86.4338789345249 169
1757498434979 86.22232191222355 170
1757498435031 86.0120279669515 171
1757498435082 85.802987091291 172
1757498435133 85.59518936411344 173
1757498435186 85.38862494981579 174
1757498435237 85.18328409756396 175
1757498435288 84.9791571405427 176
1757498435339 84.77623449521214 177
1757498435391 84.57450666057132 178
1757498435450 84.3739642174279 179
1757498435504 84.17459782767457 180
1757498435570 83.97639823357194 181
1757498435627 83.77935625703775 182
1757498435682 83.58346279894242 183
1757498435736 83.38870883841103 184
1757498435793 83.19508543213131 185
1757498435850 83.0025837136679 186
1757498435907 82.81119489278285 187
1757498435965 82.62091025476198 188
1757498436021 82.43172115974734 189
1757498436076 82.24361904207564 190
1757498436130 82.05659540962256 191
1757498436183 81.870641843153 192
1757498436237 81.68574999567682 193
1757498436289 81.50191159181077 194
1757498436341 81.31911842714581 195
1757498436395 81.13736236762009 196
1757498436448 80.9566353488976 197
1757498436509 80.77692937575247 198
1757498436563 80.59823652145843 199
1757498436617 80.42054892718403 200
1757498436670 80.24385880139316 201
1757498436721 80.06815841925086 202
1757498436774 79.89344012203448 203
1757498436826 79.71969631654997 204
1757498436879 79.54691947455368 205
1757498436931 79.37510213217894 206
1757498436985 79.20423688936803 207
1757498437036 79.03431640930904 208
1757498437088 78.86533341787788 209
1757498437140 78.69728070308511 210
1757498437192 78.53015111452801 211
1757498437243 78.36393756284703 212
1757498437295 78.19863301918758 213
1757498437349 78.03423051466642 214
1757498437401 77.87072313984267 215
1757498437453 77.70810404419369 216
1757498437510 77.54636643559576 217
1757498437563 77.3855035798091 218
1757498437615 77.22550879996761 219
1757498437667 77.06637547607322 220
1757498437720 76.90809704449468 221
1757498437773 76.75066699747074 222
1757498437825 76.594078882618 223
1757498437879 76.43832630244285 224
1757498437932 76.28340291385798 225
1757498437986 76.12930242770305 226
1757498438038 75.97601860826978 227
1757498438093 75.82354527283104 228
1757498438145 75.67187629117448 229
1757498438202 75.52100558513993 230
1757498438256 75.37092712816126 231
1757498438309 75.22163494481205 232
1757498438362 75.07312311035554 233
1757498438417 74.92538575029829 234
1757498438498 74.77841703994825 235
1757498438557 74.63221120397633 236
1757498438624 74.48676251598214 237
1757498438690 74.34206529806346 238
1757498438749 74.19811392038973 239
1757498438812 74.05490280077903 240
1757498438871 73.91242640427917 241
1757498438941 73.77067924275225 242
1757498439039 73.62965587446308 243
1757498439100 73.48935090367118 244
1757498439160 73.34975898022641 245
1757498439220 73.2108747991683 246
1757498439277 73.0726931003287 247
1757498439335 72.93520866793844 248
1757498439391 72.79841633023693 249
1757498439447 72.66231095908559 250
1757498439514 72.52688746958461 251
1757498439571 72.3921408196932 252
1757498439626 72.25806600985311 253
1757498439683 72.12465808261558 254
1757498439741 71.99191212227151 255
1757498439796 71.8598232544851 256
1757498439853 71.72838664593058 257
1757498439910 71.59759750393226 258
1757498439966 71.46745107610772 259
1757498440021 71.33794265001428 260
1757498440076 71.20906755279852 261
1757498440131 71.08082115084889 262
1757498440186 70.95319884945164 263
1757498440240 70.82619609244938 264
1757498440295 70.69980836190324 265
1757498440349 70.57403117775746 266
1757498440403 70.44886009750742 267
1757498440457 70.32429071587042 268
1757498440513 70.20031866445926 269
1757498440572 70.07693961145912 270
1757498440626 69.95414926130681 271
1757498440679 69.83194335437332 272
1757498440732 69.71031766664893 273
1757498440786 69.58926800943121 274
1757498440840 69.46879022901571 275
1757498440892 69.34888020638957 276
1757498440945 69.22953385692769 277
1757498441000 69.11074713009167 278
1757498441054 68.99251600913148 279
1757498441108 68.87483651078959 280
1757498441160 68.75770468500801 281
1757498441215 68.64111661463771 282
1757498441269 68.5250684151507 283
1757498441322 68.40955623435467 284
1757498441407 68.29457625211023 285
1757498441546 68.1801246800505 286
1757498441608 68.06619776130334 287
1757498441714 67.95279177021602 288
1757498441839 67.83990301208232 289
1757498441963 67.72752782287195 290
1757498442031 67.61566256896259 291
1757498442093 67.5043036468742 292
1757498442153 67.39344748300562 293
1757498442213 67.28309053337355 294
1757498442273 67.173229283354 295
1757498442330 67.06386024742582 296
1757498442387 66.95497996891662 297
1757498442444 66.84658501975093 298
1757498442503 66.73867200020061 299
1757498442571 66.63123753863742 300
1757498442629 66.5242782912879 301
1757498442687 66.41779094199028 302
1757498442745 66.31177220195369 303
1757498442804 66.20621880951934 304
1757498442859 66.1011275299241 305
1757498442915 65.9964951550658 306
1757498442970 65.89231850327099 307
1757498443027 65.78859441906447 308
1757498443084 65.685319772941 309
1757498443140 65.58249146113909 310
1757498443197 65.48010640541666 311
1757498443256 65.3781615528288 312
1757498443312 65.2766538755074 313
1757498443368 65.17558037044292 314
1757498443423 65.07493805926778 315
1757498443480 64.97472398804206 316
1757498443535 64.87493522704084 317
1757498443601 64.77556887054342 318
1757498443656 64.6766220366246 319
1757498443711 64.57809186694759 320
1757498443765 64.47997552655897 321
1757498443820 64.38227020368527 322
1757498443876 64.2849731095315 323
1757498443930 64.1880814780814 324
1757498443984 64.09159256589946 325
1757498444040 63.99550365193471 326
1757498444097 63.89981203732629 327
1757498444151 63.80451504521067 328
1757498444206 63.709610020530626 329
1757498444262 63.61509432984586 330
1757498444316 63.52096536114541 331
1757498444371 63.427220523661575 332
1757498444427 63.333857247685636 333
1757498444481 63.24087298438506 334
1757498444536 63.14826520562245 335
1757498444600 63.056031403776075 336
1757498444656 62.96416909156188 337
1757498444711 62.87267580185728 338
1757498444766 62.781549087526294 339
1757498444822 62.69078652124637 340
1757498444876 62.60038569533673 341
1757498444931 62.51034422158817 342
1757498444986 62.4206597310944 343
1757498445042 62.33132987408497 344
1757498445099 62.24235231975946 345
1757498445154 62.15372475612339 346
1757498445211 62.06544488982541 347
1757498445266 61.977510445995975 348
1757498445321 61.8899191680875 349
1757498445376 61.802668817715855 350
1757498445432 61.715757174503295 351
1757498445487 61.62918203592283 352
1757498445542 61.542941217143856 353
1757498445606 61.45703255087927 354
1757498445664 61.3714538872339 355
1757498445721 61.286203093554235 356
1757498445776 61.20127805427953 357
1757498445832 61.11667667079419 358
1757498445887 61.03239686128156 359
1757498445943 60.94843656057886 360
1757498446000 60.864793720033525 361
1757498446057 60.78146630736068 362
1757498446115 60.69845230650212 363
1757498446172 60.61574971748623 364
1757498446228 60.53335655628939 365
1757498446284 60.4512708546985 366
1757498446339 60.36949066017466 367
1757498446396 60.28801403571823 368
1757498446451 60.20683905973491 369
1757498446507 60.125963825903085 370
1757498446564 60.045386443042396 371
1757498446632 59.9651050349833 372
1757498446688 59.88511774043799 373
1757498446746 59.8054227128723 374
1757498446801 59.726018120378825 375
1757498446857 59.646902145551124 376
1757498446912 59.568072985359095 377
1757498446968 59.489528851025284 378
1757498447025 59.41126796790259 379
1757498447081 59.33328857535267 380
1757498447139 59.2555889266258 381
1757498447195 59.17816728874143 382
1757498447251 59.10102194237015 383
1757498447308 59.02415118171641 384
1757498447390 58.94755331440241 385
1757498447451 58.871226661353035 386
1757498447512 58.79516955668173 387
1757498447573 58.719380347577435 388
1757498447638 58.64385739419252 389
1757498447702 58.56859906953161 390
1757498447768 58.493603759341575 391
1757498447846 58.418869862002346 392
1757498447930 58.344395788418716 393
1757498447991 58.27017996191315 394
1757498448053 58.196220818119464 395
1757498448114 58.12251680487755 396
1757498448180 58.04906638212891 397
1757498448241 57.97586802181318 398
1757498448300 57.90292020776554 399
1757498448361 57.83022143561509 400
1757498448422 57.75777021268401 401
1757498448483 57.68556505788772 402
1757498448546 57.61360450163585 403
1757498448610 57.54188708573409 404
1757498448679 57.47041136328695 405
1757498448740 57.39917589860136 406
1757498448801 57.32817926709106 407
1757498448888 57.2574200551819 408
1757498448961 57.18689686021796 409
1757498449036 57.11660829036851 410
1757498449141 57.04655296453572 411
1757498449226 56.976729512263276 412
1757498449316 56.907136573645744 413
1757498449394 56.837772799238735 414
1757498449477 56.7686368499699 415
1757498449559 56.699727397050665 416
1757498449661 56.631043121888744 417
1757498449759 56.562582716001465 418
1757498449835 56.4943448809298 419
1757498449909 56.42632832815324 420
1757498449978 56.35853177900529 421
1757498450047 56.29095396458982 422
1757498450111 56.22359362569811 423
1757498450178 56.156449512726624 424
1757498450244 56.08952038559548 425
1757498450342 56.02280501366775 426
1757498450515 55.95630217566925 427
1757498450646 55.89001065960934 428
1757498450740 55.82392926270208 429
1757498450824 55.758056791288396 430
1757498450967 55.692392060758685 431
1757498451087 55.62693389547624 432
1757498451217 55.561681128701345 433
1757498451295 55.49663260251592 434
1757498451364 55.43178716774897 435
1757498451431 55.36714368390263 436
1757498451496 55.30270101907879 437
1757498451561 55.238458049906505 438
1757498451644 55.17441366146997 439
1757498451711 55.110566747237044 440
1757498451777 55.04691620898858 441
1757498451840 54.98346095674823 442
1757498451902 54.92019990871294 443
1757498451965 54.85713199118398 444
1757498452025 54.7942561384987 445
1757498452084 54.7315712929628 446
1757498452142 54.66907640478314 447
1757498452202 54.60677043200129 448
1757498452262 54.54465234042759 449
1757498452319 54.48272110357568 450
1757498452379 54.4209757025978 451
1757498452436 54.35941512622055 452
1757498452494 54.29803837068117 453
1757498452551 54.23684443966449 454
1757498452609 54.17583234424035 455
1757498452667 54.115001102801614 456
1757498452734 54.054349741002675 457
1757498452793 53.99387729169857 458
1757498452852 53.93358279488455 459
1757498452910 53.87346529763627 460
1757498452968 53.813523854050395 461
1757498453025 53.753757525185826 462
1757498453083 53.694165379005405 463
1757498453141 53.63474649031805 464
1757498453201 53.575499940721585 465
1757498453261 53.51642481854585 466
1757498453318 53.45752021879648 467
1757498453380 53.398785243099105 468
1757498453437 53.34021899964397 469
1757498453500 53.28182060313124 470
1757498453560 53.22358917471653 471
1757498453617 53.165523841957125 472
1757498453675 53.10762373875857 473
1757498453735 53.04988800532168 474
1757498453804 52.99231578809014 475
1757498453866 52.93490623969848 476
1757498453924 52.877658518920505 477
1757498453983 52.82057179061819 478
1757498454041 52.763645225691064 479
1757498454099 52.706878001025935 480
1757498454157 52.65026929944715 481
1757498454216 52.59381830966727 482
1757498454275 52.537524226238105 483
1757498454332 52.481386249502286 484
1757498454394 52.42540358554518 485
1757498454453 52.369575446147266 486
1757498454511 52.31390104873683 487
1757498454569 52.258379616343326 488
1757498454627 52.203010377550754 489
1757498454684 52.147792566451834 490
1757498454743 52.092725422602356 491
1757498454808 52.0378081909759 492
1757498454869 51.98304012191915 493
1757498454927 51.92842047110742 494
1757498454986 51.87394849950059 495
1757498455046 51.81962347329955 496
1757498455105 51.765444663902834 497
1757498455164 51.711411347863816 498
1757498455223 51.65810352959564 499
