1757402546547 153.78549079279492 0
1757402546578 67.79853375120311 1
1757402546605 76.79721274806495 2
1757402546631 56.062955356304684 3
1757402546656 54.50006895236743 4
1757402546682 46.83549474825774 5
1757402546707 44.077191893599434 6
1757402546732 40.190750585160636 7
1757402546758 37.74744039971258 8
1757402546783 35.2464289798704 9
1757402546808 33.274966449677954 10
1757402546833 31.43723550628433 11
1757402546858 29.854558813907655 12
1757402546882 28.409458915845125 13
1757402546910 27.117313728589995 14
1757402546935 25.9354135874629 15
1757402546961 24.857697900435703 16
1757402546985 23.86426568684594 17
1757402547010 22.946685958411013 18
1757402547035 22.09359102547154 19
1757402547060 21.2979239516441 20
1757402547085 20.55234571277085 21
1757402547110 19.85149551367941 22
1757402547134 19.190316800129867 23
1757402547161 18.5648213989811 24
1757402547186 17.971393752840928 25
1757402547212 17.407061355058186 26
1757402547237 16.869172418155028 27
1757402547263 16.35548917816979 28
1757402547288 15.86402567501758 29
1757402547314 15.39307441300058 30
1757402547339 14.941119249764828 31
1757402547364 14.506837215782543 32
1757402547388 14.089049086963005 33
1757402547415 13.686712886615132 34
1757402547440 13.298894410644827 35
1757402547465 12.924758923589176 36
1757402547490 12.56355276662965 37
1757402547515 12.214595643514823 38
1757402547541 11.877268671055987 39
1757402547566 11.551007960788638 40
1757402547601 11.23529658064537 41
1757402547627 10.929659476609439 42
1757402547653 10.633657905913132 43
1757402547678 10.346885516756235 44
1757402547703 10.068964399397583 45
1757402547729 9.799542093805925 46
1757402547755 9.538288731799469 47
1757402547782 9.284894760714439 48
1757402547808 9.039068839353083 49
1757402547835 8.800536103360749 50
1757402547860 8.569036592211544 51
1757402547887 8.344323920392453 52
1757402547913 8.12616408440537 53
1757402547939 7.914334436756271 54
1757402547966 7.70862276845199 55
1757402547992 7.508826508918163 56
1757402548018 7.314752010465311 57
1757402548044 7.126213917217221 58
1757402548070 6.943034599158065 59
1757402548095 6.765043648078659 60
1757402548121 6.592077423490456 61
1757402548176 6.423978644628775 62
1757402548211 6.260596020848895 63
1757402548246 6.1017839168281025 64
1757402548280 5.947402047408758 65
1757402548311 5.797315199075905 66
1757402548339 5.651392974486508 67
1757402548365 5.509509557643556 68
1757402548392 5.371543497162115 69
1757402548419 5.2373775057437575 70
1757402548445 5.106898274000731 71
1757402548471 4.979996297171038 72
1757402548503 4.856565713347132 73
1757402548554 4.736504152091812 74
1757402548594 4.619712592405514 75
1757402548629 4.506095229173651 76
1757402548656 4.395559347304806 77
1757402548682 4.288015202882447 78
1757402548707 4.18337591072141 79
1757402548735 4.081557337798991 80
1757402548762 3.9824780020853576 81
1757402548788 3.8860589763548083 82
1757402548814 3.7922237966023475 83
1757402548841 3.700898374731978 84
1757402548868 3.612010915216525 85
1757402548894 3.525491835460193 86
1757402548921 3.4412736896209704 87
1757402548947 3.359291095673931 88
1757402548973 3.2794806655165707 89
1757402549000 3.2017809379357565 90
1757402549026 3.12613231427152 91
1757402549053 3.052476996627368 92
1757402549079 2.980758928489056 93
1757402549106 2.910923737625088 94
1757402549132 2.8429186811519815 95
1757402549159 2.776692592656399 96
1757402549192 2.7121958312739696 97
1757402549220 2.6493802326319393 98
1757402549275 2.588199061569086 99
1757402549307 2.528606966552223 100
1757402549340 2.47055993571376 101
1757402549375 2.414015254439655 102
1757402549402 2.358931464441329 103
1757402549429 2.3052683242491137 104
1757402549456 2.252986771068387 105
1757402549483 2.2020488839428616 106
1757402549510 2.152417848172578 107
1757402549537 2.1040579209368344 108
1757402549564 2.056934398075023 109
1757402549590 2.011013581980619 110
1757402549626 1.966262750565845 111
1757402549652 1.9227487910148031 112
1757402549679 1.880283078682 113
1757402549706 1.8388949224638387 114
1757402549733 1.7985497835779956 115
1757402549760 1.7592229416329586 116
1757402549787 1.7208846360585466 117
1757402549814 1.683509977991336 118
1757402549841 1.6470720122719866 119
1757402549867 1.6115464703399403 120
1757402549894 1.5769084533675655 121
1757402549922 1.5431346829288772 122
1757402549949 1.5102019125505617 123
1757402549976 1.4780879884672833 124
1757402550003 1.4467710841375674 125
1757402550030 1.4162301955122123 126
1757402550057 1.38644476775177 127
1757402550083 1.3573949220469625 128
1757402550110 1.3290612695243447 129
1757402550137 1.3014250109135324 130
1757402550165 1.2744678400501919 131
1757402550192 1.2481719835756035 132
1757402550219 1.2225201475670924 133
1757402550246 1.1974955291958163 134
1757402550273 1.173081784341418 135
1757402550300 1.149263026361635 136
1757402550326 1.1260238041245156 137
1757402550353 1.1033490950671578 138
1757402550380 1.0812242885888637 139
1757402550408 1.0596351767845174 140
1757402550436 1.0385679407656896 141
1757402550464 1.0180091406527139 142
1757402550491 0.9979457036410296 143
1757402550518 0.9783649139811554 144
1757402550545 0.9592544022043366 145
1757402550572 0.9406021354148194 146
1757402550599 0.9223964073744848 147
1757402550634 0.9046258292410331 148
1757402550663 0.8872793203487526 149
1757402550691 0.870346099436937 150
1757402550718 0.8538156760308535 151
1757402550745 0.8376778421636416 152
1757402550772 0.821922664294631 153
1757402550800 0.8065404755097368 154
1757402550827 0.7915218679312883 155
1757402550855 0.7768576853743494 156
1757402550882 0.7625390162114088 157
1757402550909 0.7485571864595753 158
1757402550938 0.7349037530688313 159
1757402550966 0.721570497414843 160
1757402550993 0.7085494189829948 161
1757402551021 0.6958327292423222 162
1757402551048 0.6834128457000848 163
1757402551076 0.6712823861335502 164
1757402551108 0.659434162991862 165
1757402551136 0.6478611779637399 166
1757402551164 0.636556616705089 167
1757402551192 0.6256964327173589 168
1757402551219 0.6149930664201436 169
1757402551247 0.6045428444934764 170
1757402551275 0.5943296119446019 171
1757402551303 0.5843548703322643 172
1757402551330 0.5746073953082123 173
1757402551358 0.5650853022851852 174
1757402551386 0.5557804317615468 175
1757402551414 0.546689229014664 176
1757402551444 0.537805194908509 177
1757402551472 0.5291241002768686 178
1757402551500 0.5206403778508868 179
1757402551528 0.5123496066134311 180
1757402551556 0.5042467912789967 181
1757402551584 0.4963275432782708 182
1757402551612 0.488587260163881 183
1757402551649 0.48102168591081906 184
1757402551678 0.4736265188581407 185
1757402551706 0.46639767671042376 186
1757402551734 0.45933110849975517 187
1757402551762 0.45242291918194927 188
1757402551790 0.4456692787576977 189
1757402551818 0.4390664801620282 190
1757402551847 0.43261089469309255 191
1757402551875 0.42629899825119927 192
1757402551903 0.42012734887653297 193
1757402551933 0.4140925980089341 194
1757402551962 0.4081914786170302 195
1757402551991 0.4024208094039338 196
1757402552019 0.39677748804369906 197
1757402552047 0.39125849209803265 198
1757402552075 0.3858608747466321 199
1757402552104 0.3805817642015283 200
1757402552132 0.3754183606838568 201
1757402552160 0.3703679351816816 202
1757402552189 0.36542782707593524 203
1757402552218 0.3605954426403792 204
1757402552246 0.3558682530290573 205
1757402552275 0.35124379270462874 206
1757402552303 0.3467196576472315 207
1757402552332 0.3422935037966341 208
1757402552360 0.33796304541283156 209
1757402552388 0.3337260535697587 210
1757402552416 0.32958035463167606 211
1757402552447 0.32552382881368497 212
1757402552475 0.3215544087541871 213
1757402552507 0.3176700781469432 214
1757402552535 0.31386887039780365 215
1757402552564 0.31014886732821045 216
1757402552593 0.30650819790831213 217
1757402552624 0.3029450370296706 218
1757402552669 0.2994576043088875 219
1757402552701 0.29604416292640257 220
1757402552730 0.2927030184958513 221
1757402552759 0.2894325179655517 222
1757402552788 0.2862310485494664 223
1757402552818 0.2830970366879527 224
1757402552847 0.2800289470366266 225
1757402552876 0.27702528148306554 226
1757402552905 0.27408457819017074 227
1757402552935 0.27120541066566844 228
1757402552964 0.2683863868568172 229
1757402552993 0.26562614826972014 230
1757402553022 0.2629233691124435 231
1757402553051 0.2602767554613158 232
1757402553080 0.25768504444970924 233
1757402553109 0.25514700347867664 234
1757402553138 0.2526614294488113 235
1757402553167 0.25022714801273005 236
1757402553196 0.24784301284758894 237
1757402553226 0.24550790494706415 238
1757402553257 0.24322073193224877 239
1757402553288 0.24098042738092432 240
1757402553323 0.23878595017469753 241
1757402553365 0.23663628386348556 242
1757402553399 0.23453043604687884 243
1757402553429 0.23246743777189058 244
1757402553461 0.23044634294664282 245
1757402553491 0.22846622776954603 246
1757402553522 0.2265261901735283 247
1757402553552 0.22462534928490313 248
1757402553583 0.22276284489646914 249
1757402553613 0.2209378369544367 250
1757402553644 0.21914950505881337 251
1757402553683 0.21739704797685463 252
1757402553713 0.21567968316923916 253
1757402553763 0.2139966463286055 254
1757402553796 0.2123471909301098 255
1757402553830 0.2107305877936803 256
1757402553865 0.20914612465764026 257
1757402553895 0.20759310576338927 258
1757402553926 0.20607085145084525 259
1757402553958 0.20457869776434542 260
1757402553989 0.20311599606872507 261
1757402554038 0.20168211267529737 262
1757402554092 0.2002764284774587 263
1757402554251 0.1988983385956678 264
1757402554315 0.19754725203153717 265
1757402554348 0.19622259133079192 266
1757402554384 0.1949237922548531 267
1757402554420 0.19365030346082318 268
1757402554453 0.192401586189632 269
1757402554483 0.19117711396213788 270
1757402554512 0.18997637228295816 271
1757402554542 0.18879885835182963 272
1757402554571 0.18764408078229747 273
1757402554601 0.18651155932752794 274
1757402554631 0.185400824613066 275
1757402554661 0.1843114178763427 276
1757402554691 0.18324289071276087 277
1757402554721 0.18219480482817738 278
1757402554751 0.18116673179761592 279
1757402554780 0.18015825283004638 280
1757402554811 0.1791689585390623 281
1757402554840 0.17819844871931506 282
1757402554871 0.17724633212853416 283
1757402554902 0.1763122262750068 284
1757402554932 0.1753957572103524 285
1757402554962 0.1744965593274713 286
1757402554991 0.17361427516351868 287
1757402555021 0.17274855520778126 288
1757402555052 0.17189905771431807 289
1757402555082 0.17106544851925554 290
1757402555112 0.1702474008625984 291
1757402555142 0.16944459521445554 292
1757402555172 0.16865671910555036 293
1757402555202 0.1678834669619188 294
1757402555232 0.16712453994367318 295
1757402555263 0.16637964578773765 296
1757402555293 0.16564849865444484 297
1757402555323 0.1649308189778989 298
1757402555353 0.16422633332000325 299
1757402555384 0.16353477422806445 300
1757402555414 0.1628558800958734 301
1757402555444 0.1621893950281809 302
1757402555475 0.16153506870847614 303
1757402555505 0.16089265626998486 304
1757402555535 0.16026191816980725 305
1757402555565 0.1596426200661098 306
1757402555595 0.15903453269830095 307
1757402555625 0.15843743177010397 308
1757402555655 0.1578510978354664 309
1757402555694 0.15727531618722213 310
1757402555726 0.15670987674844403 311
1757402555757 0.15615457396641513 312
1757402555787 0.1556092067091537 313
1757402555817 0.15507357816442568 314
1757402555847 0.15454749574118673 315
1757402555877 0.15403077097338466 316
1757402555908 0.15352321942607042 317
1757402555938 0.15302466060375633 318
1757402555968 0.152534917860963 319
1757402555998 0.1520538183149062 320
1757402556029 0.15158119276026163 321
1757402556059 0.15111687558596523 322
1757402556089 0.1506607046939888 323
1757402556120 0.15021252142004946 324
1757402556150 0.14977217045619917 325
1757402556181 0.14933949977525174 326
1757402556212 0.1489143605569973 327
1757402556243 0.1484966071161655 328
1757402556275 0.14808609683208737 329
1757402556307 0.14768269008001955 330
1757402556339 0.1472862501640878 331
1757402556371 0.14689664325180826 332
1757402556404 0.1465137383101488 333
1757402556437 0.14613740704309391 334
1757402556470 0.14576752383067376 335
1757402556503 0.14540396566942254 336
1757402556537 0.1450466121142314 337
1757402556570 0.1446953452215615 338
1757402556601 0.14435004949398136 339
1757402556633 0.14401061182600305 340
1757402556665 0.14367692145117655 341
1757402556705 0.14334886989041762 342
1757402556764 0.14302635090153876 343
1757402556796 0.14270926042994944 344
1757402556839 0.14239749656050432 345
1757402556871 0.142090959470464 346
1757402556903 0.14178955138354835 347
1757402556935 0.14149317652504906 348
1757402556966 0.14120174107798253 349
1757402556998 0.14091515314025183 350
1757402557029 0.14063332268279963 351
1757402557061 0.14035616150872102 352
1757402557092 0.14008358321331982 353
1757402557124 0.13981550314508143 354
1757402557156 0.13955183836754087 355
1757402557189 0.13929250762202786 356
1757402557221 0.13903743129126145 357
1757402557253 0.13878653136378077 358
1757402557285 0.13853973139918677 359
1757402557317 0.13829695649417964 360
1757402557349 0.13805813324936655 361
1757402557381 0.1378231897368312 362
1757402557412 0.13759205546843714 363
1757402557444 0.13736466136485323 364
1757402557476 0.13714093972528263 365
1757402557508 0.13692082419787785 366
1757402557539 0.13670424975082718 367
1757402557571 0.13649115264409392 368
1757402557603 0.13628147040179714 369
1757402557635 0.1360751417852141 370
1757402557667 0.13587210676639225 371
1757402557700 0.13567230650235781 372
1757402557742 0.13547568330990226 373
1757402557776 0.13528218064093883 374
1757402557808 0.13509174305841057 375
1757402557840 0.13490431621273916 376
1757402557873 0.1347198468188055 377
1757402557907 0.13453828263343806 378
1757402557940 0.13435957243341565 379
1757402557973 0.13418366599395096 380
1757402558006 0.1340105140676636 381
1757402558039 0.13383795258444003 382
1757402558072 0.1336728301468842 383
1757402558104 0.13350340543921893 384
1757402558137 0.1333450347788644 385
1757402558170 0.13317964275762306 386
1757402558202 0.13302679506858872 387
1757402558234 0.132865969075016 388
1757402558267 0.13271797518234807 389
1757402558299 0.13256186650757001 390
1757402558331 0.13241835220734885 391
1757402558363 0.13226693385968535 392
1757402558396 0.13212766539933712 393
1757402558430 0.13198083127306287 394
1757402558465 0.13184564222578565 395
1757402558500 0.1317032535704895 396
1757402558533 0.13157201023743506 397
1757402558566 0.13143391726256656 398
1757402558619 0.13130650228481885 399
1757402558652 0.13117255404395223 400
1757402558684 0.13104885865858287 401
1757402558722 0.1309189074237834 402
1757402558759 0.13079882782918917 403
1757402558792 0.13067273089151102 404
1757402558825 0.13055616656507288 405
1757402558858 0.13043378684711932 406
1757402558911 0.130320639787612 407
1757402558945 0.13020184592017559 408
1757402558977 0.13009202032499748 409
1757402559011 0.12997668649265137 410
1757402559044 0.12987264859558598 411
1757402559079 0.12975781845188405 412
1757402559112 0.12965462880614492 413
1757402559154 0.1295505470879504 414
1757402559189 0.12944331233723522 415
1757402559223 0.12934269159086395 416
1757402559258 0.12924468779682027 417
1757402559292 0.12914043649540138 418
1757402559335 0.12904517661689122 419
1757402559383 0.12895095440155732 420
1757402559419 0.1288510076884919 421
1757402559454 0.12875986362165692 422
1757402559488 0.12866991186714744 423
1757402559522 0.1285780752115976 424
1757402559556 0.1284854840133782 425
1757402559591 0.12839805929847523 426
1757402559628 0.12831450210565093 427
1757402559689 0.12822684512735366 428
1757402559850 0.12813940164802803 429
1757402559971 0.1280567398963959 430
1757402560008 0.12797829219083018 431
1757402560065 0.1278951991994145 432
1757402560105 0.12781773138769614 433
1757402560149 0.12773238098616357 434
1757402560190 0.12765790363351429 435
1757402560221 0.12758359860801108 436
1757402560253 0.12750703221075824 437
1757402560284 0.1274343126284744 438
1757402612425 0.12735435863601813 439
1757402612457 0.12728510824237194 440
1757402612489 0.1272162241906033 441
1757402612521 0.12714463533493772 442
1757402612553 0.1270770778202671 443
1757402612585 0.12700824519802492 444
1757402612619 0.12693511736119165 445
1757402612652 0.1268709890271305 446
1757402612685 0.12680849910270015 447
1757402612720 0.12674208061811673 448
1757402612754 0.12668040861490748 449
1757402612791 0.12661682866439788 450
1757402612825 0.1265559670424476 451
1757402612864 0.12649460728918835 452
1757402612898 0.12642756504082192 453
1757402612932 0.12637095059062003 454
1757402612966 0.12631515420110448 455
1757402613000 0.12625555964206187 456
1757402613035 0.12620047374075288 457
1757402613069 0.12614348142587647 458
1757402613104 0.12608904835828985 459
1757402613136 0.12603407148803886 460
1757402613168 0.12598067348989297 461
1757402613199 0.12592737532841908 462
1757402613231 0.12587518214354035 463
1757402613262 0.12581525761587178 464
1757402613295 0.12576769830670323 465
1757402613326 0.12571980192664736 466
1757402613358 0.12566841373500362 467
1757402613389 0.12562115166987067 468
1757402613420 0.1255720590472582 469
1757402613451 0.12552528976909033 470
1757402613483 0.12547795834565914 471
1757402613515 0.12543204000589916 472
1757402613548 0.1253861598062858 473
1757402613579 0.12534125344352415 474
1757402613611 0.12529666382693047 475
1757402613642 0.12525283260833492 476
1757402613674 0.12520944392198546 477
1757402613706 0.12516670448807035 478
1757402613737 0.12512446070981673 479
1757402613769 0.1250828075674117 480
1757402613801 0.125041668650377 481
1757402613833 0.12500108579758892 482
1757402613865 0.12496101932849506 483
1757402613897 0.12492148582321923 484
1757402613928 0.12488246309719371 485
1757402613961 0.12484395574381325 486
1757402613993 0.1248059499337106 487
1757402614026 0.12476844459460937 488
1757402614058 0.12473142991134815 489
1757402614090 0.1246949021593796 490
1757402614121 0.12465885347875318 491
1757402614153 0.12462327893152385 492
1757402614185 0.1245881716384159 493
1757402614216 0.12455352613697508 494
1757402614248 0.1245193360689991 495
1757402614281 0.12448559577877949 496
1757402614313 0.1244522992137251 497
1757402614345 0.124419440685249 498
1757402614377 0.12438701434634074 499
