1757487143129 175.55639902833124 0
1757487143163 157.462594477445 1
1757487143195 150.44413594740212 2
1757487143226 143.56591063958112 3
1757487143257 137.29332634239873 4
1757487143287 131.48214278206254 5
1757487143318 126.11939629022673 6
1757487143347 121.16458351960476 7
1757487143377 116.58239452124067 8
1757487143406 112.34061018135273 9
1757487143436 108.40990353712667 10
1757487143466 104.76357351450858 11
1757487143495 101.37730713264736 12
1757487143525 98.2289631493562 13
1757487143555 95.29837540959824 14
1757487143585 92.56717408931856 15
1757487143615 90.01862320319101 16
1757487143646 87.63747289322163 17
1757487143676 85.40982515055222 18
1757487143706 83.32301174581434 19
1757487143736 81.3654832551586 20
1757487143766 79.52670817065047 21
1757487143796 77.79708117601662 22
1757487143826 76.17023993515232 23
1757487143856 74.63469140308185 24
1757487143886 73.18424395440388 25
1757487143917 71.81225170765852 26
1757487143949 70.51262427937752 27
1757487143981 69.27979977411893 28
1757487144012 68.10869604655315 29
1757487144042 66.99466786750371 30
1757487144072 65.93346790004738 31
1757487144101 64.9212112099041 32
1757487144141 63.954342985449976 33
1757487144176 63.02960917563045 34
1757487144206 62.14402978048856 35
1757487144237 61.29487455320929 36
1757487144269 60.4796408945535 37
1757487144300 59.6960337405218 38
1757487144332 58.94194726223441 39
1757487144363 58.21544821350247 40
1757487144394 57.514760776552 41
1757487144426 56.83825276997985 42
1757487144456 56.184423095397065 43
1757487144488 55.551890310462376 44
1757487144519 54.939382226230215 45
1757487144550 54.345726436026695 46
1757487144581 53.76984169150953 47
1757487144611 53.21073004924022 48
1757487144641 52.66746971807036 49
1757487144672 52.13920854398069 50
1757487144703 51.62515807477206 51
1757487144734 51.12458815224175 52
1757487144764 50.63682198423701 53
1757487144795 50.16123165330151 54
1757487144825 49.69723402256149 55
1757487144856 49.24428700307006 56
1757487144887 48.801886150076065 57
1757487144918 48.369561558634366 58
1757487144949 47.94687503165821 59
1757487144981 47.5334174959518 60
1757487145012 47.12880664397872 61
1757487145043 46.732684781135845 62
1757487145074 46.344716860135144 63
1757487145104 45.964588685759466 64
1757487145136 45.592005274773086 65
1757487145203 45.22668935714323 66
1757487145250 44.86838000598 67
1757487145309 44.51683138473906 68
1757487145355 44.17181160126591 69
1757487145430 43.83310165920006 70
1757487145464 43.50049449811274 71
1757487145495 43.173794114528164 72
1757487145526 42.852814756685866 73
1757487145591 42.53738018654342 74
1757487145646 42.227323003103365 75
1757487145690 41.92248402167977 76
1757487145730 41.6227117042027 77
1757487145776 41.32786163609816 78
1757487145817 41.03779604568127 79
1757487145856 40.75238336236337 80
1757487145893 40.4714978103046 81
1757487145930 40.19501903444436 82
1757487145966 39.922831756115066 83
1757487146001 39.65482545569431 84
1757487146037 39.39089407997609 85
1757487146085 39.130935772148405 86
1757487146125 38.874852622451286 87
1757487146186 38.62255043776065 88
1757487146221 38.373938528497725 89
1757487146252 38.128929511405616 90
1757487146283 37.8874391268628 91
1757487146315 37.649386069520425 92
1757487146348 37.41469183115676 93
1757487146395 37.18328055473915 94
1757487146439 36.95507889877194 95
1757487146477 36.73001591108927 96
1757487146517 36.50802291132507 97
1757487146558 36.28903338135862 98
1757487146600 36.07298286309541 99
1757487146645 35.859808862997944 100
1757487146690 35.649450762831556 101
1757487146736 35.44184973613638 102
1757487146781 35.23694866997809 103
1757487146826 35.03469209156864 104
1757487146869 34.835026099382404 105
1757487146916 34.63789829842551 106
1757487146960 34.44325773934412 107
1757487147004 34.25105486108476 108
1757487147048 34.06124143684298 109
1757487147092 33.87377052305916 110
1757487147135 33.6885964112399 111
1757487147186 33.505674582401795 112
1757487147232 33.32496166395118 113
1757487147278 33.14641538882851 114
1757487147321 32.96999455675995 115
1757487147365 32.7956589974715 116
1757487147408 32.62336953573261 117
1757487147451 32.453087958106615 118
1757487147496 32.284776981295494 119
1757487147540 32.11840022197466 120
1757487147584 31.9539221680222 121
1757487147629 31.791308151054128 122
1757487147675 31.630524320183895 123
1757487147718 31.47153761693092 124
1757487147790 31.31431575120844 125
1757487147834 31.15882717832606 126
1757487147878 31.005041076947474 127
1757487147923 30.852927327948006 128
1757487147967 30.702456494120693 129
1757487148010 30.553599800683333 130
1757487148054 30.40632911654238 131
1757487148097 30.260616936272555 132
1757487148140 30.116436362774042 133
1757487148186 29.973761090571678 134
1757487148237 29.832565389723076 135
1757487148280 29.692824090304708 136
1757487148326 29.554512567447144 137
1757487148371 29.41760672689262 138
1757487148416 29.282082991049492 139
1757487148459 29.147918285520337 140
1757487148503 29.015090026081324 141
1757487148549 28.883576106092303 142
1757487148594 28.753354884318227 143
1757487148643 28.624405173143447 144
1757487148692 28.496706227161997 145
1757487148737 28.370237732127467 146
1757487148808 28.2449797942474 147
1757487148871 28.120912929807865 148
1757487148941 27.99801805511454 149
1757487148988 27.87627647673776 150
1757487149033 27.755669882049133 151
1757487149078 27.6361803300386 152
1757487149130 27.517790242400896 153
1757487149173 27.400482394881227 154
1757487149222 27.284239908870386 155
1757487149269 27.169046243240185 156
1757487149312 27.0548851864102 157
1757487149354 26.941740848637664 158
1757487149397 26.829597654522505 159
1757487149441 26.71844033571986 160
1757487149485 26.60825392385298 161
1757487149529 26.499023743619592 162
1757487149573 26.390735406085064 163
1757487149617 26.283374802156196 164
1757487149660 26.176928096229634 165
1757487149704 26.071381720009043 166
1757487149747 25.966722366485666 167
1757487149792 25.862936984076974 168
1757487149837 25.760012770918294 169
1757487149881 25.657937169302674 170
1757487149924 25.55669786026429 171
1757487149972 25.456282758300894 172
1757487150019 25.35668000623113 173
1757487150067 25.25787797018249 174
1757487150110 25.15986523470605 175
1757487150153 25.06263059801407 176
1757487150197 24.966163067336897 177
1757487150241 24.870451854395633 178
1757487150286 24.775486370987046 179
1757487150331 24.68125622467764 180
1757487150376 24.587751214603546 181
1757487150419 24.49496132737333 182
1757487150464 24.402876733070674 183
1757487150507 24.311487781354174 184
1757487150553 24.22078499765142 185
1757487150597 24.130759079444875 186
1757487150639 24.041400892646752 187
1757487150679 23.952701468060702 188
1757487150722 23.86465199792767 189
1757487150764 23.777243832553793 190
1757487150806 23.690468477017998 191
1757487150847 23.604317587957162 192
1757487150887 23.5187829704268 193
1757487150928 23.433856574835133 194
1757487150970 23.349530493948716 195
1757487151011 23.265796959967606 196
1757487151053 23.182648341668312 197
1757487151095 23.100077141612648 198
1757487151138 23.018075993420908 199
1757487151179 22.936637659107507 200
1757487151220 22.85575502647761 201
1757487151271 22.775421106583067 202
1757487151312 22.695629031236223 203
1757487151404 22.616372050579994 204
1757487151535 22.537643530712902 205
1757487151684 22.45943695136756 206
1757487151804 22.381745903641324 207
1757487151929 22.30456408777776 208
1757487151973 22.227885310997625 209
1757487152056 22.151703485378192 210
1757487152158 22.07601262577961 211
1757487152246 22.00080684781724 212
1757487152364 21.926080365878725 213
1757487152427 21.851827491184718 214
1757487152520 21.778042629892273 215
1757487152601 21.704720281239684 216
1757487152652 21.63185503573195 217
1757487152693 21.559441573365664 218
1757487152731 21.48747466189262 219
1757487152886 21.41594915512092 220
1757487152978 21.344859991252935 221
1757487153055 21.27420219125901 222
1757487153164 21.203970857286212 223
1757487153235 21.134161171101226 224
1757487153309 21.064768392566545 225
1757487153391 20.995787858149235 226
1757487153463 20.92721497946144 227
1757487153500 20.859045241831907 228
1757487153555 20.791274202907818 229
1757487153637 20.723897491286127 230
1757487153718 20.65691080517386 231
1757487153756 20.590309911076538 232
1757487153832 20.524090642514174 233
1757487153960 20.45824889876418 234
1757487154057 20.392780643630527 235
1757487154113 20.327681904238563 236
1757487154218 20.262948769854972 237
1757487154304 20.19857739073216 238
1757487154394 20.134563976976604 239
1757487154488 20.070904797440587 240
1757487154547 20.0075961786368 241
1757487154640 19.944634503675243 242
1757487154723 19.882016211222002 243
1757487154782 19.819737794479327 244
1757487154846 19.75779580018653 245
1757487154931 19.696186827641327 246
1757487154986 19.634907527741046 247
1757487155055 19.573954602043347 248
1757487155119 19.513324801845958 249
1757487155269 19.453014927285018 250
1757487155311 19.393021826451644 251
1757487155356 19.333342394526255 252
1757487155450 19.27397357293034 253
1757487155568 19.214912348495208 254
1757487155726 19.15615575264739 255
1757487155812 19.097700860610292 256
1757487155860 19.03954479062182 257
1757487155901 18.981684703167502 258
1757487155963 18.924117800228874 259
1757487156081 18.86684132454678 260
1757487156217 18.809852558899205 261
1757487156287 18.75314882539336 262
1757487156336 18.696727484771753 263
1757487156374 18.640585935731877 264
1757487156413 18.584721614259248 265
1757487156452 18.52913199297352 266
1757487156487 18.473814580487343 267
1757487156522 18.418766920777788 268
1757487156560 18.363986592569972 269
1757487156599 18.30947120873269 270
1757487156640 18.25521841568574 271
1757487156679 18.20122589281875 272
1757487156717 18.147491351921207 273
1757487156753 18.094012536623566 274
1757487156789 18.040787221848976 275
1757487156825 17.98781321327569 276
1757487156862 17.935088346809696 277
1757487156901 17.88261048806749 278
1757487156941 17.830377531868713 279
1757487156977 17.7783874017385 280
1757487157016 17.72663804941927 281
1757487157055 17.675127454391795 282
1757487157091 17.62385362340545 283
1757487157126 17.57281459001718 284
1757487157162 17.522008414139417 285
1757487157198 17.471433181596336 286
1757487157236 17.421087003688545 287
1757487157275 17.37096801676602 288
1757487157314 17.321074381808952 289
1757487157363 17.27140428401655 290
1757487157403 17.221955932403468 291
1757487157442 17.172727559403814 292
1757487157478 17.123717420482514 293
1757487157516 17.074923793753957 294
1757487157554 17.02634497960766 295
1757487157594 16.97797930034096 296
1757487157633 16.929825099798414 297
1757487157672 16.88188074301798 298
1757487157712 16.834144615883634 299
1757487157750 16.786615124784422 300
1757487157791 16.739290696279802 301
1757487157831 16.692169776771138 302
1757487157869 16.64525083217916 303
1757487157906 16.598532347627383 304
1757487157943 16.552012827131342 305
1757487157979 16.50569079329339 306
1757487158020 16.459564787003174 307
1757487158057 16.413633367143476 308
1757487158096 16.367895110301443 309
1757487158136 16.32234861048503 310
1757487158177 16.27699247884458 311
1757487158218 16.23182534339944 312
1757487158258 16.186845848769515 313
1757487158297 16.142052655911634 314
1757487158345 16.09744444186069 315
1757487158389 16.053019899475405 316
1757487158429 16.00877773718864 317
1757487158468 15.964716678762239 318
1757487158508 15.92083546304615 319
1757487158545 15.877132843741958 320
1757487158586 15.833607589170548 321
1757487158629 15.790258482043932 322
1757487158672 15.747084319241123 323
1757487158712 15.704083911587986 324
1757487158752 15.661256083640989 325
1757487158793 15.61859967347477 326
1757487158834 15.576113532473462 327
1757487158875 15.533796525125664 328
1757487158915 15.491647528823083 329
1757487158957 15.449665433662648 330
1757487158997 15.407849142252125 331
1757487159039 15.366197569519146 332
1757487159082 15.324709642523548 333
1757487159122 15.28338430027301 334
1757487159162 15.242220493541911 335
1757487159204 15.201217184693308 336
1757487159244 15.160373347504052 337
1757487159285 15.11968796699289 338
1757487159326 15.079160039251592 339
1757487159366 15.038788571278971 340
1757487159407 14.998572580817768 341
1757487159449 14.958511096194373 342
1757487159489 14.918603156161291 343
1757487159530 14.878847809742314 344
1757487159571 14.839244116080362 345
1757487159612 14.79979114428792 346
1757487159675 14.760487973300046 347
1757487159720 14.721333691729887 348
1757487159792 14.682327397726667 349
1757487159838 14.643468198836068 350
1757487159875 14.604755211863035 351
1757487159913 14.566187562736857 352
1757487159952 14.527764386378596 353
1757487159991 14.489484826570697 354
1757487160031 14.451348035828842 355
1757487160074 14.413353175275976 356
1757487160117 14.375499414518439 357
1757487160158 14.337785931524161 358
1757487160199 14.300211912502974 359
1757487160240 14.262776551788845 360
1757487160281 14.225479051724149 361
1757487160322 14.188318622545854 362
1757487160367 14.151294482273608 363
1757487160418 14.11440585659969 364
1757487160461 14.077651978780805 365
1757487160504 14.04103208953167 366
1757487160546 14.004545436920365 367
1757487160584 13.968191276265435 368
1757487160627 13.93196887003467 369
1757487160669 13.895877487745588 370
1757487160712 13.85991640586754 371
1757487160758 13.824084907725423 372
1757487160800 13.788382283405003 373
1757487160842 13.752807829659782 374
1757487160884 13.717360849819363 375
1757487160926 13.68204065369938 376
1757487160967 13.646846557512841 377
1757487161009 13.611777883782946 378
1757487161052 13.57683396125732 379
1757487161093 13.542014124823664 380
1757487161135 13.507317715426717 381
1757487161177 13.472744079986663 382
1757487161219 13.438292571318751 383
1757487161261 13.403962548054293 384
1757487161302 13.36975337456292 385
1757487161346 13.335664420876068 386
1757487161392 13.301695062611723 387
1757487161434 13.267844680900367 388
1757487161476 13.234112662312107 389
1757487161518 13.200498398784974 390
1757487161561 13.167001287554397 391
1757487161602 13.133620731083747 392
1757487161645 13.100356136996036 393
1757487161686 13.067206918006693 394
1757487161727 13.034172491857396 395
1757487161769 13.001252281250968 396
1757487161811 12.968445713787307 397
1757487161853 12.935752221900305 398
1757487161895 12.903171242795802 399
1757487161938 12.870702218390488 400
1757487161980 12.838344595251774 401
1757487162023 12.80609782453862 402
1757487162069 12.773961361943286 403
1757487162113 12.74193466763398 404
1757487162156 12.710017206198428 405
1757487162198 12.67820844658831 406
1757487162240 12.646507862064567 407
1757487162283 12.614914930143563 408
1757487162325 12.583429132544076 409
1757487162368 12.55204995513511 410
1757487162421 12.520776887884535 411
1757487162464 12.489609424808487 412
1757487162507 12.458547063921593 413
1757487162549 12.427589307187906 414
1757487162591 12.396735660472665 415
1757487162634 12.365985633494732 416
1757487162676 12.335338739779793 417
1757487162723 12.30479449661427 418
1757487162765 12.274352424999927 419
1757487162808 12.244012049609191 420
1757487162851 12.213772898741116 421
1757487162894 12.18363450427805 422
1757487162937 12.153596401642956 423
1757487162980 12.123658129757352 424
1757487163023 12.093819230999927 425
1757487163067 12.064079251165735 426
1757487163109 12.034437739426062 427
1757487163151 12.004894248288833 428
1757487163194 11.975448333559664 429
1757487163237 11.946099554303458 430
1757487163333 11.916847472806625 431
1757487163381 11.887691654539811 432
1757487163450 11.858631668121214 433
1757487163493 11.829667085280445 434
1757487163533 11.80079748082292 435
1757487163576 11.772022432594767 436
1757487163621 11.743341521448274 437
1757487163664 11.71475433120784 438
1757487163707 11.686260448636432 439
1757487163752 11.657859463402497 440
1757487163796 11.629550968047425 441
1757487163839 11.601334557953448 442
1757487163883 11.573209831312004 443
1757487163927 11.54517638909259 444
1757487163970 11.517233835012043 445
1757487164013 11.48938177550428 446
1757487164058 11.461619819690469 447
1757487164102 11.43394757934966 448
1757487164153 11.40636466888979 449
1757487164197 11.378870705319153 450
1757487164244 11.351465308218268 451
1757487164289 11.324148099712108 452
1757487164333 11.296918704442822 453
1757487164376 11.269776749542748 454
1757487164429 11.242721864607867 455
1757487164473 11.215753681671625 456
1757487164516 11.188871835179123 457
1757487164561 11.162075961961671 458
1757487164605 11.135365701211697 459
1757487164649 11.108740694458055 460
1757487164694 11.082200585541608 461
1757487164739 11.055745020591209 462
1757487164782 11.029373648000002 463
1757487164827 11.003086118402058 464
1757487164871 10.976882084649333 465
1757487164915 10.950761201788954 466
1757487164960 10.924723127040814 467
1757487165003 10.898767519775491 468
1757487165046 10.872894041492442 469
1757487165090 10.847102355798564 470
1757487165135 10.821392128386957 471
1757487165180 10.79576302701607 472
1757487165225 10.770214721489086 473
1757487165269 10.74474688363358 474
1757487165312 10.719359187281492 475
1757487165356 10.694051308249344 476
1757487165399 10.668822924318757 477
1757487165454 10.643673715217192 478
1757487165498 10.618603362598977 479
1757487165541 10.593611550026594 480
1757487165584 10.56869796295221 481
1757487165631 10.543862288699467 482
1757487165675 10.519104216445486 483
1757487165718 10.494423437203148 484
1757487165762 10.4698196438036 485
1757487165808 10.445292530879 486
1757487165864 10.42084179484546 487
1757487165909 10.39646713388626 488
1757487165954 10.372168247935269 489
1757487165998 10.34794483866055 490
1757487166042 10.32379660944825 491
1757487166089 10.299723265386637 492
1757487166134 10.275724513250381 493
1757487166178 10.251800061485035 494
1757487166223 10.227949620191714 495
1757487166267 10.204172901111972 496
1757487166313 10.180469617612877 497
1757487166357 10.156839484672295 498
1757487166402 10.133282218864341 499
