1757517689319 2.1733076765559556 0
1757517689410 0.267752336216081 1
1757517689502 0.11628540947267152 2
1757517689615 0.007006578731016851 3
1757517689717 0.0572186556551464 4
1757517689850 0.02062751774848235 5
1757517689965 0.01750437737585126 6
1757517690075 0.08923401165182974 7
1757517690176 0.043183228863375486 8
1757517690285 0.003732526322194681 9
1757517690385 0.009010488459851196 10
1757517690491 0.08807889796685194 11
1757517690579 0.45401738919500767 12
1757517690667 0.317317800183849 13
1757517690754 0.12221221027171698 14
1757517690841 0.045248309400716856 15
1757517690932 0.48033451309312825 16
1757517691021 0.0015419639241102464 17
1757517691116 0.6336092933319157 18
1757517691203 0.04992399300046178 19
1757517691288 0.8090863889881224 20
1757517691383 0.05142219671381673 21
1757517691490 1.0425568403295182 22
1757517691607 0.03125977864593832 23
1757517691699 0.027085037145773518 24
1757517691803 0.023588346393784775 25
1757517691892 0.010504323648636786 26
1757517691982 0.08661958668906761 27
1757517692068 0.035905072205543516 28
1757517692164 0.00010686255592126704 29
1757517692257 0.2248055782136062 30
1757517692346 0.029952233355476532 31
1757517692436 0.0020722535878017214 32
1757517692524 0.15469382310155663 33
1757517692614 0.005054928391737234 34
1757517692703 0.3346229838843571 35
1757517692792 0.022962861971730506 36
1757517692882 0.13437715149506166 37
1757517692975 0.630445002219814 38
1757517693064 0.0008802139276848506 39
1757517693164 0.016578016190805466 40
1757517693254 0.04196337210807527 41
1757517693344 0.41209740199491013 42
1757517693432 0.08599116771538143 43
1757517693525 0.21416566803645948 44
1757517693614 0.02336668076767737 45
1757517693703 0.0525948342324468 46
1757517693792 0.009697358783659842 47
1757517693904 0.010228735094692527 48
1757517693994 0.09286093084560691 49
1757517694083 0.07025725630495364 50
1757517694174 0.024040883363866596 51
1757517694265 0.03957280178490812 52
1757517694354 0.2031780949418642 53
1757517694443 8.975825801772819e-05 54
1757517694534 0.1896170623714869 55
1757517694623 0.17707914034303227 56
1757517694714 0.028550960171091717 57
1757517694803 0.0010505317977417764 58
1757517694893 0.06045785726091063 59
1757517694985 0.003963360253696457 60
1757517695077 0.034690260838293574 61
1757517695172 0.00046021959232574503 62
1757517695264 0.013330413398037129 63
1757517695354 0.009225242716052101 64
1757517695445 0.05294858159014363 65
1757517695536 1.430031724324296e-06 66
1757517695627 0.023195244275807013 67
1757517695719 0.016890237070391365 68
1757517695811 0.08479145503526288 69
1757517695897 0.46926781751529356 70
1757517695992 0.05636416197604899 71
1757517696082 0.000987021557181146 72
1757517696179 0.0048585735624083895 73
1757517696271 0.0634580275405476 74
1757517696360 0.32301814739368784 75
1757517696451 0.0465591678132882 76
1757517696543 0.009312642842260754 77
1757517696634 0.07399516379511994 78
1757517696725 0.1343888897982303 79
1757517696816 0.062082409861220864 80
1757517696907 0.00020058639363181626 81
1757517696999 0.039952974966924217 82
1757517697091 0.14448090905431143 83
1757517697179 0.0016662442384081657 84
1757517697270 0.016779910817152098 85
1757517697360 0.0008253805305116383 86
1757517697450 0.039272574159118084 87
1757517697542 0.045941139796885654 88
1757517697633 0.02544935141200501 89
1757517697724 0.11494579830144017 90
1757517697814 0.08988981831299261 91
1757517697907 0.0012337300976344593 92
1757517698015 3.774345832079465e-08 93
1757517698196 0.24040913149092155 94
1757517698346 0.556144999067289 95
1757517698460 0.009944827070787698 96
1757517698605 0.02501027115186208 97
1757517698823 0.001783218020833345 98
1757517698954 5.671704063989481e-06 99
1757517699047 0.0030058948478491315 100
1757517699140 0.19347545710806718 101
1757517699244 0.12263343096736087 102
1757517699336 0.01790242498380412 103
1757517699427 5.0712069672745736e-06 104
1757517699532 0.18524146092276125 105
1757517699635 0.009958229079648079 106
1757517699728 0.1371536684527638 107
1757517699821 0.11446211045483427 108
1757517699912 0.07698652237484675 109
1757517700004 0.161884330936006 110
1757517700095 0.42218616837117395 111
1757517700187 0.7851430572115219 112
1757517700278 0.1347137972537836 113
1757517700369 0.0014250686645788202 114
1757517700461 0.07600862273204619 115
1757517700553 0.031463447458130615 116
1757517700644 0.0354767928371074 117
1757517700737 0.1418397945268354 118
1757517700828 0.2207798194586345 119
1757517700919 0.14304975841854245 120
1757517701010 0.002154588085650531 121
1757517701101 0.06514874435792843 122
1757517701193 0.07497073844355337 123
1757517701286 0.05359087491957354 124
1757517701377 0.4012396855755244 125
1757517701469 0.06431687608828016 126
1757517701562 0.09035501397323578 127
1757517701652 0.020618376909012907 128
1757517701746 0.27079544541127615 129
1757517701838 0.06985422660413132 130
1757517701931 0.1185403071833313 131
1757517702022 0.0007316234261882695 132
1757517702114 0.05679445491830286 133
1757517702206 0.0011930598117269999 134
1757517702309 0.01676554772624284 135
1757517702401 0.022513900723614717 136
1757517702496 0.008235680686172695 137
1757517702590 0.027491062158111958 138
1757517702683 0.0007649410801482871 139
1757517702775 0.008544925694594268 140
1757517702868 0.021108818970848528 141
1757517702958 0.11916143366657127 142
1757517703045 0.013099528239933052 143
1757517703138 0.043552211323479535 144
1757517703230 0.0473595479305321 145
1757517703327 0.04574027346003562 146
1757517703421 0.00033031128529607763 147
1757517703513 0.03496276604820537 148
1757517703604 0.005159530962899601 149
1757517703696 0.15500013559102901 150
1757517703791 1.472517761124168e-07 151
1757517703884 0.0301796434114697 152
1757517703980 0.147736980332467 153
1757517704071 0.009770600557537874 154
1757517704164 0.012375557623541826 155
1757517704260 0.018420031710503965 156
1757517704355 0.004648043709339225 157
1757517704446 0.0055666329097249344 158
1757517704539 0.1575199698616651 159
1757517704630 0.006084425611119622 160
1757517704722 0.0496245420155231 161
1757517704814 0.24635477910115683 162
1757517704906 0.0001276101470207418 163
1757517704998 0.021689922383189866 164
1757517705090 0.06470377093989961 165
1757517705183 0.026072244517052614 166
1757517705284 0.0803704407887307 167
1757517705379 0.0022141326414669526 168
1757517705473 0.0407253636046346 169
1757517705566 0.13678588295867744 170
1757517705659 0.0007322780827537504 171
1757517705752 0.003909145777530941 172
1757517705842 0.003412006724217847 173
1757517705938 0.030063893160065344 174
1757517706030 7.42649991092218e-05 175
1757517706124 0.2944872071507232 176
1757517706217 0.07029980283239097 177
1757517706313 0.3398853683601567 178
1757517706405 0.07956136085974425 179
1757517706501 0.003891785897509235 180
1757517706593 0.1438695460244095 181
1757517706686 0.01872162471320402 182
1757517706779 0.01471360221925135 183
1757517706871 0.08488752270095236 184
1757517706964 0.0413876073395324 185
1757517707057 0.2278657854500433 186
1757517707151 0.07217938155936438 187
1757517707244 0.004024966799998152 188
1757517707345 1.6652650194522492e-05 189
1757517707439 0.004660099551329963 190
1757517707533 0.10963806471627349 191
1757517707627 0.001209726513521603 192
1757517707721 0.008817265547153678 193
1757517707813 0.002176262155452485 194
1757517707905 0.03653959877189262 195
1757517707996 0.013908138740291133 196
1757517708106 0.0032861419940987064 197
1757517708207 0.07635468987446793 198
1757517708300 0.15996060761977646 199
1757517708399 0.002758174968177522 200
1757517708497 0.05418769838362383 201
1757517708589 0.024408313996386242 202
1757517708681 0.11511713278953088 203
1757517708772 0.01141501982420393 204
1757517708860 0.030623514296877104 205
1757517708952 0.12693538216333347 206
1757517709043 0.12339183797116593 207
1757517709133 0.02175753195328113 208
1757517709223 0.0061962667793993 209
1757517709311 0.017340929171626916 210
1757517709411 0.17900617703391064 211
1757517709500 0.6458253548928987 212
1757517709607 0.002167617088165764 213
1757517709808 0.0005649537816941376 214
1757517709968 0.019128124399848196 215
1757517710075 0.07474175214385237 216
1757517710238 0.3377092118852591 217
1757517710358 2.3355639773304513e-05 218
1757517710451 0.6076419831501872 219
1757517710546 0.004262625148796764 220
1757517710637 0.04591297417872933 221
1757517710728 0.05356737699231647 222
1757517710820 0.15829175956780078 223
1757517710909 0.00040790023021762154 224
1757517711004 0.010107190755919796 225
1757517711126 0.13760342486879404 226
1757517711222 0.000423487735738585 227
1757517711317 0.30645597572243555 228
1757517711419 0.31208592215497194 229
1757517711513 0.0010393955011132124 230
1757517711606 0.18589230137469376 231
1757517711700 0.023689941366127776 232
1757517711795 0.06398400190369029 233
1757517711885 0.06570499130178276 234
1757517711979 0.00027869427657180497 235
1757517712071 1.1500411059509046 236
1757517712167 0.051401035806125636 237
1757517712257 0.12123706682118647 238
1757517712347 0.0029674442632965205 239
1757517712441 0.037590323631454106 240
1757517712530 0.09657665776770263 241
1757517712628 0.08890212604421018 242
1757517712723 0.5235388526087084 243
1757517712816 0.8375270434531805 244
1757517712916 0.03377721434942293 245
1757517713010 0.265927491943586 246
1757517713103 0.04267209022894765 247
1757517713196 0.018551913209806363 248
1757517713291 0.16620077962537483 249
1757517713392 0.0029364270851696132 250
1757517713489 0.02258750761759152 251
1757517713585 0.05789890767844093 252
1757517713679 0.009352054397613994 253
1757517713776 0.2489937707399094 254
1757517713869 0.2668591466781334 255
1757517713967 0.10129887471975861 256
1757517714063 2.353571580834686e-05 257
1757517714159 0.1386603481571759 258
1757517714252 0.0185905700887047 259
1757517714343 2.496308727847728e-08 260
1757517714438 0.041018351962760706 261
1757517714531 0.5507561255843466 262
1757517714623 0.021676067281680814 263
1757517714723 0.00684201808733146 264
1757517714819 0.011566413999644268 265
1757517714915 0.08322370805415208 266
1757517715011 0.03730558802007189 267
1757517715108 0.020078953664769583 268
1757517715200 0.00790362924780361 269
1757517715290 0.007928845379230292 270
1757517715385 0.7140188284649601 271
1757517715488 0.12904725709930728 272
1757517715585 0.007449370038319093 273
1757517715681 0.006996153852003309 274
1757517715777 0.015618360671740994 275
1757517715868 0.004744547829080429 276
1757517715962 0.012945222170792768 277
1757517716089 0.016349525645862634 278
1757517716191 0.00043269314049989443 279
1757517716297 1.288930448791975e-06 280
1757517716398 0.000485860611596363 281
1757517716506 0.0003984518773656989 282
1757517716605 0.0010892449862610067 283
1757517716720 0.17981799155203684 284
1757517716820 0.007841788562610814 285
1757517716922 0.03558711192701141 286
1757517717021 0.01784606561300909 287
1757517717121 0.07404092475441326 288
1757517717222 0.008278218210559884 289
1757517717320 1.5486041692967392e-06 290
1757517717419 0.19917597083143637 291
1757517717525 0.1861109447833328 292
1757517717623 0.02741452433576648 293
1757517717720 0.18628306747475817 294
1757517717817 0.00014291305743732933 295
1757517717911 0.10003972123800954 296
1757517718009 0.2047004240351693 297
1757517718108 0.1829028460155992 298
1757517718202 5.750934377898369e-06 299
1757517718297 0.0313253639049706 300
1757517718394 0.2552543078154013 301
1757517718491 0.6522330972774665 302
1757517718608 0.8896121306121173 303
1757517718711 0.034914498415279036 304
1757517718816 7.104959042275176e-05 305
1757517718914 0.04752405613051483 306
1757517719014 0.10018474321001025 307
1757517719117 0.3359898024894429 308
1757517719222 0.01007286938114544 309
1757517719321 0.08318048941617268 310
1757517719420 0.0017745891808071074 311
1757517719525 0.03682825432216933 312
1757517719626 0.09089992273649714 313
1757517719721 0.2924935285853908 314
1757517719816 0.00101076485111176 315
1757517719912 0.13438475066605174 316
1757517720018 0.010158613168793972 317
1757517720117 0.11183987049048344 318
1757517720214 0.039320297753378496 319
1757517720313 0.0024562285111038363 320
1757517720407 0.004765409694777343 321
1757517720505 0.4950408035520155 322
1757517720600 0.13043337838282626 323
1757517720698 0.0037842352836009703 324
1757517720797 0.011788359317935818 325
1757517720895 0.034722702737220175 326
1757517720992 0.20607444008292383 327
1757517721089 0.11801522987671945 328
1757517721186 0.00016454276172763108 329
1757517721286 0.012717489897428817 330
1757517721381 0.07580147037766741 331
1757517721482 0.31012085358995733 332
1757517721592 0.08419336395721405 333
1757517721711 0.06896919813576846 334
1757517721906 0.27101102355898515 335
1757517722062 0.020723904507625308 336
1757517722189 0.004288205016193467 337
1757517722366 0.007602687774480782 338
1757517722509 0.022287584430268348 339
1757517722613 0.07605017232357443 340
1757517722707 0.31652539351733383 341
1757517722807 0.02538351058351951 342
1757517722905 0.1163639232506232 343
1757517723002 0.0234854643986167 344
1757517723098 0.004568354966432455 345
1757517723199 0.10499806547788937 346
1757517723298 0.11413482600531329 347
1757517723397 1.9026209612589923e-05 348
1757517723494 0.03429866120903221 349
1757517723601 0.01715844277989145 350
1757517723700 0.012140547736115266 351
1757517723799 0.5859440530317733 352
1757517723895 0.14039252674956035 353
1757517723992 0.17576403503112573 354
1757517724089 0.005501782015709812 355
1757517724185 0.0015350354979030466 356
1757517724283 3.0043110022092528e-05 357
1757517724382 0.045202516302603336 358
1757517724480 0.22839804040999392 359
1757517724577 0.042693942685945695 360
1757517724674 0.008177596889639269 361
1757517724771 0.004586194125487513 362
1757517724869 0.03775829021661117 363
1757517724966 0.007646142639151872 364
1757517725059 0.005924445735685975 365
1757517725156 0.2069019350239095 366
1757517725247 0.04328334775475289 367
1757517725344 0.008312259503113905 368
1757517725443 0.03854797396010966 369
1757517725541 0.30274945197982067 370
1757517725641 0.28831710254200543 371
1757517725737 0.04902332638272995 372
1757517725834 0.062182703964324175 373
1757517725931 0.01773953750172589 374
1757517726023 0.000479296257201528 375
1757517726116 0.048769746409331884 376
1757517726219 0.008393634360759347 377
1757517726330 0.3728434034823355 378
1757517726448 0.0003640372212075792 379
1757517726548 0.017977152212001232 380
1757517726649 0.0301127665561205 381
1757517726747 0.002992345057598643 382
1757517726842 0.021953333434915956 383
1757517726938 0.020019611558541407 384
1757517727033 0.14969362494746807 385
1757517727130 0.062342629233159946 386
1757517727229 0.002957056969005602 387
1757517727322 0.006493935973749504 388
1757517727417 0.015394646238197049 389
1757517727511 0.41294866799201324 390
1757517727607 0.03588405951207149 391
1757517727702 0.20138372752187458 392
1757517727798 0.0078405306901441 393
1757517727907 0.009499276478097512 394
1757517728003 0.11099170779077472 395
1757517728102 1.2474492241492976e-06 396
1757517728199 9.430310731346303e-05 397
1757517728296 0.0015458071383965435 398
1757517728393 0.028424904323207937 399
1757517728488 0.034213913345843026 400
1757517728586 0.044737911538732536 401
1757517728691 1.1886200511875225 402
1757517728788 3.814407531082219e-05 403
1757517728885 0.01324265259927509 404
1757517728996 0.012393599980215678 405
1757517729095 0.0007606088349445953 406
1757517729195 0.452252841534584 407
1757517729293 0.06936949562794532 408
1757517729387 0.004574320070595677 409
1757517729480 0.19449997108721961 410
1757517729577 0.17366345338602535 411
1757517729682 0.051596296843372275 412
1757517729781 0.4043637501162981 413
1757517729881 0.3466882161304813 414
1757517729973 0.0009635867277914419 415
1757517730071 0.2050247332071257 416
1757517730169 0.05478332344574337 417
1757517730273 0.21414866139279523 418
1757517730370 0.06674472586364898 419
1757517730466 0.002114606437178062 420
1757517730563 0.40653509827940304 421
1757517730666 0.15722080964983226 422
1757517730765 0.12030783084864624 423
1757517730867 0.002570319403486312 424
1757517730961 0.008941493671883204 425
1757517731067 0.004289941797162107 426
1757517731254 0.1713249180295708 427
1757517731378 6.771398854629619e-05 428
1757517731474 0.8008406956228066 429
1757517731573 0.294268317156678 430
1757517731673 0.030862253238186796 431
1757517731773 0.023636641749879662 432
1757517731871 0.024727715965061146 433
1757517731969 0.027822639234598948 434
1757517732067 0.00030137392801947373 435
1757517732165 0.19502817565317648 436
1757517732263 0.05846546796260055 437
1757517732364 0.0373482339017104 438
1757517732462 0.14881440938939425 439
1757517732557 0.10566252161108296 440
1757517732655 0.04176426693982568 441
1757517732761 0.09658689173933192 442
1757517732860 0.0005520649448958975 443
1757517732959 0.018626825465768874 444
1757517733058 0.1660085766452219 445
1757517733156 0.0018645852934950356 446
1757517733253 0.07907164034115621 447
1757517733351 0.00033127901130885844 448
1757517733448 0.010730179184625453 449
1757517733542 0.016576871885304538 450
1757517733641 0.11162057566289081 451
1757517733823 0.04024162141572431 452
1757517734038 0.005558855892657077 453
1757517734186 0.10840102270397597 454
1757517734326 0.08234493107438806 455
1757517734491 0.06932374022616873 456
1757517734593 0.018673271363125618 457
1757517734690 0.00019105502930890722 458
1757517734799 0.15750440206668365 459
1757517734897 0.018080499474749392 460
1757517734997 5.7321190252810693e-05 461
1757517735099 0.018887358906692343 462
1757517735199 0.026961142699016585 463
1757517735296 0.0063840132827037745 464
1757517735394 0.00011292026559420499 465
1757517735493 0.08708942039645233 466
1757517735593 0.0013374064374874943 467
1757517735696 0.032440051893681224 468
1757517735807 0.01571469367191404 469
1757517735906 0.01574868075638367 470
1757517736008 0.06779468822418568 471
1757517736108 0.09384450718941287 472
1757517736210 0.007800240685639257 473
1757517736309 0.00898880076912804 474
1757517736409 0.12661794252887545 475
1757517736510 0.16274012446348965 476
1757517736610 0.026034696020998466 477
1757517736710 0.45763782274840265 478
1757517736820 0.0017811450154001885 479
1757517736918 0.014604300739868611 480
1757517737020 0.00019965300719378183 481
1757517737116 0.07394703389499606 482
1757517737217 0.10283364571591193 483
1757517737316 0.04266713939969817 484
1757517737415 0.030576485639430235 485
1757517737512 0.01615963361798308 486
1757517737613 0.0250125531654098 487
1757517737713 0.028261409636554102 488
1757517737820 0.3193156523471271 489
1757517737920 0.0825119095377781 490
1757517738022 0.022071402939936854 491
1757517738122 0.0695011200178528 492
1757517738222 0.4562241735678805 493
1757517738323 0.01553641574563148 494
1757517738424 0.0753247800387846 495
1757517738519 0.04791263058882708 496
1757517738621 0.0006598388738964208 497
1757517738720 0.004200241235869775 498
1757517738822 0.009692958896436506 499
