1757401022506 179.45057187921986 0
1757401022575 73.29813104346964 1
1757401022639 85.06737216118798 2
1757401022692 58.74483744312222 3
1757401022732 57.503448337569594 4
1757401022792 47.55011418184752 5
1757401022861 44.863165190695376 6
1757401022929 40.11486773961922 7
1757401022993 37.712189667175295 8
1757401023073 34.93137202764656 9
1757401023173 33.0079939293509 10
1757401023265 31.10799093109347 11
1757401023310 29.57926586697005 12
1757401023370 28.146658325117933 13
1757401023417 26.90771236740444 14
1757401023460 25.760598400643563 15
1757401023554 24.73164040326076 16
1757401023641 23.77713137862652 17
1757401023683 22.90292477544849 18
1757401023710 22.087194987416257 19
1757401023762 21.329915545181922 20
1757401023814 20.618753322695927 21
1757401023884 19.952101005327837 22
1757401023945 19.322354955185613 23
1757401024017 18.727631703746948 24
1757401024050 18.162957926548714 25
1757401024088 17.626572379225642 26
1757401024149 17.11508087322088 27
1757401024208 16.62695240700932 28
1757401024259 16.159790829611058 29
1757401024314 15.712305092859891 30
1757401024358 15.282753119059429 31
1757401024416 14.87006021252863 32
1757401024481 14.47292514292461 33
1757401024519 14.090456713129452 34
1757401024582 13.721657949148636 35
1757401024626 13.365788456620557 36
1757401024686 13.02206577410515 37
1757401024724 12.68987131971646 38
1757401024779 12.368576924305076 39
1757401024828 12.057661540850685 40
1757401024864 11.756610129101837 41
1757401024907 11.464979504759672 42
1757401024952 11.182339144166656 43
1757401024997 10.90830810425424 44
1757401025070 10.642520179266656 45
1757401025139 10.384644414584804 46
1757401025200 10.134364453654248 47
1757401025256 9.891389785899918 48
1757401025323 9.655443393835533 49
1757401025360 9.426267797179484 50
1757401025416 9.203617577984192 51
1757401025460 8.987262524985129 52
1757401025510 8.776983042670802 53
1757401025566 8.57257169747784 54
1757401025617 8.373830344698437 55
1757401025670 8.18057080789136 56
1757401025715 7.99261303867806 57
1757401025761 7.809785337329967 58
1757401025801 7.631923140906084 59
1757401025865 7.458869010289159 60
1757401025921 7.2904718060987 61
1757401025982 7.126586564797864 62
1757401026043 6.96707391812789 63
1757401026083 6.811799923638991 64
1757401026161 6.660635640260568 65
1757401026216 6.5134569469696695 66
1757401026335 6.370144220908608 67
1757401026448 6.230582160661691 68
1757401026490 6.094659533576244 69
1757401026528 5.962269010905527 70
1757401026566 5.8333069632308465 71
1757401026607 5.707673309951281 72
1757401026667 5.585271349190345 73
1757401026736 5.466007621753384 74
1757401026790 5.349791766540134 75
1757401026842 5.236536398023132 76
1757401026884 5.12615698110436 77
1757401026944 5.018571720771569 78
1757401026985 4.9137014522030125 79
1757401027037 4.8114695411948825 80
1757401027107 4.711801786533815 81
1757401027161 4.614626329877019 82
1757401027215 4.519873568220395 83
1757401027258 4.427476072059318 84
1757401027308 4.337368506328867 85
1757401027374 4.249487555831308 86
1757401027430 4.163771853405353 87
1757401027489 4.080161911754668 88
1757401027536 3.9986000578728507 89
1757401027589 3.9190303705377514 90
1757401027667 3.8413986202139028 91
1757401027747 3.7656522115883364 92
1757401027800 3.691740128316468 93
1757401027850 3.6196128800674474 94
1757401027908 3.5492224515882063 95
1757401027961 3.4805222538027247 96
1757401028021 3.4134670767524593 97
1757401028076 3.3480130443568012 98
1757401028127 3.284117570853324 99
1757401028165 3.2217393188786 100
1757401028218 3.160838159083532 101
1757401028264 3.101375131236654 102
1757401028320 3.0433124067316677 103
1757401028360 2.986613252451069 104
1757401028405 2.931241995917303 105
1757401028443 2.877163991684506 106
1757401028491 2.8243455889131286 107
1757401028532 2.772754100082953 108
1757401028571 2.722357770794854 109
1757401028616 2.6731257506198545 110
1757401028686 2.6250280649519566 111
1757401028726 2.5780355878265437 112
1757401028793 2.5321200156656087 113
1757401028843 2.4872538419148293 114
1757401028984 2.4434103325376264 115
1757401029090 2.4005635023341667 116
1757401029135 2.358688092053843 117
1757401029232 2.3177595462717946 118
1757401029291 2.277753992000902 119
1757401029379 2.238648218012271 120
1757401029424 2.2004196548380928 121
1757401029472 2.1630463554321584 122
1757401029570 2.1265069764640665 123
1757401029653 2.0907807602244257 124
1757401029724 2.05584751711905 125
1757401029827 2.0216876087312383 126
1757401029895 1.9882819314319384 127
1757401029948 1.955611900518456 128
1757401030059 1.9236594348631466 129
1757401030122 1.8924069420542404 130
1757401030203 1.8618373040116358 131
1757401030296 1.831933863061184 132
1757401030344 1.802680408451619 133
1757401030392 1.7740611632988676 134
1757401030460 1.7460607719430978 135
1757401030537 1.7186642877043647 136
1757401030634 1.6918571610232858 137
1757401030699 1.6656252279736559 138
1757401030730 1.6399546991344207 139
1757401030782 1.61483214880887 140
1757401030903 1.5902445045793645 141
1757401030960 1.5661790371863675 142
1757401031049 1.5426233507208857 143
1757401031130 1.5195653731199261 144
1757401031209 1.4969933469548302 145
1757401031290 1.4748958205028344 146
1757401031372 1.4532616390924262 147
1757401031480 1.4320799367135277 148
1757401031567 1.411340127883745 149
1757401031629 1.3910318997623035 150
1757401031757 1.3711452045035624 151
1757401031788 1.35167025184228 152
1757401031816 1.3325975019030893 153
1757401031853 1.313917658226893 154
1757401031890 1.2956216610071556 155
1757401031925 1.2777006805293065 156
1757401031962 1.260146110806688 157
1757401031996 1.242949563406758 158
1757401032030 1.2261028614614033 159
1757401032065 1.2095980338554848 160
1757401032099 1.1934273095879169 161
1757401032134 1.1775831122998 162
1757401032166 1.162058054964236 163
1757401032200 1.1468449347327772 164
1757401032235 1.1319367279334736 165
1757401032273 1.1173265852157719 166
1757401032307 1.1030078268376304 167
1757401032342 1.088973938090363 168
1757401032378 1.0752185648569004 169
1757401032411 1.061735509299293 170
1757401032444 1.0485187256714021 171
1757401032477 1.0355623162529004 172
1757401032525 1.0228605274007683 173
1757401032570 1.0104077457146905 174
1757401032606 0.998198494312776 175
1757401032641 0.9862274292142195 176
1757401032678 0.9744893358255916 177
1757401032712 0.9629791255275826 178
1757401032773 0.9516918323590882 179
1757401032830 0.9406226097956919 180
1757401032869 0.9297667276196223 181
1757401032908 0.919119568878402 182
1757401032944 0.9086766269295051 183
1757401032980 0.8984335025683909 184
1757401033016 0.8883859012373782 185
1757401033060 0.8785296303129487 186
1757401033118 0.8688605964690688 187
1757401033160 0.8593748031142626 188
1757401033196 0.8500683479002268 189
1757401033234 0.8409374202998084 190
1757401033268 0.8319782992523063 191
1757401033303 0.823187350874044 192
1757401033342 0.8145610262323143 193
1757401033378 0.8060958591807762 194
1757401033413 0.7977884642544762 195
1757401033447 0.7896355346227643 196
1757401033483 0.7816338400983414 197
1757401033517 0.7737802252008307 198
1757401033563 0.766071607273235 199
1757401033601 0.758504974649736 200
1757401033638 0.751077384873338 201
1757401033673 0.7437859629618822 202
1757401033707 0.7366278997210355 203
1757401033741 0.7296004501028669 204
1757401033793 0.7227009316087097 205
1757401033875 0.715926722734998 206
1757401034013 0.7092752614608552 207
1757401034097 0.7027440437762116 208
1757401034235 0.6963306222492981 209
1757401034334 0.6900326046323703 210
1757401034440 0.6838476525045677 211
1757401034527 0.6777734799508515 212
1757401034593 0.6718078522759824 213
1757401034685 0.6659485847525377 214
1757401034733 0.6601935414019984 215
1757401034778 0.6545406338079814 216
1757401034846 0.6489878199606783 217
1757401034915 0.6435331031316404 218
1757401034977 0.6381745307780439 219
1757401035029 0.6329101934755997 220
1757401035078 0.6277382238793218 221
1757401035141 0.6226567957113441 222
1757401035189 0.6176641227750465 223
1757401035248 0.6127584579947581 224
1757401035314 0.6079380924803125 225
1757401035384 0.603201354615758 226
1757401035423 0.5985466091715853 227
1757401035494 0.5939722564397707 228
1757401035543 0.589476731391056 229
1757401035595 0.5850585028538013 230
1757401035639 0.5807160727138574 231
1757401035680 0.5764479751348551 232
1757401035725 0.572252775798364 233
1757401035767 0.5681290711633689 234
1757401035842 0.5640754877445361 235
1757401035914 0.5600906814087633 236
1757401035958 0.5561733366895145 237
1757401036011 0.5523221661184499 238
1757401036068 0.5485359095738874 239
1757401036120 0.5448133336456354 240
1757401036180 0.5411532310157676 241
1757401036238 0.5375544198548985 242
1757401036303 0.5340157432335364 243
1757401036345 0.5305360685481326 244
1757401036398 0.527114286961407 245
1757401036464 0.5237493128565873 246
1757401036528 0.5204400833051817 247
1757401036585 0.5171855575479261 248
1757401036638 0.5139847164885561 249
1757401036680 0.5108365622000689 250
1757401036723 0.5077401174431251 251
1757401036768 0.5046944251963036 252
1757401036826 0.5016985481978624 253
1757401036902 0.49875156849872143 254
1757401036998 0.49585258702637 255
1757401037153 0.49300072315941246 256
1757401037291 0.4901951143124649 257
1757401037327 0.4874349155311486 258
1757401037433 0.4847192990969031 259
1757401037475 0.48204745414137073 260
1757401037557 0.47941858627009865 261
1757401037648 0.4768319171953231 262
1757401037709 0.47428668437759586 263
1757401037763 0.4717821406760311 264
1757401037848 0.46931755400693786 265
1757401037953 0.46689220701063644 266
1757401038041 0.4645053967262392 267
1757401038098 0.46215643427419834 268
1757401038186 0.45984464454641477 269
1757401038236 0.45756936590372166 270
1757401038300 0.45532994988054765 271
1757401038378 0.45312576089658646 272
1757401038436 0.45095617597528354 273
1757401038515 0.4488205844689752 274
1757401038563 0.4467183877905154 275
1757401038637 0.4446489991512075 276
1757401038684 0.4426118433049097 277
1757401038732 0.44060635629812905 278
1757401038785 0.4386319852259798 279
1757401038849 0.4366881879938429 280
1757401038906 0.4347744330845876 281
1757401038959 0.43289019933122114 282
1757401039003 0.4310349756948211 283
1757401039046 0.42920826104762816 284
1757401039089 0.42740956396116864 285
1757401039144 0.4256384024992803 286
1757401039215 0.42389430401591444 287
1757401039291 0.4221768049576105 288
1757401039352 0.4204854506705142 289
1757401039409 0.4188197952118334 290
1757401039474 0.4171794011656251 291
1757401039517 0.41556383946279024 292
1757401039585 0.41397268920521074 293
1757401039639 0.41240553749387393 294
1757401039693 0.41086197926093637 295
1757401039737 0.40934161710560396 296
1757401039785 0.40784406113373767 297
1757401039832 0.4063689288011077 298
1757401039878 0.40491584476018583 299
1757401039923 0.4034844407104131 300
1757401039967 0.40207435525184326 301
1757401040012 0.40068523374208376 302
1757401040060 0.3993167281564572 303
1757401040105 0.3979684969513079 304
1757401040155 0.39664020493036994 305
1757401040218 0.3953315231141277 306
1757401040276 0.39404212861210197 307
1757401040328 0.39277170449798016 308
1757401040459 0.3915199396875347 309
1757401040624 0.3902865288192551 310
1757401040701 0.3890711721376344 311
1757401040792 0.3878735753790373 312
1757401040879 0.38669344966010083 313
1757401040979 0.38553051136860295 314
1757401041055 0.3843844820567395 315
1757401041142 0.38325508833674504 316
1757401041224 0.38214206177882254 317
1757401041290 0.38104513881130236 318
1757401041371 0.37996406062300264 319
1757401041488 0.3788985730677183 320
1757401041557 0.37784842657080187 321
1757401041611 0.3768133760377821 322
1757401041680 0.37579318076497464 323
1757401041746 0.3747876043520377 324
1757401041780 0.3737964146164228 325
1757401041877 0.3728193835096876 326
1757401041943 0.3718562870356124 327
1757401042012 0.37090690517009534 328
1757401042117 0.3699710217827694 329
1757401042150 0.3690484245603129 330
1757401042183 0.3681389049314043 331
1757401042342 0.36724225799329435 332
1757401042444 0.3663582824399516 333
1757401042517 0.3654867804917423 334
1757401042628 0.3646275578266179 335
1757401042756 0.36378042351277073 336
1757401042810 0.36294518994271957 337
1757401042846 0.3621216727688045 338
1757401042883 0.3613096908400459 339
1757401042935 0.36050906614034606 340
1757401043056 0.35971962372799404 341
1757401043141 0.3589411916764589 342
1757401043231 0.35817360101641893 343
1757401043264 0.3574166856790219 344
1757401043296 0.3566702824403404 345
1757401043327 0.35593423086698056 346
1757401043358 0.35520837326284743 347
1757401043390 0.35449255461701323 348
1757401043421 0.3537866225526804 349
1757401043453 0.3530904272772052 350
1757401043486 0.35240382153316674 351
1757401043521 0.3517266605504541 352
1757401043571 0.351058801999344 353
1757401043609 0.3504001059445516 354
1757401043644 0.3497504348002378 355
1757401043676 0.34910965328593807 356
1757401043708 0.3484776283834059 357
1757401043750 0.347854229294344 358
1757401043789 0.34723932739900565 359
1757401043855 0.34663279621563964 360
1757401043888 0.3460345113607769 361
1757401043919 0.34544435051031813 362
1757401043951 0.34486219336142426 363
1757401043983 0.3442879215951826 364
1757401044014 0.3437214188400322 365
1757401044046 0.34316257063592714 366
1757401044078 0.3426112643992369 367
1757401044110 0.342067389388353 368
1757401044141 0.3415308366699893 369
1757401044173 0.34100149908616356 370
1757401044204 0.34047927122184996 371
1757401044235 0.33996404937327307 372
1757401044266 0.33945573151684505 373
1757401044299 0.33895421727872654 374
1757401044330 0.3384594079049917 375
1757401044361 0.3379712062323951 376
1757401044393 0.33748951665971766 377
1757401044425 0.33701424511968575 378
1757401044456 0.33654529905144914 379
1757401044487 0.3360825873736054 380
1757401044519 0.33562602045775347 381
1757401044551 0.3351755101025761 382
1757401044584 0.33473096950844017 383
1757401044616 0.3342923132524776 384
1757401044649 0.33385945726418137 385
1757401044681 0.33343231880146157 386
1757401044713 0.3330108164271857 387
1757401044745 0.33259486998616444 388
1757401044777 0.33218440058260007 389
1757401044810 0.3317793305579649 390
1757401044842 0.33137958346931945 391
1757401044873 0.3309850840680468 392
1757401044905 0.33059575827899673 393
1757401044936 0.33021153318004454 394
1757401044968 0.3298323369820326 395
1757401045000 0.32945809900911166 396
1757401045032 0.3290887496794513 397
1757401045069 0.3287242204863248 398
1757401045113 0.3283644439795597 399
1757401045148 0.32800935374734197 400
1757401045181 0.3276588843983687 401
1757401045238 0.32731297154434014 402
1757401045311 0.3269715517827915 403
1757401045368 0.3266345626802427 404
1757401045426 0.3263019427556748 405
1757401045484 0.3259736314643213 406
1757401045539 0.32564956918175914 407
1757401045597 0.3253296971883068 408
1757401045655 0.3250139576537153 409
1757401045711 0.32470229362214514 410
1757401045763 0.3243946489974299 411
1757401045809 0.3240909685286116 412
1757401045851 0.32379119779575244 413
1757401045893 0.3234952831960058 414
1757401045937 0.32320317192995285 415
1757401045980 0.32291481198819033 416
1757401046022 0.32263015213816826 417
1757401046066 0.3223491419112757 418
1757401046108 0.32207173159015884 419
1757401046152 0.3217978721962775 420
1757401046195 0.3215275154776938 421
1757401046238 0.32126061389708427 422
1757401046281 0.320997120619969 423
1757401046326 0.320736989503159 424
1757401046369 0.3204801750834192 425
1757401046411 0.3202266325663328 426
1757401046455 0.3199763178153731 427
1757401046499 0.3197291873411741 428
1757401046542 0.31948519829099187 429
1757401046585 0.31924430843836626 430
1757401046628 0.3190064761729568 431
1757401046671 0.31877166049057837 432
1757401046715 0.31853982098340433 433
1757401046767 0.31831091783034987 434
1757401046818 0.31808491178763093 435
1757401046866 0.3178617641794902 436
1757401046915 0.3176414368890911 437
1757401046972 0.3174238923495697 438
1757401047027 0.31720909353525506 439
1757401047147 0.31699700395303665 440
1757401047241 0.3167875876338942 441
1757401047327 0.3165808091245712 442
1757401047398 0.3163766334793976 443
1757401047486 0.31617502625226024 444
1757401047653 0.3159759534887103 445
1757401047789 0.31577938171821507 446
1757401047852 0.31558527794653907 447
1757401047949 0.3153936096482696 448
1757401048041 0.3152043447594595 449
1757401048127 0.3150174516704108 450
1757401048213 0.31483289921857605 451
1757401048305 0.31465065668159037 452
1757401048384 0.3144706937704195 453
1757401048481 0.3142929806226237 454
1757401048572 0.3141174877957495 455
1757401048650 0.313944186260828 456
1757401048714 0.3137730473959816 457
1757401048789 0.31360404298015154 458
1757401048874 0.3134371451869219 459
1757401048974 0.31327232657846193 460
1757401049103 0.31310956009955937 461
1757401049208 0.3129488190717628 462
1757401049287 0.3127900771876275 463
1757401049362 0.31263330850504933 464
1757401049449 0.31247848744170226 465
1757401049538 0.31232558876956634 466
1757401049622 0.31217458760955735 467
1757401049683 0.31202545942622895 468
1757401049768 0.31187818002258755 469
1757401049957 0.3117327255349702 470
1757401050295 0.3115890724280322 471
1757401050354 0.311447197489798 472
1757401050417 0.31130707782680966 473
1757401050493 0.31116869085934756 474
1757401050545 0.3110320143167392 475
1757401050611 0.310897026232735 476
1757401050678 0.3107637049409722 477
1757401050745 0.3106320290705026 478
1757401050810 0.31050197754140885 479
1757401050886 0.31037352956047654 480
1757401050938 0.3102466646169503 481
1757401051065 0.31012136247835786 482
1757401051199 0.3099976031863912 483
1757401051296 0.3098753670528757 484
1757401051421 0.3097546346557862 485
1757401051513 0.3096353868353373 486
1757401051605 0.3095176046901362 487
1757401051709 0.3094012695733984 488
1757401051800 0.30928636308922364 489
1757401051867 0.30917286708893155 490
1757401051940 0.30906076366746116 491
1757401052018 0.30895003515982267 492
1757401052122 0.308840664137609 493
1757401052192 0.3087326334055634 494
1757401052234 0.30862592599820443 495
1757401052297 0.3085205251765016 496
1757401052373 0.30841641442460355 497
1757401052461 0.3083135774466226 498
1757401052507 0.30821199816346967 499
