1757504897982 4.720658186431905 0
1757504898076 7.616977390594086 1
1757504898174 1.9266957649039267 2
1757504898262 2.906647451488976 3
1757504898350 0.6244239561667726 4
1757504898449 0.8896743351021006 5
1757504898542 0.2851533487756658 6
1757504898774 0.08430389707397191 7
1757504898896 0.17363513220245522 8
1757504899028 0.3683606215674086 9
1757504899122 0.009975395727588456 10
1757504899214 0.00390663887906118 11
1757504899305 0.6564624009931942 12
1757504899399 0.005883091785752415 13
1757504899495 0.19113022990174652 14
1757504899585 0.38831429302383225 15
1757504899676 0.07935608545247512 16
1757504899765 0.4225953421048255 17
1757504899861 0.05874347697390763 18
1757504899953 0.005648642477615373 19
1757504900045 0.04006683240932373 20
1757504900138 0.0673589178184553 21
1757504900235 0.0015442459562856896 22
1757504900325 0.0017421677912971903 23
1757504900414 0.04450926432768376 24
1757504900514 0.10125029056757802 25
1757504900599 0.7653582599993193 26
1757504900690 0.4924683575934623 27
1757504900780 0.0012897504949195325 28
1757504900879 0.03879316530955871 29
1757504901006 0.0928799642552949 30
1757504901125 0.00023032646388997932 31
1757504901246 0.12031227287039103 32
1757504901365 0.434543395687943 33
1757504901485 0.055863688070189765 34
1757504901599 0.015040335511554679 35
1757504901700 0.0006764285749734945 36
1757504901805 0.06830435437032385 37
1757504901900 0.03755248441977685 38
1757504901992 0.3238626097056908 39
1757504902079 0.5391930019196938 40
1757504902167 0.009629217878202541 41
1757504902253 0.026009557701106332 42
1757504902343 0.05232971129222284 43
1757504902429 0.14162578468460918 44
1757504902607 0.020799082421373433 45
1757504902720 0.0401442988955566 46
1757504902824 0.1572017519884703 47
1757504902922 0.11084169707164768 48
1757504903019 8.429174110558244e-10 49
1757504903117 0.033838632915423376 50
1757504903204 0.1389738406604946 51
1757504903298 0.8108419889959769 52
1757504903389 0.21274509674634812 53
1757504903488 0.07404273198883594 54
1757504903579 0.6744700230673564 55
1757504903673 0.004066731635025527 56
1757504903765 1.2327190184418899e-05 57
1757504903861 0.3222186301688708 58
1757504903952 0.4183116489603802 59
1757504904046 0.07046822843957509 60
1757504904141 0.00028512785095552364 61
1757504904233 0.06435225845831591 62
1757504904330 0.051973761008473666 63
1757504904430 0.0045129014618037295 64
1757504904526 0.12849216535761776 65
1757504904618 0.0016287524526300806 66
1757504904707 0.7709126550295549 67
1757504904806 0.010822320239658624 68
1757504904898 0.030131199766882513 69
1757504904992 0.10293270671386033 70
1757504905083 0.04072581150229434 71
1757504905175 0.28927030122149294 72
1757504905269 0.04102370811242454 73
1757504905359 0.0029865813140644514 74
1757504905470 0.028746766361182036 75
1757504905659 0.002150200289191027 76
1757504905872 0.39308957288734964 77
1757504906021 0.01825469496401224 78
1757504906163 0.02485725662879222 79
1757504906310 0.00108453667892766 80
1757504906468 0.03595048847391017 81
1757504906577 0.038633415872160036 82
1757504906686 0.39570917530704397 83
1757504906773 0.0561395033388619 84
1757504906866 0.007234639036878504 85
1757504906958 0.015151265065308811 86
1757504907051 0.007653721670254802 87
1757504907143 0.02954819655697659 88
1757504907234 0.0035427768032406082 89
1757504907326 0.0014911504964727055 90
1757504907414 0.7014333379456527 91
1757504907505 0.0009171036991221853 92
1757504907607 0.2712884056249451 93
1757504907699 0.11735679236989245 94
1757504907795 0.013331667002951249 95
1757504907890 0.025325929896470825 96
1757504907994 0.5127365953105251 97
1757504908086 0.0013849737417428942 98
1757504908209 0.007872421728090682 99
1757504908305 0.05370886876549714 100
1757504908401 0.0002323706193824315 101
1757504908493 0.01429842029476774 102
1757504908590 0.00013636111775315902 103
1757504908682 0.0006508381966644854 104
1757504908775 0.021211114887670968 105
1757504908865 0.2457738736734654 106
1757504908957 0.18936174382375465 107
1757504909048 0.04225678190452458 108
1757504909140 0.020570699347437816 109
1757504909232 0.15975083587093877 110
1757504909323 0.0289299527104398 111
1757504909414 0.0012440505445706935 112
1757504909502 0.1005921665867208 113
1757504909594 0.010210717729455485 114
1757504909687 0.23494779041410277 115
1757504909777 1.5125933741397826 116
1757504909869 0.0016548738845037943 117
1757504909960 0.013506163340525951 118
1757504910053 0.0025280111375759837 119
1757504910148 0.08466980642391471 120
1757504910241 0.0036876348796327702 121
1757504910334 0.16640456315137206 122
1757504910429 0.03419849599240901 123
1757504910525 0.00021979981954980482 124
1757504910620 0.06410600599846539 125
1757504910712 0.0846315492252134 126
1757504910808 0.0061404551313452935 127
1757504910902 0.12924159099638963 128
1757504910995 0.006725165753856504 129
1757504911081 0.00019535467928277306 130
1757504911172 0.7180080118372881 131
1757504911263 0.0674276473990524 132
1757504911353 0.11000496153481587 133
1757504911442 0.008221071598194315 134
1757504911534 0.0010172544367719003 135
1757504911621 0.0012824285189141041 136
1757504911714 0.11480336375906999 137
1757504911816 0.6444730439532846 138
1757504911910 0.003841199268910202 139
1757504912008 0.07539773997396816 140
1757504912097 0.6299137398588334 141
1757504912208 0.0003632150582960309 142
1757504912302 0.20516053368122553 143
1757504912412 0.38333196105161144 144
1757504912505 0.04503875257564041 145
1757504912603 0.017840395854861323 146
1757504912702 0.022091348315026352 147
1757504912795 0.06543184159269609 148
1757504912888 0.04092144076421949 149
1757504912980 0.026473214365370614 150
1757504913074 0.0013633389578181455 151
1757504913163 0.014294722639567032 152
1757504913257 0.012302752801830298 153
1757504913349 0.6915781672092662 154
1757504913443 0.2115792715580019 155
1757504913535 0.03835798360883538 156
1757504913634 0.21521904562316233 157
1757504913725 0.0033611670776777782 158
1757504913817 0.0036988253205328596 159
1757504913910 0.05580987393183551 160
1757504914003 0.04621000154052778 161
1757504914108 0.07475309027311898 162
1757504914218 0.024109913158913795 163
1757504914338 0.028409079213788064 164
1757504914450 0.0036432682137034567 165
1757504914558 0.00486703819997729 166
1757504914670 0.0005905746233481708 167
1757504914774 0.05195035745957976 168
1757504914884 0.049393755913908065 169
1757504914976 0.00018612611121949585 170
1757504915071 0.39416951004704415 171
1757504915166 0.06955522451859501 172
1757504915263 0.019038664170046984 173
1757504915353 0.036475286057417455 174
1757504915446 0.02523847080796396 175
1757504915538 0.10719917830399815 176
1757504915648 0.0006925186507112662 177
1757504915774 0.06034757941443499 178
1757504915868 0.04016657580995025 179
1757504915964 0.01959401939069989 180
1757504916087 0.11965723577614501 181
1757504916294 0.21358738394101473 182
1757504916428 0.0036864492028748134 183
1757504916568 0.0013781450499596528 184
1757504916731 0.026184678150729307 185
1757504916909 0.2656131148897621 186
1757504917012 0.047533340679301796 187
1757504917102 0.060647234329304585 188
1757504917205 0.3156274605276089 189
1757504917306 0.08123831487656767 190
1757504917409 0.09671640305708454 191
1757504917507 0.0022543771525709135 192
1757504917598 0.10718515063352396 193
1757504917692 0.06798222313353106 194
1757504917787 0.004048064663026879 195
1757504917882 0.06900375453943132 196
1757504917976 0.4118122852558269 197
1757504918071 0.155178033908867 198
1757504918164 0.030919875883757327 199
1757504918258 0.05418202223142712 200
1757504918349 0.009495107326778657 201
1757504918442 0.03336016953184155 202
1757504918531 0.07164727883810797 203
1757504918625 0.09643678442329724 204
1757504918719 0.0006839131288496703 205
1757504918813 0.007986539877944829 206
1757504918909 0.02697160052194227 207
1757504919002 0.3695847438852707 208
1757504919098 2.0996301795425937e-05 209
1757504919191 0.24366566713158225 210
1757504919281 0.015124252801516 211
1757504919382 0.017086554238833793 212
1757504919476 0.01896368392918652 213
1757504919572 0.026395704328599133 214
1757504919667 0.0006618367808237204 215
1757504919767 0.055370159926860466 216
1757504919860 0.00154755994867247 217
1757504919957 0.05740953431290735 218
1757504920052 0.0014380446418488417 219
1757504920148 0.0032547605202396758 220
1757504920240 0.07031336991797887 221
1757504920334 0.04828587448108428 222
1757504920426 0.03649603688804729 223
1757504920525 0.01743641527546885 224
1757504920619 0.00041644886715636536 225
1757504920709 0.009741108037101808 226
1757504920804 0.08019341754358643 227
1757504920899 0.004186534611863434 228
1757504920993 0.09222937679401928 229
1757504921088 0.09869360602753659 230
1757504921181 0.08138286659991649 231
1757504921274 0.0016788010559511 232
1757504921367 0.006744743169362624 233
1757504921460 0.016451813156945265 234
1757504921553 0.18689817195112585 235
1757504921643 0.06928724154183001 236
1757504921738 0.1985850598661551 237
1757504921840 0.18064559863274177 238
1757504921936 0.004331726730818432 239
1757504922033 0.06920058138887417 240
1757504922133 0.19122903267191194 241
1757504922234 0.002906527755977589 242
1757504922330 0.020443422057623825 243
1757504922427 0.22055501232580915 244
1757504922524 0.002202741480022551 245
1757504922629 0.008088946998385827 246
1757504922728 0.11551281634639093 247
1757504922841 0.059931049040051795 248
1757504922937 0.010384936209157834 249
1757504923033 1.7375714777269893e-05 250
1757504923131 0.16697596171940693 251
1757504923228 0.020942263682241582 252
1757504923321 0.005172886898948193 253
1757504923416 0.03510929054573908 254
1757504923512 0.522508023470829 255
1757504923601 0.00512601212908413 256
1757504923701 0.0017941288721325705 257
1757504923796 0.39729850451289545 258
1757504923892 0.0036154061274626457 259
1757504923985 0.037884800275968765 260
1757504924081 0.18518196500465142 261
1757504924177 0.10454052865179464 262
1757504924273 0.060280661819102146 263
1757504924361 0.12437084011768454 264
1757504924459 0.42394208232243386 265
1757504924553 0.007315529868285616 266
1757504924648 0.04205720679548313 267
1757504924746 0.05367340157156171 268
1757504924852 0.06470375524961458 269
1757504924947 0.07205141474085919 270
1757504925039 0.0543308257877305 271
1757504925134 0.05669851327805449 272
1757504925232 0.16605233578372183 273
1757504925328 0.003925804202318396 274
1757504925416 0.00034903788454483295 275
1757504925505 0.048015781407684796 276
1757504925600 0.06014572152584222 277
1757504925694 3.0547378353091207e-06 278
1757504925790 0.0477461371312009 279
1757504925895 0.09204702315659705 280
1757504925990 0.011987810323039135 281
1757504926087 0.05037230491481794 282
1757504926282 0.14400830279935586 283
1757504926481 3.442679407672316e-05 284
1757504926638 0.04663474100204031 285
1757504926783 0.005484555740694048 286
1757504926961 0.018737222802717963 287
1757504927083 0.03847899000122848 288
1757504927218 0.0002972052411444049 289
1757504927338 0.04223670552622223 290
1757504927451 0.0005888253730191923 291
1757504927547 0.2859744083496905 292
1757504927641 0.7448226598218368 293
1757504927735 0.056223138605935204 294
1757504927826 0.18215687770030362 295
1757504927920 0.23536668208304054 296
1757504928016 0.2770534594120213 297
1757504928112 0.09559755879368065 298
1757504928218 0.003702922080347264 299
1757504928311 0.010144991273953897 300
1757504928408 0.380649613772784 301
1757504928523 0.0038715047793868333 302
1757504928629 0.03132732627022345 303
1757504928727 0.0035170437418657182 304
1757504928833 0.009522527699482253 305
1757504928931 0.03953624936464644 306
1757504929026 0.3169906377131612 307
1757504929124 1.104899987377673 308
1757504929223 0.08400141927365258 309
1757504929320 0.009113675762682821 310
1757504929419 0.012793496759709602 311
1757504929519 0.15241129487996943 312
1757504929617 0.3392619503619526 313
1757504929718 0.09348787572704854 314
1757504929818 0.039043471947773876 315
1757504929928 0.018953495019338108 316
1757504930027 0.1542552780689016 317
1757504930127 0.00024318865082931083 318
1757504930225 0.0005939675191843306 319
1757504930324 0.031622915854508625 320
1757504930419 0.0046126673773238085 321
1757504930515 0.18521623568350465 322
1757504930612 0.05728003445827371 323
1757504930710 0.1279410484997191 324
1757504930814 0.28355701964811986 325
1757504930948 0.17660156728566445 326
1757504931040 0.0018235528149247503 327
1757504931137 0.03718499121998312 328
1757504931233 0.013322596837735106 329
1757504931332 0.30089832237078135 330
1757504931431 0.020011514027852444 331
1757504931531 0.2633319989610531 332
1757504931627 0.061644500353157515 333
1757504931719 0.008343531190102728 334
1757504931816 0.005666337909201645 335
1757504931919 0.06658575360165678 336
1757504932020 0.19112932313154424 337
1757504932118 0.036315280378012585 338
1757504932215 0.25415327199482307 339
1757504932314 0.05989361087323619 340
1757504932411 0.051441380150392395 341
1757504932509 0.027057335816036893 342
1757504932609 0.04803033758838328 343
1757504932707 0.195313593054291 344
1757504932804 0.01282993265228228 345
1757504932898 0.09898088788665092 346
1757504933003 0.0030159488494031863 347
1757504933101 0.10405246548366594 348
1757504933199 0.002444005273926808 349
1757504933296 0.036261266477863895 350
1757504933395 0.8666881007697892 351
1757504933495 0.006319904839221999 352
1757504933591 0.08864847693921467 353
1757504933687 0.079549885426128 354
1757504933785 0.11342120899925602 355
1757504933879 0.05642997383529815 356
1757504933981 0.014173931796721587 357
1757504934077 0.007039770047140023 358
1757504934178 0.06946167224203834 359
1757504934277 0.02144744237999138 360
1757504934374 0.0660682997247686 361
1757504934474 6.039818595983828e-05 362
1757504934568 0.0028285462429051824 363
1757504934664 0.06344503899517114 364
1757504934760 0.001380439400738647 365
1757504934857 0.014152007515536458 366
1757504934961 0.040899937168889296 367
1757504935064 0.03433331145291868 368
1757504935159 0.00020223202393143837 369
1757504935254 0.0343995880933083 370
1757504935351 1.0867460091922183 371
1757504935449 0.007694899418070018 372
1757504935545 0.11567796053462696 373
1757504935645 0.0012763231010666958 374
1757504935741 0.6305337966849791 375
1757504935838 0.00571672242409162 376
1757504935937 0.0010347304436487518 377
1757504936042 2.5005224988922866e-06 378
1757504936146 0.0001506780654859819 379
1757504936243 0.002553815480478238 380
1757504936346 0.013478198611381772 381
1757504936442 0.25790114275086573 382
1757504936539 0.059032080386141175 383
1757504936683 0.7876267450955345 384
1757504936909 0.01235181772010257 385
1757504937085 0.007056349345706854 386
1757504937226 0.1469923727273821 387
1757504937354 0.029675649547609012 388
1757504937619 0.06509222591456673 389
1757504937761 0.036353728325803185 390
1757504937862 0.04607176559628001 391
1757504937958 0.02856942027642087 392
1757504938059 0.010724469929826832 393
1757504938160 0.05972960834029057 394
1757504938261 0.20237455463814025 395
1757504938364 0.00019923838303227313 396
1757504938457 0.027503815980392417 397
1757504938557 0.6566654312988517 398
1757504938653 1.3112146194522336e-05 399
1757504938752 0.0021326011039756107 400
1757504938850 0.28971714442391255 401
1757504938953 0.10726652432581794 402
1757504939052 0.0038193274350108455 403
1757504939148 0.24693321926716508 404
1757504939245 0.10544895175332918 405
1757504939345 0.020544117054824545 406
1757504939443 0.010476943056860661 407
1757504939547 0.01303244685926908 408
1757504939647 0.007446669066403464 409
1757504939747 0.04274519102297459 410
1757504939842 0.5759755450632643 411
1757504939965 0.00838257478731985 412
1757504940097 0.04844354155021518 413
1757504940204 0.017051206506671333 414
1757504940310 0.013345597351677136 415
1757504940425 0.060989077907796056 416
1757504940541 0.0044741194761715765 417
1757504940652 0.10822783594310846 418
1757504940749 0.013592560197002284 419
1757504940848 0.0969278987150074 420
1757504940943 0.029238618991084115 421
1757504941045 0.025190952391665543 422
1757504941153 0.10103338074981535 423
1757504941256 0.0005247137768485535 424
1757504941436 0.01452886198235406 425
1757504941617 0.16467323615581567 426
1757504941762 0.1611027663014133 427
1757504941862 0.05633910791619285 428
1757504941964 0.020130438983977726 429
1757504942061 0.002519954073181637 430
1757504942171 0.0003498981105697176 431
1757504942273 1.5189151913778527 432
1757504942376 0.6166440444458993 433
1757504942476 0.022794757467692175 434
1757504942576 0.012613431735422013 435
1757504942676 0.02688083057136606 436
1757504942774 0.1324056974558957 437
1757504942874 0.8308760893409568 438
1757504942974 0.2243415030564944 439
1757504943074 0.0191228033236863 440
1757504943179 0.10716301203327212 441
1757504943281 0.04239964338591536 442
1757504943383 0.14755179385141437 443
1757504943495 0.05505474961576571 444
1757504943593 0.0027719233142057278 445
1757504943692 0.02501053367873158 446
1757504943796 0.47174110350563003 447
1757504943895 0.029057493974848202 448
1757504943998 0.03817541161916322 449
1757504944098 0.027125932692323725 450
1757504944207 0.07453839702474753 451
1757504944308 0.0674128399452964 452
1757504944413 0.004585849922496505 453
1757504944513 0.24218924609137088 454
1757504944612 0.005386928202343934 455
1757504944713 0.17315996226834496 456
1757504944815 0.01514358427310873 457
1757504944912 0.022039418350395974 458
1757504945011 0.22549687010244263 459
1757504945111 0.006498944556162821 460
1757504945217 0.01664810191366234 461
1757504945317 0.07730428961750573 462
1757504945417 0.013230224630334183 463
1757504945518 0.003925216398031488 464
1757504945616 0.22583855544017378 465
1757504945717 0.007905086912804364 466
1757504945816 0.14886772754448685 467
1757504945917 0.2233723213489743 468
1757504946015 0.08504555065239573 469
1757504946111 0.058680859982259435 470
1757504946240 0.2050653112226754 471
1757504946351 5.833355171157113e-06 472
1757504946478 0.00012597905015363254 473
1757504946598 0.01421928290621946 474
1757504946699 0.061124065093754995 475
1757504946807 0.12626466613661436 476
1757504946908 0.10463221831480962 477
1757504947010 0.01815173391198763 478
1757504947110 0.054656836427264516 479
1757504947208 1.256474900582883 480
1757504947308 0.07597621515396334 481
1757504947411 0.0805792285994676 482
1757504947511 0.3262857439566313 483
1757504947613 0.008055207123247136 484
1757504947712 0.1851676261392151 485
1757504947814 0.020716208714803636 486
1757504947914 0.021474158941513964 487
1757504948044 0.09256195426063399 488
1757504948227 0.24045231488209043 489
1757504948405 0.02058434631615241 490
1757504948535 0.03717640085642131 491
1757504948685 0.7809353863289904 492
1757504948854 0.012206356003580842 493
1757504948959 0.32767659132108823 494
1757504949062 0.09251886846682546 495
1757504949160 0.00015648359220478915 496
1757504949270 0.006526751049484376 497
1757504949368 0.03202036768541311 498
1757504949468 0.0031874828021438333 499
