1757401064004 173.95452038272938 0
1757401064056 63.72976593345374 1
1757401064109 77.09031385750498 2
1757401064166 53.216686531244015 3
1757401064234 52.35169649201111 4
1757401064304 44.7445872091669 5
1757401064358 42.221845129876876 6
1757401064418 38.669228846695084 7
1757401064628 36.42671815835491 8
1757401064751 34.18940240328939 9
1757401064820 32.39653973893498 10
1757401064870 30.748040819345206 11
1757401064928 29.3102858941561 12
1757401064973 28.001685876364235 13
1757401065031 26.82086891710518 14
1757401065083 25.73833401158806 15
1757401065127 24.744773822023753 16
1757401065167 23.82423565455576 17
1757401065207 22.968455365228024 18
1757401065248 22.168713831902135 19
1757401065285 21.418493940605277 20
1757401065332 20.712011230598158 21
1757401065384 20.044574542316614 22
1757401065451 19.412126491685356 23
1757401065496 18.81126222652327 24
1757401065543 18.23904168690654 25
1757401065597 17.69294922055558 26
1757401065638 17.170799394703213 27
1757401065689 16.67069572578376 28
1757401065753 16.190976540931263 29
1757401065801 15.730182763046319 30
1757401065860 15.2870241206222 31
1757401065902 14.86035564713273 32
1757401065936 14.449155477075722 33
1757401065976 14.052508011669971 34
1757401066031 13.669588807815732 35
1757401066072 13.299652527849904 36
1757401066107 12.942022384506013 37
1757401066143 12.596081458656881 38
1757401066181 12.261265172612541 39
1757401066217 11.937054973534284 40
1757401066263 11.622972872655849 41
1757401066337 11.318576798975842 42
1757401066398 11.023456577413148 43
1757401066516 10.737230471974215 44
1757401066628 10.459542183539645 45
1757401066741 10.190058248619373 46
1757401066845 9.928465770330467 47
1757401066918 9.67447043897956 48
1757401067004 9.427794797041663 49
1757401067058 9.188176716292158 50
1757401067095 8.955368056147757 51
1757401067140 8.72913347927847 52
1757401067197 8.509249402695554 53
1757401067290 8.295503066639265 54
1757401067353 8.087691705597717 55
1757401067436 7.885621808391057 56
1757401067475 7.6891084558850356 57
1757401067536 7.497974726636456 58
1757401067604 7.312051162026146 59
1757401067672 7.131175283642481 60
1757401067751 6.955191156620983 61
1757401067820 6.783948993506706 62
1757401067868 6.617304793909556 63
1757401067906 6.455120015848319 64
1757401067974 6.297261275203551 65
1757401068056 6.143600070159859 66
1757401068088 5.994012527910036 67
1757401068116 5.848379171235426 68
1757401068144 5.706584702870937 69
1757401068184 5.568517805818977 70
1757401068264 5.434070957998234 71
1757401068342 5.3031402598058275 72
1757401068427 5.175625273339198 73
1757401068509 5.051428872170007 74
1757401068540 4.930457100689863 75
1757401068632 4.812619042159018 76
1757401068764 4.69782669468637 77
1757401068845 4.585994854454497 78
1757401068904 4.477041005578082 79
1757401068959 4.370885216049635 80
1757401069017 4.267450039284163 81
1757401069059 4.166660420825044 82
1757401069101 4.0684436098181775 83
1757401069143 3.9727290749008035 84
1757401069185 3.879448424186291 85
1757401069241 3.788535329057076 86
1757401069335 3.699925451505094 87
1757401069425 3.613556374783468 88
1757401069527 3.529367537154635 89
1757401069572 3.4473001685392846 90
1757401069614 3.367297229887644 91
1757401069657 3.2893033551098023 92
1757401069699 3.213264795415463 93
1757401069741 3.1391293659257897 94
1757401069785 3.0668463944308244 95
1757401069828 2.996366672176023 96
1757401069869 2.9276424065701527 97
1757401069911 2.8606271757149013 98
1757401069954 2.7952758846637544 99
1757401069996 2.731544723324271 100
1757401070038 2.669391125923783 101
1757401070079 2.608773731964007 102
1757401070133 2.549652348594917 103
1757401070181 2.4919879143427432 104
1757401070220 2.4357424641310623 105
1757401070259 2.3808790955376415 106
1757401070302 2.327361936233237 107
1757401070344 2.275156112551589 108
1757401070387 2.224227719142883 109
1757401070423 2.174543789665519 110
1757401070464 2.126072268473603 111
1757401070501 2.0787819832598102 112
1757401070538 2.0326426186153914 113
1757401070575 1.9876246904711388 114
1757401070611 1.9436995213848614 115
1757401070649 1.9008392166427126 116
1757401070687 1.8590166411432678 117
1757401070725 1.8182053970347516 118
1757401070763 1.7783798020772077 119
1757401070803 1.7395148687027127 120
1757401070840 1.7017418026484803 121
1757401070878 1.6647874529705242 122
1757401070914 1.6287236386903436 123
1757401070956 1.5935187381360647 124
1757401070995 1.5591563430463105 125
1757401071037 1.5256120301190987 126
1757401071156 1.4928674298624078 127
1757401071349 1.460901270927374 128
1757401071387 1.4296949840058821 129
1757401071423 1.3992291625848607 130
1757401071456 1.369485753828917 131
1757401071489 1.3404466628193898 132
1757401071522 1.312094601896436 133
1757401071556 1.2844125363309797 134
1757401071587 1.2573840086442032 135
1757401071619 1.2309929142292277 136
1757401071652 1.205223620785124 137
1757401071686 1.1800608735009228 138
1757401071733 1.1554898348703277 139
1757401071768 1.1314960409993293 140
1757401071806 1.1080654107514676 141
1757401071914 1.0851842224705537 142
1757401072043 1.0628391115547722 143
1757401072154 1.041017055555446 144
1757401072204 1.019705367610525 145
1757401072244 0.9988916851821863 146
1757401072301 0.9785639622231819 147
1757401072420 0.9587104596733003 148
1757401072528 0.9393197374542811 149
1757401072559 0.9203806459647823 150
1757401072626 0.9018823183076665 151
1757401072731 0.8838141624632776 152
1757401072776 0.8661658538849977 153
1757401072813 0.8489273282049173 154
1757401072844 0.8320887742310326 155
1757401072876 0.8156406271094923 156
1757401072936 0.7995735617185485 157
1757401072971 0.7838784862407144 158
1757401073032 0.7685465359352905 159
1757401073081 0.7535690670866351 160
1757401073173 0.7389376511332935 161
1757401073210 0.7246440689649624 162
1757401073241 0.7106803053860227 163
1757401073275 0.6970385437374224 164
1757401073305 0.6837111606734304 165
1757401073355 0.6706907210871448 166
1757401073445 0.6579699731806559 167
1757401073480 0.6455418436747742 168
1757401073509 0.6333994331541992 169
1757401073540 0.621536011543649 170
1757401073573 0.6099450137109785 171
1757401073608 0.598620035193236 172
1757401073644 0.5875548280419216 173
1757401073680 0.5767432967837153 174
1757401073714 0.5661794944931773 175
1757401073748 0.5558576189739922 176
1757401073779 0.5457720090454583 177
1757401073814 0.5359171409310528 178
1757401073846 0.5262876247460027 179
1757401073881 0.5172726701267878 180
1757401073912 0.5082578449387789 181
1757401073960 0.4994595757859507 182
1757401074025 0.49085606418759875 183
1757401074057 0.48245275306642776 184
1757401074095 0.47423848466585394 185
1757401074165 0.46621282885785126 186
1757401074236 0.4583687946333067 187
1757401074267 0.4507036857375415 188
1757401074386 0.44321229053043176 189
1757401074431 0.4358911424286463 190
1757401074492 0.4287358489724158 191
1757401074584 0.42174275893617 192
1757401074658 0.41490791542253685 193
1757401074706 0.4082277066404698 194
1757401074772 0.4016984550053629 195
1757401074844 0.39531667019435063 196
1757401074921 0.3890788871271818 197
1757401074961 0.3829817635409373 198
1757401075005 0.3770220153560533 199
1757401075068 0.37119645353988895 200
1757401075131 0.3655019576117774 201
1757401075202 0.35993548884900495 202
1757401075243 0.3544940787676996 203
1757401075287 0.3491748331518125 204
1757401075357 0.34397492645308386 205
1757401075447 0.33889160229853316 206
1757401075547 0.3339221702661196 207
1757401075619 0.3290640050768172 208
1757401075693 0.32431454435728846 209
1757401075769 0.3196712873746712 210
1757401075827 0.3151317932397673 211
1757401075886 0.3106936795161384 212
1757401075964 0.3063546206466652 213
1757401076059 0.30211234656306335 214
1757401076115 0.2979646412476215 215
1757401076185 0.29390934138921776 216
1757401076258 0.2899443350427139 217
1757401076343 0.2860675603465261 218
1757401076412 0.2822770042621795 219
1757401076471 0.2785707013566132 220
1757401076541 0.2749467326124543 221
1757401076619 0.2714032242737878 222
1757401076699 0.26793834672106764 223
1757401076763 0.2645503133775471 224
1757401076832 0.2612373796442191 225
1757401076915 0.25799784186367963 226
1757401077003 0.2548300363112417 227
1757401077103 0.25173233821298163 228
1757401077306 0.24870316078960894 229
1757401077467 0.24574095432558976 230
1757401077567 0.24284420526265807 231
1757401077688 0.24001143531708238 232
1757401077803 0.2372412006199491 233
1757401077867 0.2345320908798289 234
1757401077970 0.23188272856716274 235
1757401078080 0.2292917681197612 236
1757401078422 0.2267578951688088 237
1757401078479 0.22427982578479688 238
1757401078532 0.22185630574282086 239
1757401078624 0.21948610980670338 240
1757401078692 0.21716804103141088 241
1757401078736 0.2149009300832622 242
1757401078842 0.2126836345774293 243
1757401078888 0.21051503843225655 244
1757401078943 0.20839405123993845 245
1757401079011 0.20631960765309937 246
1757401079090 0.2042906667868498 247
1757401079150 0.20230621163589171 248
1757401079199 0.20036524850626997 249
1757401079253 0.19846680646136539 250
1757401079331 0.19660993678175787 251
1757401079372 0.19479371243857077 252
1757401079418 0.1930172275799529 253
