1757490788243 253.47858393640362 0
1757490788353 157.1485436279629 1
1757490788471 188.03800492445728 2
1757490788581 175.36069555618386 3
1757490788683 181.26374402469304 4
1757490788802 164.57084222618073 5
1757490788952 142.45936787648048 6
1757490789047 295.2371178514549 7
1757490789144 173.52543915207096 8
1757490789243 161.93968314967793 9
1757490789340 215.0007285550928 10
1757490789428 175.65926521918715 11
1757490789516 148.86289547224592 12
1757490789609 159.1500500091792 13
1757490789726 197.52163970716515 14
1757490789862 162.84187113865593 15
1757490789970 155.26926277847377 16
1757490790066 282.42366383351595 17
1757490790196 146.0217109922859 18
1757490790396 222.37991627796947 19
1757490790557 192.93843836394024 20
1757490790747 167.93407513380208 21
1757490790863 165.85848597559774 22
1757490791031 99.38848594824063 23
1757490791152 173.54599652772816 24
1757490791287 140.67562279892647 25
1757490791417 203.46493543948938 26
1757490791537 175.91615792848998 27
1757490791661 163.79792402053155 28
1757490791863 157.28979774531172 29
1757490791992 167.82813218198666 30
1757490792124 182.30963622535614 31
1757490792275 217.30429602833274 32
1757490792405 177.97116594390403 33
1757490792541 160.41938326822097 34
1757490792685 145.8709147952023 35
1757490792807 184.75297136484872 36
1757490792939 130.19050542987088 37
1757490793073 190.3620115221999 38
1757490793208 209.4562596952465 39
1757490793366 200.55112819464063 40
1757490793499 161.86252034573414 41
1757490793629 169.09581331052152 42
1757490793769 148.0146902576902 43
1757490793877 158.8109926714572 44
1757490794069 190.51839731049068 45
1757490794192 157.93451980467054 46
1757490794311 177.85844738380825 47
1757490794437 177.64240789847398 48
1757490794603 148.00922810576924 49
1757490794773 106.69812143870635 50
1757490794926 200.8430639037419 51
1757490795065 149.21537477396043 52
1757490795185 81.340095043121 53
1757490795330 141.5956425866017 54
1757490795458 177.85936551314043 55
1757490795594 211.56744263762835 56
1757490795734 142.6409191386008 57
1757490795844 173.5826349242437 58
1757490795968 237.3062247204812 59
1757490796099 184.67135716163372 60
1757490796218 127.42605876653481 61
1757490796336 128.3107869946969 62
1757490796450 202.35680758222392 63
1757490796584 171.2389141394343 64
1757490796709 203.350197133153 65
1757490796820 172.73358345093118 66
1757490796934 155.57935991922008 67
1757490797042 156.68469056946742 68
1757490797140 129.23476310004008 69
1757490797267 194.2471550364646 70
1757490797421 174.3735352370019 71
1757490797517 195.83408327699334 72
1757490797604 155.14397775576876 73
1757490797690 129.12833138248266 74
1757490797773 142.14983825778782 75
1757490797858 108.87371177945707 76
1757490797941 157.30017559816883 77
1757490798025 215.43025832162147 78
