1757573079952 38.025625760431296 0
1757573080021 25.266441180723447 1
1757573080107 14.31781079345246 2
1757573080177 19.17454244928448 3
1757573080240 15.338211508101033 4
1757573080308 6.153441657307139 5
1757573080376 8.923713835969469 6
1757573080441 5.42345406339695 7
1757573080504 5.579900608064299 8
1757573080575 6.379669936777705 9
1757573080640 3.5817227687418014 10
1757573080701 3.3582875035646795 11
1757573080761 1.5722576602401992 12
1757573080823 2.461644444535479 13
1757573080897 2.152159599365864 14
1757573080960 1.4598051903161897 15
1757573081021 1.8242896919208333 16
1757573081183 1.0068255626362395 17
1757573081381 0.8480508023422672 18
1757573081492 1.3464938181657948 19
1757573081594 1.0561036639357924 20
1757573081732 0.6886565529971501 21
1757573081862 0.470091961212172 22
1757573081951 0.43662129928361915 23
1757573082035 0.4141665261949228 24
1757573082107 0.3080900056356887 25
1757573082186 0.39326569596496735 26
1757573082258 0.44318521770235286 27
1757573082329 0.33020122615909603 28
1757573082403 0.2661236129875645 29
1757573082477 0.185092978046677 30
1757573082546 0.14980829494399872 31
1757573082619 0.13380417214108728 32
1757573082695 0.1675331636634854 33
1757573082764 0.1782452035572848 34
1757573082832 0.13677620965459375 35
1757573082905 0.14017007686636745 36
1757573082970 0.1843050669567338 37
1757573083039 0.12231228318856785 38
1757573083103 0.10036868631801857 39
1757573083167 0.1374982011290259 40
1757573083239 0.08152634164553083 41
1757573083304 0.10303903912547376 42
1757573083369 0.16036681919891504 43
1757573083433 0.1454081222278585 44
1757573083500 0.12321324229555214 45
1757573083566 0.14021542547010327 46
1757573083630 0.11868585268917238 47
1757573083694 0.08261833742555147 48
1757573083764 0.12685899295457906 49
1757573083835 0.08630228635116063 50
1757573083900 0.1400876860503799 51
1757573083969 0.1328738148921592 52
1757573084034 0.12029658381825112 53
1757573084097 0.08780784161033198 54
1757573084161 0.10666415567152768 55
1757573084228 0.08076027550638738 56
1757573084295 0.10275401083304685 57
1757573084360 0.10299832940072104 58
1757573084428 0.07416565687854548 59
1757573084499 0.12144734605844856 60
1757573084562 0.09033710862896954 61
1757573084625 0.10470226373190787 62
1757573084689 0.12052291928269997 63
1757573084751 0.077124928808665 64
1757573084822 0.11930155568606668 65
1757573084885 0.2463045829880913 66
1757573084958 0.13195251695475613 67
1757573085022 0.09495277025855173 68
1757573085083 0.10815298431935996 69
1757573085142 0.08510661171674976 70
1757573085203 0.1275671627333038 71
1757573085265 0.11255976448986434 72
1757573085331 0.12058515102597896 73
1757573085396 0.1028156194190886 74
1757573085458 0.10474131372456383 75
1757573085522 0.09343208044537145 76
1757573085583 0.10012543034296303 77
1757573085645 0.11199469492796861 78
1757573085705 0.12403817281537367 79
