1757574238660 32.85900266519417 0
1757574238724 18.94074367641329 1
1757574238788 10.328001070397455 2
1757574238873 6.617561137953958 3
1757574238942 3.9079872949059284 4
1757574239013 3.3350300403647832 5
1757574239078 3.305539118752373 6
1757574239142 1.537693192667855 7
1757574239211 1.0176750590743266 8
1757574239273 0.9330561278360926 9
1757574239334 0.5009362638733025 10
1757574239401 0.4376347422366902 11
1757574239470 0.36189770071534544 12
1757574239537 0.37660892944015384 13
1757574239598 0.2187976795566113 14
1757574239660 0.24654070841258457 15
1757574239723 0.1415248559361542 16
1757574239784 0.18450873199652665 17
1757574239846 0.14075711684960815 18
1757574239911 0.09746942878766653 19
1757574239974 0.10053412229353799 20
1757574240045 0.1427275983625497 21
1757574240113 0.092036949258592 22
1757574240179 0.1654483103461553 23
1757574240245 0.11111309593157419 24
1757574240311 0.13004225023066335 25
1757574240373 0.1395513071536016 26
1757574240442 0.14172505127809099 27
1757574240511 0.07780928915642156 28
1757574240574 0.13622214587663048 29
1757574240640 0.09843871417666492 30
1757574240723 0.12248642715817604 31
1757574240905 0.09080475026496657 32
1757574241037 0.13193268191629148 33
1757574241122 0.14151194159816843 34
1757574241222 0.22241497316848158 35
1757574241303 0.08757670786757367 36
1757574241375 0.11302229606719069 37
1757574241444 0.14744998394265407 38
1757574241518 0.14443232644931517 39
1757574241592 0.13353696801588494 40
1757574241660 0.09146887204346689 41
1757574241727 0.11853910416494245 42
1757574241795 0.13188688183254627 43
1757574241860 0.12288563559296194 44
1757574241924 0.13015504438072883 45
1757574241989 0.13727244780538223 46
1757574242054 0.14169703530951613 47
1757574242124 0.13078333499744751 48
1757574242193 0.11659303969977308 49
1757574242257 0.09984889864737947 50
1757574242321 0.130332053068009 51
1757574242386 0.1611434417589332 52
1757574242456 0.14096736204660773 53
1757574242526 0.12452196269393524 54
1757574242595 0.0988713122779311 55
1757574242663 0.10242965263381201 56
1757574242733 0.0769838341962964 57
1757574242797 0.08418346703324839 58
1757574242863 0.060127008329173844 59
1757574242927 0.09630818370466682 60
1757574242997 0.07884613652322241 61
1757574243066 0.12082117847527804 62
1757574243136 0.07225246025995041 63
1757574243205 0.11028012104590416 64
1757574243269 0.09206853902519921 65
1757574243332 0.13378851851853074 66
1757574243394 0.10953519530968264 67
1757574243457 0.10798750533530199 68
1757574243528 0.12685547664916935 69
1757574243590 0.11194199179950862 70
1757574243657 0.12552614613615642 71
1757574243728 0.11770785093507907 72
1757574243792 0.12778149670442773 73
1757574243855 0.11444983211918665 74
1757574243917 0.10322416841745201 75
1757574243978 0.144990533207042 76
1757574244041 0.12498610776825057 77
1757574244102 0.14712721208535942 78
1757574244171 0.08565182647017688 79
1757574244237 0.069675310676332 80
1757574244300 0.10221518177710097 81
1757574244363 0.12919328231679517 82
1757574244425 0.10804726751822413 83
1757574244493 0.15288206640946256 84
1757574244561 0.10602248633853388 85
1757574244622 0.1163822666185947 86
1757574244690 0.13875887517405822 87
1757574244752 0.09747294100349768 88
1757574244813 0.15854009751500536 89
1757574244876 0.11592667568332149 90
1757574244941 0.0814619918587885 91
1757574245005 0.094314775811358 92
1757574245069 0.10119560637320679 93
1757574245133 0.1323794175044885 94
1757574245202 0.06321138972022441 95
1757574245274 0.05703975992432188 96
1757574245339 0.15686391757941381 97
1757574245402 0.08214082307756682 98
1757574245463 0.07618170482402588 99
1757574245537 0.12226215430858299 100
1757574245601 0.1468018339451351 101
1757574245662 0.14285291774136058 102
1757574245739 0.09218612792573727 103
1757574245819 0.0942277239714767 104
1757574245897 0.0895970201031942 105
1757574245971 0.13037200009400354 106
1757574246062 0.11953518978448735 107
1757574246344 0.10381010747402566 108
1757574246430 0.12223933978299845 109
1757574246517 0.12509514735634503 110
1757574246614 0.10276648128972143 111
1757574246697 0.1365944095684391 112
1757574246789 0.12591242346259962 113
1757574246879 0.08951430333223662 114
1757574246954 0.14324522734831147 115
1757574247027 0.14271597312707515 116
1757574247107 0.10945323288569556 117
1757574247188 0.1016642064677914 118
1757574247269 0.18548875605828058 119
1757574247364 0.13815591619779363 120
1757574247442 0.08523341513000424 121
1757574247521 0.09254290009975323 122
1757574247610 0.11037468452785575 123
1757574247688 0.13115272837130224 124
1757574247770 0.13584931845556475 125
1757574247858 0.07703848949220349 126
1757574247946 0.11230187370121046 127
1757574248049 0.09580899283018839 128
1757574248134 0.11689158262794065 129
1757574248218 0.12993183712912085 130
1757574248347 0.15715184639079716 131
1757574248600 0.13545287763530256 132
1757574248776 0.05177353524710119 133
1757574248975 0.09328844522607367 134
1757574249077 0.1085953090343971 135
1757574249182 0.11339285409841378 136
1757574249328 0.1406172309608747 137
1757574249478 0.07548862846749387 138
1757574249579 0.0990818493136084 139
1757574249795 0.12395817148738618 140
1757574249910 0.10203703046281297 141
1757574249994 0.12730356187186762 142
1757574250072 0.08797763088664362 143
1757574250145 0.13483284135868648 144
1757574250216 0.10470340510769373 145
1757574250288 0.1278530408762355 146
1757574250355 0.14267872915764365 147
1757574250430 0.11239203431158179 148
1757574250506 0.0835516567759293 149
1757574250575 0.14230222408351145 150
1757574250650 0.1391095849357172 151
1757574250718 0.14439350863088496 152
1757574250786 0.10980048202726475 153
1757574250852 0.09418640098292665 154
1757574250919 0.12890031295099794 155
1757574250991 0.09613164603885192 156
1757574251056 0.11464133258081766 157
1757574251120 0.10485402129019601 158
1757574251186 0.09636305479736981 159
1757574251249 0.12640656573071118 160
1757574251311 0.16055184284719387 161
1757574251373 0.10727106137322732 162
1757574251437 0.10189967654147428 163
1757574251512 0.1366932739694479 164
1757574251583 0.09560780826196869 165
1757574251658 0.06948940649372146 166
1757574251725 0.18124285212243219 167
1757574251788 0.12845302629765806 168
1757574251852 0.0996682696796081 169
1757574251917 0.11809832784635924 170
1757574251987 0.07033826161794396 171
1757574252055 0.06328479734223784 172
1757574252120 0.060808827850674756 173
1757574252186 0.15490756242997958 174
1757574252248 0.11225045849840923 175
1757574252313 0.09144441489908188 176
1757574252375 0.20426100639875394 177
1757574252437 0.09966393161725733 178
1757574252513 0.09310334741550275 179
1757574252585 0.2024091356144138 180
1757574252648 0.1302804434722909 181
1757574252720 0.10900974161658172 182
1757574252783 0.08080211708822194 183
1757574252845 0.15425816341689197 184
1757574252910 0.1190802022907173 185
1757574252975 0.10398675177565896 186
1757574253044 0.15082113015900853 187
1757574253109 0.06675755277561696 188
1757574253174 0.12213590402246775 189
1757574253238 0.10358691865901988 190
1757574253301 0.11119674866192394 191
1757574253366 0.100581248339504 192
1757574253431 0.13897052944428295 193
1757574253503 0.1300862159684995 194
1757574253578 0.09984343470881062 195
1757574253644 0.13118477946169718 196
1757574253719 0.11239590893300896 197
1757574253788 0.03882426857807134 198
1757574253853 0.0847023810796383 199
1757574253917 0.12685246918825632 200
1757574253984 0.14547851525366642 201
1757574254056 0.12460016006652777 202
1757574254125 0.09097147399024563 203
1757574254193 0.0796660453989884 204
1757574254262 0.15759989042620434 205
1757574254327 0.10613534892975356 206
1757574254394 0.12451847394823398 207
1757574254460 0.11753371275036287 208
1757574254526 0.0738017334231678 209
1757574254599 0.10761871608905671 210
1757574254668 0.08437045292151747 211
1757574254740 0.18696516362972562 212
1757574254806 0.05757086424095943 213
1757574254872 0.10808207351891733 214
1757574254943 0.08621992270135727 215
1757574255011 0.09794173421234335 216
1757574255085 0.1538712926433636 217
1757574255151 0.12225227130793989 218
1757574255216 0.09229038272826164 219
1757574255280 0.0933666359043277 220
1757574255346 0.10615790363059176 221
1757574255412 0.07984773049838442 222
1757574255477 0.11254172993269022 223
1757574255546 0.11723318266058384 224
1757574255621 0.07403256992638031 225
1757574255686 0.13073159719759908 226
1757574255757 0.18723165407988485 227
1757574255823 0.14575968294830988 228
1757574255889 0.12414737672076866 229
1757574255955 0.10433794978424143 230
1757574256021 0.11641925836257655 231
1757574256086 0.09486020602782082 232
1757574256160 0.140572546475588 233
1757574256227 0.09708967579317929 234
1757574256292 0.13907000377858392 235
1757574256357 0.13110382020861744 236
1757574256423 0.10450564076098388 237
1757574256487 0.15219549127641865 238
1757574256557 0.14725328681631333 239
1757574256634 0.11784615842181763 240
1757574256700 0.11949655090719034 241
1757574256773 0.1564246597388643 242
1757574256840 0.10435712996257797 243
1757574256907 0.13088910809128473 244
1757574256972 0.105503487082865 245
1757574257041 0.12185637404412242 246
1757574257107 0.08362413240794499 247
1757574257178 0.1022288023736386 248
1757574257245 0.13131594164323385 249
1757574257309 0.0984906162031687 250
1757574257375 0.09562667265493657 251
1757574257441 0.13018905425603503 252
1757574257506 0.10774397285138258 253
1757574257572 0.14067237048231188 254
1757574257642 0.12120440411234655 255
1757574257713 0.07888551116026192 256
1757574257789 0.12263765169036843 257
1757574257856 0.06977215719974987 258
1757574257920 0.1077400897482838 259
1757574257985 0.09964052469353017 260
1757574258053 0.2001939013425337 261
1757574258118 0.08376774049332662 262
1757574258187 0.10701658123159945 263
1757574258255 0.1400610190120878 264
1757574258321 0.09395226710545684 265
1757574258385 0.08203444923777888 266
1757574258450 0.12611777118396114 267
1757574258516 0.10120092977643107 268
1757574258583 0.08955394953032933 269
1757574258652 0.11053071602441462 270
1757574258725 0.08147511472737011 271
1757574258792 0.09764197409190671 272
1757574258859 0.09384682226342686 273
1757574258928 0.14662881243718354 274
1757574258998 0.06641084927599879 275
1757574259067 0.13744985120719597 276
1757574259137 0.12753204820647057 277
1757574259204 0.1325279581757584 278
1757574259273 0.1482932220277167 279
1757574259339 0.09983360545065398 280
1757574259405 0.13323607165486664 281
1757574259471 0.16587436314462636 282
1757574259539 0.19958549758847033 283
1757574259609 0.07092090554155424 284
1757574259680 0.11014503259568739 285
1757574259753 0.18691640115491176 286
1757574259829 0.10684411374860357 287
1757574259895 0.11503915290049539 288
1757574259962 0.08460316941461303 289
1757574260027 0.1440763314729721 290
1757574260094 0.12214944271737595 291
1757574260163 0.06818855649842456 292
1757574260229 0.12196118787951928 293
1757574260301 0.14469206058918008 294
1757574260368 0.0964031464839118 295
1757574260433 0.08909865987380419 296
1757574260498 0.13502608890801981 297
1757574260568 0.09026169762761034 298
1757574260635 0.17817163859281407 299
1757574260706 0.08241398625073437 300
1757574260778 0.11557672503191076 301
1757574260854 0.1280096474370123 302
1757574260920 0.10789288599841347 303
1757574260987 0.12241014208801046 304
1757574261053 0.11303141263568549 305
1757574261120 0.11348166350113822 306
1757574261190 0.09985020075631099 307
1757574261257 0.1493462366240225 308
1757574261328 0.10625429485449141 309
1757574261395 0.0899005606394755 310
1757574261461 0.10091486513157175 311
1757574261527 0.06868275662019575 312
1757574261597 0.11934564916842305 313
1757574261663 0.11253238587108277 314
1757574261733 0.14608641948514972 315
1757574261808 0.1058153217994065 316
1757574261883 0.0784827286433077 317
1757574261950 0.1668311439133484 318
1757574262017 0.09982888916603799 319
1757574262086 0.09366760293344559 320
1757574262220 0.10576659227437252 321
1757574262416 0.10712015115219926 322
1757574262554 0.12524040009860393 323
1757574262633 0.09584075452493951 324
1757574262742 0.1355460111591732 325
1757574262887 0.07528265616462453 326
1757574263005 0.10420073509308059 327
1757574263104 0.15028241124121625 328
1757574263176 0.12275972938209653 329
1757574263248 0.12094641816681033 330
1757574263319 0.11547227055026532 331
1757574263408 0.07777450926313008 332
1757574263502 0.0863453129439055 333
1757574263572 0.11379825962898066 334
1757574263641 0.07681300854652386 335
1757574263710 0.10823855700784582 336
1757574263781 0.12206367486729416 337
1757574263860 0.10743801878919229 338
1757574263929 0.08319939716359932 339
1757574264000 0.12407520087549746 340
1757574264087 0.08250008605401475 341
1757574264175 0.10336672976937075 342
1757574264260 0.0736234667586725 343
1757574264364 0.17337549204389224 344
1757574264451 0.15680729645445743 345
1757574264537 0.10168768625829792 346
1757574264622 0.09035770687004595 347
1757574264706 0.07887215224086484 348
1757574264795 0.06257648616672568 349
1757574264892 0.1296550020201124 350
1757574264974 0.10929807599602719 351
1757574265053 0.1242924482105899 352
1757574265128 0.13501225634438993 353
1757574265210 0.09032436948347936 354
1757574265290 0.11172140336385326 355
1757574265371 0.14407204772421228 356
1757574265459 0.15220402495746752 357
1757574265541 0.12015037137665063 358
1757574265623 0.08606872240467957 359
1757574265705 0.06858592614673617 360
1757574265795 0.11859378296891344 361
1757574265896 0.1512374065033213 362
1757574266034 0.12173334592798557 363
1757574266141 0.08374601497579123 364
1757574266222 0.12319704138792922 365
1757574266301 0.10098112417481792 366
1757574266376 0.11596431683316884 367
1757574266457 0.06192222502855738 368
1757574266534 0.120089280729939 369
1757574266608 0.11432320296467692 370
1757574266681 0.1343148523400126 371
1757574266754 0.06999411894390617 372
1757574266829 0.08532669669839467 373
1757574266905 0.14365128613294603 374
1757574266990 0.1508562622170839 375
1757574267064 0.11227360640705589 376
1757574267133 0.130911213479646 377
1757574267204 0.07905675119943159 378
1757574267276 0.13068258315117637 379
1757574267345 0.15928299335800494 380
1757574267414 0.09300555659810432 381
1757574267483 0.0998409095574887 382
1757574267557 0.12655737990687596 383
1757574267626 0.10028055655392425 384
1757574267695 0.10891903016307321 385
1757574267763 0.07853090815885194 386
1757574267835 0.09268092704882396 387
1757574267902 0.11563638388198635 388
1757574267977 0.10314418366758032 389
1757574268052 0.11145018136281606 390
1757574268123 0.10421822510600602 391
1757574268228 0.10982326938271672 392
1757574268316 0.09463429865203783 393
1757574268389 0.14394161036047753 394
1757574268461 0.06154625814697591 395
1757574268536 0.10554947744432736 396
1757574268608 0.21528356589281472 397
1757574268677 0.07724572407893662 398
1757574268746 0.12119990471802614 399
1757574268815 0.07237492100257881 400
1757574268889 0.0953412189041538 401
1757574268964 0.1020089665711152 402
1757574269042 0.11234627489975968 403
1757574269124 0.13179989281927876 404
1757574269198 0.10170973329700461 405
1757574269271 0.12378516285913214 406
1757574269340 0.10580571547161158 407
1757574269409 0.12812002351537902 408
1757574269480 0.09891669561125194 409
1757574269555 0.1111936783427568 410
1757574269625 0.10903195374628065 411
1757574269695 0.08984552557728674 412
1757574269765 0.10654565131842783 413
1757574269833 0.15038363781945183 414
1757574269908 0.09855456865169597 415
1757574269980 0.09134912811804481 416
1757574270050 0.14563284138729551 417
1757574270131 0.0974657798045687 418
1757574270203 0.11580498746333424 419
1757574270271 0.09057552671769659 420
1757574270340 0.17625733884388936 421
1757574270413 0.14737650960308088 422
1757574270482 0.10840799154460862 423
1757574270552 0.10273198933733536 424
1757574270629 0.14045672178789892 425
1757574270698 0.11335160711827508 426
1757574270767 0.08618081549233154 427
1757574270837 0.12581114062504178 428
1757574270911 0.08461318720471904 429
1757574270992 0.1806893491546481 430
1757574271060 0.10534364797647501 431
1757574271139 0.062533953230158 432
1757574271208 0.11149311121837199 433
1757574271279 0.10063929781515668 434
1757574271348 0.09539814716069082 435
1757574271417 0.10433698998945479 436
1757574271486 0.11218233021026638 437
1757574271555 0.12626539435216358 438
1757574271633 0.0898586002217357 439
1757574271704 0.12623415377924313 440
1757574271771 0.0943302795532399 441
1757574271840 0.09667964002691208 442
1757574271915 0.0999004760506451 443
1757574271996 0.11700837653301911 444
1757574272066 0.1431119143001203 445
1757574272143 0.10717329712627989 446
1757574272213 0.10003305355774687 447
1757574272282 0.11169987229033028 448
1757574272354 0.0839939103361375 449
1757574272424 0.1034483863262603 450
1757574272493 0.08439426024906939 451
1757574272563 0.09492686450652635 452
1757574272633 0.1176257616400618 453
1757574272707 0.11285644368081643 454
1757574272779 0.1489642614177405 455
1757574272849 0.20679829553573326 456
1757574272917 0.06779541541591284 457
1757574272992 0.09433220263515907 458
1757574273070 0.12729525840957545 459
1757574273142 0.15217868038285276 460
1757574273219 0.09894028485442796 461
1757574273290 0.06770827696165169 462
1757574273360 0.08357265111565595 463
1757574273430 0.14127004544087757 464
1757574273498 0.09498928558096445 465
1757574273567 0.107969958344661 466
1757574273640 0.10492944604057602 467
1757574273715 0.11652158473906525 468
1757574273785 0.07168130542408699 469
1757574273855 0.1452198222504319 470
1757574273924 0.131030245703268 471
1757574273997 0.08286733386522709 472
1757574274076 0.13173834705321594 473
1757574274148 0.07222782882685896 474
1757574274224 0.08597146451993146 475
1757574274294 0.1264256757320697 476
1757574274363 0.0994724970182512 477
1757574274434 0.09311894907305651 478
1757574274503 0.12371981499502091 479
1757574274579 0.08064278516304901 480
1757574274652 0.07904484240604102 481
1757574274728 0.08908392022923084 482
1757574274807 0.0837033233350123 483
1757574274892 0.1718907157828331 484
1757574274965 0.14332587750760753 485
1757574275048 0.08511056040457028 486
1757574275154 0.15375583958699482 487
1757574275230 0.09421411685659696 488
1757574275300 0.08234013608573293 489
1757574275373 0.10207006555990504 490
1757574275442 0.18710324630875555 491
1757574275512 0.09336083361930354 492
1757574275581 0.13698244133610904 493
1757574275652 0.12884601257720926 494
1757574275722 0.12905916124437308 495
1757574275799 0.06263451106644674 496
1757574275869 0.08287146467466051 497
1757574275939 0.12025935761435368 498
1757574276012 0.09164440747852412 499
