1757323860154 26420.81580864206 0
1757323860187 3.722778410899121e+18 1
1757323860241 7.577922245421627e+32 2
1757323860266 1.5425281446797807e+47 3
1757323860288 3.1399016776225225e+61 4
1757323860311 6.39144418799787e+75 5
1757323860331 1.3010139489215818e+90 6
1757323860392 2.648286123607294e+104 7
1757323860418 5.390733433953126e+118 8
1757323860440 1.0973137191217392e+133 9
1757323860461 2.2336429966817985e+147 10
1757323860482 4.546704328657103e+161 11
1757323860502 9.255069088005326e+175 12
1757323860534 1.8839206957856128e+190 13
1757323860556 3.834825169062334e+204 14
1757323860577 7.805999536058715e+218 15
1757323860597 1.5889545434439705e+233 16
1757323860618 3.2344051898394233e+247 17
1757323860648 6.583811333825644e+261 18
1757323860673 1.3401713494518267e+276 19
1757323860701 2.7279931863538176e+290 20
1757323860726 inf 21
1757323860757 inf 22
