1757433621571 169.3201807998593 0
1757433621617 169.3014063440342 1
1757433621688 169.29137445134387 2
1757433621744 169.28142586733566 3
1757433621830 169.2716269420563 4
1757433621884 169.26197483204655 5
1757433621934 169.25246728365568 6
1757433621990 169.24310207401305 7
1757433622047 169.23387701495608 8
1757433622094 169.22478995244933 9
1757433622135 169.21583876604828 10
1757433622175 169.20702136837122 11
1757433622214 169.19833570457968 12
1757433622263 169.18977975186698 13
1757433622323 169.18135151895478 14
1757433622379 169.17304904559774 15
1757433622431 169.16487040209577 16
1757433622530 169.1568136888145 17
1757433622603 169.14887703571227 18
1757433622655 169.1410586018759 19
1757433622718 169.13335657506278 20
1757433622802 169.12576917125062 21
1757433622889 169.11829463419437 22
1757433622962 169.1109312349897 23
1757433623066 169.103677271644 24
1757433623124 169.09653106865363 25
1757433623193 169.08949097658805 26
1757433623260 169.08255537168031 27
1757433623317 169.07572265542476 28
1757433623391 169.0689912541797 29
1757433623448 169.06235961877778 30
1757433623505 169.0558262241415 31
1757433623575 169.04938956890555 32
1757433623634 169.04304817504428 33
1757433623725 169.03680058750572 34
1757433623810 169.03064537385114 35
1757433623873 169.0245811239003 36
1757433623992 169.01860644938225 37
1757433624124 169.01271998359164 38
1757433624220 169.0069203810505 39
1757433624350 169.00120631717542 40
1757433624414 168.9955764879498 41
1757433624516 168.99002960960146 42
1757433624556 168.98456441828515 43
1757433624605 168.97917966977013 44
1757433624672 168.97387413913282 45
1757433624739 168.96864662045402 46
1757433624811 168.96349592652123 47
1757433624873 168.95842088853527 48
1757433624936 168.953420355822 49
1757433624978 168.94849319554805 50
1757433625027 168.94363829244148 51
1757433625103 168.93885454851664 52
1757433625180 168.9341408828034 53
1757433625236 168.9294962310805 54
1757433625273 168.9249195456134 55
