1757499694172 2.0289322071838503 0
1757499694298 2.539886732598021 1
1757499694418 0.1961831018910324 2
1757499694527 2.2375722319075817 3
1757499694632 2.557191008701418 4
1757499694729 0.387200196892921 5
1757499694829 1.8699710444819888 6
1757499694932 0.33208886910556074 7
1757499695035 0.4097864292940688 8
1757499695183 2.954804354205757 9
1757499695293 3.3680718626345363 10
1757499695396 1.7440408712312105 11
1757499695499 1.661400553331342 12
1757499695611 0.40185068152304654 13
1757499695775 0.330557625398956 14
1757499695922 0.0032969513553002265 15
1757499696074 0.33737042143794327 16
1757499696232 0.971912758231051 17
1757499696448 3.015215713177944 18
1757499696629 0.3688368772821238 19
1757499696770 0.036308962282462165 20
1757499696890 0.4777439956031321 21
1757499697003 0.8995760254659186 22
1757499697111 0.0020167185462112726 23
1757499697228 0.946021560091889 24
1757499697372 0.029731113034152518 25
1757499697490 0.0014804496371734481 26
1757499697599 0.9323857832998097 27
1757499697715 0.025481641986176317 28
1757499697878 0.8508551650637218 29
1757499698016 1.980174443528843 30
1757499698128 0.054252778856112495 31
1757499698244 2.7881074304922513 32
1757499698346 0.9640391508415552 33
1757499698447 1.1960341141713233 34
1757499698546 1.9209636309557656 35
1757499698643 0.039424507484212015 36
1757499698741 2.455187965535465 37
1757499698850 0.1400822846461762 38
1757499698952 0.8602855132297712 39
1757499699047 2.1294293954244528 40
1757499699147 0.16371492431267357 41
1757499699255 1.0242074100681455 42
1757499699353 3.5005094841563325 43
1757499699447 0.5912397362258649 44
1757499699587 0.5344610080978821 45
1757499699713 2.07696317472875 46
1757499699823 0.8708678086606987 47
1757499699929 2.1949530406383686 48
1757499700031 0.07817634124998507 49
1757499700138 2.5092393098649657 50
1757499700241 1.1944372604197468 51
1757499700347 4.337166506341547 52
1757499700453 2.500865782393472 53
1757499700556 1.1108803978043313 54
1757499700654 1.8663493880012114 55
1757499700755 0.32823019289454286 56
1757499700853 1.2968896316171905 57
1757499700951 3.2062688544756375 58
1757499701046 0.0002900481830125007 59
1757499701142 0.8536022278420611 60
1757499701230 1.442148905697406 61
1757499701338 0.20817437945066877 62
1757499701438 1.20416920753718 63
1757499701536 3.8023055224135 64
1757499701630 0.11007634343728463 65
1757499701730 0.15524205516904668 66
1757499701828 0.5745385392641611 67
1757499701919 0.11466643948124595 68
1757499702016 2.9804559506078485 69
1757499702111 0.8938810480430606 70
1757499702206 2.7356171584860984 71
1757499702311 3.0914044130411895 72
1757499702422 0.062395978014635874 73
1757499702523 0.11770474935914192 74
1757499702619 1.186473331068812 75
1757499702713 0.028528910930086884 76
1757499702803 0.640738325204991 77
1757499702891 2.5137758604539044 78
1757499702982 0.051966065142160095 79
1757499703076 3.278562188807005 80
1757499703169 2.78445590451682 81
1757499703256 0.08093436098088597 82
1757499703350 2.229591598467883 83
1757499703447 0.07244366380434349 84
1757499703541 1.1941007562546804 85
1757499703631 1.4542266171783467 86
1757499703724 1.4266939168525448 87
1757499703817 0.13146652628136327 88
1757499703908 0.9414891306259885 89
1757499704000 0.19219602325516727 90
1757499704090 0.5750408862789838 91
1757499704183 0.5900446092963465 92
1757499704274 0.1256834760678168 93
1757499704367 0.9495672127487451 94
1757499704459 1.3106822461165377 95
1757499704553 0.6349137771379878 96
1757499704648 0.06486723943625007 97
1757499704741 1.4681400605195414 98
1757499704855 0.07927324637036633 99
1757499705047 2.7817562721282343 100
1757499705190 0.00262099972876427 101
1757499705329 1.4098585374888406 102
1757499705516 0.4050644296072399 103
1757499705620 0.7992649533162247 104
1757499705723 0.40502929773096685 105
1757499705827 0.20987827215523078 106
1757499705935 1.508587741323942 107
1757499706038 0.6877981754210555 108
1757499706139 0.4864331490820493 109
1757499706239 2.2304854873961477 110
1757499706347 4.13344538287321 111
1757499706442 4.543067753492406 112
1757499706542 1.3115907615754252 113
1757499706675 1.683116335082263 114
1757499706790 1.5706612976895973 115
1757499706892 0.8595739348374714 116
1757499706996 0.044372361284862744 117
1757499707107 0.7117143190355649 118
1757499707247 0.07719389051341789 119
1757499707381 2.3521364629353028 120
1757499707492 1.8318802052026462 121
1757499707596 0.001677655927411399 122
1757499707702 1.4454526112695318 123
1757499707794 0.01108298763301941 124
1757499707894 0.00022580535176315787 125
1757499708008 0.020902158541457265 126
1757499708113 1.9901743865640498 127
1757499708220 0.5153782915755565 128
1757499708335 0.4328105234432019 129
1757499708437 0.2643103709710025 130
1757499708533 2.0159538861222033 131
1757499708632 0.06283816029205296 132
1757499708734 0.0840533786791084 133
1757499708836 0.6644243294692532 134
1757499708937 0.2298781341691428 135
1757499709032 1.532233726696479 136
1757499709144 0.0010775354268565559 137
1757499709246 0.5924669149513208 138
1757499709351 1.5898341654479484 139
1757499709454 0.09266608183873147 140
1757499709554 0.6024382818270321 141
1757499709667 0.18523939761854336 142
1757499709794 4.040929989146834 143
1757499709923 1.1098732550128443 144
1757499710030 1.873695244856167 145
1757499710142 0.20165961952102598 146
1757499710251 0.022725347026005854 147
1757499710363 0.2513696983761073 148
1757499710467 0.6083494038533326 149
1757499710627 0.315754576646831 150
1757499710738 1.873347148938062 151
1757499710847 0.7476487025141375 152
1757499710953 1.1709949183065216 153
1757499711056 0.6461242395060665 154
1757499711158 0.0870352189478392 155
1757499711259 2.867124211490338 156
1757499711358 4.1273154435376505 157
1757499711470 3.664622541315388 158
1757499711565 0.8448713812391923 159
1757499711665 0.2544536822078769 160
1757499711764 1.6449672170111151 161
1757499711864 2.088190007570819 162
1757499711963 3.970094615486153 163
1757499712062 0.05268893149005093 164
1757499712163 0.2000849064957622 165
1757499712262 3.8220760687508473 166
1757499712357 2.0318771208770294 167
1757499712457 0.29027951950241254 168
1757499712554 2.9250038236949987 169
1757499712654 0.016890160541350438 170
1757499712753 0.03130885640248774 171
1757499712855 0.07445526974606148 172
1757499712954 0.013355672143154806 173
1757499713045 0.027559227039252867 174
1757499713136 1.899348878953882 175
1757499713233 2.682671362509517 176
1757499713323 0.059688874902187015 177
1757499713418 2.713789672257569 178
1757499713527 1.5121261883480646 179
1757499713628 1.653952647390238 180
1757499713726 2.1055816948731927 181
1757499713824 0.9949056934452443 182
1757499713938 1.8081368224599648 183
1757499714093 2.2235311436418512 184
1757499714241 0.10995455868559957 185
1757499714368 0.7042190645666966 186
1757499714553 0.5456564433938742 187
1757499714731 0.10986935971423735 188
1757499714843 0.5174063459497447 189
1757499714951 0.40861186374809577 190
1757499715055 2.805352090997751 191
1757499715157 1.5715978661657841 192
1757499715259 1.875192332207843 193
1757499715362 1.323401837168903 194
1757499715465 0.25090553302798796 195
1757499715561 1.3150662203771093 196
1757499715668 0.44196655605327867 197
1757499715782 0.1286434127267599 198
1757499715902 0.31054560829197964 199
1757499716012 2.489292971832847 200
1757499716122 0.04112044068837782 201
1757499716232 1.0288548335504764 202
1757499716346 0.15792597116851537 203
1757499716477 0.8312663997416327 204
1757499716597 0.27174061750249073 205
1757499716698 0.0437567894652395 206
1757499716805 0.01555044964859949 207
1757499716906 0.7535227840819348 208
1757499717012 0.008132003914570984 209
1757499717114 0.06235906039821986 210
1757499717216 1.4877680974377867 211
1757499717317 0.22714894171678085 212
1757499717418 1.5980103862676147 213
1757499717520 0.3674399188121786 214
1757499717618 1.7272368588634706 215
1757499717716 2.626464704311606 216
1757499717808 1.4910327910974952 217
1757499717905 0.11208239647764343 218
1757499718010 2.3219833732852946 219
1757499718108 1.1268036725945627 220
1757499718205 0.35319101963655936 221
1757499718305 0.09971485938472574 222
1757499718406 0.4899509170254859 223
1757499718505 2.753509137172591 224
1757499718617 1.472142458696095 225
1757499718715 3.028847576940253 226
1757499718818 0.17441361244853942 227
1757499718917 1.6725502232060432 228
1757499719016 3.684868519122614 229
1757499719112 0.25090597346474897 230
1757499719210 0.13863242781033058 231
1757499719306 0.19933225234215696 232
1757499719405 1.68223314058105 233
1757499719504 9.72805673914576 234
1757499719603 0.90048066916682 235
1757499719700 0.026582213393932862 236
1757499719797 2.7900177904227643 237
1757499719889 4.114628055458174 238
1757499719984 1.4559398402347066 239
1757499720078 0.8506085585038039 240
1757499720172 0.1502849454435092 241
1757499720267 0.8205938470309514 242
1757499720361 0.13805536716920228 243
1757499720456 2.2180107445163757 244
1757499720556 2.2381724227345052 245
1757499720650 1.200678608971633 246
1757499720744 1.1003842853519683 247
1757499720840 1.2287764009237205 248
1757499720929 0.0284034930159386 249
1757499721025 2.6790912538746583 250
1757499721118 2.238149470081897 251
1757499721213 2.310995092112627 252
1757499721308 0.34092886568043357 253
1757499721404 0.07179015002968243 254
1757499721496 0.09385661259238211 255
1757499721597 0.4016530782731993 256
1757499721697 0.16785639568494232 257
1757499721795 2.612853693298444 258
1757499721904 0.12966863461056075 259
1757499722112 0.41922913431659337 260
1757499722241 1.4859805423488939 261
1757499722352 0.001444168120524223 262
1757499722456 0.5046148806573711 263
1757499722557 4.706291714278095 264
1757499722661 0.057552181027492266 265
1757499722769 4.187250564726427 266
1757499722961 0.3488382809869833 267
1757499723121 1.2452452581269593 268
1757499723260 4.47144143686484 269
1757499723414 0.0015433727802008157 270
1757499723590 2.9648628313107737 271
1757499723767 0.4370726776635047 272
1757499723891 4.5297771981913995 273
1757499724002 1.6179906628492293 274
1757499724117 0.3231557553025347 275
1757499724229 0.9955398593111345 276
1757499724333 2.179772725278651 277
1757499724441 2.372747881665404 278
1757499724540 1.9622643212373452 279
1757499724653 0.07516378855439887 280
1757499724758 0.4163839038127536 281
1757499724888 0.0013546701446688987 282
1757499724996 0.17490881278737133 283
1757499725103 1.3331224812730846 284
1757499725237 2.609634028718691 285
1757499725346 0.7059390195822576 286
1757499725541 0.28358554282307885 287
1757499725694 0.6623345018066081 288
1757499725873 1.5235025257569843 289
1757499726051 0.020419810312247762 290
1757499726215 1.2006178745236313 291
1757499726354 2.136073512307649 292
1757499726477 1.3449126548414794 293
1757499726639 0.061549466809251795 294
1757499726766 2.964632031312207 295
1757499726878 2.3721446549573977 296
1757499727001 1.3068278839107879 297
1757499727120 2.1224678682650024 298
1757499727240 2.4819120943229183 299
1757499727354 0.004474358175897862 300
1757499727486 0.1804720271071163 301
1757499727601 0.6256054964780559 302
1757499727728 0.039039322357099164 303
1757499728005 0.035270633289313104 304
1757499728157 2.4947693458162497 305
1757499728305 0.32885463073769483 306
1757499728578 0.69411875464919 307
1757499728886 0.15218596702431905 308
1757499729053 2.1088205638270536 309
1757499729262 1.276864755095502 310
1757499729408 2.182106156165132 311
1757499729541 0.7621745702638358 312
1757499729670 1.3301818858800798 313
1757499729797 1.6606241594017495 314
1757499729919 2.91438910481622 315
1757499730037 0.1252762087044795 316
1757499730203 0.3841715677642791 317
1757499730324 0.5145426124987534 318
1757499730446 0.000301002788455211 319
1757499730566 0.3175378507898388 320
1757499730688 1.0569570019171421 321
1757499730813 2.6632018961838453 322
1757499731066 0.7707425291944395 323
1757499731211 1.473510589810697 324
1757499731371 0.15976221217139056 325
1757499731497 0.5844902264195811 326
1757499731615 2.265777623499137 327
1757499731738 0.39916496182958233 328
1757499731853 2.0159178165494738 329
1757499731967 0.38414760237574286 330
1757499732082 0.9272964323094354 331
1757499732200 0.0030639877976208828 332
1757499732311 1.181241362215785 333
1757499732419 0.21524426599067248 334
1757499732528 0.8436409094965647 335
1757499732635 0.15465822204616736 336
1757499732743 0.33809622039326676 337
1757499732852 0.2003355379901853 338
1757499732960 1.3659142984868806 339
1757499733068 0.09791324381524706 340
1757499733172 2.29178281366158 341
1757499733280 0.011227131012915077 342
1757499733394 0.13388709084010367 343
1757499733502 0.8036692687989486 344
1757499733604 2.074082624636695 345
1757499733713 0.019029153403987552 346
1757499733829 3.4413875517937007 347
1757499733936 1.6402416974615477 348
1757499734044 0.11821807989351346 349
1757499734157 1.7252986802810557 350
1757499734275 0.007106852120677198 351
1757499734377 0.23308232257596076 352
1757499734531 0.24991174159267265 353
1757499734772 0.0003733763850555715 354
1757499734952 2.19472056771285 355
1757499735135 1.2208319086092112 356
1757499735360 0.02748232065783117 357
1757499735585 2.5819463297245506 358
1757499735727 0.03747823750273199 359
1757499735867 0.9218986214557481 360
1757499735991 0.7969693314976731 361
1757499736111 0.11546033834016149 362
1757499736240 0.059037082074463884 363
1757499736362 1.5343149123482085 364
1757499736478 1.75358874965388 365
1757499736593 0.4375107716921144 366
1757499736707 2.3325824509036375 367
1757499736822 3.142259985693043 368
1757499736935 1.6924228734050295 369
1757499737051 2.6047362330217227 370
1757499737196 2.9392608476085 371
1757499737322 2.2721296947662903 372
1757499737439 0.6510559185583773 373
1757499737550 0.5947166719522875 374
1757499737679 0.6889752965549625 375
1757499737814 2.6722439402763793 376
1757499737940 0.6463558621632286 377
1757499738052 0.5504746519020604 378
1757499738165 1.6559450998721603 379
1757499738283 1.4530475388679769 380
1757499738396 1.8379116878545074 381
1757499738508 1.5001327389601447 382
1757499738618 1.6660545385072594 383
1757499738728 1.4342022603369473 384
1757499738839 1.9611652511953073 385
1757499738944 1.5293027575160887 386
1757499739054 1.3353867864499185 387
1757499739169 0.4969077044340652 388
1757499739286 0.8165416028933016 389
1757499739408 0.013409346806089496 390
1757499739519 0.023200630306829183 391
1757499739646 0.3423017270767339 392
1757499739757 0.1867324365269914 393
1757499739873 0.02808699804175988 394
1757499739990 4.0184541360136565 395
1757499740099 1.1240899347861844 396
1757499740218 3.9951683949599435 397
1757499740336 0.00606882387076104 398
1757499740448 0.11700320001704058 399
1757499740560 0.07046912819519066 400
1757499740664 0.9791842691490973 401
1757499740774 1.4377629319138148 402
1757499740885 0.16284610623239532 403
1757499740990 1.4437744144265308 404
1757499741096 0.9648644108859833 405
1757499741198 1.859960182883878 406
1757499741307 0.3880378464244421 407
1757499741416 0.40175367861539985 408
1757499741525 2.116897274689464 409
1757499741633 4.021223104833583 410
1757499741740 0.061553199728061156 411
1757499741848 0.35569443991629524 412
1757499741965 0.3287086562497132 413
1757499742069 0.10194394303259524 414
1757499742184 1.9960602152298932 415
1757499742303 0.034064784497717694 416
1757499742415 0.6589086523190032 417
1757499742529 0.8598710710577081 418
1757499742644 1.0729162280295494 419
1757499742754 0.1088235555949174 420
1757499742859 0.2526570893686418 421
1757499742974 0.004594336014997319 422
1757499743088 0.9829105791175313 423
1757499743195 0.019485141370445054 424
1757499743307 0.192176108081629 425
1757499743435 0.1444928942874397 426
1757499743550 0.029384488782201137 427
1757499743666 0.9872410144636925 428
1757499743777 1.5130014617859608 429
1757499743888 0.0759534127221515 430
1757499744006 0.18644433013644537 431
1757499744121 0.5391502662016581 432
1757499744263 0.14917886589798415 433
1757499744388 0.3414998519730344 434
1757499744581 3.448148848775912 435
1757499744826 0.007199049678557398 436
1757499745025 1.5999505098635312 437
1757499745205 2.29716959554667 438
1757499745388 0.11077353674044395 439
1757499745643 36.02984689623881 440
1757499745786 0.21463861943491305 441
1757499745916 0.09873352787037427 442
1757499746043 0.06581534966211762 443
1757499746167 2.7483124824737466 444
1757499746291 3.273359021494939 445
1757499746405 1.5679462490853522 446
1757499746522 0.004557218622066598 447
1757499746638 0.055928059450404286 448
1757499746747 0.49253809344846644 449
1757499746855 2.3064621265742606 450
1757499746967 0.2807426306834037 451
1757499747082 2.448738286091264 452
1757499747193 4.0756548896666 453
1757499747331 0.407117288205855 454
1757499747470 1.4560486654777838 455
1757499747599 0.04133719210417153 456
1757499747723 0.012584210197342294 457
1757499747866 1.7475451412376268 458
1757499747985 2.0689561485492938 459
1757499748139 0.30344396630295883 460
1757499748279 1.514274215098817 461
1757499748408 1.6796558487086584 462
1757499748533 0.6147487617586121 463
1757499748654 0.02292283875737067 464
1757499748776 0.9145281304631236 465
1757499748905 0.0739603225390198 466
1757499749031 0.021536723147600658 467
1757499749143 1.4886395019883716 468
1757499749256 0.009202142314730434 469
1757499749370 0.29697553047901404 470
1757499749481 1.5278190382215786 471
1757499749599 2.741555973724501 472
1757499749711 0.20195877554424793 473
1757499749826 5.456406924269218 474
1757499749931 0.04625274353302023 475
1757499750052 0.020544871523005135 476
1757499750172 0.3850086272003797 477
1757499750283 4.939105477717725 478
1757499750398 0.22041723011198497 479
1757499750508 0.012962031872847777 480
1757499750620 0.057624211220696844 481
1757499750732 0.9473982944964655 482
1757499750844 0.9923277722664468 483
1757499750956 1.470113527645179 484
1757499751066 0.27645643859000374 485
1757499751170 0.055858166030786846 486
1757499751278 1.0979616810399628 487
1757499751383 0.36650056486420085 488
1757499751482 0.07818471205336401 489
1757499751588 0.6828625415590326 490
1757499751696 0.00044749502149337165 491
1757499751795 2.6895124430695265 492
1757499751894 1.6928256240531583 493
1757499752026 0.312714919024759 494
1757499752189 0.9515512150611244 495
1757499752330 1.0304864654641934 496
1757499752497 0.0009428785744070952 497
1757499752634 1.8200303003457572 498
1757499752755 0.01129133245581092 499
