1757432623117 177.9472171366853 0
1757432623148 160.3455527669362 1
1757432623175 153.4967599909716 2
1757432623214 146.77721115470047 3
1757432623242 140.59416899437383 4
1757432623271 134.88060085427028 5
1757432623305 129.59664426617908 6
1757432623344 124.70500342202818 7
1757432623374 120.17180489846552 8
1757432623401 115.96622964122777 9
1757432623428 112.06023582451603 10
1757432623455 108.42830441391071 11
1757432623482 105.04720831668142 12
1757432623511 101.8958027909365 13
1757432623539 98.95483515691295 14
1757432623567 96.20677202693165 15
1757432623595 93.63564243593412 16
1757432623621 91.22689540418662 17
1757432623650 88.967270599569 18
1757432623677 86.84468089012196 19
1757432623704 84.84810568937121 20
1757432623731 82.96749409843922 21
1757432623758 81.19367694105179 22
1757432623786 79.51828687111896 23
1757432623815 77.93368580840716 24
1757432623843 76.43289902663722 25
1757432623871 75.0095552807929 26
1757432623898 73.65783241709451 27
1757432623925 72.37240796051874 28
1757432623952 71.14841422141394 29
1757432623980 69.98139750511058 30
1757432624008 68.86728104685834 31
1757432624035 67.80233132929942 32
1757432624063 66.7831274713375 33
1757432624091 65.8065334059864 34
1757432624118 64.86967259084885 35
1757432624145 63.96990501853303 36
1757432624172 63.10480631578354 37
1757432624200 62.272148739587685 38
1757432624236 61.469883896201296 39
1757432624264 60.69612702508679 40
1757432624292 59.94914270432142 41
1757432624321 59.227331847253105 42
1757432624350 58.52921987217917 43
1757432624378 57.85344593771246 44
1757432624408 57.19875314638307 45
1757432624436 56.563979627994804 46
1757432624465 55.94805042239708 47
1757432624493 55.349970088724426 48
1757432624523 54.76881597486327 49
1757432624552 54.20373208699516 50
1757432624580 53.65392350459278 51
1757432624607 53.118651291262246 52
1757432624635 52.59722785637979 53
1757432624662 52.08901272660518 54
1757432624690 51.59340869010781 55
1757432624717 51.10985827974813 56
1757432624745 50.63784056455096 57
1757432624773 50.176868221614995 58
1757432624802 49.726484863152855 59
1757432624831 49.28626259567047 60
1757432624860 48.85579979039678 61
1757432624888 48.43471904598255 62
1757432624917 48.02266532622067 63
1757432624945 47.619304257112844 64
1757432624974 47.2243205690371 65
1757432625002 46.837416671067764 66
1757432625030 46.45831134567781 67
1757432625060 46.08673855312381 68
1757432625088 45.722446335785584 69
1757432625116 45.36519581361516 70
1757432625144 45.014760262652025 71
1757432625172 44.67092426928937 72
1757432625200 44.33348295363818 73
1757432625236 44.00224125593665 74
1757432625264 43.67701328049893 75
1757432625292 43.3576216921928 76
1757432625321 43.0438971608874 77
1757432625351 42.73567784972088 78
1757432625379 42.43280894341108 79
1757432625407 42.13514221316977 80
1757432625436 41.84253561508922 81
1757432625464 41.554852919148765 82
1757432625522 41.27196336624369 83
1757432625566 40.9937413508691 84
1757432625605 40.72006612730214 85
1757432625643 40.45082153731643 86
1757432625682 40.18589575763626 87
1757432625722 39.92518106549646 88
1757432625756 39.66857362081705 89
1757432625793 39.41597326363265 90
1757432625829 39.167283325535685 91
1757432625861 38.922410454000406 92
1757432625894 38.68126444855326 93
1757432625929 38.443758107845014 94
1757432625965 38.209807086761195 95
1757432626000 37.97932976278204 96
1757432626030 37.75224711087071 97
1757432626062 37.52848258623008 98
1757432626091 37.30796201432452 99
1757432626120 37.09061348761432 100
1757432626149 36.87636726849695 101
1757432626179 36.66515569799177 102
1757432626209 36.45691310974368 103
1757432626247 36.251575748956306 104
1757432626277 36.04908169589768 105
1757432626307 35.849370793650635 106
1757432626339 35.652384579807254 107
1757432626367 35.45806622183052 108
1757432626397 35.26636045582955 109
1757432626426 35.077213528514314 110
1757432626456 34.8905731421153 111
1757432626485 34.70638840206956 112
1757432626514 34.52460976729124 113
1757432626544 34.34518900285818 114
1757432626614 34.16807913495944 115
1757432626648 33.99323440796069 116
1757432626713 33.820610243455 117
1757432626745 33.65016320117688 118
1757432626775 33.481850941666444 119
1757432626805 33.315632190578825 120
1757432626836 33.151466704542 121
1757432626865 32.98931523847297 122
1757432626894 32.82913951426882 123
1757432626924 32.6709021907952 124
1757432626953 32.51456683510013 125
1757432626984 32.360097894786136 126
1757432627014 32.20746067147836 127
1757432627044 32.05662129533054 128
1757432627076 31.90754670051457 129
1757432627105 31.76020460164317 130
1757432627136 31.614563471078345 131
1757432627165 31.47059251708146 132
1757432627194 31.328261662763673 133
1757432627224 31.18754152579789 134
1757432627262 31.04840339885603 135
1757432627292 30.910819230737534 136
1757432627322 30.774761608157167 137
1757432627354 30.640203738161986 138
1757432627385 30.50711943114932 139
1757432627416 30.37548308445899 140
1757432627445 30.245269666514922 141
1757432627475 30.116454701492227 142
1757432627505 29.98901425448761 143
1757432627535 29.862924917172005 144
1757432627565 29.738163793905365 145
1757432627606 29.61470848829486 146
1757432627648 29.492537090178594 147
1757432627688 29.37162816301788 148
1757432627733 29.25196073168193 149
1757432627773 29.133514270609886 150
1757432627813 29.01626869233559 151
1757432627856 28.900204336361284 152
1757432627896 28.785301958367263 153
1757432627934 28.671542719744874 154
1757432627971 28.558908177441133 155
1757432628012 28.447380274103473 156
1757432628050 28.33694132851393 157
1757432628091 28.22757402630239 158
1757432628129 28.119261410929138 159
1757432628169 28.01198687492718 160
1757432628209 27.90573415139542 161
1757432628248 27.80048730573405 162
1757432628296 27.69623072761392 163
1757432628337 27.592949123171994 164
1757432628376 27.490627507425323 165
1757432628423 27.389251196896254 166
1757432628462 27.288805802442017 167
1757432628500 27.189277222281863 168
1757432628539 27.09065163521543 169
1757432628578 26.99291549402626 170
1757432628617 26.896055519064316 171
1757432628658 26.80005869200208 172
1757432628699 26.704912249758554 173
1757432628739 26.610603678586045 174
1757432628779 26.517120708314526 175
1757432628818 26.42445130674887 176
1757432628859 26.332583674214078 177
1757432628898 26.241506238244128 178
1757432628937 26.15120764840997 179
1757432628977 26.061676771282517 180
1757432629019 25.972902685526613 181
1757432629062 25.884874677121953 182
1757432629101 25.79758223470726 183
1757432629141 25.71101504504417 184
1757432629181 25.625162988596998 185
1757432629221 25.540016135225365 186
1757432629260 25.455564739986187 187
1757432629316 25.371799239041835 188
1757432629359 25.28871024567153 189
1757432629402 25.206288546382943 190
1757432629444 25.124525097121087 191
1757432629485 25.04341101957183 192
1757432629527 24.962937597557325 193
1757432629567 24.88309627352067 194
1757432629609 24.803878645097424 195
1757432629652 24.72527646177147 196
1757432629694 24.64728162161292 197
1757432629735 24.56988616809572 198
1757432629777 24.49308228699285 199
1757432629822 24.41686230334687 200
1757432629864 24.34121867851391 201
1757432629906 24.266144007278857 202
1757432629946 24.19163101504006 203
1757432629987 24.117672555061485 204
1757432630027 24.044261605790634 205
1757432630069 23.971391268240296 206
1757432630110 23.899054763432577 207
1757432630150 23.827245429903474 208
1757432630190 23.755956721266376 209
1757432630232 23.68518220383296 210
1757432630275 23.614915554289922 211
1757432630320 23.54515055743012 212
1757432630363 23.475881103936654 213
1757432630406 23.407101188218565 214
1757432630446 23.33880490629671 215
1757432630486 23.270986453738587 216
1757432630528 23.203640123640827 217
1757432630569 23.1367603046581 218
1757432630610 23.07034147907724 219
1757432630651 23.00437822093546 220
1757432630691 22.938865194181478 221
1757432630733 22.873797150878527 222
1757432630774 22.809168929448123 223
1757432630817 22.744975452953586 224
1757432630960 22.6812117274223 225
1757432631127 22.617872840205727 226
1757432631223 22.554953958376302 227
1757432631341 22.492450327160117 228
1757432631423 22.430357268404684 229
1757432631508 22.36867017908082 230
1757432631576 22.307384529817753 231
1757432631629 22.246495863470752 232
1757432631688 22.185999793720367 233
1757432631757 22.12589200370255 234
1757432631834 22.066168244668905 235
1757432631892 22.006824334676292 236
1757432631958 21.947856157305118 237
1757432632024 21.889259660405564 238
1757432632076 21.831030854871113 239
1757432632156 21.773165813438702 240
1757432632218 21.715660669514833 241
1757432632288 21.658511616027045 242
1757432632348 21.601714904300138 243
1757432632400 21.545266842956554 244
1757432632455 21.489163796840295 245
1757432632498 21.433402185963892 246
1757432632551 21.377978484477815 247
1757432632631 21.322889219661842 248
1757432632692 21.268130970937765 249
1757432632755 21.213700368903126 250
1757432632837 21.159594094385234 251
1757432632888 21.105808877515237 252
1757432632948 21.05234149682157 253
1757432633005 20.999188778342447 254
1757432633060 20.946347594756993 255
1757432633121 20.893814864534388 256
1757432633182 20.84158755110079 257
1757432633223 20.789662662023634 258
1757432633273 20.73803724821273 259
1757432633377 20.686708403137928 260
1757432633438 20.635673262062948 261
1757432633485 20.584929001294935 262
1757432633528 20.53447283744945 263
1757432633573 20.484302026730532 264
1757432633619 20.43441386422544 265
1757432633670 20.384805683213827 266
1757432633747 20.3354748544909 267
1757432633788 20.286418785704413 268
1757432633841 20.237634920705005 269
1757432633899 20.18912073890971 270
1757432633959 20.140873754678307 271
1757432634014 20.092891516702185 272
1757432634095 20.045171607405496 273
1757432634151 19.9977116423583 274
1757432634219 19.950509269701453 275
1757432634280 19.90356216958289 276
1757432634349 19.856868053605236 277
1757432634401 19.810424664284284 278
1757432634459 19.76422977451825 279
1757432634520 19.718281187067486 280
1757432634588 19.67257673404449 281
1757432634647 19.627114276413906 282
1757432634717 19.581891703502375 283
1757432634768 19.536906932517955 284
1757432634823 19.49215790807897 285
1757432634911 19.447642601752015 286
1757432635072 19.403359011598983 287
1757432635164 19.35930516173284 288
1757432635256 19.315479101882087 289
1757432635350 19.27187890696354 290
1757432635400 19.228502676663428 291
1757432635460 19.18534853502654 292
1757432635568 19.142414630053256 293
1757432635664 19.099699133304284 294
1757432635765 19.057200239512987 295
1757432635824 19.014916166205076 296
1757432635952 18.972845153325625 297
1757432636056 18.93098546287304 298
1757432636123 18.889335378540093 299
1757432636173 18.847893205361707 300
1757432636217 18.806657269369325 301
1757432636328 18.765625917251914 302
1757432636392 18.72479751602327 303
1757432636441 18.68417045269554 304
1757432636480 18.643743133958928 305
1757432636518 18.603513985867345 306
1757432636565 18.56348145352991 307
1757432636686 18.5236440008082 308
1757432636808 18.484000110019164 309
1757432636940 18.44454828164345 310
1757432636978 18.405287034039212 311
1757432637011 18.366214903161154 312
1757432637045 18.327330442284737 313
1757432637079 18.288632221735504 314
1757432637113 18.2501188286233 315
1757432637147 18.211788866581387 316
1757432637183 18.173640955510344 317
1757432637219 18.1356737313266 318
1757432637253 18.097885845715545 319
1757432637287 18.060275965889115 320
1757432637321 18.02284277434779 321
1757432637354 17.98558496864688 322
1757432637388 17.948501261166992 323
1757432637431 17.911590378888665 324
1757432637473 17.87485106317108 325
1757432637510 17.838282069534642 326
1757432637545 17.801882167447523 327
1757432637578 17.765650140115998 328
1757432637611 17.7295847842785 329
1757432637645 17.69368491000334 330
1757432637682 17.657949340490035 331
1757432637722 17.62237691187411 332
1757432637756 17.58696647303538 333
1757432637792 17.55171688540958 334
1757432637827 17.516627022803362 335
1757432637861 17.481695771212472 336
1757432637894 17.44692202864314 337
1757432637930 17.412304704936595 338
1757432637967 17.377842721596647 339
1757432638011 17.343535011620244 340
1757432638047 17.30938051933099 341
1757432638081 17.275378200215542 342
1757432638116 17.241527020762828 343
1757432638149 17.207825958306056 344
1757432638184 17.17427400086744 345
1757432638219 17.140870147005575 346
1757432638254 17.107613405665447 347
1757432638290 17.074502796031016 348
1757432638326 17.041537347380284 349
1757432638361 17.008716098942877 350
1757432638395 16.976038099760018 351
1757432638441 16.943502408546852 352
1757432638477 16.911108093557196 353
1757432638511 16.878854232450458 354
1757432638549 16.846739912160874 355
1757432638587 16.81476422876893 356
1757432638622 16.782926287374913 357
1757432638656 16.751225201974624 358
1757432638691 16.71966009533715 359
1757432638725 16.688230098884667 360
1757432638759 16.656934352574265 361
1757432638793 16.625772004781684 362
1757432638827 16.59474221218708 363
1757432638861 16.563844139662528 364
1757432638896 16.533076960161573 365
1757432638931 16.50243985461041 366
1757432638966 16.471932011800988 367
1757432639000 16.441552628285798 368
1757432639035 16.411300908274413 369
1757432639069 16.381176063531697 370
1757432639103 16.351177313277706 371
1757432639141 16.321303884089176 372
1757432639179 16.29155500980261 373
1757432639230 16.261929931418994 374
1757432639273 16.232427897009973 375
1757432639313 16.2030481616256 376
1757432639353 16.173789987203516 377
1757432639441 16.14465264247965 378
1757432639490 16.115635402900292 379
1757432639536 16.08673755053559 380
1757432639581 16.057958373994456 381
1757432639627 16.029297168340765 382
1757432639673 16.000753235010954 383
1757432639719 15.972325881732866 384
1757432639765 15.944014422445902 385
1757432639809 15.915818177222443 386
1757432639855 15.887736472190499 387
1757432639900 15.859768639457565 388
1757432639948 15.831914017035658 389
1757432639994 15.804171948767566 390
1757432640042 15.776541784254226 391
1757432640090 15.749022878783201 392
1757432640136 15.721614593258321 393
1757432640182 15.694316294130385 394
1757432640232 15.667127353328924 395
1757432640305 15.640047148195054 396
1757432640355 15.613075061415298 397
1757432640403 15.586210480956519 398
1757432640453 15.559452800001734 399
1757432640502 15.532801416887013 400
1757432640550 15.506255735039277 401
1757432640595 15.479815162915058 402
1757432640641 15.453479113940208 403
1757432640686 15.427247006450484 404
1757432640731 15.40111826363306 405
1757432640777 15.375092313468912 406
1757432640826 15.349168588676058 407
1757432640872 15.323346526653676 408
1757432640917 15.29762556942703 409
1757432640985 15.272005163593228 410
1757432641040 15.246484760267798 411
1757432641101 15.22106381503205 412
1757432641147 15.195741787881207 413
1757432641193 15.170518143173323 414
1757432641240 15.145392349578954 415
1757432641287 15.120363880031553 416
1757432641334 15.095432211678599 417
1757432641383 15.070596825833448 418
1757432641434 15.045857207927897 419
1757432641488 15.021212847465424 420
1757432641543 14.996663237975088 421
1757432641591 14.972207876966174 422
1757432641637 14.947846265883385 423
1757432641684 14.923577910062782 424
1757432641731 14.899402318688304 425
1757432641777 14.875319004748924 426
1757432641823 14.85132748499641 427
1757432641870 14.827427279903716 428
1757432641916 14.803617913623949 429
1757432641964 14.779898913949921 430
1757432642012 14.756269812274263 431
1757432642059 14.732730143550146 432
1757432642107 14.709279446252511 433
1757432642154 14.685917262339858 434
1757432642201 14.662643137216593 435
1757432642247 14.639456619695874 436
1757432642295 14.616357261963003 437
1757432642340 14.593344619539304 438
1757432642387 14.570418251246522 439
1757432642433 14.54757771917171 440
1757432642484 14.52482258863261 441
1757432642540 14.502152428143491 442
1757432642587 14.479566809381485 443
1757432642634 14.45706530715336 444
1757432642681 14.434647499362777 445
1757432642728 14.412312966977968 446
1757432642774 14.39006129399986 447
1757432642821 14.367892067430658 448
1757432642868 14.345804877242829 449
1757432642915 14.323799316348504 450
1757432643072 14.3018749805693 451
1757432643212 14.280031468606568 452
1757432643268 14.258268382012007 453
1757432643351 14.23658532515869 454
1757432643447 14.214981905212472 455
1757432643518 14.19345773210381 456
1757432643575 14.172012418499882 457
1757432643625 14.150645579777159 458
1757432643682 14.129356833994297 459
1757432643767 14.108145801865389 460
1757432643838 14.087012106733573 461
1757432643904 14.06595537454499 462
1757432643978 14.044975233823095 463
1757432644037 14.024071315643257 464
1757432644116 14.003243253607744 465
1757432644200 13.98249068382102 466
1757432644249 13.961813244865317 467
1757432644314 13.941210577776591 468
1757432644363 13.92068232602075 469
1757432644410 13.900228135470172 470
1757432644473 13.879847654380569 471
1757432644560 13.8595405333681 472
1757432644637 13.839306425386821 473
1757432644725 13.819144985706382 474
1757432644785 13.79905587189002 475
1757432644844 13.779038743772855 476
1757432644920 13.75909326344041 477
1757432644983 13.739219095207464 478
1757432645054 13.719415905597101 479
1757432645115 13.699683363320068 480
1757432645163 13.680021139254402 481
1757432645257 13.660428906425244 482
1757432645319 13.64090633998499 483
1757432645373 13.621453117193614 484
1757432645426 13.602068917399269 485
1757432645482 13.582753422019143 486
1757432645549 13.563506314520497 487
1757432645620 13.544327280401996 488
1757432645701 13.525216007175224 489
1757432645761 13.506172184346427 490
1757432645825 13.487195503398523 491
1757432645910 13.468285657773269 492
1757432645990 13.449442342853693 493
1757432646085 13.430665255946677 494
1757432646139 13.411954096265838 495
1757432646225 13.393308564914522 496
1757432646290 13.374728364869068 497
1757432646364 13.35621320096224 498
1757432646427 13.337762779866855 499
