1757327398143 2597.8356170661255 0
1757327398191 5.1417571788506714e+17 1
1757327398222 1.0502921169727285e+32 2
1757327398257 2.1454018394964763e+46 3
1757327398308 4.382351327344459e+60 4
1757327398388 8.951704432576203e+74 5
1757327398473 1.828539207895092e+89 6
1757327398599 3.7351050406021546e+103 7
1757327398660 7.629592848813567e+117 8
1757327398687 1.558475234455059e+132 9
1757327398730 3.1834530420420075e+146 10
1757327398753 6.502748999043388e+160 11
1757327398776 1.3282980457420466e+175 12
1757327398801 2.713276644357174e+189 13
1757327398823 5.542333042206233e+203 14
1757327398856 1.1321166094365813e+218 15
1757327398915 2.3125424033557802e+232 16
1757327398974 4.723764604054341e+246 17
1757327399035 9.649099623918859e+260 18
1757327399114 1.9709941404023456e+275 19
1757327399142 4.026093680150661e+289 20
1757327399174 8.223987067785098e+303 21
1757327399200 inf 22
