1757504718655 169.29488160181378 0
1757504718723 169.29350114929477 1
1757504718792 169.29212429805156 2
1757504718865 169.29075103865082 3
1757504718942 169.28938136168395 4
1757504719003 169.28801525776709 5
1757504719064 169.28665271754087 6
1757504719129 169.28529373167066 7
1757504719192 169.28393829084615 8
1757504719245 169.2825863857815 9
1757504719310 169.28123800721534 10
1757504719362 169.2798931459104 11
1757504719420 169.2785517926538 12
1757504719477 169.27721393825678 13
1757504719531 169.27587957355462 14
1757504719585 169.27454868940674 15
1757504719640 169.27322127669652 16
1757504719693 169.27189732633116 17
1757504719747 169.2705768292419 18
1757504719802 169.2692597763835 19
1757504719855 169.26794615873473 20
1757504719911 169.26663596729782 21
1757504719986 169.26532919309878 22
1757504720079 169.26402582718697 23
1757504720139 169.26272586063533 24
1757504720195 169.26142928454024 25
1757504720252 169.2601360900214 26
1757504720309 169.25884626822176 27
1757504720364 169.2575598103076 28
1757504720421 169.25627670746832 29
1757504720479 169.25499695091642 30
1757504720535 169.2537205318875 31
1757504720594 169.2524474416401 32
1757504720653 169.25117767145568 33
1757504720710 169.24991121263858 34
1757504720765 169.2486480565161 35
1757504720821 169.24738819443797 36
1757504720876 169.2461316177769 37
1757504720932 169.24487831792817 38
1757504720988 169.24362828630947 39
1757504721045 169.2423815143612 40
1757504721101 169.24113799354612 41
1757504721157 169.23989771534943 42
1757504721216 169.23866067127852 43
1757504721284 169.2374268528633 44
1757504721349 169.23619625165563 45
1757504721405 169.23496885922984 46
1757504721465 169.23374466718204 47
1757504721522 169.23252366713055 48
