1757575829403 0.06389678335534103 0
1757575829511 0.261753626271454 1
1757575829629 0.036743831599544884 2
1757575829723 0.004211222172974918 3
1757575829815 0.013078705429350676 4
1757575829908 0.002542004644496166 5
1757575830009 0.0019104893987049536 6
1757575830104 0.04893571225676165 7
1757575830198 0.018687673155837685 8
1757575830293 0.17508465347459862 9
1757575830386 0.09927939398853224 10
1757575830481 0.005389099153908964 11
1757575830579 0.0012794985766286496 12
1757575830680 0.01276696538089633 13
1757575830774 0.010240930604145826 14
1757575830879 0.20573768568273645 15
1757575830974 0.1591064583100253 16
1757575831068 0.002088556016882626 17
1757575831262 0.12065819588946877 18
1757575831429 0.04910095642486559 19
1757575831554 0.08956260621119376 20
1757575831691 0.007920183996723609 21
1757575831787 0.21001134770062768 22
1757575831881 0.038331208952929574 23
1757575831986 0.012973212514831627 24
1757575832079 0.005130675756901547 25
1757575832171 0.27957582201899683 26
1757575832262 0.041723931503443654 27
1757575832357 0.04156893599484074 28
1757575832451 0.03647631936744019 29
1757575832541 0.0008539019713856867 30
1757575832647 0.0022188895657131785 31
1757575832745 0.33372227135026167 32
1757575832838 0.00920669271071895 33
1757575832934 0.013605098303254513 34
1757575833030 0.0005713913939334398 35
1757575833125 0.08758556934155641 36
1757575833217 0.0003692523392430219 37
1757575833315 0.15438311999323703 38
1757575833403 0.03829924942669839 39
1757575833498 0.48039005629160675 40
1757575833588 0.04966936873798189 41
1757575833689 0.07907792860990397 42
1757575833782 9.631465168918456e-05 43
1757575833877 0.03850853413275033 44
1757575833970 0.04531958970357965 45
1757575834065 0.09929410442629637 46
1757575834153 0.025108867036541395 47
1757575834245 0.2212875589364032 48
1757575834340 0.04862228861059431 49
1757575834434 0.03861383029235482 50
1757575834625 0.8285589595123195 51
1757575834894 0.006181891669826267 52
1757575835074 0.2947647633169365 53
1757575835179 0.18896970503946958 54
1757575835311 0.1065507377782438 55
1757575835455 0.06295737013700285 56
1757575835574 0.5973590905667335 57
1757575835678 1.6765827625616974 58
1757575835781 0.0008792181188771132 59
1757575835873 0.03008892429480027 60
1757575835971 0.0010702573843106471 61
1757575836062 0.19337450574187048 62
1757575836156 0.0035648177578011726 63
1757575836253 0.0036120612143176966 64
1757575836347 0.6602118753031803 65
1757575836448 0.24090057795328004 66
1757575836546 0.0012586469461893762 67
1757575836641 0.03174353007932594 68
1757575836750 0.003482422348229354 69
1757575836843 0.06474782487333582 70
1757575836938 0.005838194192956507 71
1757575837033 0.006578128958985965 72
1757575837130 0.09861151585634526 73
1757575837224 0.007983129709283072 74
1757575837322 0.1723977179902329 75
1757575837415 0.03470400596862644 76
1757575837513 0.02070938739690108 77
1757575837607 0.0646858319148074 78
1757575837698 0.04940069188295899 79
1757575837798 0.14809294833033027 80
1757575837890 0.005396237312612214 81
1757575837985 0.0029080074155401056 82
1757575838080 0.28445110564214676 83
1757575838181 0.31179113569257455 84
1757575838280 0.07724963908938731 85
1757575838373 0.060853169612983704 86
1757575838465 0.01082132878579734 87
1757575838574 0.003726881257509137 88
1757575838671 7.774387426318685e-05 89
1757575838769 0.00673888667203885 90
1757575838862 0.0813508726576887 91
1757575838954 0.0472880158954459 92
1757575839050 6.087853277436957e-05 93
1757575839147 0.019392157927229054 94
1757575839240 0.0534576947534004 95
1757575839333 0.12108807846164564 96
1757575839424 0.08024484408948994 97
1757575839519 0.011169481115656214 98
1757575839639 0.2832632179870205 99
1757575839739 0.0014971131855832786 100
1757575839839 0.022249961789901698 101
1757575839933 0.011230215737223662 102
1757575840027 0.02411812922159586 103
1757575840140 0.14507352745382396 104
1757575840247 0.12297339411220973 105
1757575840367 0.0005552813229616733 106
1757575840482 0.9310290434962702 107
1757575840599 0.0009393696771689981 108
1757575840719 0.029666499619188883 109
1757575840846 0.029783222880578074 110
1757575840971 0.13061292548558598 111
1757575841075 0.009951524179107909 112
1757575841175 0.0006115536564402986 113
1757575841269 0.013452411138657137 114
1757575841367 0.11209436785957144 115
1757575841460 0.9879121346418707 116
1757575841553 0.04970862320892148 117
1757575841649 0.10878529096447902 118
1757575841745 0.015461692753840748 119
1757575841851 0.03827549485586921 120
1757575841971 0.11749275937727 121
1757575842085 0.040958683782276205 122
1757575842182 0.019073033311197418 123
1757575842281 0.23949880500018692 124
1757575842377 0.000531584784649649 125
1757575842471 0.17105773941903918 126
1757575842561 0.050489307849622925 127
1757575842654 0.00034709803989361267 128
1757575842751 0.010726935171827804 129
1757575842878 0.003440195536991027 130
1757575842974 0.11815014647637277 131
1757575843075 0.062333631657235676 132
1757575843176 0.0036947714857552367 133
1757575843275 0.001780469955216067 134
1757575843373 0.2154608973884729 135
1757575843470 0.006149599916181081 136
1757575843565 0.0114685691778142 137
1757575843665 0.051709056191867664 138
1757575843763 0.03163602940728264 139
1757575843861 0.10162412646666348 140
1757575843956 0.10955660213641144 141
1757575844050 0.11057622908919053 142
1757575844158 0.02392956222984085 143
1757575844253 0.05338422221239899 144
1757575844351 0.5854885520521473 145
1757575844447 0.036734615812472296 146
1757575844541 0.3043424362985159 147
1757575844633 0.4090787638358254 148
1757575844729 0.006853550494732108 149
1757575844828 0.07756912182775659 150
1757575844938 0.054361595235489855 151
1757575845032 0.09236497735248587 152
1757575845127 1.1674013417343936e-06 153
1757575845224 0.2867093443088474 154
1757575845325 0.08060923955588603 155
1757575845419 0.08425268360547673 156
1757575845514 0.017861949391554464 157
1757575845612 0.0008360241909687375 158
1757575845709 0.0015848872530800048 159
1757575845809 0.06440391474815438 160
1757575845912 0.0478103385565112 161
1757575846009 0.04795186377343749 162
1757575846108 0.14032712503349773 163
1757575846210 0.04646572643750006 164
1757575846306 0.08433559306426823 165
1757575846404 0.022643779076068425 166
1757575846501 0.010153368691795938 167
1757575846594 0.0028761248181608475 168
1757575846698 0.062160890827586156 169
1757575846794 5.365665155332782e-05 170
1757575846903 0.9253135389056321 171
1757575847001 0.09103018790879466 172
1757575847096 0.2111379897582026 173
1757575847191 0.42517106168382873 174
1757575847291 0.13625970578289018 175
1757575847385 0.00047771623805736553 176
1757575847481 0.011843955514136778 177
1757575847599 0.08887282787579902 178
1757575847818 0.0015905796241841908 179
1757575847976 0.05065524241682775 180
1757575848106 0.014252652328392222 181
1757575848329 0.002628005082552532 182
1757575848470 0.0415773528180315 183
1757575848692 0.014470846584177776 184
1757575848905 0.6416415260819491 185
1757575849039 0.6763185963710188 186
1757575849200 0.47569931495445217 187
1757575849318 0.052541575750321944 188
1757575849416 0.03989284407919334 189
1757575849508 0.07584035941100806 190
1757575849605 0.014479084092234319 191
1757575849700 0.0636589323200581 192
1757575849793 0.27222902326369386 193
1757575849891 0.012316202000808069 194
1757575849998 0.00016893811937401262 195
1757575850096 0.08180671860191599 196
1757575850194 0.21230422227749216 197
1757575850291 0.14615064206348194 198
1757575850391 0.04163381013253967 199
1757575850490 0.0014190331556910999 200
1757575850586 0.004940064854107025 201
1757575850683 0.2292036570744302 202
1757575850780 0.2556550336098802 203
1757575850884 0.03407516640628401 204
1757575850986 0.08807421578479549 205
1757575851085 0.017727388647421155 206
1757575851182 0.007452605003282118 207
1757575851280 0.009267834411932145 208
1757575851380 0.1436054832117832 209
1757575851474 0.07212507959143377 210
1757575851568 0.26344944617164145 211
1757575851662 0.050513146809578066 212
1757575851754 0.1270176251033989 213
1757575851854 0.6013227309512876 214
1757575851948 0.5439833166571534 215
1757575852057 0.011748431196156844 216
1757575852154 0.029021262000015216 217
1757575852249 0.7054154810046886 218
1757575852350 0.039749090613396425 219
1757575852449 0.002318730568012341 220
1757575852549 0.35645578006503126 221
1757575852644 0.4104367010473976 222
1757575852742 0.05272984461440558 223
1757575852840 0.012246309230536361 224
1757575852940 0.055573152210114066 225
1757575853040 0.008407291491657759 226
1757575853142 0.28375964989956554 227
1757575853241 0.02320962578634103 228
1757575853343 0.004168103216172236 229
1757575853440 0.07777786786480544 230
1757575853541 0.005064102465454026 231
1757575853637 0.11771095250685405 232
1757575853735 0.017032625586049725 233
1757575853835 0.04660378244392826 234
1757575853936 0.002021107146053015 235
1757575854036 0.36658121132081584 236
1757575854138 0.00013273775863212843 237
1757575854235 0.003912297102476788 238
1757575854332 0.04966287505853761 239
1757575854433 0.0010650562203013663 240
1757575854531 0.0907635746824822 241
1757575854630 0.03625209818230021 242
1757575854724 3.8030293713758473e-06 243
1757575854820 0.015256616681245432 244
1757575854917 4.626482195023216 245
1757575855018 0.12169266328618217 246
1757575855127 0.02871749102199191 247
1757575855224 0.002968753989164172 248
1757575855320 0.019415088075448887 249
1757575855417 0.22738510058871658 250
1757575855514 1.3889042209751346 251
1757575855614 0.4546887037860005 252
1757575855710 0.008113315667016592 253
1757575855809 0.10945212247688357 254
1757575855908 0.029463234739892312 255
1757575856008 0.09600161885478856 256
1757575856111 1.4404090837269368 257
1757575856214 0.027273527523097044 258
1757575856316 0.021910669868787487 259
1757575856414 0.0015451956331131336 260
1757575856515 0.08312157134560148 261
1757575856613 0.11390314588515302 262
1757575856712 0.0019696886594286283 263
1757575856812 0.019993208385115906 264
1757575856906 0.447829680928354 265
1757575857022 0.023221426179850756 266
1757575857124 0.0004271034630244422 267
1757575857229 0.13788641603529103 268
1757575857326 0.021103445133168832 269
1757575857425 0.001277125614873979 270
1757575857524 0.1231274667019868 271
1757575857622 0.48035261942183805 272
1757575857722 0.003153289246967393 273
1757575857821 0.3645152532497543 274
1757575857920 0.011256854275325447 275
1757575858022 0.01724052022028879 276
1757575858129 0.01065388141762185 277
1757575858235 0.04032449493231918 278
1757575858332 0.0734986955191318 279
1757575858431 0.8018074010095532 280
1757575858530 0.017331922940693793 281
1757575858629 0.33457117387113267 282
1757575858734 0.04000229363098985 283
1757575858884 0.01329879476724367 284
1757575859005 0.0027982384482151206 285
1757575859132 0.2194936563904134 286
1757575859272 0.03209283931519948 287
1757575859391 0.02083299644887031 288
1757575859518 0.007304440149000639 289
1757575859629 0.023070546859022514 290
1757575859730 0.02151654995108118 291
1757575859827 0.20706085931945648 292
1757575859920 0.011621996078847426 293
1757575860014 0.07968795729053951 294
1757575860111 0.0064653101966048575 295
1757575860211 1.9677644446830957e-05 296
1757575860319 0.13000663607152244 297
1757575860415 0.006763475107311122 298
1757575860505 0.53379772541408 299
1757575860615 0.005223848357150336 300
1757575860733 0.0004335216117143723 301
1757575860833 0.044394582792904744 302
1757575860930 0.009880472416930457 303
1757575861030 0.004780756666620084 304
1757575861139 0.41848101963090567 305
1757575861240 0.005569795643264804 306
1757575861344 0.02969559146027859 307
1757575861454 0.061557436291715145 308
1757575861675 0.28444754438844283 309
1757575861881 0.114873353224234 310
1757575862069 0.02205794336854517 311
1757575862220 0.049259007792788315 312
1757575862390 0.0563139626760863 313
1757575862505 0.09548640028339363 314
1757575862666 0.05206804636293052 315
1757575862823 5.4794258931147476e-05 316
1757575862962 0.05256850123006171 317
1757575863073 0.09586570508289997 318
1757575863227 0.0069709974597612 319
1757575863479 0.006309092667630697 320
1757575863643 0.008289975145047299 321
1757575863802 0.04762739599329548 322
1757575863937 0.005697393105088761 323
1757575864065 0.5507558508429222 324
1757575864228 0.0354942412779697 325
1757575864345 0.04572808013033895 326
1757575864461 0.0013093885786273339 327
1757575864586 0.5389398074483158 328
1757575864716 0.027310272667257694 329
1757575864866 0.06454744056850191 330
1757575865041 0.0017876872346091917 331
1757575865191 0.09456276388599294 332
1757575865318 0.04555588725981468 333
1757575865448 0.0466593090573609 334
1757575865610 0.023909403171187345 335
1757575865788 0.004486632057768632 336
1757575865919 0.18444107983471505 337
1757575866076 0.13648075873020277 338
1757575866233 0.7583343448095765 339
1757575866338 0.047742949661069005 340
1757575866442 0.011701744025528376 341
1757575866549 0.020702316518381617 342
1757575866653 0.04505188130556926 343
1757575866755 0.05212282272538183 344
1757575866865 0.027362982786750978 345
1757575866966 0.0009654734764230661 346
1757575867079 0.08211649715195733 347
1757575867184 0.05359831929288756 348
1757575867296 0.00999236906569226 349
1757575867399 0.008441810957395136 350
1757575867503 0.0006483208044241768 351
1757575867608 0.060312290262148 352
1757575867712 0.03360983037509307 353
1757575867815 0.025172007179578047 354
1757575867919 0.00046842495171682503 355
1757575868022 0.14692281484209024 356
1757575868126 0.033134964928102195 357
1757575868231 0.001037092156667732 358
1757575868337 0.0007779784706984262 359
1757575868441 1.010250039036913 360
1757575868546 0.00033607944161326075 361
1757575868660 0.16600726557685155 362
1757575868767 0.0031739801266428597 363
1757575868873 0.5816899229868363 364
1757575868974 0.072349563303839 365
1757575869080 0.034375033385203334 366
1757575869183 0.03912336745557426 367
1757575869296 0.0529676025965992 368
1757575869396 0.11396206800818405 369
1757575869499 0.13251823854660644 370
1757575869608 0.009652929556130667 371
1757575869800 0.1062491053105004 372
1757575869962 0.04167931343076666 373
1757575870124 0.13681327684370648 374
1757575870227 0.008363184214862224 375
1757575870341 0.019487149632722155 376
1757575870449 0.055158463625628165 377
1757575870569 0.018023844130457375 378
1757575870677 0.005091283998500913 379
1757575870780 0.15167615234970155 380
1757575870885 0.0010963022202039158 381
1757575870990 0.0002001621697741722 382
1757575871097 0.055971923478472865 383
1757575871201 0.0408832528915334 384
1757575871314 0.25453810165750823 385
1757575871418 0.00010461041733786597 386
1757575871524 0.0002639728424284664 387
1757575871630 0.004896421590039309 388
1757575871738 0.019108970383056652 389
1757575871842 0.08927706257662817 390
1757575871943 0.6527425629975215 391
1757575872050 0.02508610866560037 392
1757575872154 0.24289264293199592 393
1757575872268 0.03481162033976186 394
1757575872381 0.021073745592378776 395
1757575872483 0.00026752478732169986 396
1757575872588 0.0009465775761162967 397
1757575872695 0.18896817804311394 398
1757575872801 0.006604077142164967 399
1757575872906 0.009476353410096746 400
1757575873004 0.1196846330790183 401
1757575873109 0.2722623872687754 402
1757575873216 0.3428985320278355 403
1757575873318 0.15668833688603234 404
1757575873428 0.02692977567234894 405
1757575873543 0.013135906117027408 406
1757575873648 0.017666510587771807 407
1757575873754 0.023080200966264453 408
1757575873861 0.002166969708898218 409
1757575873965 0.0070514510450682836 410
1757575874068 0.24002367540882036 411
1757575874172 0.011233776722376836 412
1757575874279 0.18193882883410928 413
1757575874390 0.08240923797874138 414
1757575874495 0.06418297623415443 415
1757575874601 0.2611600700008869 416
1757575874707 0.02236010625800804 417
1757575874817 0.11554036851863966 418
1757575874925 0.6244766610629526 419
1757575875029 0.03824176912844429 420
1757575875134 0.6733838685722557 421
1757575875240 0.5850391207025445 422
1757575875347 0.043173310307159464 423
1757575875462 0.06616357287676072 424
1757575875573 0.060203686520779294 425
1757575875679 0.08315037616523305 426
1757575875784 0.013044280688495573 427
1757575875890 0.04995175589644864 428
1757575876007 0.11693880924757342 429
1757575876118 0.008959146818491323 430
1757575876221 0.09662472832710393 431
1757575876349 0.051748835441842174 432
1757575876609 0.0006463148977583366 433
1757575876812 0.03261306854474435 434
1757575876919 0.00041523415320372483 435
1757575877114 0.008867258558170282 436
1757575877272 0.465358387018084 437
1757575877403 0.09537553204482352 438
1757575877702 0.18143301773075055 439
1757575877905 0.448771859232065 440
1757575878243 0.012438815226653932 441
1757575878371 0.0007451374036369303 442
1757575878516 0.06659846269685407 443
1757575878639 0.0009511808571422057 444
1757575878759 0.0478917860934282 445
1757575878871 0.0012790581247041322 446
1757575878974 0.4786528287333537 447
1757575879073 0.10336364618169204 448
1757575879179 0.0021351171684598266 449
1757575879284 0.3167793309734371 450
1757575879385 0.0012620990318364016 451
1757575879506 0.6843591650811033 452
1757575879636 0.015051753515245883 453
1757575879746 0.11750324689448308 454
1757575879856 0.15834101940287906 455
1757575879960 0.0222627331218259 456
1757575880064 0.01793149561037434 457
1757575880174 0.0012665770988592871 458
1757575880293 0.0020807578120537002 459
1757575880398 1.3811101125596563 460
1757575880513 0.015694092176759815 461
1757575880630 0.00026315991438762525 462
1757575880732 0.04345159719944923 463
1757575880849 0.006073754558282257 464
1757575880961 0.0013825712910546697 465
1757575881063 0.0013823948710857475 466
1757575881167 0.1576335219659813 467
1757575881271 0.11621927674116002 468
1757575881374 0.08642394313563413 469
1757575881482 0.03769500302601598 470
1757575881583 0.5449644595190571 471
1757575881685 0.11138105121087773 472
1757575881790 0.43035863502961225 473
1757575881897 0.00020627984615076493 474
1757575882002 0.0606071591366187 475
1757575882104 0.0012922506448638682 476
1757575882209 0.04243079036146048 477
1757575882320 0.024699651586795067 478
1757575882424 0.011118336360113487 479
1757575882541 0.03484370035847745 480
1757575882648 0.29126402547424757 481
1757575882754 0.025579004597781358 482
1757575882864 1.2749342754067459 483
1757575882970 0.052647660615175854 484
1757575883072 0.000518590038184328 485
1757575883179 0.017591228374945762 486
1757575883286 0.21719431093164893 487
1757575883394 0.00632823094295011 488
1757575883502 0.001419656562513532 489
1757575883607 0.05698235841916202 490
1757575883710 0.10536653669485817 491
1757575883814 0.3391614922611239 492
1757575883923 0.6490539567708374 493
1757575884030 0.002664447197909417 494
1757575884135 0.014692481900204073 495
1757575884240 0.06576904795135932 496
1757575884344 0.0010496686314225498 497
1757575884453 0.012812154937686041 498
1757575884559 0.016731799453058676 499
