1757482824033 23.350476478618656 0
1757482824083 12.520274588231453 1
1757482824145 7.427260726318958 2
1757482824208 7.0057035414014495 3
1757482824268 5.1460200088727435 4
1757482824320 3.0274464680025073 5
1757482824373 1.960117047225143 6
1757482824432 2.0437963993835044 7
1757482824491 1.8297652750657978 8
1757482824542 1.1023249786644913 9
1757482824613 0.6834295768591848 10
1757482824689 0.3468077648351345 11
1757482824747 0.37167585266240905 12
1757482824787 0.21582889219577725 13
1757482824848 0.18161415608380696 14
1757482824926 0.14627107205997095 15
1757482824998 0.1541174300132706 16
1757482825058 0.23457140362769038 17
1757482825123 0.1768540930558582 18
1757482825188 0.10890583529027022 19
1757482825236 0.14923714124448537 20
1757482825289 0.15312102738484662 21
1757482825345 0.1496708507948763 22
1757482825415 0.1074637154634724 23
1757482825471 0.08566203379190147 24
1757482825531 0.1341310878666722 25
1757482825602 0.07845242575776748 26
1757482825656 0.10643942664177658 27
1757482825715 0.09979689550431632 28
1757482825771 0.11773347520669906 29
1757482825842 0.10140797344115808 30
1757482825949 0.18018215331782914 31
1757482826003 0.12830949736433275 32
1757482826043 0.11522044495799677 33
1757482826089 0.07411921216423414 34
1757482826127 0.20742091692492962 35
1757482826165 0.18986578126797052 36
1757482826204 0.0863921338957253 37
1757482826244 0.14732993660564175 38
1757482826283 0.12130717394597078 39
1757482826394 0.13102730281140393 40
1757482826519 0.10987979885597403 41
1757482826612 0.10772614559495042 42
1757482826710 0.08330605626660469 43
1757482826801 0.13847054293785918 44
1757482826855 0.06376809745326915 45
1757482826906 0.15104646372308514 46
1757482826965 0.10836194817366042 47
1757482827022 0.11133264934346088 48
1757482827069 0.06593277100568701 49
1757482827114 0.17276349274107958 50
1757482827157 0.08915987880579308 51
1757482827219 0.18206517750177306 52
1757482827269 0.1507322849872993 53
1757482827340 0.12607382894701613 54
1757482827390 0.10306741676818483 55
1757482827454 0.13967990100528935 56
1757482827523 0.1071327866969846 57
1757482827566 0.08852182773052737 58
1757482827607 0.11024106883357325 59
1757482827655 0.1271322315642402 60
1757482827715 0.10859801699087775 61
1757482827777 0.18472756045367653 62
1757482827845 0.10977213947369176 63
1757482827919 0.10922526866498121 64
1757482827988 0.11372915187863848 65
1757482828042 0.09360698281296503 66
1757482828085 0.1054737756859029 67
1757482828147 0.09191812616529603 68
1757482828200 0.07499789309705841 69
1757482828266 0.10256423933727991 70
1757482828323 0.13593398554425914 71
1757482828377 0.08119371031230661 72
1757482828467 0.11006322629295796 73
1757482828534 0.1544053438759014 74
1757482828596 0.1646622382608968 75
1757482828651 0.1694947375135765 76
1757482828693 0.15645958817965544 77
1757482828736 0.103059347229798 78
1757482828794 0.10867338523117383 79
1757482828856 0.09059002050445607 80
1757482828943 0.10977412790362379 81
1757482829063 0.0917469270706354 82
1757482829112 0.10127415117647547 83
1757482829199 0.07243701125424563 84
1757482829277 0.09756737674967707 85
1757482829350 0.1111487090024315 86
1757482829433 0.07734074878592916 87
1757482829508 0.08673750389967509 88
1757482829596 0.09660637535744261 89
1757482829688 0.08777442945808774 90
1757482829757 0.11420830959441675 91
1757482829825 0.13987756924131203 92
1757482829874 0.20224922837589998 93
1757482829941 0.08719158599350092 94
1757482829996 0.14441386324672 95
1757482830073 0.18695726360529477 96
1757482830134 0.08644849618544409 97
1757482830208 0.11865725531394374 98
1757482830267 0.05007143324114113 99
1757482830321 0.09137893697204398 100
1757482830381 0.09534310270905309 101
1757482830430 0.08776671870936671 102
1757482830486 0.07623789933290966 103
1757482830537 0.08723335837929125 104
1757482830590 0.10513173808261583 105
1757482830652 0.12652847022984312 106
1757482830704 0.0810816841915958 107
1757482830765 0.1177335580462386 108
1757482830823 0.12205739986112196 109
1757482830889 0.07473707265071458 110
1757482830954 0.10405231994231383 111
1757482831003 0.10113271980857641 112
1757482831050 0.11403872863804265 113
1757482831121 0.1661353659549671 114
1757482831204 0.13277879423790764 115
1757482831281 0.06500958728492721 116
1757482831340 0.1458749725852527 117
1757482831401 0.15029261958381668 118
1757482831441 0.12433836304771262 119
1757482831507 0.1205887050561953 120
1757482831558 0.12837771088450603 121
1757482831618 0.0836313639897557 122
1757482831659 0.1490331646888943 123
1757482831716 0.06642992684945105 124
1757482831881 0.08428765333930198 125
1757482832071 0.10387437358453115 126
1757482832137 0.08787148142042496 127
1757482832182 0.17443235784069244 128
1757482832227 0.08527153058661048 129
1757482832300 0.11436223114157607 130
1757482832376 0.076207387566327 131
1757482832438 0.07913143094693016 132
1757482832499 0.11603545557188111 133
1757482832564 0.13393767680043892 134
1757482832635 0.11057492248034102 135
1757482832680 0.10356426818820257 136
1757482832757 0.11659869168376173 137
1757482832834 0.07922322314770479 138
1757482832883 0.1481998197190254 139
1757482832963 0.07824460835140222 140
1757482833013 0.10244431122300886 141
1757482833062 0.07956420456648151 142
1757482833118 0.1815410580819302 143
1757482833163 0.1637173893782108 144
1757482833212 0.11058179759231528 145
1757482833283 0.07175287585430483 146
1757482833384 0.07769906553196641 147
1757482833447 0.12229833271453112 148
1757482833515 0.10995522475768527 149
1757482833575 0.1574190298241492 150
1757482833636 0.12575633446923248 151
1757482833697 0.10999360378715244 152
1757482833755 0.12501368848326808 153
1757482833814 0.1907069327776867 154
1757482833871 0.08259236725474067 155
1757482833941 0.07502646110464108 156
1757482834005 0.09914420660923277 157
1757482834047 0.0757010070614385 158
1757482834098 0.06577376875101067 159
1757482834147 0.11604537032568689 160
1757482834195 0.0785969745138083 161
1757482834241 0.12359596282435081 162
1757482834303 0.09033978812828318 163
1757482834380 0.06548196693966084 164
1757482834430 0.14228609583722643 165
1757482834480 0.10859449017853294 166
1757482834543 0.09093403467018553 167
1757482834617 0.19445481360324646 168
1757482834689 0.10071003139272063 169
1757482834756 0.08152108003264165 170
1757482834817 0.12158763255561934 171
1757482834908 0.15885166501319883 172
1757482834987 0.11723829865707601 173
1757482835056 0.1317584585876488 174
1757482835112 0.09956776423712387 175
1757482835179 0.11040350305616509 176
1757482835240 0.06530114630127383 177
1757482835321 0.07658313140520419 178
1757482835384 0.1914669442677588 179
1757482835459 0.09548333463311742 180
1757482835513 0.07088741586393123 181
1757482835572 0.15139151391840275 182
1757482835643 0.10896290331994103 183
1757482835699 0.13190711345599945 184
1757482835764 0.09802365087774784 185
1757482835818 0.14847817814906936 186
1757482835887 0.06040202420232107 187
1757482835946 0.10296178682551999 188
1757482836016 0.09841685220645706 189
1757482836086 0.10352474807337124 190
1757482836170 0.09246123580542474 191
1757482836257 0.08447159460426441 192
1757482836327 0.12606967071766087 193
1757482836393 0.12236423664260372 194
1757482836470 0.08816497273354278 195
1757482836548 0.09915981694486509 196
1757482836641 0.1101704719092819 197
1757482836704 0.0642842066824118 198
1757482836764 0.08653028167658773 199
1757482836817 0.1335726402218206 200
1757482836892 0.11910601296924749 201
1757482836954 0.07909172203011786 202
1757482837001 0.09888385745505628 203
1757482837053 0.08141954393930742 204
1757482837096 0.06980385555817904 205
1757482837215 0.09082391768733704 206
1757482837352 0.11550431408097543 207
1757482837442 0.11024445959577624 208
1757482837579 0.1397371009356401 209
1757482837697 0.08542938200651118 210
1757482837812 0.11017609012421309 211
1757482837905 0.08408138662373767 212
1757482837990 0.08737382385548835 213
1757482838046 0.16482581891819595 214
1757482838145 0.07164932435311125 215
1757482838216 0.08026109143043449 216
1757482838274 0.14791882628456948 217
1757482838319 0.14223285591957868 218
1757482838405 0.07671438683561453 219
1757482838532 0.10752544814132192 220
1757482838580 0.13777102776982322 221
1757482838629 0.16106544320311178 222
1757482838688 0.09065056354704763 223
1757482838770 0.11237884982306323 224
1757482838870 0.0617269553114689 225
1757482838956 0.09423438979328873 226
1757482839051 0.09171996258053887 227
1757482839130 0.1393088811222217 228
1757482839197 0.07203361446933024 229
1757482839256 0.13355638296959224 230
1757482839320 0.05250905240879449 231
1757482839386 0.1051995518109647 232
1757482839431 0.09090847527458774 233
1757482839521 0.12480697488682653 234
1757482839601 0.1056552824817522 235
1757482839656 0.07609928977307903 236
1757482839714 0.10579617847510026 237
1757482839762 0.08269397822243228 238
1757482839809 0.06601795613888771 239
1757482839870 0.11570703774895763 240
1757482839944 0.1017717915713237 241
1757482840026 0.1263711796523319 242
1757482840073 0.11963157350611904 243
1757482840130 0.21170364749433435 244
1757482840191 0.0778206385454064 245
1757482840283 0.08685544522830226 246
1757482840352 0.11800339800524322 247
1757482840429 0.10074352045808473 248
1757482840510 0.09779211904608183 249
1757482840590 0.06995402871277419 250
1757482840660 0.09547083267817813 251
1757482840734 0.06316643335192666 252
1757482840798 0.11913442194310676 253
1757482840869 0.18585224543393775 254
1757482840942 0.12552640281825958 255
1757482840995 0.05908185278366743 256
1757482841086 0.11151386312698348 257
1757482841145 0.09631542751904502 258
1757482841225 0.09310305458957387 259
1757482841281 0.08388133902803081 260
1757482841346 0.10904825244448936 261
1757482841410 0.08012759360838743 262
1757482841458 0.08207919289170086 263
1757482841524 0.10673922906914539 264
1757482841588 0.10633048829983531 265
1757482841645 0.14869225702185368 266
1757482841707 0.0887287807898473 267
1757482841784 0.12820033938021205 268
1757482841849 0.10652139438919066 269
1757482841906 0.1619043426117656 270
1757482841992 0.18169915834697992 271
1757482842096 0.09416949357724673 272
1757482842175 0.10987133881926718 273
1757482842241 0.10411379587063226 274
1757482842313 0.13940302948355787 275
1757482842375 0.06360680069048973 276
1757482842439 0.10119992223517438 277
1757482842499 0.17504516690677385 278
1757482842558 0.09346279940950501 279
1757482842606 0.09904815412317326 280
1757482842684 0.11914570299328757 281
1757482842751 0.08275674256411729 282
1757482842833 0.08404037049828174 283
1757482843012 0.10533650433868032 284
1757482843134 0.07424693985522447 285
1757482843192 0.1540996360017521 286
1757482843258 0.16726349804780097 287
1757482843334 0.14107464340043846 288
1757482843410 0.11106848947009136 289
1757482843480 0.05544405733032217 290
1757482843553 0.0834726723911251 291
1757482843652 0.07603146879801959 292
1757482843724 0.09314831906353915 293
1757482843793 0.1524514900803828 294
1757482843874 0.06363428017549604 295
1757482843942 0.13133019459114129 296
1757482843995 0.10640886002675619 297
1757482844044 0.12264090244136931 298
1757482844103 0.12460287033217161 299
1757482844178 0.11201198137422012 300
1757482844248 0.09883513054204511 301
1757482844327 0.09394412703642281 302
1757482844391 0.1355405709283027 303
1757482844469 0.08816078926056563 304
1757482844526 0.10742408989540807 305
1757482844599 0.13513378484289265 306
1757482844690 0.09546312020678116 307
1757482844751 0.06205118216712571 308
1757482844813 0.0988377750956863 309
1757482844877 0.08060603684266932 310
1757482844948 0.14942599684032895 311
1757482845006 0.12838865137533165 312
1757482845053 0.08682851645358429 313
1757482845110 0.06833873007488772 314
1757482845171 0.16389761653341078 315
1757482845250 0.1280268670882649 316
1757482845343 0.0807330622843047 317
1757482845407 0.10216210387275575 318
1757482845455 0.0882612553479154 319
1757482845525 0.04851545423948204 320
1757482845610 0.12053265637134668 321
1757482845678 0.09915149649829981 322
1757482845766 0.11811953298480171 323
1757482845827 0.1758695899591353 324
1757482845910 0.10879420248344347 325
1757482845976 0.10243299273034999 326
1757482846044 0.15237839351949528 327
1757482846103 0.1284744630752404 328
1757482846174 0.10680948103869736 329
1757482846246 0.1618821564409834 330
1757482846316 0.16897141080805156 331
1757482846388 0.12937362606964917 332
1757482846453 0.10126142344190327 333
1757482846524 0.08396874307518674 334
1757482846594 0.1247132796979633 335
1757482846654 0.1320396709496882 336
1757482846732 0.1307676657245212 337
1757482846805 0.12968485773913016 338
1757482846874 0.10568114466553036 339
1757482846938 0.12170968516791116 340
1757482847008 0.09347714697693439 341
1757482847071 0.13559883197134812 342
1757482847154 0.15984336939282598 343
1757482847219 0.09328152441990095 344
1757482847283 0.07471598098031028 345
1757482847361 0.11022238723379146 346
1757482847444 0.13235024259668507 347
1757482847512 0.1208362065035255 348
1757482847586 0.09009656469555515 349
1757482847647 0.08577866405569401 350
1757482847707 0.09099402867368106 351
1757482847773 0.09896321194687528 352
1757482847842 0.1603302125311828 353
1757482847903 0.15711473916431393 354
1757482848008 0.12202439834775543 355
1757482848165 0.1323906047066363 356
1757482848231 0.19047032289500923 357
1757482848340 0.11752770691724357 358
1757482848397 0.07914295391319455 359
1757482848451 0.12691784225678998 360
1757482848501 0.09179268092657415 361
1757482848558 0.0773875701267251 362
1757482848626 0.05741093632333188 363
1757482848701 0.10124978275515595 364
1757482848765 0.18557599699195385 365
1757482848857 0.10097843492558874 366
1757482848930 0.11164491098942585 367
1757482849008 0.17990889915079145 368
1757482849090 0.07812136826310233 369
1757482849139 0.09738108442478148 370
1757482849201 0.11299579828089283 371
1757482849270 0.0970934924743093 372
1757482849323 0.13866896411701848 373
1757482849382 0.12581262794875567 374
1757482849436 0.09955776628982198 375
1757482849503 0.11230616183040276 376
1757482849604 0.10387013394614852 377
1757482849680 0.11797649851399179 378
1757482849747 0.12601643757303393 379
1757482849812 0.09686148567199719 380
1757482849885 0.05394964140661857 381
1757482849949 0.08329854952852096 382
1757482850012 0.11144186900914095 383
1757482850062 0.07847496850668974 384
1757482850134 0.1526374557261928 385
1757482850216 0.1255603026979951 386
1757482850275 0.07641415175099173 387
1757482850334 0.09062646804827153 388
1757482850406 0.15322678110748145 389
1757482850473 0.10425072086927067 390
1757482850551 0.17230774501292453 391
1757482850615 0.1393833996156105 392
1757482850707 0.12841793835430712 393
1757482850797 0.10101330467798704 394
1757482850885 0.10981531768575414 395
1757482850975 0.07243654399006455 396
1757482851042 0.15583244075307537 397
1757482851145 0.07011984421036488 398
1757482851224 0.10767953937645296 399
1757482851295 0.09828149411293981 400
1757482851364 0.11522972371642816 401
1757482851434 0.2040770582649762 402
1757482851529 0.12993195642925306 403
1757482851610 0.16951570103663682 404
1757482851709 0.07207342690455083 405
1757482851784 0.10358964642211461 406
1757482851849 0.08534926338699127 407
1757482851911 0.12230412314459262 408
1757482851991 0.10648642511106061 409
1757482852051 0.1616530734345999 410
1757482852115 0.10193756990958487 411
1757482852177 0.09519259412728398 412
1757482852239 0.0872940755879789 413
1757482852306 0.08987863731121688 414
1757482852374 0.09494470369293839 415
1757482852453 0.07849695213570804 416
1757482852518 0.06739995510477752 417
1757482852607 0.12214016607545396 418
1757482852696 0.0790321713616567 419
1757482852762 0.13935762966484036 420
1757482852840 0.0719702388769518 421
1757482852918 0.14555499469042202 422
1757482852974 0.09425142655920914 423
1757482853046 0.07636510556487182 424
1757482853110 0.10805431634400196 425
1757482853174 0.13762281022456382 426
1757482853223 0.09550740461525235 427
1757482853289 0.1633746880708737 428
1757482853419 0.09262916999683347 429
1757482853572 0.11753963660544302 430
1757482853706 0.15826935331710731 431
1757482853791 0.15394542763902905 432
1757482853863 0.12418242638387589 433
1757482853975 0.07682024742607953 434
1757482854054 0.12102377249631235 435
1757482854142 0.0743825793374581 436
1757482854215 0.13302447603188347 437
1757482854292 0.15889758119351594 438
1757482854375 0.11186270990376103 439
1757482854448 0.12005180226464246 440
1757482854517 0.12258786465868378 441
1757482854594 0.10283499516630518 442
1757482854658 0.07135892705617229 443
1757482854711 0.12102793280683329 444
1757482854765 0.1638015178808593 445
1757482854816 0.09994406340598498 446
1757482854897 0.08783729176263295 447
1757482855001 0.10027826113021006 448
1757482855070 0.1143880707098643 449
1757482855128 0.10834045118773195 450
1757482855212 0.16670656115489976 451
1757482855284 0.11252314117414475 452
1757482855357 0.1307502626757462 453
1757482855423 0.08250047081292271 454
1757482855478 0.1251921481726083 455
1757482855538 0.10634766939653693 456
1757482855589 0.11023456201650728 457
1757482855644 0.12451411026821974 458
1757482855700 0.11174778825272173 459
1757482855754 0.10743652753983253 460
1757482855823 0.05411268613504092 461
1757482855939 0.11846417092805044 462
1757482855993 0.15401144448875462 463
1757482856071 0.16265963450238993 464
1757482856156 0.15119907245302197 465
1757482856224 0.09840862684090934 466
1757482856322 0.11604530298111108 467
1757482856389 0.19786430973539135 468
1757482856477 0.10708040601601622 469
1757482856536 0.1265359315711471 470
1757482856615 0.1236513248069297 471
1757482856688 0.08527877571697424 472
1757482856759 0.05756977483757322 473
1757482856850 0.17373675534432662 474
1757482856901 0.07518251692537072 475
1757482856983 0.11837180255128955 476
1757482857051 0.1784846614815121 477
1757482857130 0.08169000923247763 478
1757482857202 0.07887466611058104 479
1757482857293 0.08280530069851756 480
1757482857376 0.08883576095314256 481
1757482857461 0.12009810627923274 482
1757482857539 0.07977766693096794 483
1757482857613 0.15576092653680573 484
1757482857712 0.052063768491171745 485
1757482857798 0.16166792864753618 486
1757482857870 0.0740480263044272 487
1757482857922 0.13032079950719166 488
1757482858028 0.14028355434864268 489
1757482858116 0.10865711785355381 490
1757482858193 0.10705546752176769 491
1757482858271 0.10074405409494985 492
1757482858322 0.1152710407977694 493
1757482858398 0.11016900609233461 494
1757482858450 0.10462520523017955 495
1757482858510 0.12869472295926046 496
1757482858564 0.08092589271495816 497
1757482858622 0.200389284296371 498
1757482858682 0.07326105995279737 499
