1757431833197 175.434862663631 0
1757431833239 174.07795979244236 1
1757431833269 173.40300470089178 2
1757431833295 172.73011645134318 3
1757431833321 172.0593848595878 4
1757431833347 171.39080282491093 5
1757431833375 170.72436402577716 6
1757431833404 170.0600622306279 7
1757431833431 169.39789130131595 8
1757431833457 168.7378451916803 9
1757431833484 168.07991794617573 10
1757431833510 167.4241036985227 11
1757431833536 166.77039667037783 12
1757431833562 166.11879117002297 13
1757431833591 165.46928159107532 14
1757431833618 164.82186241121516 15
1757431833646 164.1765281909339 16
1757431833673 163.5332735722996 17
1757431833701 162.89209327774174 18
1757431833734 162.25298210885347 19
1757431833764 161.61593494521208 20
1757431833792 160.98094674321655 21
1757431833818 160.34801253494305 22
1757431833843 159.71712742701672 23
1757431833869 159.08828659950092 24
1757431833896 158.46148530480244 25
1757431833922 157.83671886659337 26
1757431833948 157.21398267874878 27
1757431833974 156.59327220430046 28
1757431834002 155.97458297440588 29
1757431834027 155.35791058733264 30
1757431834055 154.74325070745832 31
1757431834080 154.13059906428458 32
1757431834106 153.51995145146662 33
1757431834132 152.9113037258564 34
1757431834159 152.3046518065608 35
1757431834185 151.69999167401298 36
1757431834221 151.09731936905848 37
1757431834255 150.49663099205395 38
1757431834282 149.8979227019802 39
1757431834309 149.3011907155677 40
1757431834336 148.7064313064355 41
1757431834363 148.1136408042427 42
1757431834393 147.5228155938531 43
1757431834426 146.93395211451144 44
1757431834456 146.34704685903256 45
1757431834487 145.76209637300227 46
1757431834517 145.17909725399028 47
1757431834548 144.59804615077482 48
1757431834577 144.0189397625787 49
1757431834606 143.44177483831666 50
1757431834637 142.8665481758544 51
1757431834667 142.29325662127792 52
1757431834699 141.72189706817423 53
1757431834731 141.15246645692272 54
1757431834762 140.5849617739967 55
1757431834790 140.01938005127593 56
1757431834820 139.45571836536877 57
1757431834850 138.8939738369449 58
1757431834879 138.33414363007753 59
1757431834909 137.7762249515959 60
1757431834939 137.22021505044694 61
1757431834966 136.6661112170666 62
1757431834994 136.1139107827607 63
1757431835021 135.56361111909487 64
1757431835048 135.0152096372933 65
1757431835075 134.46870378764694 66
1757431835102 133.9240910589301 67
1757431835132 133.38136897782584 68
1757431835160 132.8405351083602 69
1757431835188 132.30158705134423 70
1757431835215 131.76452244382494 71
1757431835253 131.2293389585441 72
1757431835282 130.69603430340513 73
1757431835309 130.1646062209479 74
1757431835336 129.63505248783147 75
1757431835366 129.1073709143245 76
1757431835393 128.58155934380304 77
1757431835421 128.057615652256 78
1757431835450 127.53553774779806 79
1757431835477 127.01532357018945 80
1757431835509 126.4969710903633 81
1757431835537 125.98047830995976 82
1757431835564 125.46584326086719 83
1757431835591 124.95306400477007 84
1757431835618 124.44213863270373 85
1757431835654 123.9330652646156 86
1757431835708 123.42584204893315 87
1757431835739 122.92046716213804 88
1757431835769 122.4169388083469 89
1757431835799 121.91525521889804 90
1757431835829 121.41541465194453 91
1757431835859 120.91741539205323 92
1757431835888 120.42125574980983 93
1757431835921 119.92693406142975 94
1757431835960 119.43444868837484 95
1757431835990 118.94379801697582 96
1757431836019 118.45498045806023 97
1757431836050 117.96799444658608 98
1757431836080 117.48283844128082 99
1757431836109 116.99951092428574 100
1757431836160 116.51801040080562 101
1757431836189 116.03833539876369 102
1757431836218 115.56048446846165 103
1757431836255 115.08445618224475 104
1757431836287 114.61024913417188 105
1757431836317 114.13786193969062 106
1757431836366 113.66729323531699 107
1757431836400 113.19854167832008 108
1757431836430 112.7316059464114 109
1757431836461 112.26648473743879 110
1757431836491 111.80317676908484 111
1757431836536 111.34168077856992 112
1757431836566 110.88199552235963 113
1757431836602 110.4241197758764 114
1757431836634 109.96805233321568 115
1757431836663 109.51379200686618 116
1757431836691 109.06133762743426 117
1757431836719 108.61068804337256 118
1757431836747 108.1618421207125 119
1757431836777 107.71479874280095 120
1757431836805 107.26955681004063 121
1757431836833 106.82611523963453 122
1757431836861 106.38447296533408 123
1757431836889 105.94462893719106 124
1757431836919 105.50658212131322 125
1757431836954 105.07033149962348 126
1757431836986 104.6358760696229 127
1757431837015 104.20321484415693 128
1757431837044 103.77234685118543 129
1757431837072 103.34327113355569 130
1757431837100 102.91598674877945 131
1757431837129 102.49049276881254 132
1757431837159 102.06678827983843 133
1757431837188 101.64487238205457 134
1757431837217 101.22474418946213 135
1757431837247 100.80640282965884 136
1757431837288 100.38984744363484 137
1757431837317 99.9750771855717 138
1757431837345 99.56209122264428 139
1757431837374 99.15088873482573 140
1757431837403 98.74146891469516 141
1757431837431 98.33383096724847 142
1757431837462 97.92797410971174 143
1757431837491 97.52389757135752 144
1757431837519 97.12160059332385 145
1757431837549 96.72108242843598 146
1757431837578 96.32234234103075 147
1757431837606 95.92537960678352 148
1757431837635 95.53019351253786 149
1757431837663 95.13678335613751 150
1757431837692 94.74514844626115 151
1757431837721 94.35528810225931 152
1757431837749 93.96720165399407 153
1757431837779 93.58088844168074 154
1757431837809 93.19634781573244 155
1757431837837 92.8135791366063 156
1757431837866 92.43258177465269 157
1757431837895 92.05335510996613 158
1757431837924 91.67589853223868 159
1757431837953 91.30021144061558 160
1757431837983 90.92629324355282 161
1757431838013 90.554143358677 162
1757431838043 90.18376121264731 163
1757431838073 89.81514624101938 164
1757431838103 89.44829788811136 165
1757431838140 89.08321560687195 166
1757431838170 88.71989885875028 167
1757431838200 88.35834711356789 168
1757431838229 87.9985598493925 169
1757431838258 87.64053655241383 170
1757431838300 87.28427671682103 171
1757431838329 86.92977984468214 172
1757431838358 86.57704544582528 173
1757431838401 86.22607303772165 174
1757431838431 85.87686214537015 175
1757431838461 85.52941230118392 176
1757431838491 85.1837230448784 177
1757431838520 84.83979392336119 178
1757431838551 84.49762449062351 179
1757431838581 84.15721430763315 180
1757431838611 83.81856294222932 181
1757431838643 83.48166996901872 182
1757431838673 83.14653496927349 183
1757431838703 82.81315753083042 184
1757431838732 82.48153724799182 185
1757431838762 82.15167372142784 186
1757431838793 81.8235665580802 187
1757431838822 81.49721537106744 188
1757431838852 81.17261977959147 189
1757431838882 80.84977940884575 190
1757431838911 80.52869388992445 191
1757431838941 80.20936285973343 192
1757431838972 79.89178596090217 193
1757431839002 79.5759628416972 194
1757431839031 79.2618931559369 195
1757431839062 78.94957656290732 196
1757431839092 78.6390127272795 197
1757431839122 78.33020131902792 198
1757431839152 78.0231420133501 199
1757431839183 77.71783449058769 200
1757431839212 77.4142784361483 201
1757431839242 77.11247354042897 202
1757431839272 76.81241949874028 203
1757431839315 76.51411601123219 204
1757431839346 76.21756278282041 205
1757431839376 75.92275952311424 206
1757431839406 75.6297059463454 207
1757431839436 75.33840177129788 208
1757431839468 75.04884672123887 209
1757431839498 74.76104052385071 210
1757431839529 74.47498291116389 211
1757431839560 74.19067361949104 212
1757431839590 73.90811238936189 213
1757431839620 73.62729896545925 214
1757431839651 73.3482330965559 215
1757431839682 73.07091453545239 216
1757431839712 72.79534303891593 217
1757431839742 72.52151836762002 218
1757431839772 72.2494402860851 219
1757431839804 71.97910856261996 220
1757431839834 71.71052296926428 221
1757431839865 71.44368328173167 222
1757431839895 71.17858927935387 223
1757431839928 70.91524074502573 224
1757431839958 70.65363746515088 225
1757431839989 70.39377922958825 226
1757431840019 70.13566583159955 227
1757431840050 69.87929706779744 228
1757431840081 69.6246727380943 229
1757431840111 69.37179264565212 230
1757431840142 69.12065659683286 231
1757431840172 68.87126440114966 232
1757431840202 68.62361587121882 233
1757431840233 68.3777108227124 234
1757431840265 68.1335490743116 235
1757431840307 67.89113044766087 236
1757431840339 67.65045476732261 237
1757431840369 67.41152186073265 238
1757431840400 67.17501901251993 239
1757431840431 66.94094810009264 240
1757431840461 66.70902040958389 241
1757431840494 66.47917004612347 242
1757431840525 66.25132375407128 243
1757431840557 66.02542039043848 244
1757431840589 65.80140266500761 245
1757431840620 65.579216848844 246
1757431840650 65.35881255452614 247
1757431840681 65.1401425282753 248
1757431840712 64.9231624550156 249
1757431840743 64.70783077550898 250
1757431840774 64.49410851482065 251
1757431840805 64.28195912141491 252
1757431840837 64.0713483162243 253
1757431840867 63.86224395107555 254
1757431840898 63.654634211602755 255
1757431840929 63.448508120683016 256
1757431840960 63.2438302181426 257
1757431840992 63.040577561012036 258
1757431841023 62.838728607284665 259
1757431841054 62.63826313846545 260
1757431841088 62.43916217187951 261
1757431841128 62.24140787817398 262
1757431841162 62.04498350434172 263
1757431841195 61.84987330187566 264
1757431841227 61.65606245971519 265
1757431841258 61.4635370416675 266
1757431841290 61.27228392800753 267
1757431841335 61.082290760979795 268
1757431841369 60.89354589394361 269
1757431841401 60.70603834392034 270
1757431841432 60.519757747316895 271
1757431841466 60.33469431861498 272
1757431841500 60.15083881182923 273
1757431841532 59.96818248455047 274
1757431841565 59.786717064402275 275
1757431841597 59.60643471775064 276
1757431841629 59.42732802051692 277
1757431841660 59.24938993095408 278
1757431841692 59.072613764255706 279
1757431841723 58.89699316887568 280
1757431841755 58.722522104444664 281
1757431841787 58.54919482117675 282
1757431841820 58.377005840667216 283
1757431841854 58.205949937988144 284
1757431841886 58.03602212499567 285
1757431841918 57.867217634767535 286
1757431841950 57.69953190709557 287
1757431841982 57.53296057496251 288
1757431842015 57.36749945193712 289
1757431842047 57.203144520426214 290
1757431842085 57.03989192072602 291
1757431842131 56.87773794081938 292
1757431842176 56.71747368497746 293
1757431842220 56.55866848160885 294
1757431842263 56.40125072520147 295
1757431842307 56.24517850033589 296
1757431842354 56.090411796017385 297
1757431842397 55.93691296615752 298
1757431842440 55.784646563404905 299
1757431842481 55.63357920031673 300
1757431842522 55.483679419114374 301
1757431842564 55.33491756994816 302
1757431842612 55.18726569708982 303
1757431842680 55.04069743252613 304
1757431842726 54.895187896462424 305
1757431842779 54.75071360427759 306
1757431842833 54.60725237950338 307
1757431842890 54.46478327242938 308
1757431842950 54.32328648396214 309
1757431843002 54.182743294391585 310
1757431843055 54.04313599674129 311
1757431843108 53.904447834401246 312
1757431843161 53.76666294276102 313
1757431843208 53.629766294581366 314
1757431843254 53.493743648858675 315
1757431843298 53.3585815029538 316
1757431843356 53.22426704777178 317
1757431843407 53.09078812579327 318
1757431843464 52.95813319177158 319
1757431843508 52.8262912759219 320
1757431843556 52.69525194944056 321
1757431843599 52.56500529220297 322
1757431843643 52.43554186249904 323
1757431843707 52.306852668674075 324
1757431843759 52.17892914255192 325
1757431843830 52.05176311452526 326
1757431843875 51.9253467902056 327
1757431843917 51.7996727285325 328
1757431843961 51.674733821248154 329
1757431844004 51.550523273649816 330
1757431844045 51.42765371616781 331
1757431844087 51.30576713936439 332
1757431844135 51.18484111876584 333
1757431844177 51.064851279672034 334
1757431844219 50.94577428078603 335
1757431844260 50.827587700459894 336
1757431844306 50.71026999160241 337
1757431844360 50.59380043763066 338
1757431844406 50.47815911116415 339
1757431844449 50.36332683521401 340
1757431844493 50.24928514670018 341
1757431844575 50.136016262139215 342
1757431844692 50.02350304535647 343
1757431844736 49.911728977087485 344
1757431844780 49.800678126342284 345
1757431844826 49.690335123415956 346
1757431844871 49.58068513443688 347
1757431844915 49.471713837351686 348
1757431844957 49.363407399253276 349
1757431844999 49.2557524549646 350
1757431845041 49.148736086797534 351
1757431845083 49.042345805411024 352
1757431845125 48.93656953169902 353
1757431845168 48.83139557964252 354
1757431845209 48.72681264006535 355
1757431845253 48.622809765237115 356
1757431845296 48.5193763542709 357
1757431845336 48.41650213926643 358
1757431845379 48.314177172153386 359
1757431845422 48.212391812192415 360
1757431845464 48.1111367140938 361
1757431845507 48.01040281671731 362
1757431845550 47.91018133231844 363
1757431845591 47.81046373630919 364
1757431845636 47.711241757502954 365
1757431845681 47.612507368815955 366
1757431845722 47.51425277839865 367
1757431845763 47.41647042117295 368
1757431845805 47.31915295075223 369
1757431845851 47.222293231722745 370
1757431845965 47.12588433226651 371
1757431846128 47.02991951710701 372
1757431846247 46.93439224075999 373
1757431846385 46.839296141073085 374
1757431846477 46.74462503303898 375
1757431846528 46.6503729028674 376
1757431846620 46.556533902302775 377
1757431846696 46.46310234317458 378
1757431846752 46.37007269216866 379
1757431846829 46.27743956580828 380
1757431846910 46.18519772563431 381
1757431846976 46.09334207357488 382
1757431847034 46.00186764749502 383
1757431847107 45.91076961691763 384
1757431847180 45.820043278907576 385
1757431847247 45.729684054111125 386
1757431847321 45.63968748294341 387
1757431847406 45.55004922191708 388
1757431847459 45.46076504010566 389
1757431847518 45.371830815735386 390
1757431847565 45.28324253289987 391
1757431847620 45.19499627839202 392
1757431847691 45.10708823864803 393
1757431847750 45.01951469679885 394
1757431847830 44.932272029823864 395
1757431847901 44.845356705803205 396
1757431847987 44.75876528126385 397
1757431848059 44.672494398616074 398
1757431848128 44.58654078367622 399
1757431848215 44.500901243272345 400
1757431848310 44.41557266292945 401
1757431848376 44.330552004630974 402
1757431848433 44.24583630465367 403
1757431848480 44.16142267147281 404
1757431848530 44.07730828373509 405
1757431848578 43.993490388296635 406
1757431848623 43.90996629832353 407
1757431848671 43.82673339145257 408
1757431848717 43.74378910800993 409
1757431848775 43.66113094928566 410
1757431848858 43.57875647586192 411
1757431848906 43.49666330599288 412
1757431848968 43.414849114034645 413
1757431849046 43.33331162892323 414
1757431849131 43.25204863269884 415
1757431849289 43.171057959075014 416
1757431849381 43.09033749205088 417
1757431849457 43.009885164565084 418
1757431849541 42.92969895718995 419
1757431849620 42.84977689686453 420
1757431849694 42.77011705566515 421
1757431849748 42.69071754961223 422
1757431849818 42.61157653751207 423
1757431849902 42.53269221983273 424
1757431849953 42.454062837612426 425
1757431850034 42.375686671399684 426
1757431850118 42.29756204022423 427
1757431850286 42.21968730059737 428
1757431850378 42.14206084554121 429
1757431850465 42.064681103645505 430
1757431850582 41.98754653815148 431
1757431850694 41.91065564606166 432
1757431850747 41.83400695727486 433
1757431850805 41.75759903374567 434
1757431850857 41.68143046866749 435
1757431850914 41.60549988567857 436
1757431851051 41.52980593809018 437
1757431851141 41.454347308136384 438
1757431851239 41.37912270624462 439
1757431851383 41.304130870326446 440
1757431851481 41.22937056508804 441
1757431851548 41.154840581359615 442
1757431851640 41.08053973544329 443
1757431851714 41.00646686847884 444
1757431851762 40.93262084582692 445
1757431851802 40.85900055646887 446
1757431851869 40.78560491242321 447
1757431851980 40.7124328481776 448
1757431852071 40.639483320136506 449
1757431852135 40.56675530608369 450
1757431852203 40.494247804659125 451
1757431852315 40.421959834850085 452
1757431852387 40.34989043549588 453
1757431852456 40.278038664805834 454
1757431852517 40.20640359989016 455
1757431852581 40.13498433630337 456
1757431852694 40.06377998759985 457
1757431852841 39.992789684901176 458
1757431852883 39.922012576475005 459
1757431852922 39.85144782732497 460
1757431852961 39.781094618791585 461
1757431853004 39.71095214816349 462
1757431853044 39.64101962829903 463
1757431853083 39.57129628725772 464
1757431853122 39.50178136794143 465
1757431853162 39.43247412774484 466
1757431853202 39.363373838215104 467
1757431853241 39.29447978472035 468
1757431853279 39.22579126612687 469
1757431853317 39.15730759448449 470
1757431853353 39.08902809472033 471
1757431853393 39.02095210434035 472
1757431853434 38.95307897313857 473
1757431853473 38.885408062913875 474
1757431853519 38.81793874719406 475
1757431853559 38.75067041096691 476
1757431853598 38.683602450418235 477
1757431853638 38.61673427267658 478
1757431853680 38.55006529556443 479
1757431853720 38.48359494735579 480
1757431853757 38.41732266653989 481
1757431853795 38.3512479015909 482
1757431853835 38.28537011074356 483
1757431853876 38.21968876177425 484
1757431853920 38.15420333178794 485
1757431853960 38.08891330701018 486
1757431853999 38.023818182584485 487
1757431854039 37.9589174623748 488
1757431854079 37.89421065877288 489
1757431854117 37.829697292510495 490
1757431854158 37.765376892476326 491
1757431854198 37.701248995537426 492
1757431854238 37.63731314636513 493
1757431854276 37.573568897265275 494
1757431854316 37.5100158080126 495
1757431854353 37.44665344568932 496
1757431854394 37.3834813845276 497
1757431854434 37.320499205755944 498
1757431854480 37.257706497449426 499
