1757437594657 25.56825105882058 0
1757437594737 16.98039610597859 1
1757437594802 12.585213900136516 2
1757437594915 5.666516459397195 3
1757437594989 7.412770362971075 4
1757437595072 4.520605246043724 5
1757437595136 1.5619112342844081 6
1757437595213 4.161544575402746 7
1757437595276 0.9868352541308516 8
1757437595347 0.8845950562316883 9
1757437595432 0.3994372200405325 10
1757437595561 0.8686922150524778 11
1757437595637 0.30944600435699327 12
1757437595700 0.34167117646439865 13
1757437595782 0.35749394779517824 14
1757437595850 0.1759450910155838 15
1757437595919 0.20442059516488778 16
1757437596001 0.11122955722446422 17
1757437596090 0.1800124111842672 18
1757437596174 0.13216805108313828 19
1757437596246 0.17739224403306306 20
1757437596306 0.16064516338721413 21
1757437596396 0.11205437315528728 22
1757437596483 0.08610350324824752 23
1757437596577 0.17196601681510507 24
1757437596647 0.12967520134134747 25
1757437596731 0.09938283622538845 26
1757437596797 0.08103428755644936 27
1757437596859 0.12094004876627285 28
1757437596945 0.09164437247879628 29
1757437597012 0.08638367991533193 30
1757437597076 0.10772428756224724 31
1757437597139 0.15011999041422924 32
1757437597203 0.10698259642320225 33
1757437597322 0.1540934959019907 34
1757437597450 0.08697164550641527 35
1757437597567 0.10226040510544693 36
1757437597696 0.11115755006143678 37
1757437597821 0.12339131584198933 38
1757437597964 0.12957997709031024 39
1757437598046 0.12480200911233214 40
1757437598111 0.11261742407188066 41
1757437598176 0.14394247849868713 42
1757437598239 0.09886762395650472 43
1757437598344 0.07664235679991324 44
1757437598409 0.12068923623199776 45
1757437598509 0.10411851827073354 46
1757437598582 0.12045895851420177 47
1757437598676 0.12022164263032399 48
1757437598762 0.0967759480209583 49
1757437598865 0.07442645174367761 50
1757437598964 0.10902248052258492 51
1757437599074 0.0899520843907355 52
1757437599149 0.09507319750938657 53
1757437599212 0.13395359185054928 54
1757437599291 0.09018161611472367 55
1757437599352 0.0723386645591442 56
1757437599453 0.06952461271108965 57
1757437599527 0.1493693041006949 58
1757437599614 0.1662188064100105 59
1757437599715 0.1214556662880682 60
1757437599774 0.06309210463844535 61
1757437599853 0.13635301772747446 62
1757437599921 0.10205756949296026 63
1757437600004 0.11721884814470236 64
1757437600075 0.11434455809243767 65
1757437600136 0.1373754664281224 66
1757437600199 0.09734454116931779 67
1757437600267 0.086480221176224 68
1757437600334 0.16986248842938578 69
1757437600397 0.15114359310014916 70
1757437600460 0.15471830260250952 71
1757437600521 0.11135495277750107 72
1757437600593 0.09739093547314218 73
1757437600656 0.16185113619159716 74
1757437600732 0.11537914576084436 75
1757437600819 0.09823428516339236 76
1757437600909 0.13327647040973387 77
1757437600970 0.11530779825607844 78
1757437601044 0.1348747397377964 79
1757437601129 0.09149934878871678 80
1757437601220 0.07663929654250665 81
1757437601300 0.11751911789254572 82
1757437601375 0.13997938721549616 83
1757437601459 0.07976946811478093 84
1757437601546 0.07867027874800846 85
1757437601610 0.10775942998996112 86
1757437601696 0.2016194415783724 87
1757437601774 0.0953604652131586 88
1757437601840 0.09211737935996017 89
1757437601925 0.1725932829796682 90
1757437602003 0.12438844755334538 91
1757437602089 0.14006450009155946 92
1757437602156 0.07249681396971615 93
1757437602240 0.09671317734427061 94
1757437602305 0.11548671127974058 95
1757437602397 0.09236860111267144 96
1757437602457 0.10408551396540662 97
1757437602538 0.1260797804262421 98
1757437602622 0.15554384400107926 99
1757437602691 0.09831439559440847 100
1757437602757 0.11876546229490205 101
1757437602818 0.08997233654271987 102
1757437602880 0.11084798969910493 103
1757437602948 0.10801447205192852 104
1757437603016 0.16517702890610966 105
1757437603123 0.12554326370679947 106
1757437603200 0.11615037080331748 107
1757437603256 0.13576077560012584 108
1757437603338 0.10527687705968908 109
1757437603413 0.14888212538984222 110
1757437603506 0.057344225812376706 111
1757437603595 0.11294932465897245 112
1757437603678 0.10501973840662224 113
1757437603760 0.08865760928111287 114
1757437603827 0.08493783102843024 115
1757437603890 0.12570782851370288 116
1757437603976 0.12797952382011982 117
1757437604171 0.0608584996798737 118
1757437604280 0.13469059937049876 119
1757437604355 0.06066322539134734 120
1757437604498 0.10475798588998295 121
1757437604594 0.22085146731270214 122
1757437604672 0.12021333859627388 123
1757437604750 0.16048269889055516 124
1757437604806 0.1277066588353594 125
1757437604896 0.12325408370079802 126
1757437605054 0.08162862684777517 127
1757437605137 0.0997869058151883 128
1757437605237 0.10406274288969064 129
1757437605302 0.10372428365645098 130
1757437605406 0.1049953067399264 131
1757437605493 0.12039063467916829 132
1757437605565 0.08704931315207438 133
1757437605631 0.11065011236607389 134
1757437605711 0.1105868256221297 135
1757437605775 0.14996265109079357 136
1757437605847 0.13565723149660314 137
1757437605907 0.10645341604127222 138
1757437605987 0.1480907618213399 139
1757437606074 0.10850276808206084 140
1757437606171 0.09555278943519535 141
1757437606262 0.07263431325610922 142
1757437606348 0.09667473560165421 143
1757437606449 0.13481461544664655 144
1757437606521 0.11232048589897398 145
1757437606603 0.13313439820012338 146
1757437606687 0.08456414709134481 147
1757437606760 0.10366447628691658 148
1757437606831 0.12479782598356379 149
1757437606889 0.12448496563304144 150
1757437606975 0.15753849715357052 151
1757437607069 0.11139164687063373 152
1757437607161 0.057109889647752494 153
1757437607227 0.14971284930150816 154
1757437607291 0.10925453622274302 155
1757437607356 0.10783837414798643 156
1757437607422 0.11330366281800397 157
1757437607511 0.10455686598760727 158
1757437607619 0.07920178430936481 159
1757437607693 0.10454746596790834 160
1757437607766 0.2092767389918051 161
1757437607826 0.08269061133774287 162
1757437607924 0.11869383430746887 163
1757437608000 0.08918884873472357 164
1757437608081 0.07443260218561555 165
1757437608176 0.12475059124396887 166
1757437608239 0.12214345277895357 167
1757437608336 0.11596711597645092 168
1757437608417 0.11195480554136214 169
1757437608505 0.16574765251803691 170
1757437608591 0.08340079526116768 171
1757437608676 0.10557392202322957 172
1757437608756 0.09501536991464873 173
1757437608847 0.07576478399462876 174
1757437608906 0.07112009854828526 175
1757437609006 0.14151501186411 176
1757437609073 0.1281669459233264 177
1757437609209 0.10996869046440279 178
1757437609292 0.12342571217222435 179
1757437609366 0.07329558127856861 180
1757437609458 0.136001942506923 181
1757437609535 0.13580952544261096 182
1757437609600 0.11916303164800826 183
1757437609704 0.076709640942894 184
1757437609788 0.10886295154763281 185
1757437609882 0.1382645149710774 186
1757437609991 0.21835402084132025 187
1757437610089 0.07242922833178563 188
1757437610155 0.08819246158172998 189
1757437610265 0.1443810097504587 190
1757437610367 0.12253672711801525 191
1757437610450 0.14389214306397163 192
1757437610532 0.08534128971812827 193
1757437610634 0.13583215420965683 194
1757437610713 0.12882798839052972 195
1757437610790 0.09090469455420194 196
1757437610867 0.13311347112563243 197
1757437610947 0.1466350098217975 198
1757437611018 0.12315980085114647 199
1757437611099 0.08683669920637799 200
1757437611181 0.08191055467037361 201
1757437611339 0.10115829620958317 202
1757437611465 0.08174025787639648 203
1757437611570 0.1586194797306195 204
1757437611668 0.16146284481750958 205
1757437611784 0.10522247523401818 206
1757437611867 0.08524939034741959 207
1757437611951 0.09789356894169647 208
1757437612039 0.1337495747423191 209
1757437612123 0.1369745830732571 210
1757437612216 0.157744150974555 211
1757437612290 0.11153384078415723 212
1757437612388 0.10900783043192094 213
1757437612473 0.08727339978945706 214
1757437612538 0.12220030998154517 215
1757437612597 0.10969601103772564 216
1757437612669 0.14219114030900662 217
1757437612752 0.07240757889480026 218
1757437612842 0.09420926950310844 219
1757437612942 0.07902403159077966 220
1757437613050 0.13225700665527476 221
1757437613110 0.10123098981183111 222
1757437613190 0.10969942200263585 223
1757437613270 0.10702195234478269 224
1757437613335 0.13648455506788584 225
1757437613398 0.14528835002622065 226
1757437613465 0.1291755447259963 227
1757437613531 0.0719892706851515 228
1757437613600 0.11372528918742482 229
1757437613666 0.14364209175351542 230
1757437613733 0.11418478865709562 231
1757437613798 0.17916015947405023 232
1757437613865 0.056008793175659724 233
1757437613938 0.1401750111687194 234
1757437614017 0.1004061232518146 235
1757437614104 0.13786346378119863 236
1757437614187 0.09562814970735935 237
1757437614248 0.11998080018160563 238
1757437614335 0.13785539524556154 239
1757437614432 0.12117364582503287 240
1757437614515 0.09402719811363251 241
1757437614623 0.13508017880492484 242
1757437614699 0.07794402871138778 243
1757437614799 0.13247945214101287 244
1757437614889 0.11385741731707229 245
1757437614977 0.1009148766817048 246
1757437615047 0.12252109579122862 247
1757437615128 0.12776571857428676 248
1757437615237 0.09629499317263429 249
1757437615324 0.061264503482855955 250
1757437615438 0.10984661105429434 251
1757437615563 0.11286657855873383 252
1757437615638 0.10081859494231034 253
1757437615725 0.09782609669492313 254
1757437615816 0.14721986567779485 255
1757437615878 0.10641013836010109 256
1757437615962 0.1326358905327247 257
1757437616049 0.07729562501769748 258
1757437616126 0.15334275954674073 259
1757437616214 0.13514130102891786 260
1757437616310 0.0695151125003522 261
1757437616403 0.14226974558150243 262
1757437616466 0.14704949434865305 263
1757437616551 0.11329335534480424 264
1757437616645 0.11650587985907136 265
1757437616741 0.09529732811545562 266
1757437616819 0.1357686851063456 267
1757437616913 0.08822362369093531 268
1757437616988 0.13742202929970831 269
1757437617061 0.0868312123908773 270
1757437617150 0.15015130353748218 271
1757437617224 0.11411041851934813 272
1757437617291 0.16473872182459093 273
1757437617363 0.11471481331083434 274
1757437617428 0.10841704310696117 275
1757437617496 0.1285597320051044 276
1757437617559 0.10035659664397681 277
1757437617650 0.09173276072956615 278
1757437617785 0.1581699035641462 279
1757437617915 0.07630784554871663 280
1757437618044 0.0850742195628941 281
1757437618165 0.09946566125511122 282
1757437618291 0.11568015832677095 283
1757437618371 0.07403994946450274 284
1757437618431 0.21133842633009156 285
1757437618527 0.15974727582265716 286
1757437618621 0.12449161797364368 287
1757437618711 0.10298443330671402 288
1757437618796 0.12937361196167266 289
1757437618885 0.10648117155651363 290
1757437618944 0.2270152575131654 291
1757437619051 0.08185894221843863 292
1757437619140 0.0928864348182019 293
1757437619206 0.14212543754118886 294
1757437619276 0.09956225819587564 295
1757437619338 0.15546608157605035 296
1757437619423 0.06983018025265875 297
1757437619488 0.1389848690811213 298
1757437619555 0.08196853493668106 299
1757437619641 0.21462037703985926 300
1757437619742 0.08531183435924794 301
1757437619828 0.10486390910666014 302
1757437619890 0.11341772751159104 303
1757437619986 0.07588820871886144 304
1757437620064 0.10713675992748861 305
1757437620133 0.11908956556225958 306
1757437620206 0.11958817586281252 307
1757437620277 0.127886608033606 308
1757437620346 0.18522066822128497 309
1757437620429 0.08973268138009095 310
1757437620497 0.10353106331247267 311
1757437620574 0.12621289051019535 312
1757437620645 0.12843228462496178 313
1757437620750 0.12005026961342234 314
1757437620867 0.07607424221560757 315
1757437621007 0.08959940697793516 316
1757437621150 0.10442260147194056 317
1757437621267 0.08409714889433878 318
1757437621371 0.1200683236241162 319
1757437621460 0.09863368316131324 320
1757437621540 0.14331007013324076 321
1757437621628 0.12904801595077742 322
1757437621719 0.10805487768534021 323
1757437621819 0.11677340261324348 324
1757437621903 0.09755148087937685 325
1757437621984 0.12570131678457738 326
1757437622085 0.08227504776485532 327
1757437622156 0.11422852081699915 328
1757437622262 0.1072459680366413 329
1757437622348 0.11767447963977341 330
1757437622429 0.08652915371201074 331
1757437622511 0.10157749123316695 332
1757437622609 0.1338398605097434 333
1757437622682 0.11501134016995056 334
1757437622753 0.1475926697297903 335
1757437622826 0.08527970438391802 336
1757437622899 0.1248559651854411 337
1757437622983 0.08513479515412571 338
1757437623070 0.10958667391457341 339
1757437623153 0.05395973615515748 340
1757437623218 0.14116280244957702 341
1757437623300 0.09132591987332976 342
1757437623401 0.10329547290729599 343
1757437623498 0.11083044661187527 344
1757437623577 0.09496163413116532 345
1757437623665 0.062327639980336975 346
1757437623741 0.12316803957219874 347
1757437623823 0.11726733366739682 348
1757437623896 0.14137841493082362 349
1757437623980 0.06748934095011999 350
1757437624046 0.08147269582588407 351
1757437624129 0.14568700199975224 352
1757437624205 0.11302223550476544 353
1757437624358 0.10714348712946047 354
1757437624484 0.11268935929991236 355
1757437624567 0.14323682282466763 356
1757437624737 0.09294397095428916 357
1757437624822 0.10033838982591027 358
1757437624883 0.10367469476170714 359
1757437624942 0.09508244859987149 360
1757437624999 0.17071866147665063 361
1757437625056 0.12577208003849097 362
1757437625111 0.08625555246847741 363
1757437625165 0.13285415442587456 364
1757437625220 0.08034042027877282 365
1757437625275 0.16289743647726668 366
1757437625327 0.0880303607458631 367
1757437625380 0.07322355375269013 368
1757437625434 0.13851097932909986 369
1757437625486 0.10201487126956696 370
1757437625548 0.10879568883009241 371
1757437625600 0.11765542497403758 372
1757437625652 0.18800859030870495 373
1757437625704 0.1176487293471607 374
1757437625756 0.11252653345839993 375
1757437625808 0.20677272875379651 376
1757437625860 0.12591259528075538 377
1757437625913 0.14163193787666462 378
1757437625966 0.12457767297473686 379
1757437626018 0.1045177179854253 380
1757437626072 0.0686365219557363 381
1757437626124 0.07380451132395327 382
1757437626175 0.05771032962509219 383
1757437626231 0.15166021875201627 384
1757437626287 0.15142284793030392 385
1757437626355 0.08121173220277597 386
1757437626414 0.07623901308304926 387
1757437626484 0.20547567179763607 388
1757437626563 0.04679609230273938 389
1757437626622 0.08162408932574818 390
1757437626677 0.14270504856406244 391
1757437626732 0.07630122170027392 392
1757437626787 0.12658239235036925 393
1757437626843 0.0958764791101183 394
1757437626899 0.14294086235405348 395
1757437626953 0.1235553219831715 396
1757437627005 0.0779210499343218 397
1757437627059 0.06597748126134391 398
1757437627111 0.1152091425316521 399
1757437627164 0.06254816277775432 400
1757437627216 0.1769788381873045 401
1757437627269 0.11067464380433589 402
1757437627323 0.09626280699652831 403
1757437627376 0.12445260320712397 404
1757437627429 0.11747249898311216 405
1757437627482 0.11051239322055688 406
1757437627535 0.11792729186379251 407
1757437627596 0.09453960208233383 408
1757437627649 0.07618282097558404 409
1757437627703 0.1218757368476047 410
1757437627756 0.08971044137719582 411
1757437627807 0.07370367352363959 412
1757437627858 0.1368842891519988 413
1757437627911 0.1352756455922137 414
1757437627962 0.07911743954541806 415
1757437628014 0.11144562717265918 416
1757437628067 0.16279081535858467 417
1757437628121 0.12270114480843745 418
1757437628175 0.1535573921765347 419
1757437628227 0.13320212838473391 420
1757437628279 0.09238751930802463 421
1757437628330 0.10087130040137761 422
1757437628382 0.07271907842243713 423
1757437628460 0.12124051588472382 424
1757437628514 0.06675804817287824 425
1757437628579 0.11989748353625576 426
1757437628634 0.07770857390103787 427
1757437628686 0.10780324050278357 428
1757437628740 0.16041671576769967 429
1757437628794 0.11390179264772529 430
1757437628847 0.10397850484367518 431
1757437628901 0.15216789465613426 432
1757437628955 0.08811811735149344 433
1757437629009 0.08215968829018465 434
1757437629062 0.0765417050335147 435
1757437629114 0.0729026177616775 436
1757437629167 0.07939454707463037 437
1757437629219 0.0756181106942978 438
1757437629270 0.0710741259779184 439
1757437629321 0.10164002996711016 440
1757437629373 0.13266307601613306 441
1757437629428 0.07875983814554716 442
1757437629479 0.10591637550690725 443
1757437629531 0.17891232899878323 444
1757437629591 0.12744575414846643 445
1757437629645 0.10030033167458365 446
1757437629696 0.13637953603642997 447
1757437629749 0.14931724929336102 448
1757437629801 0.08218475000140812 449
1757437629885 0.1112449684894186 450
1757437630036 0.15057902662743203 451
1757437630168 0.0907269689257499 452
1757437630280 0.11370691547269574 453
1757437630367 0.11865122921990714 454
1757437630483 0.09593959741358209 455
1757437630549 0.11156386300042388 456
1757437630631 0.19387293176754797 457
1757437630768 0.10083878289622841 458
1757437630878 0.1143877115863587 459
1757437630948 0.15397544337043956 460
1757437631011 0.0865180293240441 461
1757437631074 0.16498948000741828 462
1757437631135 0.12549790311388742 463
1757437631192 0.11841511178611693 464
1757437631249 0.07297401314928995 465
1757437631305 0.12707626663366703 466
1757437631361 0.10949422362739201 467
1757437631419 0.09669374340809361 468
1757437631476 0.15405764270065075 469
1757437631532 0.10223198387650038 470
1757437631588 0.11731996337934181 471
1757437631651 0.1155059464274665 472
1757437631720 0.09564824967044748 473
1757437631787 0.10920505820006728 474
1757437631848 0.0802332697415311 475
1757437631914 0.11837991879695765 476
1757437632008 0.09122626208481405 477
1757437632076 0.13258639972308892 478
1757437632138 0.11806881514891306 479
1757437632199 0.14497744782088884 480
1757437632257 0.13238963236795584 481
1757437632315 0.08066230467684467 482
1757437632373 0.12334050625741386 483
1757437632430 0.16720220250272497 484
1757437632487 0.16423869506718394 485
1757437632547 0.16174641360962785 486
1757437632607 0.1342318871717808 487
1757437632668 0.08354082838914322 488
1757437632724 0.12905782555201392 489
1757437632779 0.09872539555089604 490
1757437632833 0.1368843655649764 491
1757437632889 0.1746704988713078 492
1757437632943 0.11783948726377655 493
1757437632999 0.12037310730718431 494
1757437633054 0.08873319260179967 495
1757437633109 0.10942514329408891 496
1757437633163 0.06296627915224458 497
1757437633218 0.1462917627924747 498
1757437633274 0.11345907808806437 499
