1757507681931 158.65872731068117 0
1757507681989 142.23009884645452 1
1757507682048 137.18507019878268 2
1757507682115 126.84841710552463 3
1757507682176 118.29148196041399 4
1757507682234 114.53890182060319 5
1757507682291 120.95091891552113 6
1757507682349 99.2142006481654 7
1757507682406 95.10403644319588 8
1757507682461 99.60459455016256 9
1757507682519 93.57684096570279 10
1757507682579 86.86913575102285 11
1757507682634 94.10538311078028 12
1757507682690 84.33748206338437 13
1757507682745 82.72868484073501 14
1757507682813 75.34651662048971 15
1757507682872 226.2825875760341 16
1757507682937 62.630573796508244 17
1757507682997 66.64491457429796 18
1757507683069 69.55018274722923 19
1757507683130 66.76675393218129 20
1757507683187 63.20811247682442 21
1757507683245 53.91052329907447 22
1757507683303 61.431715404072236 23
1757507683359 61.10589033117636 24
1757507683416 57.91018211895443 25
1757507683471 63.138758025047686 26
1757507683525 53.17429193744443 27
1757507683582 53.061464628400415 28
1757507683640 51.02797764942272 29
1757507683700 44.426567802505964 30
1757507683760 47.29167568922254 31
1757507683818 51.10433196442863 32
1757507683878 47.18536145831871 33
1757507683935 45.7512201060678 34
1757507683997 45.297804466770636 35
1757507684052 50.865392445655104 36
1757507684111 55.44059669996902 37
1757507684166 39.88610856833817 38
1757507684222 41.2247140019599 39
1757507684280 41.191886194929026 40
1757507684340 39.331461857663214 41
1757507684397 40.05736249655151 42
1757507684454 42.28774743480044 43
1757507684509 41.53781500055891 44
1757507684565 34.96296053027385 45
1757507684622 40.43121581320601 46
1757507684678 39.97624004135445 47
1757507684734 40.109676299257345 48
1757507684789 35.34825051800107 49
1757507684847 37.94872921099549 50
1757507684907 48.07262878691273 51
1757507684973 34.56576293038478 52
1757507685068 35.12720623635613 53
1757507685144 31.514778188440303 54
1757507685214 37.34413945630867 55
1757507685283 34.82717403123527 56
1757507685355 36.44876617591685 57
1757507685421 36.03983649105509 58
1757507685489 33.30300629407949 59
1757507685559 25.265875651720282 60
1757507685633 28.949546426470036 61
1757507685709 31.72395876892219 62
1757507685779 27.250031874053743 63
1757507685854 27.873553184559874 64
1757507685927 32.54434526061857 65
1757507686028 48.08435493257062 66
1757507686102 39.8111904145014 67
1757507686169 29.100478590534703 68
1757507686230 32.63067581861982 69
1757507686291 25.93224488051218 70
1757507686352 35.37218054057956 71
1757507686421 27.73992206343843 72
1757507686486 25.672763735604256 73
1757507686550 61.331627521001224 74
1757507686623 23.84025623015589 75
1757507686691 49.69652307708163 76
1757507686758 25.267214799654326 77
1757507686825 25.358692904991234 78
1757507686897 29.10754955024113 79
1757507686977 56.13245052823028 80
1757507687084 25.70350658450097 81
1757507687166 28.606600657449768 82
1757507687231 23.10775018831422 83
1757507687295 24.716645221859658 84
1757507687356 25.78921148049721 85
1757507687419 23.645831074463715 86
1757507687479 31.939840486467165 87
1757507687540 23.23583434689117 88
1757507687601 28.061167460743192 89
1757507687662 22.77222954511978 90
1757507687725 24.245077450311136 91
1757507687789 42.44928676965834 92
1757507687848 38.03599158642703 93
1757507687907 21.620360352935084 94
1757507687968 24.49790078252875 95
1757507688033 19.58837872924163 96
1757507688094 22.280090854123927 97
1757507688151 23.756657868114782 98
1757507688209 21.529806891333628 99
1757507688267 23.672769321028692 100
1757507688324 22.409762542090508 101
1757507688382 25.496070331627877 102
1757507688441 22.037889808839733 103
1757507688499 31.06931257146819 104
1757507688561 37.18045936661907 105
1757507688620 24.563140876920098 106
1757507688681 23.279529987361077 107
1757507688737 18.10618701272938 108
1757507688796 23.465402502598195 109
1757507688855 20.733036976230387 110
1757507688913 18.79345994718551 111
1757507688974 24.63765202476397 112
1757507689031 56.23880886674373 113
1757507689106 56.426214338272146 114
1757507689177 18.52878829819078 115
1757507689238 19.50148262167503 116
1757507689300 23.167669702424583 117
1757507689359 22.28422431575092 118
1757507689419 17.737116813661803 119
1757507689477 24.022318367061708 120
1757507689536 16.644454867124097 121
1757507689596 31.756739818327105 122
1757507689654 21.62427062752796 123
1757507689715 24.74884012814994 124
1757507689773 52.00404342632316 125
1757507689833 29.635613488616798 126
1757507689890 16.685683648068885 127
1757507689949 28.54369660230611 128
1757507690006 30.859556978341278 129
1757507690063 28.85905188607468 130
1757507690127 20.44175572925453 131
1757507690188 15.751582516417153 132
1757507690247 30.216310876132088 133
1757507690308 17.285653754936252 134
1757507690373 27.965489807821694 135
1757507690430 21.19335823380755 136
1757507690488 23.500376536386153 137
1757507690546 14.77255562891531 138
1757507690605 23.316175061868606 139
1757507690663 15.171075110287656 140
1757507690723 21.689786502605127 141
1757507690781 16.906398915090662 142
1757507690839 18.146340974316203 143
1757507690933 22.738909754005817 144
1757507691009 14.931289076481972 145
1757507691071 27.707540581470948 146
1757507691144 19.045535288805738 147
1757507691207 13.674041588583155 148
1757507691265 21.076296381107085 149
1757507691323 18.27880632177684 150
1757507691384 21.36133573239225 151
1757507691443 15.260525371203963 152
1757507691503 30.974784100741893 153
1757507691562 17.66548936536885 154
1757507691623 38.245817814785106 155
1757507691681 91.7686454849524 156
1757507691741 19.35020675638377 157
1757507691803 15.473608408505978 158
1757507691864 13.638514677427482 159
1757507691923 16.512851913755757 160
1757507691982 16.540572491076322 161
1757507692041 15.798360959150273 162
1757507692100 14.377547120858793 163
1757507692186 19.736044281027436 164
1757507692268 14.052471366531291 165
1757507692375 15.211512066288538 166
1757507692440 16.642609580660658 167
1757507692504 14.289075827249198 168
1757507692565 18.154629190965505 169
1757507692625 29.560828966702644 170
1757507692684 17.905414841820164 171
1757507692748 13.178138743182235 172
1757507692887 14.5435383898627 173
1757507693039 22.487563402728274 174
1757507693176 25.35601502642401 175
1757507693261 16.123985034035226 176
1757507693334 19.588805009125615 177
1757507693406 12.304204075277328 178
1757507693510 14.991542954153807 179
1757507693640 14.747615263927846 180
1757507693759 12.869220819917441 181
1757507693978 16.251234958891036 182
1757507694097 15.273382928355113 183
1757507694174 16.22629564109316 184
1757507694249 12.601643769445648 185
1757507694321 11.519688392801108 186
1757507694389 12.006369618393691 187
1757507694456 14.771159977702615 188
1757507694522 12.55916321592387 189
1757507694587 17.67627766813979 190
1757507694653 13.526294535298353 191
1757507694718 18.086098184237237 192
1757507694783 17.353851555164194 193
1757507694848 14.766017382889089 194
1757507694913 12.635730419296339 195
1757507694977 12.365669040484697 196
1757507695041 13.076616787551691 197
1757507695104 14.271247279161047 198
1757507695178 12.666462761007255 199
1757507695241 8.99851345408665 200
1757507695302 18.017305869618262 201
1757507695363 11.595288665100783 202
1757507695426 11.745852966142047 203
1757507695486 12.819423698701819 204
1757507695546 12.173539198196682 205
1757507695610 12.103908868093194 206
1757507695670 10.195619911454475 207
1757507695730 13.019026537696655 208
1757507695793 16.85861811786451 209
1757507695856 16.624072953083125 210
1757507695918 13.235962587040268 211
1757507695979 12.455541777943854 212
1757507696041 11.15950740335355 213
1757507696101 12.560018920448252 214
1757507696162 14.567390695082878 215
1757507696232 11.801855202949955 216
1757507696294 10.56873574269861 217
1757507696354 14.687325022069155 218
1757507696416 13.261523642667294 219
1757507696476 18.909963817041803 220
1757507696535 16.014390249548224 221
1757507696595 11.609694478906796 222
1757507696657 13.59484070187886 223
1757507696716 12.07549150077534 224
1757507696774 13.028924559970735 225
1757507696834 10.538327197083756 226
1757507696894 14.401648926922109 227
1757507696955 16.636108388488903 228
1757507697014 11.433533978940424 229
1757507697075 11.792234720993362 230
1757507697136 10.26178108154694 231
1757507697201 14.740892408592481 232
1757507697266 14.945970794298013 233
1757507697325 13.113138878007632 234
1757507697384 11.27145356711626 235
1757507697444 11.216420106683866 236
1757507697507 11.726509094740974 237
1757507697570 11.15069665990484 238
1757507697635 12.119071028309545 239
1757507697696 11.100926004824947 240
1757507697757 12.139818334326256 241
1757507697820 11.341834635389757 242
1757507697882 13.74635649255428 243
1757507697948 10.638364926569155 244
1757507698011 12.372639114685466 245
1757507698074 11.999995249870993 246
1757507698138 9.971777474901193 247
1757507698201 12.890556187843673 248
1757507698276 12.466097833276535 249
1757507698341 11.535576511028077 250
1757507698404 11.765683139862197 251
1757507698466 12.163816049875052 252
1757507698529 10.112143268403168 253
1757507698592 12.667250603101497 254
1757507698655 8.448604009875663 255
1757507698719 9.480185073362666 256
1757507698784 14.602336135432443 257
1757507698851 11.736102117025741 258
1757507698914 11.624811799057829 259
1757507698980 9.038224114499211 260
1757507699044 12.088751619898712 261
1757507699106 12.284435203721598 262
1757507699171 8.699546746168448 263
1757507699241 15.22004279364747 264
1757507699309 25.16764839117779 265
1757507699372 9.69602158813129 266
1757507699463 9.591520937707775 267
1757507699529 11.488967933370358 268
1757507699594 8.671424423696386 269
1757507699664 10.225624203692634 270
1757507699729 20.458316464741873 271
1757507699794 10.381393471457644 272
1757507699859 9.360742612298793 273
1757507699927 13.579214056691782 274
1757507699991 10.690617461372064 275
1757507700057 10.417766598730884 276
1757507700124 12.062107335985464 277
1757507700191 11.486206733648148 278
1757507700257 12.163436013954568 279
1757507700332 8.45055081816456 280
1757507700396 10.298496646392623 281
1757507700459 9.361653061421293 282
1757507700557 11.974760853292572 283
1757507700634 13.597273053770117 284
1757507700708 11.160013964623861 285
1757507700783 9.05684704983008 286
1757507700861 9.568451600732299 287
1757507700937 11.302212422381702 288
1757507701015 10.540369515008882 289
1757507701096 9.39644967563976 290
1757507701171 9.122458818432513 291
1757507701249 11.734606394499314 292
1757507701334 9.889441092974598 293
1757507701406 7.304992085360046 294
1757507701477 11.81810363907773 295
1757507701547 11.108602983424205 296
1757507701610 8.517581790017525 297
1757507701677 11.262491516620054 298
1757507701744 8.408864943038346 299
1757507701812 9.245603739779925 300
1757507701880 11.676884279349519 301
1757507701948 8.150514843849306 302
1757507702014 11.205995191149546 303
1757507702084 7.85075857912204 304
1757507702155 14.52183909367408 305
1757507702229 9.279315187530376 306
1757507702317 8.508201268784427 307
1757507702411 20.463692831563744 308
1757507702543 7.406512425105955 309
1757507702627 8.022784163602712 310
1757507702706 10.737957243866466 311
1757507702777 41.56850000943382 312
1757507702851 13.228382774251555 313
1757507702925 10.715707280131626 314
1757507702994 8.988741506102143 315
1757507703065 6.443387840507222 316
1757507703134 7.850187506079359 317
1757507703214 8.10691511761642 318
1757507703285 15.938300558632944 319
1757507703366 9.330657045658734 320
1757507703433 11.567574396059356 321
1757507703500 7.76766267984954 322
1757507703567 11.011534776021062 323
1757507703646 6.313442908390103 324
1757507703712 8.480904206783997 325
1757507703779 9.386690662435761 326
1757507703844 8.569160722666957 327
1757507703926 6.53356845035166 328
1757507703993 7.978469750384167 329
1757507704058 9.176781791688533 330
1757507704122 8.947149137888477 331
1757507704194 15.320945345959558 332
1757507704263 6.918331716145213 333
1757507704327 8.064277292889908 334
1757507704399 11.114874663516702 335
1757507704463 8.561232045764644 336
1757507704526 7.179289118313423 337
1757507704589 7.553976011325418 338
1757507704656 38.02069189873589 339
1757507704720 11.684501318209252 340
1757507704783 9.667279853949042 341
1757507704847 9.459051258310925 342
1757507704910 6.352977757147275 343
1757507704973 8.320435296515683 344
1757507705045 7.779159152386523 345
1757507705109 5.641620839745934 346
1757507705173 6.4120580819655775 347
1757507705282 12.752760681668668 348
1757507705408 7.874468636010982 349
1757507705576 9.478710612282713 350
1757507705701 8.551277023372354 351
1757507705813 6.832733390163212 352
1757507705911 6.560443802328419 353
1757507706050 9.04711485205536 354
1757507706190 11.285670708840856 355
1757507706272 6.3566358383579455 356
1757507706340 7.111882980016905 357
1757507706417 5.429010997876182 358
1757507706483 7.6378382768415545 359
1757507706553 7.02467218545862 360
1757507706621 7.127582928850806 361
1757507706686 6.3326566737044345 362
1757507706750 6.544808689302696 363
1757507706817 7.613793632299384 364
1757507706881 8.159436514295718 365
1757507706944 7.028577428178597 366
1757507707011 6.679977686687323 367
1757507707075 8.29260016113867 368
1757507707141 4.927158874110654 369
1757507707208 9.134359498778199 370
1757507707272 7.400344441252422 371
1757507707336 8.440339914135468 372
1757507707401 5.253962564750247 373
1757507707477 34.6343594792645 374
1757507707541 7.908598736989657 375
1757507707605 8.30280632332502 376
1757507707674 7.5919974784973165 377
1757507707738 8.279688475869373 378
1757507707802 7.324694317000828 379
1757507707867 11.74954900004516 380
1757507707931 7.256581210281664 381
1757507707997 7.366866368294546 382
1757507708071 5.319988281177494 383
1757507708143 6.736644192766188 384
1757507708209 9.192954669250032 385
1757507708274 6.692031901573792 386
1757507708341 7.224407643718845 387
1757507708405 8.502526458667598 388
1757507708475 6.5408531337574 389
1757507708541 7.72447998528388 390
1757507708607 7.4097376556580885 391
1757507708673 6.089413527134519 392
1757507708739 5.985728736322302 393
1757507708803 5.227464353984485 394
1757507708866 6.410134179412272 395
1757507708930 4.944181993638529 396
1757507708995 6.779171011618353 397
1757507709058 6.34245254286421 398
1757507709124 7.2436940903807026 399
1757507709190 7.458058445958738 400
1757507709255 8.289429814509486 401
1757507709319 5.005989222054079 402
1757507709383 8.0743271240389 403
1757507709455 6.215223193491655 404
1757507709525 6.4651231714137705 405
1757507709592 5.311740506821994 406
1757507709658 4.934494326529073 407
1757507709725 6.585751735328509 408
1757507709791 5.334862985389168 409
1757507709855 5.905003810885259 410
1757507709918 6.704084109887559 411
1757507709982 6.379621104559136 412
1757507710052 5.837117799437691 413
1757507710116 5.707736339218971 414
1757507710182 6.796867569329632 415
1757507710247 6.175952662000851 416
1757507710312 5.613361285095656 417
1757507710375 5.61112842086854 418
1757507710441 6.399560148868503 419
1757507710514 6.724736336623528 420
1757507710580 5.46561706928718 421
1757507710646 7.243072950928013 422
1757507710712 4.879226194118604 423
1757507710778 6.240971932346164 424
1757507710843 7.309251406836332 425
1757507710909 6.344471220356795 426
1757507710973 5.179163796996365 427
1757507711038 11.403970040309998 428
1757507711106 5.09230195315559 429
1757507711171 4.890254206571668 430
1757507711237 11.700633088618828 431
1757507711303 6.036663307888113 432
1757507711368 6.389768130610086 433
1757507711433 5.844780232252371 434
1757507711503 4.714699878445262 435
1757507711568 4.822455248178431 436
1757507711649 5.848527194381248 437
1757507711717 4.13060231330827 438
1757507711781 5.613285199667925 439
1757507711846 25.144630770872876 440
1757507711912 4.6380842249637 441
1757507711978 5.250196361678392 442
1757507712041 5.614076286159653 443
1757507712110 4.718281556897139 444
1757507712177 4.3863293555311555 445
1757507712243 5.515133408786587 446
1757507712308 6.010438651050986 447
1757507712372 3.5210067615909484 448
1757507712436 6.376405095691795 449
1757507712503 4.243621515160749 450
1757507712570 5.24884328638639 451
1757507712635 5.56919843825536 452
1757507712701 6.731299749223423 453
1757507712769 4.845923477251779 454
1757507712834 7.407956421224791 455
1757507712898 4.841962763791246 456
1757507712963 5.2825839969101525 457
1757507713026 4.588409489275134 458
1757507713090 4.016194742668516 459
1757507713157 5.2493619018651465 460
1757507713228 3.5896259383751685 461
1757507713293 5.725727877381855 462
1757507713357 5.164931373144445 463
1757507713424 4.877923693531671 464
1757507713489 4.955764860939067 465
1757507713561 4.018632847875656 466
1757507713628 22.61516138872453 467
1757507713693 4.259216791578736 468
1757507713761 4.521109120473977 469
1757507713828 2.8077676978687687 470
1757507713894 4.806749931302628 471
1757507713959 4.466302620812513 472
1757507714023 6.260704703684507 473
1757507714094 4.491387859616338 474
1757507714160 4.338720078609585 475
1757507714231 5.396791805051289 476
1757507714299 4.443787560361927 477
1757507714363 5.411273912016131 478
1757507714439 4.5028425529386435 479
1757507714507 5.240325885755136 480
1757507714584 4.6068887684259625 481
1757507714651 4.412823220906112 482
1757507714719 3.591706147943281 483
1757507714787 3.21503010085066 484
1757507714853 4.175012292609925 485
1757507714919 6.629522437680986 486
1757507714984 4.179681092737233 487
1757507715050 3.7288687279151342 488
1757507715116 4.311864903306912 489
1757507715183 6.1549400056664725 490
1757507715250 5.259901287849647 491
1757507715316 3.088166320629 492
1757507715381 3.5447074486399814 493
1757507715447 4.014936644367541 494
1757507715514 22.789920797204502 495
1757507715587 4.296877243078851 496
1757507715653 6.0440432249996725 497
1757507715719 4.277486071209982 498
1757507715786 4.799570931673768 499
