1757434825145 170.09903778740727 0
1757434825192 170.07434343306016 1
1757434825241 170.05830147719544 2
1757434825285 170.04240860838618 3
1757434825326 170.02671348325697 4
1757434825371 170.01121330544353 5
1757434825413 169.99590563170767 6
1757434825458 169.98078804755838 7
1757434825499 169.96585816891448 8
1757434825540 169.95111364170833 9
1757434825580 169.93655214150746 10
1757434825620 169.92217137314094 11
1757434825659 169.90796907033044 12
1757434825700 169.89394299532603 13
1757434825741 169.8800909385464 14
1757434825784 169.86641071822362 15
1757434825830 169.8529001800528 16
1757434825875 169.83955719684553 17
1757434825928 169.82637966818817 18
1757434825977 169.81336552010418 19
1757434826024 169.80051270472094 20
1757434826069 169.78781919994074 21
1757434826117 169.77528300911544 22
1757434826163 169.76290216072601 23
1757434826215 169.75067470806573 24
1757434826258 169.73859872892714 25
1757434826303 169.72667232529324 26
1757434826345 169.71489362303285 27
1757434826388 169.70326077159913 28
1757434826452 169.69177194373245 29
1757434826641 169.68042533516663 30
1757434826773 169.66921916433955 31
1757434826881 169.65815167210636 32
1757434826976 169.6472211214573 33
1757434827036 169.63642579723856 34
1757434827097 169.62576400587676 35
1757434827174 169.61523407510686 36
1757434827267 169.60483435370372 37
1757434827323 169.5945632112168 38
1757434827377 169.58441903770824 39
1757434827440 169.5744002434944 40
1757434827524 169.56450525889056 41
1757434827586 169.55473253395877 42
1757434827675 169.545080538259 43
1757434827754 169.53554776060338 44
1757434827940 169.52613270881355 45
1757434828053 169.51683390948105 46
1757434828123 169.5076499077308 47
1757434828232 169.49857926698732 48
1757434828312 169.4896205687444 49
1757434828384 169.48077241233716 50
1757434828459 169.4720334147172 51
1757434828546 169.46340221023053 52
1757434828655 169.45487745039856 53
1757434828774 169.4464578037014 54
1757434828906 169.43814195536433 55
1757434828988 169.42992860714662 56
1757434829097 169.42181647713323 57
1757434829181 169.413804299529 58
1757434829275 169.40589082445575 59
1757434829368 169.39807481775125 60
1757434829447 169.39035506077158 61
1757434829784 169.38273035019543 62
1757434829934 169.37519949783092 63
1757434830029 169.36776133042508 64
1757434830119 169.3604146894756 65
1757434830218 169.35315843104476 66
1757434830307 169.34599142557622 67
1757434830399 169.33891255771348 68
1757434830496 169.33192072612124 69
1757434830588 169.32501484330854 70
1757434830695 169.3181938354543 71
1757434830841 169.31145664223536 72
1757434830918 169.30480221665584 73
1757434830993 169.29822952487996 74
1757434831110 169.2917375460656 75
1757434831212 169.28532527220094 76
1757434831279 169.2789917079426 77
1757434831382 169.27273587045622 78
1757434831458 169.26655678925871 79
1757434831558 169.26045350606273 80
1757434831624 169.25442507462296 81
1757434831712 169.2484705605845 82
1757434831785 169.24258904133296 83
1757434831856 169.23677960584658 84
1757434831924 169.2310413545502 85
1757434832001 169.22537339917116 86
1757434832071 169.21977486259667 87
1757434832162 169.21424487873355 88
1757434832237 169.20878259236906 89
1757434832309 169.2033871590342 90
1757434832386 169.1980577448679 91
1757434832469 169.19279352648408 92
1757434832534 169.18759369083898 93
1757434832607 169.18245743510138 94
1757434832696 169.17738396652376 95
1757434832761 169.17237250231528 96
1757434832824 169.1674222695164 97
1757434832892 169.1625325048752 98
1757434832963 169.15770245472484 99
1757434833029 169.152931374863 100
1757434833105 169.14821853043262 101
1757434833190 169.14356319580418 102
1757434833270 169.1389646544597 103
1757434833408 169.13442219887762 104
1757434833556 169.12993513041977 105
1757434833658 169.1255027592194 106
1757434833717 169.12112440407068 107
1757434833838 169.1167993923198 108
1757434833956 169.11252705975693 109
1757434834030 169.10830675051034 110
1757434834088 169.10413781694106 111
1757434834154 169.10001961953924 112
1757434834237 169.0959515268219 113
1757434834363 169.0919329152319 114
1757434834445 169.08796316903783 115
1757434834502 169.08404168023594 116
1757434834555 169.08016784845245 117
1757434834602 169.07634108084747 118
1757434834649 169.0725607920206 119
1757434834695 169.06882640391666 120
1757434834741 169.0651373457336 121
1757434834786 169.06149305383101 122
1757434834830 169.05789297164011 123
1757434834872 169.05433654957454 124
1757434834917 169.05082324494256 125
1757434834961 169.04735252186023 126
1757434835004 169.04392385116563 127
1757434835048 169.04053671033444 128
1757434835094 169.037190583396 129
1757434835139 169.0338849608514 130
1757434835182 169.03061933959128 131
1757434835226 169.02739322281604 132
1757434835270 169.02420611995618 133
1757434835313 169.02105754659362 134
1757434835362 169.01794702438468 135
1757434835418 169.01487408098342 136
1757434835477 169.01183824996616 137
1757434835521 169.00883907075684 138
1757434835566 169.00587608855378 139
1757434835611 169.00294885425652 140
1757434835658 169.00005692439436 141
1757434835705 168.99719986105555 142
1757434835750 168.99437723181705 143
1757434835796 168.99158860967572 144
1757434835842 168.9888335729801 145
1757434835889 168.98611170536282 146
1757434835932 168.9834225956744 147
1757434835977 168.98076583791735 148
1757434836024 168.9781410311815 149
1757434836071 168.97554777957995 150
1757434836123 168.9729856921858 151
1757434836174 168.97045438296982 152
1757434836220 168.96795347073865 153
1757434836272 168.96548257907423 154
1757434836320 168.9630413362736 155
1757434836365 168.9606293752894 156
1757434836409 168.95824633367153 157
1757434836456 168.95589185350926 158
1757434836526 168.95356558137402 159
1757434836574 168.9512671682632 160
1757434836620 168.94899626954412 161
1757434836665 168.94675254489954 162
1757434836713 168.944535658273 163
1757434836758 168.94234527781532 164
1757434836805 168.94018107583176 165
1757434836849 168.93804272872967 166
1757434836896 168.935929916967 167
1757434836941 168.9338423250011 168
1757434836986 168.93177964123882 169
1757434837032 168.92974155798643 170
1757434837078 168.92772777140078 171
1757434837135 168.925737981441 172
1757434837181 168.92377189182034 173
1757434837227 168.9218292099592 174
1757434837274 168.91990964693855 175
1757434837320 168.91801291745367 176
1757434837365 168.9161387397689 177
1757434837410 168.9142868356727 178
1757434837455 168.91245693043328 179
1757434837513 168.91064875275498 180
1757434837557 168.90886203473482 181
1757434837600 168.90709651182019 182
1757434837643 168.90535192276639 183
1757434837687 168.90362800959525 184
1757434837730 168.90192451755402 185
1757434837773 168.90024119507473 186
1757434837817 168.89857779373426 187
1757434837860 168.8969340682148 188
1757434837903 168.89530977626467 189
1757434837947 168.89370467866 190
1757434837994 168.89211853916652 191
1757434838064 168.890551124502 192
1757434838232 168.8890022042991 193
1757434838342 168.88747155106898 194
1757434838460 168.88595894016473 195
1757434838607 168.88446414974595 196
1757434838658 168.8829869607435 197
1757434838734 168.88152715682426 198
1757434838819 168.8800845243573 199
1757434838928 168.8786588523796 200
1757434839011 168.87724993256253 201
1757434839082 168.8758575591789 202
1757434839134 168.87448152907012 203
1757434839183 168.87312164161392 204
1757434839231 168.87177769869263 205
1757434839289 168.87044950466165 206
1757434839337 168.8691368663183 207
1757434839383 168.86783959287123 208
1757434839428 168.86655749591 209
1757434839473 168.8652903893754 210
1757434839521 168.86403808952966 211
1757434839570 168.86280041492742 212
1757434839617 168.861577186387 213
1757434839663 168.8603682269618 214
1757434839712 168.85917336191233 215
1757434839758 168.8579924186785 216
1757434839803 168.85682522685218 217
1757434839848 168.85567161815018 218
1757434839895 168.85453142638767 219
1757434839943 168.8534044874517 220
1757434839989 168.85229063927528 221
1757434840034 168.85118972181152 222
1757434840077 168.85010157700856 223
