1757502418054 100.19662825323017 0
1757502418116 67.1389243454715 1
1757502418193 47.137714739745036 2
1757502418257 41.98917865690482 3
1757502418319 94.76781862286646 4
1757502418382 30.804657615119964 5
1757502418441 31.306447787899916 6
1757502418497 27.045586673801328 7
1757502418567 21.582184900055807 8
1757502418627 28.6557614130808 9
1757502418683 19.084957825579163 10
1757502418741 25.67198361075062 11
1757502418799 17.04202079923698 12
1757502418856 19.487046808372092 13
1757502418912 19.97818717113319 14
1757502418969 21.192490288102128 15
1757502419029 16.52837222126244 16
1757502419154 12.013852211288793 17
1757502419221 20.111380402299066 18
1757502419284 15.32377560902009 19
1757502419343 17.68715315648183 20
1757502419404 13.571827420574133 21
1757502419462 12.140863677518832 22
1757502419519 10.68077497497304 23
1757502419592 10.56445183363418 24
1757502419652 11.417021879188363 25
1757502419724 10.899109091553619 26
1757502419783 11.295348738979618 27
1757502419839 11.937701038607267 28
1757502419894 11.738552354655456 29
1757502419952 13.551869952452046 30
1757502420008 8.35208278785419 31
1757502420067 15.424644301513476 32
1757502420221 9.074644330854763 33
1757502420290 6.735995193178411 34
1757502420351 9.407709559821464 35
1757502420416 9.128311746800366 36
1757502420503 8.986539178593217 37
1757502420568 6.319528814643437 38
1757502420625 5.532747079660159 39
1757502420687 6.06962899669321 40
1757502420747 6.5615158278914665 41
1757502420805 6.63092838616483 42
1757502420868 11.210712432792866 43
1757502420933 6.925375634518428 44
1757502420994 11.302443461892063 45
1757502421052 5.658881797286778 46
1757502421109 5.83609658639773 47
1757502421166 9.247618489723118 48
1757502421220 6.272252904416907 49
1757502421283 5.252917736430931 50
1757502421338 5.2185512222281565 51
1757502421393 5.45204207616608 52
1757502421448 5.164538842230104 53
1757502421504 4.474935457680968 54
1757502421560 5.831383899686084 55
1757502421628 4.630583257355744 56
1757502421682 5.415179859043126 57
1757502421739 4.194721728275083 58
1757502421797 5.481020646234236 59
1757502421852 8.209344184314812 60
1757502421907 4.288263548741376 61
1757502421964 4.244811604582711 62
1757502422017 4.383154544708498 63
1757502422072 4.330074515204665 64
1757502422126 3.961195637619937 65
1757502422183 2.98938837934521 66
1757502422239 2.4020280486457004 67
1757502422296 3.0541905515904975 68
1757502422352 4.820064183589373 69
1757502422407 2.476167053066652 70
1757502422466 3.0510757212052293 71
1757502422532 3.9125185397674844 72
1757502422597 5.867353699764738 73
1757502422657 3.0555848979310407 74
1757502422712 3.6064353540898892 75
1757502422770 3.893711721967717 76
1757502422828 3.1588044520498286 77
1757502422885 5.314621162894567 78
1757502422946 2.419076082313897 79
1757502423036 3.0508383960343437 80
1757502423108 2.9288106595910226 81
1757502423177 3.2240932863621232 82
1757502423246 2.7998406987801236 83
1757502423330 3.220047769899137 84
1757502423398 2.301815712341876 85
1757502423465 2.504397165543005 86
1757502423532 1.7404800755396705 87
1757502423594 2.6552608529032864 88
1757502423661 2.1855586018275255 89
1757502423720 2.46215805635552 90
1757502423781 2.2136654990246445 91
1757502423841 2.7259129556068005 92
1757502423901 2.3304747141135294 93
1757502423978 2.6465190566172265 94
1757502424064 2.0771180727120666 95
1757502424141 2.2477181013607335 96
1757502424204 1.8120881716811146 97
1757502424265 2.0514013454008757 98
1757502424326 2.4297471319480652 99
1757502424384 2.216125142238171 100
1757502424444 2.1227622915487534 101
1757502424500 1.664669901591963 102
1757502424557 2.1691981101831637 103
1757502424615 3.5449474603739035 104
1757502424680 2.2614155761407275 105
1757502424738 1.4582863355267799 106
1757502424800 1.6274490240963366 107
1757502424861 1.8000403148536541 108
1757502424920 2.037151627420632 109
1757502424976 1.5217742522490718 110
1757502425032 1.8781759043033446 111
1757502425088 2.154989435122435 112
1757502425143 1.8966865400354347 113
1757502425201 1.7070888989914328 114
1757502425259 2.0180207585467334 115
1757502425320 1.8847327669787806 116
1757502425381 1.4431082639591317 117
1757502425437 1.9619531216731199 118
1757502425495 1.798953329497449 119
1757502425551 1.6647117406586556 120
1757502425606 2.135115198305116 121
1757502425670 1.5008961179357698 122
1757502425724 1.793270918208121 123
1757502425779 1.3456912579690605 124
1757502425835 1.9581454559576328 125
1757502425893 1.2530578110502477 126
1757502425948 1.6092102140933682 127
1757502426005 1.8146830881335558 128
1757502426063 1.751340857043093 129
1757502426120 1.8239445244879129 130
1757502426174 1.2761539015212657 131
1757502426227 1.7932584535692992 132
1757502426281 1.5210837873717058 133
1757502426336 1.2873278806998767 134
1757502426390 1.3291888886816803 135
1757502426444 1.5480061300824801 136
1757502426498 2.0552424912091722 137
1757502426551 1.3467284186120771 138
1757502426605 1.1932967867967024 139
1757502426659 1.1579406112037132 140
1757502426721 2.8118789049921737 141
1757502426778 2.3897007081891375 142
1757502426839 1.7085877280047204 143
1757502426897 1.975522576892863 144
1757502426952 1.3925954457879695 145
1757502427016 1.026941313701989 146
1757502427083 1.175257136113627 147
1757502427151 1.3335313461573135 148
1757502427210 1.227073393640238 149
1757502427272 1.2727973613938925 150
1757502427417 1.4973124579161237 151
1757502427566 1.505948585222847 152
1757502427687 1.6164535185233202 153
1757502427762 2.5571831712831457 154
1757502427833 2.0893649473291216 155
1757502427898 1.1428510928169906 156
1757502427993 1.5475274015400051 157
1757502428124 0.9168949275718928 158
1757502428237 1.3540121869107928 159
1757502428316 1.2306619681315747 160
1757502428378 1.258809102998983 161
1757502428474 1.6342232746835208 162
1757502428537 1.238865382285239 163
1757502428598 1.048992156871708 164
1757502428658 1.3067849643715366 165
1757502428729 1.441629676813062 166
1757502428790 1.2521209814282286 167
1757502428849 1.064709283201032 168
1757502428909 1.0336836543360592 169
1757502428969 0.8363180359745884 170
1757502429027 1.3636264089529835 171
1757502429087 1.0109762019354138 172
1757502429146 1.210567907904401 173
1757502429203 1.349517008801968 174
1757502429258 0.9704346202054129 175
1757502429312 1.1037687765948627 176
1757502429370 1.2083623490429793 177
1757502429427 1.3456435332795562 178
1757502429482 1.248954337742266 179
1757502429536 1.6170952554040925 180
1757502429593 1.3942803851945023 181
1757502429648 1.4063728179347936 182
1757502429702 1.1978917056104457 183
1757502429766 1.234047157367117 184
1757502429823 1.4430655411089937 185
1757502429879 1.136782806774751 186
1757502429934 1.126435480491485 187
1757502429990 1.041417696990273 188
1757502430046 1.0479887191771264 189
1757502430100 1.1511518070213045 190
1757502430154 1.0791460971238303 191
1757502430210 1.2651500052384892 192
1757502430264 0.963828102984392 193
1757502430317 1.3702467469568795 194
1757502430372 1.2834286695404022 195
1757502430426 0.8337445282079394 196
1757502430480 1.334507325597431 197
1757502430534 1.1293936286437527 198
1757502430591 1.2146024848028898 199
1757502430645 1.2398091847226487 200
1757502430700 1.2436901109801488 201
1757502430763 0.9918627769557151 202
1757502430820 0.7998265585349099 203
1757502430875 1.4000380513091455 204
1757502430930 1.0266455221368858 205
1757502430985 2.21651849988516 206
1757502431039 0.8662918129820136 207
1757502431093 0.9692219094122011 208
1757502431147 0.8846653011509199 209
1757502431203 1.0462538052136 210
1757502431258 1.0957009470029737 211
1757502431312 1.228951608562991 212
1757502431368 0.9861294336586891 213
1757502431425 0.9088326548373861 214
1757502431479 0.8880072915968552 215
1757502431533 0.9969833269534121 216
1757502431591 1.1237337358448078 217
1757502431648 0.9001869048486911 218
1757502431703 1.056300450625531 219
1757502431770 1.0318538007822908 220
1757502431830 1.1274812186960341 221
1757502431890 1.5236125876250355 222
1757502431947 0.9880056428415648 223
1757502432005 1.5341077785827757 224
1757502432062 1.1483244960432166 225
1757502432119 0.896051417585127 226
1757502432177 1.1215029343366316 227
1757502432236 1.3556284660059774 228
1757502432294 1.6976990154515035 229
1757502432351 1.3551432197145301 230
1757502432411 0.9978383824649733 231
1757502432467 1.127861989800731 232
1757502432524 1.009956494182129 233
1757502432583 0.9320350848119157 234
1757502432642 1.1175055726291752 235
1757502432699 1.104251979089171 236
1757502432756 1.1186759890246876 237
1757502432824 1.1481801281328765 238
1757502432881 1.3422029022066748 239
1757502432940 1.226025142844321 240
1757502432999 0.9120678869973826 241
1757502433056 1.2292425935196822 242
1757502433126 1.5250119473099666 243
1757502433184 1.051555413816549 244
1757502433244 0.9905806475898161 245
1757502433301 1.6365675261922294 246
1757502433359 0.9845425482771958 247
1757502433422 0.7887376675204966 248
1757502433481 1.1905933877663026 249
1757502433540 1.4980328079429264 250
1757502433600 1.4126464489543944 251
1757502433659 0.9744153880019829 252
1757502433718 0.9831067772909652 253
1757502433776 0.9410280232541437 254
1757502433836 0.9199269887167025 255
1757502433895 2.1985490586433936 256
1757502433953 0.9075212333397227 257
1757502434027 1.1068909333322579 258
1757502434089 1.0580285025556837 259
1757502434150 1.0866032239669525 260
1757502434211 1.157033464862232 261
1757502434272 1.2107414849096247 262
1757502434332 0.8582542803029068 263
1757502434391 1.3976179566640194 264
1757502434449 0.91128926218257 265
1757502434505 1.1242841919557571 266
1757502434561 1.0557243647921748 267
1757502434620 1.2146060934373615 268
1757502434679 1.109488854099596 269
1757502434749 1.078515110036987 270
1757502434841 0.9826118708263865 271
1757502434902 1.1956496495291529 272
1757502434964 0.8941349804087254 273
1757502435024 0.8465002108563855 274
1757502435082 0.8569122695234105 275
1757502435140 1.1285042300869366 276
1757502435198 0.9993475443717225 277
1757502435257 1.3236985490986453 278
1757502435314 2.120662571146465 279
1757502435371 1.2183285616844926 280
1757502435434 1.8522872934427788 281
1757502435493 1.1703698537776863 282
