1757323865213 14781.882749983182 0
1757323865235 4.992910919847526e+18 1
1757323865255 1.0163347187835808e+33 2
1757323865281 2.0688057398461118e+47 3
1757323865303 4.211168929014618e+61 4
1757323865323 8.572068129517675e+75 5
1757323865344 1.7448920538622684e+90 6
1757323865365 3.551824639782692e+104 7
1757323865388 7.229936226624149e+118 8
1757323865413 1.471693654455035e+133 9
1757323865435 2.995714131733803e+147 10
1757323865456 6.097942416142828e+161 11
1757323865477 1.2412700302973434e+176 12
1757323865498 2.5266740532603247e+190 13
1757323865519 5.143185298600706e+204 14
1757323865539 1.0469239188810044e+219 15
1757323865562 2.131071754741871e+233 16
1757323865608 4.337914858906548e+247 17
1757323865645 8.830066505856122e+261 18
1757323865688 1.7974090555916498e+276 19
1757323865710 3.65872591217776e+290 20
1757323865733 inf 21
1757323865754 inf 22
