1757491998653 111.88433786968774 0
1757491998739 80.13797900844182 1
1757491998833 83.11244284899603 2
1757491998910 71.53342032037538 3
1757491998995 56.015884553307046 4
1757491999087 63.5996224288577 5
1757491999162 41.09221575086994 6
1757491999235 39.41334728454863 7
1757491999301 36.78125767477409 8
1757491999375 32.26604552425733 9
1757491999453 41.03453817504537 10
1757491999544 37.31604800685089 11
1757491999605 35.684881997219044 12
1757491999676 96.32699044054662 13
1757491999772 40.23183135402763 14
1757491999899 29.910566335722024 15
1757492000006 37.126289350716384 16
1757492000116 25.866285862324727 17
1757492000200 24.922448026998246 18
1757492000290 26.351702468078553 19
1757492000382 23.85412355350381 20
1757492000467 22.789217876193625 21
1757492000559 27.509304031342932 22
1757492000640 22.53730279459996 23
1757492000721 20.08695397694665 24
1757492000818 19.555721887412336 25
1757492000905 19.751423866053614 26
1757492000997 15.157091038600214 27
1757492001072 117.66156861533052 28
1757492001175 16.412954067439202 29
1757492001325 23.73051217750056 30
1757492001413 15.421526188891049 31
1757492001482 32.68970027945243 32
1757492001569 18.52905938650308 33
1757492001625 22.397833301192552 34
1757492001682 12.351333018494485 35
1757492001739 13.557358675758678 36
1757492001797 14.110462978360397 37
1757492001852 17.442623557467194 38
1757492001906 17.389913958647057 39
1757492001957 15.64507379447532 40
1757492002009 18.866186148141434 41
1757492002061 16.912411501940927 42
1757492002110 14.952976815877506 43
1757492002158 13.823424215057027 44
1757492002207 15.22289036597972 45
1757492002257 14.248575196412986 46
1757492002305 14.886694480595011 47
1757492002355 12.966139854728896 48
1757492002405 27.153064394057118 49
1757492002464 12.55072196254872 50
1757492002513 11.811686064264418 51
1757492002561 12.530174254418535 52
1757492002611 15.43885501034848 53
1757492002660 14.792399905291918 54
1757492002707 15.184093582191638 55
1757492002755 31.138246857001032 56
1757492002802 14.23614155938444 57
1757492002849 12.048511615543433 58
1757492002897 14.556024111423827 59
1757492002945 11.551619988725903 60
1757492002993 14.412580409323096 61
1757492003040 10.512264216613298 62
1757492003086 14.18590414577829 63
1757492003133 8.74283763304743 64
1757492003181 17.911229565087584 65
1757492003227 12.619289558903136 66
1757492003276 10.791823319867257 67
1757492003323 29.641693332876475 68
1757492003370 11.962526853044574 69
1757492003417 12.27400013141342 70
1757492003475 12.868131837649035 71
1757492003522 11.53964578990657 72
1757492003570 12.217091880829084 73
1757492003615 12.759022056247634 74
1757492003662 11.489756290180198 75
1757492003709 11.487131119263166 76
1757492003756 11.68433878405167 77
1757492003802 9.039921516659367 78
1757492003850 11.620978810966971 79
1757492003899 9.045033487906025 80
1757492003946 17.60005460892549 81
1757492003992 9.857464503765552 82
1757492004039 11.992356559771995 83
1757492004089 9.61199547139295 84
1757492004135 11.75996364664424 85
1757492004182 10.36507370231302 86
1757492004228 9.00635877578938 87
1757492004276 9.647612083206413 88
1757492004378 12.890559634084246 89
1757492004511 11.18522427153284 90
1757492004629 14.148393650982616 91
1757492004736 10.068958318815918 92
1757492004801 11.136848699811207 93
1757492004868 12.536143226456767 94
1757492004956 7.81914839882185 95
1757492005086 9.904483323221415 96
1757492005176 9.886351658421725 97
1757492005230 10.221075382408365 98
1757492005284 11.159464130725146 99
1757492005337 11.230686477422637 100
1757492005390 9.064710798159506 101
1757492005441 7.8957484497679715 102
1757492005501 8.160748673446632 103
1757492005553 10.669444662491703 104
1757492005605 12.261317799119261 105
1757492005661 8.108656492065899 106
1757492005714 8.61462381623325 107
1757492005764 8.463188018229378 108
1757492005815 8.235820206339339 109
1757492005866 8.412083465295652 110
1757492005916 8.774127183059283 111
1757492005968 7.57589396382876 112
1757492006021 7.923843848786383 113
1757492006073 7.882479651703687 114
1757492006124 9.39735967617717 115
1757492006175 10.019481971003383 116
1757492006226 8.674480795717418 117
1757492006278 7.228951558311053 118
1757492006330 16.724748600975595 119
1757492006382 8.722307352509402 120
1757492006432 8.45595429955424 121
1757492006492 7.106916553724818 122
1757492006551 8.740210981500342 123
1757492006602 43.88262190434201 124
1757492006653 8.360670428255224 125
1757492006705 6.87207883383555 126
1757492006756 8.429888288645147 127
1757492006806 7.410208546860278 128
1757492006859 9.593490506645585 129
1757492006909 11.450649834612289 130
1757492006962 5.560559749679079 131
1757492007012 11.703676375230748 132
1757492007067 6.185967319078729 133
1757492007118 7.016617711305424 134
1757492007168 7.396898497901006 135
1757492007221 7.297608531418631 136
1757492007275 11.607180014919678 137
1757492007327 7.7777979519583305 138
1757492007382 10.459952943951649 139
1757492007434 7.636705971423782 140
1757492007487 8.616546122557022 141
1757492007553 7.503197265393994 142
1757492007606 6.458716750478261 143
1757492007658 5.474111792297516 144
1757492007735 6.948275667728463 145
1757492007792 6.756300659547397 146
1757492007848 8.827508585115826 147
1757492007904 8.44549720524276 148
1757492007966 6.672447873863794 149
1757492008054 6.755513983319141 150
1757492008113 7.758828254276317 151
1757492008170 6.946823912683613 152
1757492008224 7.079180682211779 153
1757492008279 17.0447525218673 154
1757492008333 12.138892448326967 155
1757492008388 9.181751980624737 156
1757492008440 7.647973754273498 157
1757492008492 6.302184303505031 158
1757492008553 5.943320122813658 159
1757492008603 13.053984881418897 160
1757492008656 6.132477995117969 161
1757492008710 7.641648299686395 162
1757492008763 6.953186269601259 163
1757492008819 8.305487106735255 164
1757492008882 6.413451032023329 165
1757492008977 11.012475530724144 166
1757492009037 6.755699569770605 167
1757492009097 12.100010787441093 168
1757492009159 8.062463479744636 169
1757492009213 6.979577691857125 170
1757492009269 7.888414939424162 171
1757492009322 13.219456723133353 172
1757492009375 7.598128635485403 173
1757492009441 8.78028965232973 174
1757492009497 6.221819441276558 175
1757492009558 6.909402990737919 176
1757492009615 6.191098452394325 177
1757492009669 6.72595752534708 178
1757492009726 6.166467457820915 179
1757492009778 7.620341902257032 180
1757492009830 6.207723661321018 181
1757492009886 5.3136102346254 182
1757492009940 6.994519408008728 183
1757492009992 7.058522998788918 184
1757492010046 6.248452763346617 185
1757492010103 7.4745812871271395 186
1757492010155 7.272621042849245 187
1757492010207 9.375607680998346 188
1757492010261 8.245357153754247 189
1757492010314 14.187791652437502 190
1757492010367 7.348560669162478 191
1757492010419 8.0500595576609 192
1757492010470 6.483304437167401 193
1757492010521 5.0102464344047455 194
1757492010578 7.425927564123588 195
1757492010630 6.39837126813739 196
1757492010682 7.829917886493055 197
1757492010734 8.060655928346183 198
1757492010784 13.55028320155447 199
1757492010835 7.885447389757969 200
1757492010888 7.994371074126931 201
1757492010939 5.2780622211186285 202
1757492010989 6.384962298764056 203
1757492011041 6.480156903265391 204
1757492011094 7.311172012367755 205
1757492011208 6.155708336921124 206
1757492011317 6.487590565790042 207
1757492011430 6.423091977624897 208
1757492011501 6.933866802755327 209
1757492011577 7.225378453785928 210
1757492011678 36.58249267936251 211
1757492011818 7.426740559729073 212
1757492011893 4.6048437416635055 213
1757492012022 6.229637833230039 214
1757492012088 5.787951698523404 215
1757492012149 7.0828218645056085 216
1757492012210 4.580328531068005 217
1757492012271 6.781790848324169 218
1757492012328 6.244694826268327 219
1757492012385 7.4473100690388145 220
1757492012440 10.009580999835054 221
1757492012498 5.380566222820661 222
1757492012556 6.273082634410028 223
1757492012623 6.431916365015355 224
1757492012685 7.014524065019349 225
1757492012745 6.174152876715867 226
1757492012800 4.898632214092916 227
1757492012859 8.997391183720405 228
1757492012920 8.220603698783616 229
1757492012978 4.8364811197265185 230
1757492013036 11.748450201908712 231
1757492013092 6.728814211375331 232
1757492013150 5.6303199098766745 233
1757492013204 8.080268815201496 234
1757492013258 35.77536155981847 235
1757492013313 6.195360022687912 236
1757492013368 8.60078796477167 237
1757492013425 7.514209456802698 238
1757492013481 14.898093626229125 239
1757492013546 6.118179776859365 240
1757492013599 6.57780363644937 241
1757492013659 5.67613140324266 242
1757492013714 12.452898048528176 243
1757492013768 6.109237987441084 244
1757492013823 6.621173817027804 245
1757492013874 8.071851619982695 246
1757492013927 5.5166824818351605 247
1757492013980 6.304136165033427 248
1757492014033 5.78852313723281 249
1757492014086 5.7595059646690085 250
1757492014139 7.345341191903788 251
1757492014218 6.9164879976440305 252
