1757501440108 179.73279589187166 0
1757501440202 148.84947815734702 1
1757501440297 168.599625806112 2
1757501440388 154.31966285756477 3
1757501440477 179.4382730874467 4
1757501440590 164.84267971405322 5
1757501440768 163.40079262860795 6
1757501440915 186.57688633247707 7
1757501441029 171.26437295803916 8
1757501441161 151.92885242024536 9
1757501441309 176.22814022382312 10
1757501441400 166.38443511608358 11
1757501441495 168.17785675887782 12
1757501441589 159.4155090113013 13
1757501441680 166.62874879842798 14
1757501441774 168.42355669839034 15
1757501441866 174.254080143909 16
1757501441956 158.16755284276442 17
1757501442047 155.5268031289701 18
1757501442139 170.02912989837466 19
1757501442234 174.09571690778344 20
1757501442329 164.38140037663993 21
1757501442420 173.08467569451747 22
1757501442517 169.8461558542394 23
1757501442612 163.7377533413086 24
1757501442705 185.70459125546589 25
1757501442794 184.15626245715205 26
1757501442890 167.043043336106 27
1757501443017 158.85592960249386 28
1757501443112 157.99426076254542 29
1757501443208 168.02450225485353 30
1757501443310 173.93207187496284 31
1757501443402 147.5179543328131 32
1757501443494 166.49393757691658 33
1757501443586 176.48986833568995 34
1757501443680 161.2342615247244 35
1757501443772 176.92366803574185 36
1757501443868 166.442417301769 37
1757501443952 157.65608766047978 38
1757501444044 170.6599999786504 39
1757501444137 174.78174706033568 40
1757501444231 177.9740401470451 41
1757501444330 164.6655364357025 42
1757501444421 189.57941926347507 43
1757501444514 167.59680849163772 44
1757501444607 185.30631583371786 45
1757501444699 164.5535411320965 46
1757501444790 187.51918837817408 47
1757501444882 177.12594559194403 48
1757501444978 169.21912977123995 49
1757501445071 173.2467171400466 50
1757501445168 164.17625573585508 51
1757501445257 153.88269727276244 52
1757501445357 140.55622275849962 53
1757501445449 149.84310923665095 54
1757501445541 170.05733526225214 55
1757501445633 179.97846048784638 56
1757501445723 144.543238432143 57
1757501445815 171.55095196157794 58
1757501445905 155.30693543920765 59
1757501445995 183.71697229686276 60
1757501446088 157.23211537609276 61
1757501446177 170.92537054396192 62
1757501446269 187.64014721401654 63
1757501446370 144.80005008768077 64
1757501446462 173.55406825466468 65
1757501446548 214.96030277543164 66
1757501446639 161.31444871233293 67
1757501446731 173.99339463920492 68
1757501446824 157.2718298632243 69
1757501446914 207.79855196182746 70
1757501447006 163.7346882381428 71
1757501447098 180.25852218338864 72
1757501447189 164.8213923141909 73
1757501447282 180.82207002391596 74
1757501447388 168.50457955475113 75
1757501447478 192.13714515816417 76
1757501447573 146.11349434841452 77
1757501447667 144.47172287849813 78
1757501447764 164.46742324045798 79
1757501447858 174.9941062313707 80
1757501447949 163.23312515977395 81
1757501448041 176.06449996113707 82
1757501448134 145.25134177824333 83
1757501448227 181.40799209831678 84
1757501448319 168.92547701040257 85
1757501448422 174.01723821117105 86
1757501448530 177.10978841676385 87
1757501448642 162.21594720578926 88
1757501448775 171.11938904371328 89
1757501448884 137.21343646476552 90
1757501449006 136.431124173927 91
1757501449107 141.66733212189052 92
1757501449206 159.6271977967992 93
1757501449403 159.42908022673996 94
1757501449512 121.20021735176368 95
1757501449611 173.64720199284068 96
1757501449736 168.4287823249841 97
1757501449916 156.36945457249345 98
1757501450101 166.34739901687226 99
1757501450199 169.09557966694908 100
1757501450296 151.24748593322198 101
1757501450391 195.43220875124285 102
1757501450487 157.07261574957522 103
1757501450589 151.00484062568358 104
1757501450721 154.4982589800048 105
1757501450820 179.0695026302918 106
1757501450913 187.23194349863206 107
1757501451010 170.76171933958418 108
1757501451103 194.77043510178368 109
1757501451201 196.71842230605077 110
1757501451305 151.18523331245936 111
1757501451403 268.95956123787636 112
1757501451499 162.7228888191586 113
1757501451598 193.15886376152847 114
1757501451693 174.12381240352283 115
1757501451792 163.21372407319407 116
1757501451889 170.40685617215965 117
1757501451992 172.08664285358714 118
1757501452083 202.1497923500064 119
1757501452176 178.0238135894674 120
1757501452274 182.37764666926202 121
1757501452378 175.3441625137041 122
1757501452474 173.0425006656533 123
1757501452575 169.82694106527904 124
1757501452667 158.86760091778103 125
1757501452761 160.51852798716635 126
1757501452855 155.44494733458825 127
1757501452949 165.13615526570302 128
1757501453044 179.4961478226745 129
1757501453136 165.58612659370675 130
1757501453229 182.51967158585018 131
1757501453326 185.1669214156143 132
1757501453421 167.5594984542248 133
1757501453516 169.4834420632549 134
1757501453611 158.18277775030063 135
1757501453705 169.94081559122526 136
1757501453804 157.36938467329605 137
1757501453898 164.3362120988101 138
1757501453995 181.63621797955577 139
1757501454090 160.82945991014543 140
1757501454185 179.71005183329572 141
1757501454280 147.58824490655593 142
1757501454378 166.49649179443745 143
1757501454484 159.58064326117696 144
1757501454576 175.8940884635081 145
1757501454668 165.15111896464734 146
1757501454762 165.34031354909465 147
1757501454862 181.5877514978539 148
1757501454954 191.92173402049556 149
1757501455047 156.04879331891394 150
1757501455140 179.88273535523837 151
1757501455234 187.82608151727695 152
1757501455327 147.7527907362887 153
1757501455420 177.89527932748882 154
1757501455522 151.65770146566172 155
1757501455616 176.63704674086367 156
1757501455709 179.25645567818447 157
1757501455802 183.01745270002945 158
1757501455895 149.69446181146407 159
1757501455992 190.93814087351137 160
1757501456085 148.38557422762096 161
1757501456179 170.7366303193676 162
1757501456274 147.90006470045702 163
1757501456366 178.82188016906628 164
1757501456520 173.85724614352725 165
1757501456659 174.3190599949969 166
1757501456790 173.1632853246488 167
1757501456889 179.67279415661213 168
1757501456999 161.74365102762442 169
1757501457098 185.51588266179417 170
1757501457193 165.87791872383215 171
1757501457288 175.2143272348205 172
1757501457385 172.5150530171887 173
1757501457480 164.72448589377763 174
1757501457582 176.87196731189954 175
1757501457679 155.75793302579606 176
1757501457774 166.0115113161202 177
1757501457869 158.53725322700396 178
1757501457962 157.28992089712966 179
1757501458055 165.18183649637788 180
1757501458151 150.1223106612891 181
1757501458246 164.40212673721155 182
1757501458344 169.53858845320596 183
1757501458523 176.1522132769615 184
1757501458646 172.6274937440613 185
1757501458750 165.72486276123814 186
1757501458870 185.51249283384752 187
1757501459061 160.19848334966542 188
1757501459197 150.34878405799012 189
1757501459309 172.3749269861535 190
1757501459427 176.7082349897541 191
1757501459526 180.5157859149869 192
1757501459618 165.3100085882006 193
1757501459709 150.8270443783225 194
1757501459806 175.99625535582769 195
1757501459918 173.39365743605205 196
1757501460013 176.70082562886023 197
1757501460112 152.2449525823379 198
1757501460210 164.63515756869987 199
1757501460307 173.13400530125588 200
1757501460404 201.46850874829335 201
1757501460501 183.78893089772507 202
1757501460603 186.3845148936155 203
1757501460700 173.4358643613953 204
1757501460794 178.2949543284137 205
1757501460890 156.32456158060748 206
1757501460985 168.72545755545568 207
1757501461082 184.66611344261932 208
1757501461179 198.2390742977742 209
1757501461275 161.88500809153913 210
1757501461372 160.170840832244 211
1757501461473 152.99533648677436 212
1757501461571 175.49455131696442 213
1757501461671 192.40373175852582 214
1757501461772 189.23414786984438 215
1757501461874 168.65730718729876 216
1757501461971 199.8505184179673 217
1757501462069 158.24984254872 218
1757501462167 169.07769621639395 219
1757501462264 195.1408031379243 220
1757501462362 157.19179464019837 221
1757501462460 150.01286071500553 222
1757501462561 175.69892385302128 223
1757501462662 167.71642452903637 224
1757501462759 180.5429802019358 225
1757501462857 166.56722972159557 226
1757501462952 224.46502625602125 227
1757501463052 161.27776249502986 228
1757501463145 154.42256109109593 229
1757501463242 186.24090851366768 230
1757501463340 162.93335196591698 231
1757501463439 142.77120360207667 232
1757501463538 162.396283114052 233
1757501463641 166.23499786582713 234
1757501463737 158.57823223028126 235
1757501463836 158.91236457268022 236
1757501463929 164.99727814350646 237
1757501464021 161.62103619419784 238
1757501464116 163.51849438510615 239
1757501464216 162.02787003781353 240
1757501464312 175.49398766244508 241
1757501464407 193.5222585876292 242
1757501464504 131.63231374815823 243
1757501464601 159.34338557674414 244
1757501464699 171.8205565009751 245
1757501464798 173.4359319660771 246
1757501464893 150.03380920337244 247
1757501464991 192.62308517616495 248
1757501465086 172.36728472239434 249
1757501465183 177.21490042315534 250
1757501465279 173.29703427323204 251
1757501465379 163.72723817806624 252
1757501465479 165.086756324234 253
1757501465577 175.32948399624863 254
1757501465682 159.76634253100136 255
1757501465776 191.50478177961432 256
1757501465874 184.12355760549676 257
1757501465971 166.68103595280743 258
1757501466067 172.83444977935696 259
1757501466163 180.41428017341926 260
1757501466256 159.22170350555328 261
1757501466352 181.62226740356917 262
1757501466448 169.34670701800238 263
1757501466544 162.05422554273466 264
1757501466638 172.463321174879 265
1757501466735 168.76583039753518 266
1757501466832 167.56915521029592 267
1757501466928 176.23145942382936 268
1757501467029 181.35576536388916 269
1757501467243 194.3192034048409 270
1757501467390 178.45860052040226 271
1757501467512 140.7025478011823 272
1757501467704 154.553962056087 273
1757501467802 177.97503237103265 274
1757501467900 181.95593835154918 275
1757501467996 163.3343850266889 276
1757501468094 178.90912678169178 277
1757501468193 163.12729731470267 278
1757501468291 206.7427688046312 279
1757501468393 169.75901618821894 280
1757501468491 153.82126521646887 281
1757501468587 161.59837945722757 282
1757501468684 171.98904458288646 283
1757501468785 158.9857737585445 284
1757501468884 226.09532993008824 285
1757501468981 178.8034543864436 286
1757501469080 163.23316634617342 287
1757501469187 146.8441679378213 288
1757501469289 178.05975094790034 289
1757501469392 181.49746369653207 290
1757501469499 181.8223228923169 291
1757501469613 159.81783529499594 292
1757501469712 157.64294362331432 293
1757501469807 149.59510528132154 294
1757501469900 155.56854543247562 295
1757501469994 163.81312987593867 296
1757501470088 166.26458784962952 297
1757501470185 204.6854835346619 298
1757501470311 186.99050324513087 299
1757501470411 155.82272134349697 300
1757501470510 174.88224740468644 301
1757501470609 166.87930017678786 302
1757501470704 158.64836022924862 303
1757501470803 142.4956460163233 304
1757501470901 170.77742338058943 305
1757501471001 175.20574426629443 306
1757501471105 174.64531771677906 307
1757501471205 168.09782134959227 308
1757501471302 162.73472754399023 309
1757501471401 189.47948681232998 310
1757501471497 165.54207020727853 311
1757501471591 157.8242160108794 312
1757501471687 174.75967053385446 313
1757501471794 190.8319710793006 314
1757501471885 165.91320559181315 315
1757501471985 172.35188320927398 316
1757501472082 171.97177907818994 317
1757501472180 173.64991646737107 318
1757501472278 171.42383383357088 319
1757501472392 133.6741467948572 320
1757501472494 165.58684088116078 321
1757501472600 166.63890546023066 322
1757501472699 172.5343648893432 323
1757501472806 167.49516516224716 324
1757501472905 155.48360755726176 325
1757501473004 148.73534825640954 326
1757501473103 171.4736272523538 327
1757501473202 162.93943914311225 328
1757501473301 168.002279282001 329
1757501473400 172.85734299983181 330
1757501473500 222.40868788345801 331
1757501473600 149.07922544875663 332
1757501473696 161.83114663094992 333
1757501473803 143.12980192152787 334
1757501473898 160.93059944401662 335
1757501473998 175.6601214714725 336
1757501474095 145.59431121293653 337
1757501474192 162.67622214653056 338
1757501474291 165.9780199929787 339
1757501474391 173.6014720518252 340
1757501474489 186.92645372933785 341
1757501474589 171.4719774669614 342
1757501474686 176.69446932513293 343
1757501474786 154.43036657443827 344
1757501474882 168.6201524212475 345
1757501474981 173.61468472299438 346
1757501475078 186.74149286927695 347
1757501475179 171.06543952655616 348
1757501475276 169.6407989760889 349
1757501475375 168.5807470551795 350
1757501475477 159.55074928394356 351
1757501475582 169.25119344410905 352
1757501475718 194.22599200432222 353
1757501475866 159.09806562354152 354
1757501475972 175.10074235519653 355
1757501476101 170.46643741775878 356
1757501476261 134.84855963373366 357
1757501476365 171.54066696748458 358
1757501476465 166.94817034460573 359
1757501476571 157.88918103936237 360
1757501476670 150.69881442320755 361
1757501476770 175.92084945284086 362
1757501476875 173.13151492863477 363
1757501476974 169.10227091957378 364
1757501477073 175.1515967810796 365
1757501477173 173.0291144372831 366
1757501477272 165.3781277181714 367
1757501477376 173.1167198577389 368
1757501477488 149.23379113921695 369
1757501477579 158.63580913727986 370
1757501477673 148.45490262863854 371
1757501477771 171.97977152513133 372
1757501477879 149.65421778036983 373
1757501477975 184.0207598516416 374
1757501478072 196.85005960677688 375
1757501478170 171.86922052243847 376
1757501478272 165.179862024579 377
1757501478372 160.09277726722388 378
1757501478481 179.7464963813841 379
1757501478583 158.1760137159164 380
1757501478681 178.69551027670104 381
1757501478782 160.90898045249608 382
1757501478889 167.43503304979563 383
1757501478989 142.1117421452331 384
1757501479087 128.07945418954262 385
1757501479189 161.68356168347484 386
1757501479289 178.39609686262625 387
1757501479382 179.13590269561996 388
1757501479476 162.91847435009333 389
1757501479575 146.19852075290083 390
1757501479685 182.28509494509808 391
1757501479781 159.9523390264035 392
1757501479906 161.1231084756561 393
1757501480013 169.2690121270633 394
1757501480140 171.9769758539781 395
1757501480239 170.92434835837295 396
1757501480334 176.8393050706529 397
1757501480438 178.56657219925856 398
1757501480555 118.72685601446986 399
1757501480660 161.94873723999586 400
1757501480756 154.35248663928516 401
1757501480855 178.71042513640472 402
1757501480952 156.32301326353345 403
1757501481052 187.34076144873367 404
1757501481150 158.21108191567393 405
1757501481250 184.19492408124503 406
1757501481349 183.64674583298802 407
1757501481447 177.4904815528787 408
1757501481545 164.79497881670034 409
1757501481643 154.63206996702382 410
1757501481748 180.17228301397455 411
1757501481850 171.6764593080986 412
1757501481948 171.83509771682236 413
1757501482048 192.77470619451856 414
1757501482149 164.71511307261045 415
1757501482243 159.46459124640054 416
1757501482341 160.89341797937703 417
1757501482442 184.0939144180264 418
1757501482538 153.61700746698293 419
1757501482636 161.7039925303975 420
1757501482738 163.46663957782022 421
1757501482836 144.41580804577643 422
1757501482942 161.79727499467586 423
1757501483043 175.0785358320201 424
1757501483144 150.41486365882778 425
1757501483242 166.5864194766898 426
1757501483342 147.8307308842093 427
1757501483439 148.63722991536352 428
1757501483539 168.78905290954674 429
1757501483639 193.63633242568636 430
1757501483733 171.83273168591126 431
1757501483831 158.22264321282165 432
1757501483942 151.10646623191877 433
1757501484046 175.95432513049687 434
1757501484140 167.68988078087185 435
1757501484234 151.1266604185281 436
1757501484365 172.66127877684926 437
1757501484567 177.31315521150302 438
1757501484707 175.53766871882976 439
1757501484837 158.55111495672264 440
1757501485010 156.27596212013353 441
1757501485219 212.0072427279216 442
1757501485325 172.82882466723854 443
1757501485430 186.62289121317926 444
1757501485536 160.9846319778073 445
1757501485655 162.00059468149513 446
1757501485769 181.85188407329252 447
1757501485867 178.88976647042608 448
1757501486025 174.71828673215887 449
1757501486245 199.3913625624662 450
1757501486381 151.48248638206343 451
1757501486543 155.41581758849782 452
1757501486651 166.07888886574202 453
1757501486752 160.76781897137926 454
1757501486860 170.6773436952101 455
1757501486968 160.79854659859672 456
1757501487078 185.6036812863755 457
1757501487188 144.0590526232156 458
1757501487294 158.13621358533936 459
1757501487399 164.25754783012596 460
1757501487505 172.75638679969592 461
1757501487611 186.74319089407842 462
1757501487715 160.94101023088513 463
1757501487814 163.21416039473124 464
1757501487913 177.67889923732113 465
1757501488019 157.66807349393127 466
1757501488125 176.74833170625323 467
1757501488229 179.1994071452222 468
1757501488335 148.4846550659242 469
1757501488441 177.89218824803456 470
1757501488545 173.90963650726843 471
1757501488642 182.87909473116866 472
1757501488747 213.14491697884364 473
1757501488852 163.88583850301535 474
1757501488955 182.39265446016617 475
1757501489066 171.24032193962321 476
1757501489170 170.72018584988484 477
1757501489274 152.7167825076759 478
1757501489377 174.80535866607534 479
1757501489480 170.75721556652718 480
1757501489582 159.84881411785847 481
1757501489678 164.88907557676004 482
1757501489780 182.3214493990573 483
1757501489881 157.90792254552804 484
1757501489990 156.9665215261581 485
1757501490090 147.66152540636017 486
1757501490220 159.44807674349252 487
1757501490337 178.82308042984596 488
1757501490471 140.45696673164642 489
1757501490586 160.86146251454238 490
1757501490687 143.77192941206783 491
1757501490800 173.8013444075126 492
1757501490900 146.00806776095837 493
1757501491022 163.8077555690758 494
1757501491133 180.14265338125537 495
1757501491246 182.42932024758758 496
1757501491346 165.38727410398596 497
1757501491442 160.65223584298565 498
1757501491542 146.5764735472077 499
