1757431927930 169.9239962060716 0
1757431927985 169.90326548323065 1
1757431928037 169.88874305984194 2
1757431928089 169.87437964887192 3
1757431928165 169.86021220926676 4
1757431928253 169.84623770392008 5
1757431928302 169.83245341528254 6
1757431928374 169.81885666279885 7
1757431928420 169.80544480437445 8
1757431928486 169.79221523580352 9
1757431928544 169.7791653902208 10
1757431928596 169.76629273756078 11
1757431928655 169.75359478402467 12
1757431928701 169.74106907155584 13
1757431928740 169.72871317732225 14
1757431928797 169.71652471320647 15
1757431928854 169.70450132530354 16
1757431928917 169.69264069342563 17
1757431928962 169.68094053061427 18
1757431929023 169.66939858265957 19
1757431929063 169.65801262762633 20
1757431929106 169.6467804753873 21
1757431929148 169.6356999671629 22
1757431929186 169.62476897506804 23
1757431929246 169.61398540166508 24
1757431929308 169.6033471795236 25
1757431929390 169.59285227078675 26
1757431929476 169.58249866674316 27
1757431929571 169.57228438740623 28
1757431929666 169.56220748109828 29
1757431929754 169.55226602404173 30
1757431929839 169.54245811995577 31
1757431929936 169.53278189965903 32
1757431930075 169.52323552067784 33
1757431930138 169.51381716686058 34
1757431930226 169.5045250479971 35
1757431930285 169.49535739944432 36
1757431930339 169.48631248175656 37
1757431930427 169.47738858032181 38
1757431930512 169.46858400500318 39
1757431930602 169.45989708978522 40
1757431930672 169.45132619242582 41
1757431930757 169.44286969411297 42
1757431930859 169.4345259991263 43
1757431931025 169.42629353450417 44
1757431931134 169.4181707497148 45
1757431931215 169.41015611633284 46
1757431931288 169.40224812772013 47
1757431931370 169.3944452987116 48
1757431931437 169.38674616530525 49
1757431931505 169.379149284357 50
1757431931556 169.3716532332798 51
1757431931612 169.3642566097471 52
1757431931679 169.35695803140064 53
1757431931720 169.34975613556264 54
1757431931791 169.34264957895192 55
1757431931849 169.33563703740444 56
1757431931918 169.32871720559748 57
1757431931966 169.32188879677818 58
1757431932020 169.31515054249607 59
1757431932079 169.30850119233904 60
1757431932124 169.30193951367374 61
1757431932166 169.29546429138904 62
1757431932209 169.28907432764413 63
1757431932262 169.28276844161934 64
1757431932309 169.27654546927104 65
1757431932378 169.2704042630903 66
1757431932460 169.26434369186464 67
1757431932500 169.25836264044335 68
1757431932557 169.2524600095064 69
1757431932602 169.24663471533646 70
1757431932665 169.2408856895944 71
1757431932720 169.23521187909802 72
1757431932769 169.22961224560382 73
1757431932826 169.22408576559226 74
1757431932870 169.2186314300558 75
1757431932933 169.21324824429018 76
1757431932986 169.2079352276888 77
1757431933047 169.20269141353987 78
1757431933115 169.19751584882667 79
1757431933156 169.19240759403064 80
1757431933197 169.18736572293741 81
1757431933238 169.18238932244557 82
1757431933281 169.177477492378 83
1757431933326 169.17262934529643 84
1757431933371 169.16784400631823 85
1757431933432 169.1631206129362 86
1757431933490 169.15845831484052 87
1757431933543 169.15385627374388 88
1757431933586 169.14931366320857 89
1757431933644 169.1448296684766 90
1757431933725 169.14040348630166 91
1757431933805 169.13603432478422 92
1757431933874 169.13172140320833 93
1757431933948 169.12746395188154 94
1757431934009 169.1232612119762 95
1757431934094 169.11911243537406 96
1757431934170 169.1150168845123 97
1757431934223 169.11097383223233 98
1757431934294 169.10698256163036 99
1757431934353 169.10304236591057 100
1757431934406 169.09915254824 101
1757431934477 169.09531242160597 102
1757431934572 169.09152130867494 103
1757431934714 169.0877785416541 104
1757431934794 169.08408346215455 105
1757431934880 169.08043542105654 106
1757431934990 169.07683377837665 107
1757431935061 169.07327790313707 108
1757431935211 169.06976717323633 109
1757431935297 169.06630097532255 110
1757431935376 169.0628787046679 111
1757431935451 169.05949976504533 112
1757431935532 169.05616356860662 113
1757431935597 169.05286953576277 114
1757431935651 169.0496170950656 115
1757431935717 169.04640568309136 116
1757431935786 169.043234744326 117
1757431935844 169.04010373105197 118
1757431935896 169.03701210323658 119
1757431935981 169.03395932842238 120
1757431936060 169.03094488161875 121
1757431936116 169.027968245195 122
1757431936181 169.02502890877548 123
1757431936222 169.02212636913572 124
1757431936279 169.01926013010026 125
1757431936326 169.016429702442 126
1757431936376 169.0136346037829 127
1757431936419 169.01087435849627 128
1757431936464 169.00814849761025 129
1757431936525 169.00545655871284 130
1757431936612 169.0027980858583 131
1757431936662 169.0001726294749 132
1757431936720 168.99757974627374 133
1757431936774 168.9950189991595 134
1757431936837 168.99248995714171 135
1757431936892 168.9899921952479 136
1757431936943 168.98752529443766 137
1757431937001 168.98508884151823 138
1757431937042 168.9826824290609 139
1757431937095 168.98030565531914 140
1757431937165 168.9779581241473 141
1757431937215 168.97563944492111 142
1757431937258 168.97334923245887 143
1757431937299 168.97108710694394 144
1757431937343 168.9688526938484 145
1757431937390 168.96664562385766 146
1757431937432 168.96446553279628 147
1757431937483 168.9623120615549 148
1757431937557 168.96018485601803 149
1757431937598 168.95808356699308 150
1757431937651 168.95600785014028 151
1757431937710 168.95395736590373 152
1757431937772 168.95193177944327 153
1757431937834 168.9499307605675 154
1757431937912 168.94795398366765 155
1757431937988 168.94600112765258 156
1757431938090 168.94407187588448 157
1757431938178 168.9421659161155 158
1757431938267 168.94028294042565 159
1757431938336 168.93842264516104 160
1757431938401 168.9365847308737 161
1757431938463 168.93476890226134 162
1757431938514 168.93297486810906 163
1757431938589 168.931202341231 164
1757431938650 168.9294510384132 165
1757431938722 168.92772068035745 166
1757431938775 168.9260109916256 167
1757431938840 168.92432170058476 168
1757431938894 168.92265253935363 169
1757431938960 168.92100324374906 170
1757431939019 168.9193735532337 171
1757431939167 168.9177632108645 172
1757431939299 168.91617196324154 173
1757431939420 168.91459956045813 174
1757431939465 168.91304575605116 175
1757431939555 168.91151030695244 176
1757431939623 168.90999297344055 177
1757431939678 168.9084935190936 178
1757431939739 168.9070117107426 179
1757431939795 168.9055473184251 180
1757431939947 168.90410011534038 181
1757431940102 168.90266987780433 182
1757431940213 168.90125638520556 183
1757431940282 168.89985941996193 184
1757431940348 168.89847876747794 185
1757431940396 168.8971142161021 186
1757431940444 168.8957655570858 187
1757431940494 168.8944325845423 188
1757431940554 168.89311509540593 189
1757431940619 168.8918128893926 190
1757431940690 168.89052576896063 191
1757431940750 168.88925353927186 192
1757431940827 168.88799600815352 193
1757431940890 168.8867529860607 194
1757431940938 168.8855242860395 195
1757431941004 168.8843097236902 196
1757431941073 168.88310911713137 197
1757431941131 168.88192228696462 198
1757431941185 168.88074905623927 199
1757431941231 168.87958925041815 200
1757431941284 168.87844269734356 201
1757431941329 168.87730922720374 202
1757431941374 168.8761886724999 203
1757431941425 168.8750808680136 204
1757431941476 168.87398565077498 205
1757431941527 168.87290286003068 206
1757431941578 168.87183233721305 207
