1757488943357 12.73857565615998 0
1757488943472 1.0094491375707255 1
1757488943590 14.12322292095186 2
1757488943699 29.184528380581117 3
1757488943821 0.7411325312098809 4
1757488943931 2.7342205686098735 5
1757488944044 0.00021157018359817454 6
1757488944135 15.170413568049776 7
1757488944229 1.400251322700403 8
1757488944350 2.0448390885189833 9
1757488944464 5.6572970388962975 10
1757488944617 1.613630070777167 11
1757488944699 2.413216502712093 12
1757488944786 20.2750232929813 13
1757488944864 6.668270989528335 14
1757488944943 13.748385167497377 15
1757488945033 0.011010092118052529 16
1757488945126 21.019174624520538 17
1757488945229 2.4906747046818953 18
1757488945327 9.110623750258943 19
1757488945408 0.04556236425496578 20
1757488945488 0.8338709997988495 21
1757488945569 4.451825437304948 22
1757488945659 2.8150312750676143 23
1757488945742 13.360914035769683 24
1757488945827 6.896706281815255 25
1757488945904 0.20222570237143989 26
1757488945985 11.292831821436314 27
1757488946109 6.516476596438779 28
1757488946256 2.4004169840827374 29
1757488946425 13.143471719793517 30
1757488946537 20.50268393557811 31
1757488946634 1.0230883086061275 32
1757488946759 9.78192885038887 33
1757488946858 21.960828785899796 34
1757488946954 6.525317864595584 35
1757488947075 7.661256343431827 36
1757488947213 5.812701058192699 37
1757488947323 2.4254846031672805 38
1757488947435 2.8558941667977686 39
1757488947531 13.626957911595278 40
1757488947642 10.213589648973448 41
1757488947755 5.1946621623792 42
1757488947871 0.010349792714140103 43
1757488947964 0.09151755733255831 44
1757488948065 4.640534036661106 45
1757488948168 0.42177338763526817 46
1757488948274 16.14834944682572 47
1757488948378 0.4439385229821119 48
1757488948473 0.7345159405443547 49
1757488948577 25.614790190873876 50
1757488948692 8.019297307759446 51
1757488948809 16.05633422577181 52
1757488948936 0.19743588626970124 53
1757488949020 4.282715572707381 54
1757488949122 2.193837741746313 55
1757488949247 9.288714113723778 56
1757488949380 0.8039404751166692 57
1757488949496 5.49237509569454 58
1757488949610 19.02368691148862 59
1757488949751 4.099447244531792 60
1757488949901 7.068553802877414 61
1757488950001 0.684100987129701 62
1757488950106 0.8062866601779319 63
1757488950213 0.19047911916163396 64
1757488950345 2.0451575152719377 65
1757488950460 3.0958042949257387 66
1757488950584 7.077360828205299 67
1757488950689 1.8147481630488096 68
1757488950795 0.31315777026658864 69
1757488950891 6.704407627758375 70
1757488951000 15.281806991244107 71
1757488951106 16.819237168023296 72
1757488951228 3.8536269774567176 73
1757488951346 0.04252558170305713 74
1757488951484 2.8216525434237156 75
1757488951579 11.840520584159636 76
1757488951683 5.182122220935412 77
1757488951787 5.0177067517839005 78
1757488951906 0.22769755021518068 79
1757488952044 1.7998411954133657 80
1757488952127 9.331430845246379 81
1757488952234 3.5469061721578665 82
1757488952397 13.003558965538014 83
1757488952532 18.481171963768137 84
1757488952680 2.831909908835541 85
1757488952832 1.9744610790954866 86
1757488952975 0.16357355793500536 87
1757488953073 0.4391761635355785 88
1757488953170 5.018800153640658 89
1757488953286 8.670869128756706 90
1757488953425 16.97318069538137 91
1757488953552 9.538853964259578 92
1757488953674 0.015801119156424848 93
1757488953779 7.913033189199555 94
1757488953902 2.7908337229378954 95
1757488954018 9.90305323282838 96
1757488954159 5.262292864370265 97
1757488954279 1.4552445743372522 98
1757488954394 0.6136717202727888 99
1757488954504 10.120032729539913 100
1757488954616 4.5286683253048965 101
1757488954733 2.6478900579076146 102
1757488954833 11.572575332708928 103
1757488954934 0.128591138484163 104
1757488955063 1.810731301041078 105
1757488955196 1.2156074327494653 106
1757488955316 23.7842439400859 107
1757488955436 9.678391623703565 108
1757488955567 13.458712296868821 109
1757488955686 23.602992677593114 110
1757488955805 0.9462153155932288 111
1757488955915 1.2712069448560015 112
1757488956035 0.000762241177680375 113
1757488956156 7.0792171881503085 114
1757488956262 7.4668766877500525 115
1757488956376 12.643705677204945 116
1757488956493 0.4811763946763844 117
1757488956616 10.574564533756044 118
1757488956737 4.933099828316387 119
1757488956857 7.769272157648617 120
1757488956966 5.766874559792532 121
1757488957082 14.688779735947751 122
1757488957187 0.012887419044421148 123
1757488957307 0.38518974914912796 124
1757488957412 0.0022626721362871507 125
1757488957528 7.053525014026271 126
1757488957668 0.09649991774113063 127
1757488957802 11.143150961643418 128
1757488957911 0.8832959238631811 129
1757488958028 0.09140503241483304 130
1757488958135 11.585437611480447 131
1757488958235 5.482119197898152 132
1757488958356 8.782885621171161 133
1757488958529 11.985106622233609 134
1757488958685 3.100992074657017 135
1757488958864 0.43979334836650025 136
1757488958958 6.981009509062283 137
1757488959090 9.8025952548701 138
1757488959191 0.0424584401873909 139
1757488959289 1.1519057615247879 140
1757488959408 13.732973021280023 141
1757488959538 2.0663394899808725 142
1757488959663 6.388445082403441 143
1757488959766 1.307851806834672 144
1757488959871 16.035994604068474 145
1757488960068 16.828599913223538 146
1757488960206 3.565061044203458 147
1757488960319 13.19144776336576 148
1757488960435 0.9401827008756883 149
1757488960560 7.731316934142045 150
1757488960692 10.869489932482166 151
1757488960797 4.090783123633233 152
1757488960905 1.6591370899744804 153
1757488961012 0.6758715859236177 154
1757488961117 14.76275275126356 155
1757488961244 19.693672300434393 156
1757488961352 2.3884040811330887 157
1757488961466 10.500306270198173 158
1757488961609 0.0016469181774819452 159
1757488961732 0.0031110088002057426 160
1757488961860 3.4457190234273907 161
1757488961970 1.115874770604868 162
1757488962091 6.416636568273909 163
1757488962221 0.2670975972474392 164
1757488962346 1.3440786780521012 165
1757488962471 19.168068114924807 166
1757488962587 5.744203474678573 167
1757488962708 0.045138236201434014 168
1757488962814 7.551227884113482 169
1757488962927 2.396804475294072 170
1757488963068 22.91178496070541 171
1757488963200 5.283595563575897 172
1757488963346 0.5469167117820743 173
1757488963488 3.63267344260382 174
1757488963630 0.2598975824013192 175
1757488963758 3.8205765461898284 176
1757488963878 2.483116840591528 177
1757488964011 3.3707763613238346 178
1757488964122 8.791032559833504 179
1757488964216 14.846526151505579 180
1757488964315 4.856216122207929 181
1757488964408 13.403228057118126 182
1757488964498 20.544354770646788 183
1757488964587 0.353369889035414 184
1757488964670 2.60200800635535 185
1757488964757 8.79849173921825 186
1757488964845 14.065565072986963 187
1757488964932 6.026239318446271 188
1757488965069 9.731615697733448 189
1757488965188 3.5976363237588873 190
1757488965328 0.5641543741443251 191
1757488965469 0.8432315034918899 192
1757488965590 8.315508999573426 193
1757488965745 0.8880981073326024 194
1757488965871 13.483959800740285 195
1757488965968 1.9704202563629105 196
1757488966091 1.5391098302021988 197
1757488966182 14.960247029881145 198
1757488966286 6.824852862278767 199
1757488966376 10.546408104017305 200
1757488966466 1.82643701786959 201
1757488966556 5.478540110193995 202
1757488966645 2.453845162915936 203
1757488966743 3.9808413103828073 204
1757488966835 3.430625920592659 205
1757488966922 8.288161814413302 206
1757488967007 17.01482259425024 207
1757488967092 7.753937222864992 208
1757488967177 2.074197059440794 209
1757488967273 2.5025875218185756 210
1757488967361 24.934642591160234 211
1757488967443 2.812765446197174 212
1757488967529 0.3631545736009476 213
1757488967613 2.381672559295181 214
1757488967703 1.8220783328047863 215
1757488967795 7.44264181608523 216
1757488967881 0.020901319456073455 217
1757488967968 8.225931243104114 218
1757488968053 6.17789712087142 219
1757488968140 3.6846670973355318 220
1757488968228 20.7401818268211 221
1757488968323 8.138540288851587 222
1757488968409 5.990481148774691 223
1757488968493 4.793660021487815 224
1757488968574 17.312746753894206 225
1757488968654 0.08748906933379626 226
1757488968739 9.595116976304187 227
1757488968823 4.305673218943371 228
1757488968913 12.523906898508287 229
1757488968998 0.1878099410860104 230
1757488969086 1.8907292124942174 231
1757488969171 0.7986608815535748 232
1757488969255 1.302058326327591 233
1757488969353 6.578734400246941 234
1757488969440 0.8338021643759638 235
1757488969525 0.5167175023253509 236
1757488969634 0.7127867683040616 237
1757488969724 14.455014392040924 238
1757488969815 6.4841578859438105 239
1757488969912 18.698546883047012 240
1757488970037 0.4000611946713727 241
1757488970127 14.375942037698977 242
1757488970218 15.857567445845843 243
1757488970308 16.474812041149455 244
1757488970402 17.251012236661143 245
1757488970483 1.5908022612397705 246
1757488970578 1.0261708364926403 247
1757488970671 15.115274939301246 248
1757488970764 0.005985307114140495 249
1757488970868 2.222799634087086 250
1757488971056 4.533654112221791 251
1757488971188 7.40413796566542 252
1757488971352 12.743288276883673 253
1757488971513 9.799780566145799 254
1757488971628 1.289691078541658 255
1757488971787 10.087840318989253 256
1757488971939 5.948104034134247 257
1757488972156 0.137465144017787 258
1757488972303 0.21447486867360055 259
1757488972463 11.857069549415122 260
1757488972590 13.162248125337124 261
1757488972705 3.58861509353668 262
1757488972826 1.3623085651161904 263
1757488972967 13.7346803700763 264
1757488973121 4.5710677338094 265
1757488973254 3.2054946594073117 266
1757488973383 8.29051658897898 267
1757488973502 3.4098093727494487 268
1757488973615 0.6394410768755292 269
1757488973724 16.266997043299796 270
1757488973844 0.27021238675719234 271
1757488973962 1.5236378563049269 272
1757488974098 17.627049025365068 273
1757488974227 0.07778785632846065 274
1757488974351 0.003628816022406909 275
1757488974488 1.951824166196256 276
1757488974648 7.227326820607674 277
1757488974777 9.034550601941197 278
1757488974912 12.197663829809159 279
1757488975026 21.905966315941388 280
1757488975147 20.9552142424694 281
1757488975277 0.024443554305191864 282
1757488975414 10.933422926367395 283
1757488975558 17.56879648058437 284
1757488975692 0.378054410553398 285
1757488975824 1.8510992450222379 286
1757488975940 6.467967124609002 287
1757488976052 0.35915458389520855 288
1757488976174 10.686979279008025 289
1757488976292 6.550874985546585 290
1757488976423 6.627218647854561 291
1757488976549 0.3041275257334312 292
1757488976743 0.0021705461306736553 293
1757488976890 7.1012683428869 294
1757488977030 10.674932132523123 295
1757488977155 14.370901496204246 296
1757488977263 0.1813264127801152 297
1757488977384 13.789943922461063 298
1757488977506 6.602028221324261e-05 299
1757488977662 17.914304390215605 300
1757488977751 5.886772596351394 301
1757488977845 1.5208754879165811 302
1757488977935 0.003078721697547681 303
1757488978023 4.907006923488694 304
1757488978113 7.097986865209901 305
1757488978272 6.918931211051252 306
1757488978410 0.4752119316474121 307
1757488978602 14.162912728090673 308
1757488978707 6.926603732737928 309
1757488978794 0.12898858425486792 310
1757488978891 1.5979954725133627 311
1757488979017 1.723557638462459 312
1757488979134 0.1481605812407617 313
1757488979246 5.645177586469568 314
1757488979344 11.36056112738465 315
1757488979442 50.009753318637664 316
1757488979541 9.088856833801064 317
1757488979623 6.377197726893487 318
1757488979802 10.526554887121216 319
1757488979892 4.930902414333848 320
1757488979980 0.5666979555090097 321
1757488980071 0.004277203312166935 322
1757488980159 4.780900787726251 323
1757488980247 5.923158104379732 324
1757488980331 1.2144311159833006 325
1757488980419 16.42568557174604 326
1757488980503 9.154663876084468 327
1757488980598 0.5236593537463168 328
1757488980684 0.03815534177795628 329
1757488980770 0.9012989490426329 330
1757488980856 0.04385791594848931 331
1757488980942 2.830888245801161 332
1757488981026 0.04811886102998175 333
1757488981118 20.756112459474366 334
1757488981204 2.3799724966824063 335
1757488981286 8.084979330993281 336
1757488981375 0.0003278779913316441 337
1757488981463 0.017695626563309957 338
1757488981555 0.3156792177819989 339
1757488981647 0.5347703420800736 340
1757488981735 2.041306869371465 341
1757488981822 1.7146492695845197 342
1757488981911 0.444201789063186 343
1757488981997 1.220687997433762 344
1757488982083 2.565809962173072e-06 345
1757488982186 13.291921033102415 346
1757488982299 16.618961530589353 347
1757488982390 1.2085596755353825 348
1757488982475 0.46636452073348805 349
1757488982572 3.0567987833400374 350
1757488982664 17.611693595863375 351
1757488982757 10.36299718050143 352
1757488982838 1.798472968384519 353
1757488982926 18.62168941982773 354
1757488983015 1.1291469638261888 355
1757488983104 0.018846077226439592 356
1757488983186 0.9104110040783521 357
1757488983274 3.294650336594621 358
1757488983364 2.6791285550200508 359
1757488983451 2.5680760252462393 360
1757488983540 6.98127832707618 361
1757488983631 15.274451844174605 362
1757488983720 4.434731720880889 363
1757488983806 3.4750008499181133 364
1757488983893 7.573048631633555 365
1757488983981 18.213987083541166 366
1757488984071 12.168056375249881 367
1757488984158 7.647521979780685 368
1757488984246 0.514170712700386 369
1757488984387 7.9913833044247 370
1757488984577 16.65538479611251 371
1757488984684 17.127287326956747 372
1757488984813 2.5055956475651135 373
1757488984933 2.3958200594212395 374
1757488985055 0.31516069089981397 375
1757488985174 5.396456906511593 376
1757488985295 8.344990258757768 377
1757488985435 4.136041905443697 378
1757488985555 0.6353138418286695 379
1757488985684 9.150871571689018 380
1757488985845 8.573838238208998 381
1757488985983 0.0032017227432478267 382
1757488986117 1.3409581199131921 383
1757488986246 5.759292596552501 384
1757488986364 11.467703491771601 385
1757488986484 18.880712762744235 386
1757488986603 1.4613731024350025 387
1757488986733 5.762552030153251 388
1757488986871 3.540547514136246 389
1757488987010 9.620046544174754 390
1757488987130 7.096703531819905 391
1757488987293 7.309860300616797 392
1757488987426 7.469463137007775 393
1757488987587 3.919396700705625 394
1757488987775 8.427480823137007 395
1757488987945 1.9558640939210474 396
1757488988196 0.027715360543670006 397
1757488988351 0.9142772583564042 398
1757488988495 13.631611758463915 399
1757488988642 1.7752866833102436 400
1757488988787 0.8054109415443776 401
1757488988995 3.141386445786036 402
1757488989134 5.88742721233504 403
1757488989245 0.19912729463073794 404
1757488989399 2.4631829899289506 405
1757488989523 10.904025421880913 406
1757488989690 7.397259356449595 407
1757488989813 3.632255050611169 408
1757488989952 1.7798779486726357 409
1757488990080 1.6379701262097472 410
1757488990217 0.11095605273164134 411
1757488990335 22.390267031664706 412
1757488990490 8.669452277341657 413
1757488990642 3.2038677021697657 414
1757488990787 13.533871683034116 415
1757488990884 1.0699217834986396 416
1757488990980 3.5440991460072624 417
1757488991078 0.1187784017249451 418
1757488991170 5.05899640478771 419
1757488991262 15.551614430448858 420
1757488991355 2.5662442822504903 421
1757488991463 25.619093965244694 422
1757488991650 9.24290033179325 423
1757488991833 1.2603394495503044 424
1757488991983 6.652684720638955 425
1757488992101 9.520056425152104 426
1757488992286 0.00010055050693204517 427
1757488992419 6.36885271060641 428
1757488992519 20.375324175782453 429
1757488992618 0.45736877779849305 430
1757488992713 1.5978795128340677 431
1757488992801 9.96535951441456 432
1757488992900 0.23603471607078985 433
1757488993013 22.546274179339505 434
1757488993129 5.159619031187429 435
1757488993227 5.333359995497562 436
1757488993317 17.31511632121193 437
1757488993411 1.1516559278099137 438
1757488993499 23.131678289590965 439
1757488993587 14.14853962697232 440
1757488993682 9.583213685659253 441
1757488993769 6.270101669572384 442
1757488993871 11.271275055670811 443
1757488993965 9.857915775770536 444
1757488994057 3.115675266676843 445
1757488994147 14.926326215330768 446
1757488994238 1.278583599718018 447
1757488994339 9.844181509095412 448
1757488994429 16.29629782833058 449
1757488994514 10.883549069766095 450
1757488994604 21.690013983426557 451
1757488994697 19.526999084827864 452
1757488994788 0.6960701579505559 453
1757488994887 1.798545594625209 454
1757488994977 10.79593876211002 455
1757488995064 14.752745401669472 456
1757488995154 1.7335948509622672 457
1757488995245 4.051434752985506 458
1757488995335 2.3953990645764436 459
1757488995418 5.491269501178359 460
1757488995507 4.710440999584108 461
1757488995594 7.30057746165443 462
1757488995683 6.989812431163171 463
1757488995773 2.725226839853734 464
1757488995875 11.178083114620824 465
1757488995965 19.652143617303487 466
1757488996054 0.16746523881548994 467
1757488996142 0.27308597374460875 468
1757488996232 10.617889634753888 469
1757488996314 1.1870778510999167 470
1757488996411 19.258052447293714 471
1757488996495 10.476939091379723 472
1757488996579 9.73048058070029 473
1757488996668 6.618676903724955 474
1757488996761 4.247066623678724 475
1757488996860 0.0007736681577405581 476
1757488996951 2.005744278842145 477
1757488997040 15.321138821618574 478
1757488997132 19.421388079844878 479
1757488997222 0.10199393867096711 480
1757488997325 16.508906411336685 481
1757488997530 0.10002123198670612 482
1757488997683 0.12686238730139762 483
1757488997819 0.3977641924389697 484
1757488997947 20.030479232669588 485
1757488998076 7.067452578596692 486
1757488998209 12.324989852623643 487
1757488998372 0.33017800977070394 488
1757488998523 1.5267527576037938 489
1757488998656 16.985246889787295 490
1757488998803 6.929786941065477 491
1757488998930 10.991555176186418 492
1757488999052 0.4416921894850623 493
1757488999185 8.618486385990158 494
1757488999351 9.890218432264493 495
1757488999499 0.932928673567649 496
1757488999654 3.2678398361432124 497
1757488999790 1.7769904563720205 498
1757489000012 3.2133846535624704 499
