1757424413183 169.1697202970748 0
1757424413247 169.10594278161113 1
1757424413305 169.08403408269857 2
1757424413349 169.06249012996975 3
1757424413390 169.04346615412626 4
1757424413436 169.02653986503498 5
1757424413475 169.0114829924063 6
1757424413516 168.99808409221814 7
1757424413589 168.9861563588664 8
1757424413634 168.97553419670407 9
1757424413678 168.9660708361243 10
1757424413737 168.95763618145708 11
1757424413774 168.95011490784125 12
1757424413813 168.94340477574912 13
1757424413848 168.93741513838117 14
1757424413879 168.93206561980833 15
1757424413920 168.9272849442906 16
1757424413975 168.92300989944837 17
1757424414022 168.91918441794962 18
1757424414087 168.9157587641372 19
1757424414205 168.9126888135781 20
1757424414247 168.90993541489502 21
1757424414298 168.90746382446096 22
1757424414358 168.90524320561798 23
1757424414417 168.9032461850367 24
1757424414471 168.9014484596804 25
1757424414518 168.89982844858613 26
1757424414567 168.89836698433794 27
1757424414600 168.89704703969582 28
1757424414647 168.895853485362 29
1757424414723 168.8947728753276 30
1757424414777 168.89379325664908 31
1757424414826 168.8929040008651 32
1757424414869 168.8920956545831 33
1757424414910 168.89135980704833 34
1757424414956 168.8906889727572 35
1757424415007 168.89007648739994 36
1757424415062 168.8895164156117 37
1757424415129 168.88900346918714 38
1757424415183 168.8885329345659 39
1757424415240 168.88810060853254 40
1757424415332 168.8877027411965 41
1757424415399 168.88733598542294 42
1757424415470 168.8869973519803 43
