1757564312451 4.237021107775569 0
1757564312521 0.342391980379939 1
1757564312591 0.30150224423046124 2
1757564312669 0.3167016474146957 3
1757564312739 0.6369555709321867 4
1757564312816 0.005254696188801342 5
1757564312897 0.27980589479649187 6
1757564312980 0.0075043704321145046 7
1757564313089 0.1140028912196923 8
1757564313175 0.05554896372601804 9
1757564313249 0.0069764155663479275 10
1757564313322 0.006249013980521371 11
1757564313394 0.006731315335301789 12
1757564313467 0.0023493872810880167 13
1757564313537 0.054276171440062436 14
1757564313608 8.018593548874905e-05 15
1757564313681 4.350181289475932e-05 16
1757564313756 0.00042000953914764346 17
1757564313833 0.35240352032971456 18
1757564313905 0.021680898923082205 19
1757564313975 0.22045006860174138 20
1757564314044 0.004163717724168875 21
1757564314114 0.09563502915713772 22
1757564314182 0.0007933879061983954 23
1757564314254 0.32299066393170506 24
1757564314323 0.0035309592678042546 25
1757564314394 0.0014670471434129516 26
1757564314464 0.27649896291399334 27
1757564314534 0.18375797615096828 28
1757564314604 0.3787177964295981 29
1757564314672 0.016438208584396232 30
1757564314745 0.06278660927220964 31
1757564314817 0.0486148774148664 32
1757564314886 0.01268032099256934 33
1757564314956 0.034604520958483695 34
1757564315028 0.025227939918450314 35
1757564315097 0.11612959570210082 36
1757564315166 0.5037113968492218 37
1757564315236 0.003143744498130652 38
1757564315307 0.0005846624813665608 39
1757564315377 2.6006809896715076e-05 40
1757564315447 0.9299444685074243 41
1757564315518 0.013596353390230041 42
1757564315588 0.060494582213383385 43
1757564315657 0.2105467459699461 44
1757564315737 0.14176435973885645 45
1757564315807 0.04307716461614456 46
1757564315877 0.05160733336578462 47
1757564315947 0.23834202614465003 48
1757564316018 0.0536556275123372 49
1757564316087 0.09665273607582653 50
1757564316156 0.04114517877138916 51
1757564316226 0.0025637063393916123 52
1757564316297 0.025364842293973823 53
1757564316367 0.4765682708491407 54
1757564316441 0.5963392988009072 55
1757564316514 0.04043908353684722 56
1757564316588 0.12024810111520849 57
1757564316664 0.0053764169625791945 58
1757564316745 0.013148053048119527 59
1757564316820 0.09818767296093572 60
1757564316893 0.05789956536930585 61
1757564316969 0.06346496783381839 62
1757564317054 0.012183090894699877 63
1757564317128 0.0025782305046413863 64
1757564317202 0.14906804916906244 65
1757564317276 0.01398064358442243 66
1757564317356 0.052605139894708726 67
1757564317429 0.03013919890795128 68
1757564317503 0.037840259991688205 69
1757564317593 0.10868506356978301 70
1757564317664 0.1316782091684975 71
1757564317739 3.8584580780257405e-05 72
1757564317816 0.03419643837804885 73
1757564317890 0.09446675634482418 74
1757564317965 0.01978338822210374 75
1757564318040 0.06669903705329863 76
1757564318113 0.005890840359290409 77
1757564318198 0.030361616106663325 78
1757564318278 0.01780238149084628 79
1757564318374 0.25358255982262623 80
1757564318485 0.0738934467024816 81
1757564318561 0.03871617751129053 82
1757564318667 0.3961009998248382 83
1757564318742 0.39436185915574096 84
1757564318817 0.0252737627702733 85
1757564318908 8.713932925876187e-06 86
1757564318984 0.15202560167322451 87
1757564319091 0.3471681385271388 88
1757564319178 0.035501647295532034 89
1757564319258 0.033456785756316915 90
1757564319335 0.09635623022130023 91
1757564319413 0.031170840893038596 92
1757564319495 0.1763813734708031 93
1757564319603 0.007812034237117401 94
1757564319675 0.007179309637328704 95
1757564319756 0.02727768168453495 96
1757564319830 0.10013758672500409 97
1757564319902 0.0024816556683704776 98
1757564319976 0.00097560608104529 99
1757564320048 0.1992410596929825 100
1757564320122 0.6395273787231437 101
1757564320194 0.03720144762902616 102
1757564320266 0.0011915123507513926 103
1757564320340 0.005803319754402932 104
1757564320414 0.2863802745875217 105
1757564320487 0.0009768552221241418 106
1757564320560 0.012347244597636376 107
1757564320633 0.005403506325901958 108
1757564320705 0.015298101973154503 109
1757564320778 0.002871848077344152 110
1757564320852 0.34525384473474235 111
1757564320925 0.36366607056848327 112
1757564320998 0.030865559169398513 113
1757564321072 0.18858542117503882 114
1757564321144 0.25035134259728736 115
1757564321217 0.023630188899199323 116
1757564321290 0.011966526953718666 117
1757564321363 0.004054130693794022 118
1757564321435 0.07051896964769162 119
1757564321509 0.017340154813151654 120
1757564321583 0.006341011099588732 121
1757564321656 2.531720194522564 122
1757564321729 0.12349356260857447 123
1757564321811 0.05903046398714316 124
1757564321884 0.4943021813681331 125
1757564321958 0.04977435255719917 126
1757564322031 0.0008304982034140927 127
1757564322104 0.000867153932648582 128
1757564322177 0.005437568222845582 129
1757564322253 0.6097625763824105 130
1757564322326 0.04209154180639107 131
1757564322402 0.025752122311616724 132
1757564322476 0.00033992878692041964 133
1757564322549 0.48094814136139513 134
1757564322631 0.006652194168218353 135
1757564322731 0.02383639650635257 136
1757564322831 0.03774839972252295 137
1757564322925 0.18891245240647148 138
1757564323016 0.011641927811961885 139
1757564323107 0.007924413417293294 140
1757564323198 0.09724555511273571 141
1757564323288 0.6884763196644169 142
1757564323375 0.4368930327393702 143
1757564323468 0.23471775848464344 144
1757564323557 0.18208619005452942 145
1757564323647 0.040073270312604124 146
1757564323737 0.02178658507071765 147
1757564323829 0.009349046228168968 148
1757564323919 0.047434012427875906 149
1757564324010 0.003947304503180137 150
1757564324101 0.08691687420387582 151
1757564324193 0.05152128386511521 152
1757564324284 0.3922079835499826 153
1757564324376 0.7213563546053112 154
1757564324469 0.00955336255081956 155
1757564324560 0.15884609676385958 156
1757564324652 0.005710285876063715 157
1757564324744 0.24779397683031976 158
1757564324838 0.05888717737101441 159
1757564324993 0.5100201848251854 160
1757564325178 0.025478405007493286 161
1757564325267 0.21125424898611433 162
1757564325361 0.8046675531979675 163
1757564325449 0.03858903138908148 164
1757564325538 0.049566199628335465 165
1757564325635 0.11587964967832491 166
1757564325726 0.03343143296812249 167
1757564325822 0.013520309367232234 168
1757564325918 0.2504408783124119 169
1757564326001 0.02215614655921257 170
1757564326086 0.028645116902185266 171
1757564326170 0.007307401499316773 172
1757564326252 0.00012241674300261319 173
1757564326337 0.003365639946685217 174
1757564326422 0.012412070350769838 175
1757564326515 0.040770200394963096 176
1757564326607 0.16574648600539568 177
1757564326699 0.4719706321733702 178
1757564326791 0.04076205353526555 179
1757564326890 0.1441975139942033 180
1757564326974 0.0022914745438354115 181
1757564327058 0.0026180541484570907 182
1757564327161 0.09863815791541913 183
1757564327250 0.024134816685089128 184
1757564327334 0.05283571283355158 185
1757564327419 0.017655321113558626 186
1757564327503 0.004401389920272132 187
1757564327603 5.811466798955622e-05 188
1757564327700 0.005239667072256906 189
1757564327793 0.10139045410642544 190
1757564327884 0.027520801102469662 191
1757564327977 3.208140681324016e-08 192
1757564328069 0.16284400711329947 193
1757564328169 0.0013725737345643833 194
1757564328263 0.1168750171964541 195
1757564328355 0.11521282372372786 196
1757564328447 0.1101631146445864 197
1757564328538 0.0010003683821089892 198
1757564328629 0.0024846069656936465 199
1757564328719 0.08987288441161964 200
1757564328814 0.6316502047143806 201
1757564328913 0.6312962901597554 202
1757564329007 0.017566375884185994 203
1757564329099 0.3706145123910087 204
1757564329191 0.4381421666061686 205
1757564329294 0.005556941319234197 206
1757564329387 0.022044438207410828 207
1757564329479 0.1649960667626115 208
1757564329573 0.038869659155596335 209
1757564329665 0.14614932540201211 210
1757564329756 0.04221862121203614 211
1757564329850 0.09306649645482636 212
1757564329951 0.3589014700268475 213
1757564330040 0.14040058818119236 214
1757564330133 0.06288642996348806 215
1757564330225 0.040028674862026686 216
1757564330319 0.1675693320942637 217
1757564330412 0.04309834715302847 218
1757564330506 0.03945474723812389 219
1757564330599 0.0005277096275739323 220
1757564330694 0.17342654532170537 221
1757564330787 0.0040689506329496025 222
1757564330880 0.0005769586303495319 223
1757564330968 0.5258809562158211 224
1757564331053 0.17196987792609655 225
1757564331137 0.05435315054128401 226
1757564331222 0.0802277073215663 227
1757564331307 0.689741948635697 228
1757564331399 0.473946416895319 229
1757564331486 0.0347579533789699 230
1757564331577 0.03501483322903298 231
1757564331665 0.03720429065592679 232
1757564331759 0.02930665220819465 233
1757564331850 0.2003210618150142 234
1757564331940 0.0030869496931323617 235
1757564332024 0.09054025512912034 236
1757564332108 0.3320292195016637 237
1757564332193 0.04500834201006496 238
1757564332274 0.0006467810067250399 239
1757564332354 0.0038864192248309927 240
1757564332440 0.04856387063695755 241
1757564332522 0.5757597632998215 242
1757564332608 1.1200949425448947 243
1757564332689 0.037693793798507604 244
1757564332774 0.006664836515642177 245
1757564332861 0.12691076620152922 246
1757564332948 0.06982339613056265 247
1757564333034 0.022544734955222186 248
1757564333118 0.08977035270048773 249
1757564333202 0.6189552921184256 250
1757564333284 0.0007741785244272189 251
1757564333367 0.018489944110818574 252
1757564333452 0.0026007720427312655 253
1757564333544 0.07762904005283414 254
1757564333696 0.01958585535633519 255
1757564333932 0.10211915870275082 256
1757564334038 0.040311306969659684 257
1757564334221 0.0001708458649360581 258
1757564334451 0.02047678212571991 259
1757564334595 0.00014533749491048775 260
1757564334732 0.14452765875543605 261
1757564334872 0.0048596501065411345 262
1757564334987 0.004239226514109399 263
1757564335081 0.37840249771591916 264
1757564335188 0.14599455401306738 265
1757564335285 0.009722266960149972 266
1757564335392 0.004824297745943222 267
1757564335551 0.012402265854539166 268
1757564335695 0.009610800244518184 269
1757564335808 0.08489476893959044 270
1757564335916 0.22173677350659607 271
1757564336030 0.02027645405271809 272
1757564336118 0.00541157592319493 273
1757564336213 0.053926708955336244 274
1757564336326 0.09879225059466845 275
1757564336448 0.15418422255467248 276
1757564336582 0.0037919290432385506 277
1757564336712 0.025019620406988432 278
1757564336831 0.03449053128259123 279
1757564336941 0.2624344686887103 280
1757564337082 0.07855572139321657 281
1757564337237 0.13950857154364563 282
1757564337406 0.012803938651087516 283
1757564337529 0.003194089160237072 284
1757564337659 4.108603681114785e-05 285
1757564337787 0.0034034389124239393 286
1757564337908 9.113388234374234e-05 287
1757564338010 0.008984168537137708 288
1757564338141 0.0362352358224623 289
1757564338255 0.12840469375233102 290
1757564338374 6.320731517960384e-05 291
1757564338479 0.0001924714112781683 292
1757564338624 0.20543168921812358 293
1757564338723 0.07496374189415657 294
1757564338877 0.14315841822322956 295
1757564338996 0.048991190555426334 296
1757564339109 0.3164393383729454 297
1757564339231 0.11132065131731143 298
1757564339337 0.12804475680738253 299
1757564339442 0.048996246044038835 300
1757564339572 0.048574766123947455 301
1757564339702 0.34339553869940775 302
1757564339794 6.360772989351628e-08 303
1757564339889 0.03253643800530219 304
1757564339983 0.1238148456628723 305
1757564340084 0.09173942706573529 306
1757564340177 0.23318706333119077 307
1757564340270 0.006587869112657938 308
1757564340364 0.00826606401262247 309
1757564340458 0.15934293009560765 310
1757564340552 0.16055537215423488 311
1757564340643 0.5497991878823665 312
1757564340740 0.027779572460265974 313
1757564340843 0.06666386713589982 314
1757564340941 0.022678044081546146 315
1757564341046 0.20067566733766945 316
1757564341144 0.007620075295633999 317
1757564341244 0.010502060258353428 318
1757564341340 0.17962031327273695 319
1757564341457 0.5239916120323436 320
1757564341571 0.06732183225196568 321
1757564341681 0.24340367953454098 322
1757564341783 0.07789192987993186 323
1757564341881 0.11058091418681994 324
1757564341977 0.1155730390625969 325
1757564342076 0.020842100462125705 326
1757564342175 0.05241334253808711 327
1757564342271 0.10176036062983163 328
1757564342368 0.0004725712267716017 329
1757564342464 0.1152183705731775 330
1757564342579 0.004809866711267224 331
1757564342723 0.4463237087682554 332
1757564342818 0.1279617174801174 333
1757564342910 0.051676752555244856 334
1757564343043 0.01200333619671738 335
1757564343152 0.03365371055331545 336
1757564343306 0.01600490466567423 337
1757564343426 0.3696800772568621 338
1757564343524 0.16026439939316656 339
1757564343619 0.290273466455659 340
1757564343713 0.21613328781114072 341
1757564343831 0.07375925356083003 342
1757564343927 0.013187859132622971 343
1757564344024 0.0358573244157631 344
1757564344125 0.4860158006971839 345
1757564344220 0.02700726726419919 346
1757564344315 0.04464723417903101 347
1757564344410 0.018023184038910258 348
1757564344503 0.01028525903632427 349
1757564344596 1.1249928092146286 350
1757564344691 0.02226205806853895 351
1757564344783 0.0632268744664865 352
1757564344881 0.016904658957422578 353
1757564344982 0.16283309987371447 354
1757564345078 0.0007560397096064324 355
1757564345178 0.02909234004072217 356
1757564345273 1.9686330902744837 357
1757564345370 0.02502021617649259 358
1757564345465 0.0369958582413414 359
1757564345565 0.03929746560710406 360
1757564345665 3.9832633804785484e-05 361
1757564345759 0.12669087813929197 362
1757564345855 0.16860530827690137 363
1757564345949 0.016257389273637242 364
1757564346057 0.17520897358855406 365
1757564346173 0.29230559578207693 366
1757564346269 0.009591959581175286 367
1757564346384 0.00035887768098557496 368
1757564346514 0.4413019777823866 369
1757564346751 0.07256342802370765 370
1757564346930 0.11985230320368544 371
1757564347126 1.3479175110965356 372
1757564347238 0.08762593551263047 373
1757564347349 0.04696625371233306 374
1757564347500 0.014445144052993084 375
1757564347659 0.0854581721535431 376
1757564347773 0.06471037905504844 377
1757564347870 0.5726563031256338 378
1757564347968 0.057983300752577745 379
1757564348063 0.35444967783792425 380
1757564348165 0.3391602904031536 381
1757564348260 0.21982961692253805 382
1757564348354 0.0034689697220975442 383
1757564348451 0.012959176416591793 384
1757564348548 0.057564091709471875 385
1757564348644 0.14995869105737555 386
1757564348738 0.003060870220112693 387
1757564348835 0.0017671124530260834 388
1757564348931 0.07658038126643706 389
1757564349028 0.0803487460874562 390
1757564349121 0.013334618693226321 391
1757564349226 0.07142970080752657 392
1757564349321 0.001542991351323708 393
1757564349418 0.058306066741588856 394
1757564349514 0.3229869375129427 395
1757564349612 0.0006762492166059492 396
1757564349709 0.10657825318513892 397
1757564349807 0.040854558249464476 398
1757564349903 1.49368613558763 399
1757564349998 0.09362352977962972 400
1757564350101 0.5623383689277128 401
1757564350201 0.015207651462829406 402
1757564350293 0.9792344583921734 403
1757564350401 0.06949404603786853 404
1757564350493 8.673412610960328e-05 405
1757564350593 0.010446731481023307 406
1757564350689 0.11291297233666785 407
1757564350787 0.0025021102313761527 408
1757564350879 0.13713054034361835 409
1757564350974 0.021613040818419995 410
1757564351071 0.1939785186464107 411
1757564351173 0.23534457839314593 412
1757564351268 0.17612507155874246 413
1757564351371 0.0055299990072705 414
1757564351468 0.0023135822928941415 415
1757564351598 1.1756298269960068 416
1757564351731 0.38179528094068726 417
1757564351836 8.874613907751862e-06 418
1757564351935 0.0044445822377142405 419
1757564352033 0.03437950364901324 420
1757564352128 0.027259551852766014 421
1757564352225 0.002457158918382463 422
1757564352321 0.05526436531738166 423
1757564352418 0.051692197613514373 424
1757564352516 0.0023991219793817044 425
1757564352624 0.09498834438692016 426
1757564352732 0.018655134137196234 427
1757564352828 0.02528411748604613 428
1757564352927 0.0009359797329755266 429
1757564353026 0.003295699252710492 430
1757564353129 0.0019032352848177567 431
1757564353232 0.0063510244900648865 432
1757564353334 0.038818771377373454 433
1757564353435 0.006066098816946334 434
1757564353535 0.30224026881175364 435
1757564353635 0.022098726709198057 436
1757564353733 0.017446454753251885 437
1757564353831 0.19148004069636507 438
1757564353933 0.07250860097540279 439
1757564354028 0.0032398921834918197 440
1757564354124 0.030760694487176297 441
1757564354224 0.575433423115269 442
1757564354332 0.015282991198481873 443
1757564354435 0.003593031129968633 444
1757564354538 0.026055660719412913 445
1757564354638 0.16511299441317617 446
1757564354736 0.0016210879952327664 447
1757564354835 0.4505408674516485 448
1757564354941 0.0008828752555840077 449
1757564355051 0.5131024041810638 450
1757564355151 0.11012917208797425 451
1757564355261 0.12231037590261275 452
1757564355363 0.002423768706956492 453
1757564355460 0.0037242278818221297 454
1757564355559 0.02720331897260424 455
1757564355658 0.4815049545104446 456
1757564355756 0.010793097704062789 457
1757564355855 0.16651233213005504 458
1757564355955 1.2759581672474614 459
1757564356049 0.384104126682335 460
1757564356148 0.01760069055543089 461
1757564356244 0.008092824742721933 462
1757564356348 0.05159223944898195 463
1757564356448 0.13063724545757072 464
1757564356544 0.012121444498834762 465
1757564356675 0.18674734544657606 466
1757564356770 0.01417418174526323 467
1757564356870 0.05974357457264312 468
1757564356970 0.2175919433669557 469
1757564357070 0.9978185219361213 470
1757564357171 0.03776297416890135 471
1757564357440 0.037961203331988304 472
1757564357553 0.04418246359261534 473
1757564357655 0.002501672450560282 474
1757564357757 0.07510110533473877 475
1757564357864 0.040721413060378714 476
1757564357966 0.22568463794879026 477
1757564358066 0.00013097249402827847 478
1757564358162 0.034282851929001046 479
1757564358262 0.006763779475542874 480
1757564358362 0.008275431779866081 481
1757564358463 0.00036480728514802393 482
1757564358560 0.03385509454022241 483
1757564358659 0.06567392970625915 484
1757564358759 0.0014943997091720986 485
1757564358858 0.09195541686906937 486
1757564358959 0.007621489660685178 487
1757564359060 0.009567157557220598 488
1757564359175 0.0060758496181574076 489
1757564359413 0.012210912013043047 490
1757564359538 0.041451840119162905 491
1757564359692 0.0004100113297092163 492
1757564359888 0.018736568671380592 493
1757564360027 0.049345427016719366 494
1757564360146 1.881675787499673e-06 495
1757564360285 0.0010448233373617102 496
1757564360421 0.0503627009831092 497
1757564360517 0.010187253388065299 498
1757564360688 0.00637792994942296 499
