1757479015306 28.487764864999995 0
1757479015415 10.989468973456361 1
1757479015471 8.725410985668423 2
1757479015576 6.282703351868449 3
1757479015727 4.262516549892806 4
1757479015841 3.0440290537593393 5
1757479015933 1.585930449925211 6
1757479016045 1.0937705127386348 7
1757479016191 0.7965260856151004 8
1757479016255 1.0488010425735195 9
1757479016315 0.9585234313729346 10
1757479016378 0.4563788267464415 11
1757479016447 0.2307672147484755 12
1757479016495 0.1756149053562098 13
1757479016558 0.19300504274401745 14
1757479016619 0.20992933937698857 15
1757479016701 0.1396773695688569 16
1757479016762 0.14519006592355524 17
1757479016822 0.16206810978909147 18
1757479016869 0.12140910089576606 19
1757479016914 0.12104798005054514 20
1757479016972 0.13017067384969172 21
1757479017018 0.10812325198659109 22
1757479017096 0.11009646603482963 23
1757479017155 0.10901489521304418 24
1757479017222 0.10223730269121588 25
1757479017297 0.09357701239459341 26
1757479017339 0.07932346955248314 27
1757479017417 0.11159718102614201 28
1757479017480 0.09832661757095132 29
1757479017539 0.11048450605171942 30
1757479017607 0.11300374789486675 31
1757479017655 0.12006999426950758 32
1757479017724 0.06671306960788104 33
1757479017773 0.12243548501678521 34
1757479017845 0.08680625117907556 35
1757479017913 0.08469873073348104 36
1757479017965 0.09494448301978124 37
1757479018006 0.10715072904034252 38
1757479018058 0.12722239488351608 39
1757479018130 0.07802032444552594 40
1757479018196 0.10269413969648071 41
1757479018268 0.1770170351605303 42
1757479018363 0.09151780054625837 43
1757479018443 0.11722701612077822 44
1757479018510 0.1056689408124177 45
1757479018608 0.13166016457828753 46
1757479018690 0.0720416361274516 47
1757479018774 0.14303757998029296 48
1757479018851 0.13131294217038236 49
1757479018913 0.08476751950008109 50
1757479018971 0.14174525870314258 51
1757479019044 0.05950106996851015 52
1757479019097 0.09293032115517884 53
1757479019179 0.09653629400573048 54
1757479019248 0.10346746199501031 55
1757479019298 0.14716432495145715 56
1757479019361 0.09533491510042758 57
1757479019423 0.0770351924672253 58
1757479019506 0.12461095641216326 59
1757479019559 0.1391803775405197 60
1757479019649 0.07015818373267067 61
1757479019711 0.09006014488927477 62
1757479019789 0.11639005458220777 63
1757479019858 0.07631070900105547 64
1757479019924 0.08952927124634573 65
1757479020007 0.12191787861708124 66
1757479020074 0.07228075006881737 67
1757479020142 0.13569853218933542 68
1757479020236 0.0942494068112401 69
1757479020298 0.12515020737617003 70
1757479020340 0.09385243841732037 71
1757479020401 0.11890754552886591 72
1757479020467 0.1474178179934493 73
1757479020533 0.11141570459328368 74
1757479020593 0.09821411338101546 75
1757479020659 0.12360809537887273 76
1757479020737 0.09774567749455296 77
1757479020825 0.12450451980056475 78
1757479020904 0.14157588751690275 79
1757479020972 0.1485427838810331 80
1757479021046 0.08915128278063864 81
1757479021104 0.08949646075147921 82
1757479021146 0.10320012103408172 83
1757479021221 0.20083948799013365 84
1757479021278 0.10419303890641554 85
1757479021417 0.10223641131683414 86
1757479021545 0.1601533075879834 87
1757479021600 0.10614826132832084 88
1757479021649 0.0918117939076015 89
1757479021700 0.10962777425638595 90
1757479021747 0.16232174328078644 91
1757479021840 0.15203162035811243 92
1757479021910 0.07739687985853072 93
1757479021972 0.13794919488668234 94
1757479022041 0.08777777169842567 95
1757479022099 0.11728816648348314 96
1757479022178 0.09682982875830401 97
1757479022238 0.12893949484862294 98
1757479022335 0.11743554318625271 99
1757479022417 0.15464840538235877 100
1757479022474 0.12240723006122146 101
1757479022540 0.11443285885910703 102
1757479022587 0.08943586623278578 103
1757479022643 0.1269322884485349 104
1757479022688 0.11513880929679285 105
1757479022769 0.09696793706877753 106
1757479022837 0.1264336178222771 107
1757479022907 0.11312375301232647 108
1757479022985 0.13050321218965566 109
1757479023033 0.11012672144443886 110
1757479023104 0.09167559814362043 111
1757479023152 0.07216340640667357 112
1757479023226 0.09695082144428704 113
1757479023283 0.14677918327724374 114
1757479023341 0.07990823341824778 115
1757479023398 0.182840149341395 116
1757479023451 0.0996396015652166 117
1757479023535 0.13703303534443262 118
1757479023598 0.09602740984127889 119
1757479023650 0.10556732522208946 120
1757479023698 0.08486669334105693 121
1757479023754 0.13036135443147473 122
1757479023808 0.09425917036953195 123
1757479023865 0.10884555537600646 124
1757479023939 0.12039259248791362 125
1757479023985 0.10698159528328985 126
1757479024031 0.14370907288723644 127
1757479024088 0.15498000996146516 128
1757479024160 0.09768503846088401 129
1757479024251 0.09711508257650213 130
1757479024337 0.11130292595164673 131
1757479024394 0.07644945987689877 132
1757479024448 0.17588086428414237 133
1757479024516 0.09491345312702294 134
1757479024593 0.10080611838913597 135
1757479024661 0.12294594089608549 136
1757479024713 0.12358101905774088 137
1757479024793 0.1334276768077867 138
1757479024869 0.09643609735301596 139
1757479024949 0.07187801580833988 140
1757479025001 0.12081845252909018 141
1757479025073 0.08738160663290587 142
1757479025126 0.11671973886718272 143
1757479025186 0.06158988960396891 144
1757479025240 0.1479025615176297 145
1757479025303 0.08302622679794551 146
1757479025383 0.13152418934514035 147
1757479025448 0.10606893949839442 148
1757479025523 0.12542162419072653 149
1757479025583 0.14439596984683314 150
1757479025655 0.1578627478584558 151
1757479025701 0.11949345817167367 152
1757479025757 0.12456281186319991 153
1757479025828 0.10960156911145838 154
1757479025916 0.18993974968194716 155
1757479025982 0.07846384332662137 156
1757479026054 0.11451133716329571 157
1757479026142 0.11055615638627045 158
1757479026218 0.07771867340155485 159
1757479026290 0.12161487963733048 160
1757479026383 0.14499378434736487 161
1757479026455 0.15325053058186291 162
1757479026528 0.10757217458072967 163
1757479026583 0.09788020108936976 164
1757479026648 0.11993673162724773 165
1757479026702 0.10769480249262049 166
1757479026808 0.06661351614660635 167
1757479026953 0.09342312179271674 168
1757479027056 0.11818648999269367 169
1757479027184 0.09889062416243437 170
1757479027281 0.12901874312857048 171
1757479027412 0.08428553245118121 172
1757479027508 0.10160299117644021 173
1757479027580 0.12190465882693183 174
1757479027655 0.08588105158600745 175
1757479027746 0.17465406309008943 176
1757479027818 0.0703377975300897 177
1757479027879 0.05445775867669109 178
1757479027966 0.1000515235170371 179
1757479028021 0.09365576751311752 180
1757479028098 0.1586924274713738 181
1757479028156 0.2099340448596292 182
1757479028231 0.18832908877309226 183
1757479028284 0.07931330064232918 184
1757479028333 0.1549329733840024 185
1757479028400 0.13608654526931452 186
1757479028455 0.08048086419234927 187
1757479028515 0.1243039501566159 188
1757479028563 0.1424476012106345 189
1757479028635 0.10337135341331682 190
1757479028699 0.11442227195741766 191
1757479028770 0.10218149228542726 192
1757479028861 0.05760995254937484 193
1757479028924 0.09362470069919725 194
1757479028990 0.07265800094449507 195
1757479029066 0.12933069168553693 196
1757479029139 0.10034747941903437 197
1757479029206 0.10894780921357593 198
1757479029265 0.11457130709811139 199
1757479029328 0.10649575793669487 200
1757479029392 0.15062131112191815 201
1757479029469 0.09675819597060256 202
1757479029522 0.10060129781411864 203
1757479029588 0.09369639046333561 204
1757479029634 0.08275686717575076 205
1757479029694 0.11377177327434639 206
1757479029742 0.1535054361909117 207
1757479029802 0.0973483600452245 208
1757479029890 0.10408060420255372 209
1757479029955 0.09638929532213258 210
1757479030018 0.1329122605511017 211
1757479030089 0.12920436746717912 212
1757479030175 0.1423002383933576 213
1757479030259 0.09009339381090074 214
1757479030340 0.11317452096041238 215
1757479030401 0.08566449726903867 216
1757479030462 0.1467938299860148 217
1757479030538 0.11729015771198945 218
1757479030625 0.1293298090561267 219
1757479030701 0.09087289630941951 220
1757479030748 0.07043149864508874 221
1757479030820 0.07558997214151633 222
1757479030887 0.07243480093947065 223
1757479030968 0.19777330455495204 224
1757479031045 0.11871594400989659 225
1757479031146 0.10413651561590066 226
1757479031203 0.18388378186224322 227
1757479031263 0.10542168576164296 228
1757479031333 0.08804857134868548 229
1757479031396 0.10612860680015092 230
1757479031471 0.10471076467124729 231
1757479031538 0.08526047783585562 232
1757479031598 0.10143788137880372 233
1757479031645 0.10460159507716592 234
1757479031714 0.0726985613653009 235
1757479031787 0.06147015590540411 236
1757479031862 0.07779839045349334 237
1757479031931 0.140898852590283 238
1757479031979 0.14746609081433054 239
1757479032077 0.15741109859272961 240
1757479032166 0.12907299794210478 241
1757479032244 0.10730405840607482 242
1757479032316 0.1489347310114994 243
1757479032395 0.08294270736510667 244
1757479032457 0.13731571200464132 245
1757479032619 0.15353647199868378 246
1757479032743 0.10819968479108026 247
1757479032867 0.08842729270334729 248
1757479032941 0.084060035085469 249
1757479033055 0.09265554287549975 250
1757479033136 0.10288332822678105 251
1757479033206 0.07903310649951245 252
1757479033285 0.11048866276817924 253
1757479033361 0.08876000317283102 254
1757479033418 0.0934894530777735 255
1757479033505 0.14086024502761235 256
1757479033562 0.07888176232093856 257
1757479033637 0.09123838306021685 258
1757479033695 0.10572753958539838 259
1757479033767 0.09894881261922982 260
1757479033883 0.11164523115010477 261
1757479033940 0.12676939077158403 262
1757479033993 0.0983675066405524 263
1757479034051 0.14195911811000955 264
1757479034144 0.12416294521961183 265
1757479034224 0.06781405991461059 266
1757479034292 0.13772415904826477 267
1757479034359 0.10676222849459609 268
1757479034433 0.08342131488620944 269
1757479034503 0.09151034971820793 270
1757479034569 0.13749941166514767 271
1757479034632 0.1345314148306391 272
1757479034700 0.13674157382843102 273
1757479034779 0.11495027483813787 274
1757479034831 0.09548719153620608 275
1757479034888 0.10838389882228476 276
1757479034942 0.10066043139254774 277
1757479034994 0.13198011827203235 278
1757479035046 0.12581487089542506 279
1757479035118 0.10459136627070321 280
1757479035217 0.07944558991510893 281
1757479035267 0.11184257860934087 282
1757479035321 0.16873132254573592 283
1757479035398 0.11381771470477063 284
1757479035478 0.12526271111716936 285
1757479035548 0.09111865158206274 286
1757479035616 0.06832016184652176 287
1757479035682 0.12659475497348324 288
1757479035768 0.07053938813935585 289
1757479035838 0.16287618155945488 290
1757479035913 0.13506899266822672 291
1757479035975 0.0831222670765951 292
1757479036051 0.12183273320211252 293
1757479036108 0.13841736048043024 294
1757479036216 0.08943930122657094 295
1757479036301 0.1635555607046655 296
1757479036370 0.1547914920083478 297
1757479036438 0.10916674381179156 298
1757479036499 0.12182196562389619 299
1757479036568 0.09266686136049096 300
1757479036643 0.13919913706488 301
1757479036714 0.07430972364612222 302
1757479036764 0.12014013320192292 303
1757479036831 0.10372912446908693 304
1757479036880 0.05892949588822999 305
1757479036940 0.18102316960220455 306
1757479037019 0.08670658119723035 307
1757479037103 0.11289254152465328 308
1757479037154 0.08900200802858454 309
1757479037224 0.08303756301025463 310
1757479037304 0.12816505953903984 311
1757479037385 0.06744344779255 312
1757479037455 0.11475129586058756 313
1757479037519 0.1791726610769086 314
1757479037585 0.1004575582201639 315
1757479037647 0.082448026912388 316
1757479037726 0.12465667855500692 317
1757479037793 0.09199047459939075 318
1757479037858 0.132174692275584 319
1757479037906 0.08711590330977426 320
1757479037958 0.133496250784279 321
1757479038011 0.16023248083728486 322
1757479038159 0.04740471267082329 323
1757479038271 0.10313469434976757 324
1757479038378 0.07639953301660565 325
1757479038463 0.11391864951848531 326
1757479038548 0.06461804013070306 327
1757479038639 0.16394095525653363 328
1757479038734 0.14150051496387617 329
1757479038850 0.08026767509999544 330
1757479038904 0.11959812225497082 331
1757479038979 0.10861104660212023 332
1757479039036 0.12168935030587048 333
1757479039117 0.08106590553319326 334
1757479039186 0.08556790681364773 335
1757479039256 0.08438282449236295 336
1757479039326 0.09460840142235352 337
1757479039380 0.1559468575008418 338
1757479039430 0.07954924643021995 339
1757479039488 0.09738750506667043 340
1757479039577 0.08153729297543653 341
1757479039656 0.10491163751826367 342
1757479039753 0.17519809353073926 343
1757479039828 0.1478757376331868 344
1757479039900 0.10747787711365878 345
1757479039958 0.0737396226528479 346
1757479040025 0.08776092765478326 347
1757479040107 0.11132116746977352 348
1757479040174 0.06505618765307193 349
1757479040228 0.10035769483257104 350
1757479040313 0.09665055942868694 351
1757479040391 0.157153374014608 352
1757479040441 0.11617620988964503 353
1757479040507 0.1232229071585879 354
1757479040561 0.07425872767767626 355
1757479040620 0.11884408223000692 356
1757479040702 0.0817790282084318 357
1757479040783 0.09880451334736742 358
1757479040844 0.109476600674261 359
1757479040904 0.08744473606434888 360
1757479040972 0.10320021536616746 361
1757479041057 0.12437473720585293 362
1757479041129 0.09136584311873933 363
1757479041196 0.16914855001757378 364
1757479041278 0.10697726813026814 365
1757479041350 0.10764376505983653 366
1757479041427 0.0696700806218647 367
1757479041489 0.13589565268880666 368
1757479041559 0.07150653949980627 369
1757479041623 0.0926044474232075 370
1757479041698 0.10530803895685377 371
1757479041779 0.06969413458486777 372
1757479041838 0.0831567353465135 373
1757479041916 0.11308266712826552 374
1757479041981 0.11845117844463715 375
1757479042053 0.1491849449529308 376
1757479042131 0.10211444326194245 377
1757479042201 0.1269403083526576 378
1757479042276 0.08932306104775188 379
1757479042346 0.10435076115009478 380
1757479042427 0.11123365278413726 381
1757479042498 0.08427905058107656 382
1757479042589 0.10358169226563138 383
1757479042645 0.09175489480485086 384
1757479042704 0.1053102937588622 385
1757479042799 0.0968991872961578 386
1757479042873 0.06708459830818954 387
1757479042954 0.10420938079984018 388
1757479043013 0.10480192150168009 389
1757479043084 0.14538230281665632 390
1757479043139 0.09866572762464436 391
1757479043216 0.06551464413116403 392
1757479043283 0.11181087542975934 393
1757479043390 0.1378454197330411 394
1757479043540 0.13718953701645895 395
1757479043712 0.12268550735970621 396
1757479043819 0.10686308559166921 397
1757479043906 0.10692153317491578 398
1757479044021 0.13299897955903436 399
1757479044107 0.0989871354343426 400
1757479044178 0.1508601831768223 401
1757479044254 0.10071657108702946 402
1757479044334 0.09952778471902698 403
1757479044408 0.11736277709821127 404
1757479044513 0.0612750737329156 405
1757479044584 0.08932264545057286 406
1757479044654 0.09956999758349538 407
1757479044731 0.13172792098252536 408
1757479044789 0.1018771020453452 409
1757479044885 0.1088597457847761 410
1757479044998 0.11860700490908334 411
1757479045103 0.1520647745862614 412
1757479045161 0.1364433256385132 413
1757479045228 0.11057028634680818 414
1757479045298 0.1356075726288603 415
1757479045377 0.09519440079627872 416
1757479045451 0.11665198387023311 417
1757479045521 0.08798338654161598 418
1757479045577 0.10101014803725986 419
1757479045651 0.12260489844962226 420
1757479045714 0.13321697540444452 421
1757479045767 0.08470447738793827 422
1757479045828 0.12147619660594192 423
1757479045888 0.09811486749808973 424
1757479045961 0.13804770904368113 425
1757479046044 0.1576509732293443 426
1757479046108 0.1181273659764552 427
1757479046163 0.11227926910362128 428
1757479046235 0.11836099376982395 429
1757479046335 0.1207043050562831 430
1757479046412 0.09271072223803155 431
1757479046490 0.09664015196173596 432
1757479046569 0.07884192111829298 433
1757479046634 0.08541223957107569 434
1757479046720 0.12107542721358763 435
1757479046794 0.09975596941043216 436
1757479046880 0.1371448705170302 437
1757479046953 0.07628647540800905 438
1757479047060 0.0834864303203322 439
1757479047124 0.137910550977429 440
1757479047201 0.09437901752562662 441
1757479047274 0.08625523694780601 442
1757479047335 0.0741784116996114 443
1757479047419 0.07223995688527594 444
1757479047492 0.09977551200534562 445
1757479047564 0.10255290497441205 446
1757479047635 0.1158490579886717 447
1757479047707 0.07236665027516442 448
1757479047767 0.10704171164267534 449
1757479047862 0.13356461974029735 450
1757479047956 0.1063619286325295 451
1757479048034 0.09896436185325298 452
1757479048097 0.10906170542296534 453
1757479048203 0.0789231985061574 454
1757479048276 0.22702063668581307 455
1757479048338 0.09754238892874008 456
1757479048400 0.10573112689828855 457
1757479048463 0.08145462425827525 458
1757479048550 0.11480186333950522 459
1757479048615 0.12492529886239528 460
1757479048697 0.07485194950665663 461
1757479048757 0.11276290307175885 462
1757479048820 0.15798698246614806 463
1757479048887 0.23360693974448946 464
1757479048989 0.1127741234187561 465
1757479049130 0.15197071669149687 466
1757479049256 0.11322925783646287 467
1757479049376 0.1486659190711397 468
1757479049562 0.07123972647802974 469
1757479049668 0.1364539506749899 470
1757479049753 0.19860728536140657 471
1757479049840 0.15150177461144046 472
1757479049933 0.10110944005617113 473
1757479049999 0.09551950947934983 474
1757479050069 0.1671658446615593 475
1757479050157 0.06994423354089947 476
1757479050210 0.11975414544980538 477
1757479050301 0.09387864618371457 478
1757479050382 0.06569158069240472 479
1757479050450 0.07965803682758733 480
1757479050508 0.13011631002776597 481
1757479050567 0.11163107830959865 482
1757479050623 0.10765017796735221 483
1757479050716 0.12924289443920853 484
1757479050801 0.05864609546709791 485
1757479050898 0.15923769229780976 486
1757479050967 0.11458090068754437 487
1757479051060 0.10773646091532062 488
1757479051170 0.06867309458816308 489
1757479051257 0.11397858100114514 490
1757479051318 0.08354180905154342 491
1757479051376 0.1000474573793341 492
1757479051436 0.09973481807131637 493
1757479051491 0.14461112332219725 494
1757479051544 0.08587516359879221 495
1757479051604 0.08443375606184755 496
1757479051665 0.09233884802584141 497
1757479051738 0.1461892717644091 498
1757479051833 0.11204904688056942 499
