1757506505473 178.1148061281637 0
1757506505575 169.20824210799677 1
1757506505663 175.67098450957224 2
1757506505760 167.87365894801803 3
1757506505857 189.13908682639027 4
1757506505948 173.63122592753905 5
1757506506031 171.19481282846584 6
1757506506120 179.06553293005558 7
1757506506210 169.77658899627366 8
1757506506304 165.1787824992559 9
1757506506398 167.02391452360814 10
1757506506486 168.38807891513906 11
1757506506575 185.21555982938824 12
1757506506664 178.2316439984713 13
1757506506756 162.43625637670476 14
1757506506846 165.18397728847737 15
1757506506936 177.05723703858996 16
1757506507029 163.04909043061824 17
1757506507119 177.99334376892526 18
1757506507209 160.27133179346222 19
1757506507298 176.02213536244994 20
1757506507390 187.16415168792946 21
1757506507491 224.35353526959696 22
1757506507582 186.81196361224008 23
1757506507672 165.1742380576513 24
1757506507766 175.16673477451906 25
1757506507855 162.87709656958754 26
1757506507944 158.46305590782674 27
1757506508029 172.1456368871089 28
1757506508115 148.27696848458316 29
1757506508198 153.05323528405305 30
1757506508285 177.27750567209853 31
1757506508375 172.57130744521356 32
1757506508474 171.22808249632305 33
1757506508562 171.6126204133526 34
1757506508652 176.6283070401725 35
1757506508742 161.77671061534292 36
1757506508831 166.0584586285489 37
1757506508922 174.0191032948893 38
1757506509013 169.86792541537238 39
1757506509104 171.8173773857781 40
1757506509193 166.61914686683195 41
1757506509284 162.96583958637922 42
1757506509373 154.0707266778308 43
1757506509465 186.4184365016637 44
1757506509551 161.58900553784338 45
1757506509641 163.28230703994774 46
1757506509733 156.7085897724264 47
1757506509822 172.49790168629312 48
1757506509905 175.95555345341305 49
1757506509995 126.97245929704708 50
1757506510085 172.66894258603415 51
1757506510174 183.60247151683262 52
1757506510263 183.22496544962462 53
1757506510352 162.84027125551594 54
1757506510440 175.28422839537052 55
1757506510537 171.4290395544382 56
1757506510629 163.3457625380127 57
1757506510764 182.54108401865037 58
1757506510872 172.08669022207405 59
1757506510967 166.1173205657652 60
1757506511060 160.9751956327321 61
1757506511144 185.53166159164252 62
1757506511233 147.42381927855965 63
1757506511324 167.28540742154837 64
1757506511414 145.75919236254265 65
1757506511510 158.63360945178113 66
1757506511600 172.94663117341125 67
1757506511688 178.65831041375736 68
1757506511778 145.82665361675367 69
1757506511867 193.4177841773178 70
1757506511950 192.06364669298458 71
1757506512037 184.011271294402 72
1757506512124 157.0269297542022 73
1757506512212 152.9455259444301 74
1757506512301 164.57014834414255 75
1757506512391 171.72473417489954 76
1757506512478 169.07633198694478 77
1757506512576 167.49361481075115 78
1757506512663 162.56173961407646 79
1757506512761 169.82612459528463 80
1757506512963 176.10573448577463 81
1757506513140 196.543260513283 82
1757506513296 161.1746993902435 83
1757506513420 164.07632566084496 84
1757506513607 159.18704961510008 85
1757506513763 153.37861223537448 86
1757506513950 209.10403266769768 87
1757506514051 176.9929364666536 88
1757506514147 164.3616902140914 89
1757506514244 184.5221170645303 90
1757506514343 160.94738584670085 91
1757506514446 178.48110973954252 92
1757506514552 159.59213311889627 93
1757506514653 175.86539015669527 94
1757506514756 158.9981017236621 95
1757506514859 170.72011061580002 96
1757506514965 182.53878295386951 97
1757506515066 167.49104306623664 98
1757506515163 168.90835488331524 99
1757506515303 175.08228817690457 100
1757506515428 174.53373277720294 101
1757506515557 144.51173861556197 102
1757506515741 167.7774961351018 103
1757506515859 168.5215506472723 104
1757506515983 167.35739506885284 105
1757506516094 159.5805010145759 106
1757506516206 173.55473718157006 107
1757506516305 191.0249207632153 108
1757506516406 169.66323078504877 109
1757506516514 165.8264099191537 110
1757506516624 177.32221965790086 111
1757506516732 148.87313744431208 112
1757506516838 165.91788047929768 113
1757506516953 159.5872239863483 114
1757506517071 173.1561764818545 115
1757506517214 149.98926585495968 116
1757506517317 154.77933962161723 117
1757506517419 183.34176464232706 118
1757506517516 161.098296251176 119
1757506517615 177.1492114408516 120
1757506517717 178.85450118122225 121
1757506517813 169.11676241886786 122
1757506517907 155.6564255098868 123
1757506518003 188.30032528800666 124
1757506518179 164.24310502907437 125
1757506518339 185.31226749884533 126
1757506518455 189.35898065446 127
1757506518600 148.75046237219135 128
1757506518709 173.3243715263777 129
1757506518806 170.8109321112135 130
1757506518896 184.02264955084965 131
1757506518987 178.51355910602547 132
1757506519084 154.39758147459136 133
1757506519176 159.09199772430847 134
1757506519274 169.3930760667597 135
1757506519366 128.6318974139382 136
1757506519460 159.505169033898 137
1757506519551 179.8716103830653 138
1757506519644 177.08676765463545 139
1757506519737 166.80608473199484 140
1757506519828 150.0710411065041 141
1757506519920 148.7327216355231 142
1757506520013 178.12633636073474 143
1757506520107 160.26206146690686 144
1757506520192 173.55131258478303 145
1757506520281 162.4681236897078 146
1757506520370 147.2759067755621 147
1757506520460 166.4009477844939 148
1757506520550 163.19509023306406 149
1757506520644 156.22951465248224 150
1757506520737 161.06963732719566 151
1757506520825 161.12116653740958 152
1757506520914 200.1436170665811 153
1757506521006 164.14841489679293 154
1757506521097 175.24925198546276 155
1757506521186 153.43407620026784 156
1757506521275 172.47268859266535 157
1757506521365 164.40933815251856 158
1757506521457 175.27011291601306 159
1757506521549 156.4635586341473 160
1757506521640 170.69393478157795 161
1757506521740 181.25755750904062 162
1757506521831 176.86746048798426 163
1757506521923 194.91494528273276 164
1757506522012 168.76922675265564 165
1757506522102 167.83476166988874 166
1757506522193 174.99053502185333 167
1757506522286 169.49978137453527 168
1757506522375 179.71883589949923 169
1757506522467 168.62101282441446 170
1757506522556 179.04783264420826 171
1757506522646 164.37774795235583 172
1757506522745 161.88031993702572 173
1757506522836 152.7270589727832 174
1757506522929 154.8177305786115 175
1757506523019 163.5484078482567 176
1757506523108 157.32125046872753 177
1757506523207 176.92704139255025 178
1757506523301 181.0010452424507 179
1757506523398 167.42889158623723 180
1757506523490 177.60670712432372 181
1757506523576 166.61384013408184 182
1757506523668 168.12568819696108 183
1757506523758 212.78355687520582 184
1757506523855 166.3518187502426 185
1757506523946 189.13397051040735 186
1757506524034 201.96773292353106 187
1757506524227 149.6854100761969 188
1757506524418 180.62241493784344 189
1757506524583 160.0108430264645 190
1757506524699 160.19225901064235 191
1757506524863 166.332529814173 192
1757506525021 162.91852895675217 193
1757506525118 179.6058555383986 194
1757506525215 158.13711525615267 195
1757506525309 192.22951923632368 196
1757506525404 159.7658850979281 197
1757506525503 167.90417749968174 198
1757506525596 187.08802434455046 199
1757506525687 151.1524187938112 200
1757506525801 172.93578953147517 201
1757506525897 170.07612340532015 202
1757506526000 171.16344760474303 203
1757506526093 161.72415604112066 204
1757506526179 150.59539270942554 205
1757506526270 188.6274527274312 206
1757506526357 169.93880704433136 207
1757506526452 162.81807079627535 208
1757506526549 162.7068376161007 209
1757506526642 160.65602831452878 210
1757506526732 200.88220223870223 211
1757506526830 179.25486821713878 212
1757506526921 157.1758761533563 213
1757506527014 156.8871755565775 214
1757506527106 163.7122848621622 215
1757506527199 187.52950778650202 216
1757506527292 182.88466774649842 217
1757506527383 168.65064068766327 218
1757506527474 181.80597702939997 219
1757506527566 157.53940823194935 220
1757506527659 161.76087764469227 221
1757506527751 173.48688727211808 222
1757506527852 164.94563064213403 223
1757506527944 203.80580985047166 224
1757506528031 161.2613827810296 225
1757506528121 150.21645668032798 226
1757506528212 188.62122178268967 227
1757506528299 160.0820952912567 228
1757506528389 179.27110562697544 229
1757506528484 174.38086256074752 230
1757506528574 175.79559752421758 231
1757506528666 169.70939983108855 232
1757506528757 165.2618384553685 233
1757506528852 175.5753394863381 234
1757506528943 170.93714055570496 235
1757506529037 184.52942311282354 236
1757506529128 167.84442013117666 237
1757506529220 184.8538516269358 238
1757506529313 185.17114306655117 239
1757506529406 185.83234931738534 240
1757506529499 168.77099659360542 241
1757506529589 186.77519606081333 242
