1757498859646 168.93299319425245 0
1757498859710 168.75661657919238 1
1757498859770 168.58054276112944 2
1757498859833 168.40477116736633 3
1757498860078 168.22930122631507 4
1757498860234 168.05413236749445 5
1757498860336 167.87926402152826 6
1757498860426 167.70469562014287 7
1757498860511 167.5304265961651 8
1757498860607 167.35645638352028 9
1757498860684 167.18278441722984 10
1757498860760 167.0094101334094 11
1757498860863 166.83633296926644 12
1757498860960 166.66355236309826 13
1757498861070 166.49106775428996 14
1757498861316 166.31887858331217 15
1757498861408 166.14698429171892 16
1757498861490 165.97538432214574 17
1757498861577 165.8040781183072 18
1757498861700 165.63306512499514 19
1757498861830 165.46234478807648 20
1757498861979 165.29191655449088 21
1757498862085 165.12177987224914 22
1757498862179 164.95193419043053 23
1757498862259 164.78237895918122 24
1757498862349 164.61311362971188 25
1757498862429 164.44413765429564 26
1757498862527 164.27545048626618 27
1757498862628 164.10705158001565 28
1757498862713 163.93894039099226 29
1757498862797 163.7711163756987 30
1757498862881 163.60357899168983 31
1757498862959 163.43632769757056 32
1757498863044 163.269361952994 33
1757498863122 163.10268121865926 34
1757498863196 162.93628495630958 35
1757498863267 162.77017262873008 36
1757498863367 162.6043436997459 37
1757498863441 162.43879763422007 38
1757498863544 162.27353389805157 39
1757498863624 162.10855195817322 40
1757498863706 161.94385128254976 41
1757498863784 161.7794313401757 42
1757498863870 161.61529160107355 43
1757498863963 161.45143153629152 44
1757498864044 161.28785061790174 45
1757498864122 161.12454831899825 46
1757498864203 160.96152411369476 47
1757498864290 160.79877747712308 48
1757498864384 160.63630788543077 49
1757498864465 160.4741148157793 50
1757498864550 160.31219774634215 51
1757498864623 160.15055615630268 52
1757498864702 159.98918952585228 53
1757498864777 159.8286309410388 54
1757498864852 159.66834430950803 55
1757498864936 159.50832911929066 56
1757498865014 159.34858485940688 57
1757498865086 159.1891110198649 58
1757498865159 159.0299070916587 59
1757498865231 158.87097256676643 60
1757498865308 158.71230693814803 61
1757498865408 158.55390969974383 62
1757498865481 158.3957803464723 63
1757498865556 158.23791837422826 64
1757498865626 158.08032327988093 65
1757498865699 157.9235029803414 66
1757498865796 157.7669472463507 67
1757498865872 157.61065558043416 68
1757498865947 157.45462748607846 69
1757498866025 157.29886246772966 70
1757498866101 157.14336003079146 71
1757498866176 156.98811968162312 72
1757498866248 156.83314092753787 73
1757498866333 156.67842327680077 74
1757498866404 156.5239662386271 75
1757498866478 156.36976932318044 76
1757498866552 156.21583204157068 77
1757498866624 156.06215390585228 78
1757498866690 155.90873442902256 79
1757498866756 155.75557312501962 80
1757498866827 155.6026695087207 81
1757498866904 155.45002309594025 82
1757498866970 155.2976334034281 83
1757498867034 155.14549994886772 84
1757498867096 154.99362225087432 85
1757498867156 154.84199982899307 86
1757498867212 154.6906322036974 87
1757498867268 154.5395188963868 88
1757498867323 154.38865942938554 89
1757498867378 154.23805332594057 90
1757498867443 154.08770011021974 91
1757498867498 153.93759930731008 92
1757498867552 153.7877504432159 93
1757498867606 153.63815304485715 94
1757498867660 153.48880664006745 95
1757498867713 153.33971075759263 96
1757498867767 153.19086492708854 97
1757498867828 153.0422686791196 98
1757498867888 152.89392154515681 99
1757498867948 152.7458230575762 100
1757498868005 152.59797274965692 101
1757498868069 152.45037015557944 102
1757498868130 152.30301481042403 103
1757498868183 152.1559062501686 104
1757498868238 152.00904401168756 105
1757498868292 151.86242763274936 106
1757498868346 151.71605665201525 107
1757498868400 151.56993060903747 108
1757498868455 151.4240490442573 109
1757498868516 151.2784114990035 110
1757498868571 151.13301751549068 111
1757498868626 150.98786663681727 112
1757498868679 150.84295840696404 113
1757498868737 150.69829237079236 114
1757498868791 150.55386807404244 115
1757498868843 150.4096850633314 116
1757498868896 150.26574288615214 117
1757498868947 150.122041090871 118
1757498868999 149.97857922672645 119
1757498869052 149.83535684382724 120
1757498869104 149.6923734931508 121
1757498869156 149.54962872654136 122
1757498869207 149.40712209670858 123
1757498869258 149.26485315722545 124
1757498869311 149.12282146252704 125
1757498869361 148.98102656790846 126
1757498869412 148.83946802952343 127
1757498869462 148.69814540438253 128
1757498869523 148.55705825035147 129
1757498869575 148.41620612614952 130
1757498869625 148.27558859134774 131
1757498869703 148.1352052063674 132
1757498869771 147.9950555324784 133
1757498869924 147.8551391317974 134
1757498870049 147.7154555672864 135
1757498870190 147.5760044027509 136
1757498870269 147.43678520283845 137
1757498870344 147.29779753303677 138
1757498870536 147.15904095967247 139
1757498870698 147.02051504990897 140
1757498870834 146.8822193717452 141
1757498870903 146.74415349401391 142
1757498870970 146.60631698638 143
1757498871036 146.4687094193388 144
1757498871104 146.33133036421466 145
1757498871168 146.1941793931593 146
1757498871229 146.05725607915005 147
1757498871288 145.92055999598827 148
1757498871345 145.78409071829793 149
1757498871415 145.64784782152384 150
1757498871474 145.5118308819301 151
1757498871543 145.3760394765985 152
1757498871601 145.24047318342681 153
1757498871658 145.10513158112752 154
1757498871715 144.97001424922598 155
1757498871771 144.83512076805874 156
1757498871827 144.7004507187723 157
1757498871882 144.56600368332118 158
1757498871938 144.4317792444667 159
1757498871995 144.297776985775 160
1757498872050 144.16399649161588 161
1757498872106 144.03043734716093 162
1757498872161 143.89709913838223 163
1757498872217 143.76398145205044 164
1757498872275 143.63108387573365 165
1757498872331 143.49840599779552 166
1757498872386 143.3659474073939 167
1757498872443 143.2337076944791 168
1757498872500 143.1016864497927 169
1757498872566 142.9698832648657 170
1757498872624 142.83829773201685 171
1757498872684 142.7069294443517 172
1757498872741 142.57577799576038 173
1757498872794 142.4448429809166 174
1757498872848 142.31412399527582 175
1757498872902 142.1836206350739 176
1757498872956 142.05333249732547 177
1757498873009 141.92325917982234 178
1757498873064 141.7934002811323 179
1757498873118 141.66375540059732 180
1757498873173 141.5343241383321 181
1757498873228 141.40510609522264 182
1757498873281 141.27610087292464 183
1757498873335 141.14730807386212 184
1757498873389 141.01872730122585 185
1757498873444 140.89035815897188 186
1757498873497 140.7622002518199 187
1757498873560 140.63425318525216 188
1757498873618 140.5065165655115 189
1757498873672 140.37898999960018 190
1757498873729 140.25167309527822 191
1757498873782 140.12504202233114 192
1757498873836 139.99861895841514 193
1757498873890 139.87240351523403 194
1757498873944 139.74639530524053 195
1757498873997 139.62059394163418 196
1757498874053 139.4949990383604 197
1757498874108 139.36961021010876 198
1757498874162 139.24442707231168 199
1757498874252 139.11944924114283 200
1757498874309 138.9946763335158 201
1757498874363 138.8701079670827 202
1757498874418 138.74574376023256 203
1757498874474 138.62158333209007 204
1757498874529 138.49762630251402 205
1757498874585 138.37387229209597 206
1757498874641 138.25032092215872 207
1757498874697 138.12697181475502 208
1757498874753 138.003824592666 209
1757498874807 137.88087887939986 210
1757498874862 137.7581342991904 211
1757498874917 137.63559047699565 212
1757498874971 137.5132470384964 213
1757498875026 137.39110361009492 214
1757498875081 137.26915981891338 215
1757498875136 137.14741529279257 216
1757498875190 137.02586966029045 217
1757498875246 136.90452255068087 218
1757498875300 136.7833735939519 219
1757498875354 136.66242242080477 220
1757498875408 136.5416686626523 221
1757498875464 136.4211119516175 222
1757498875520 136.30075192053226 223
1757498875578 136.18058820293604 224
1757498875641 136.0606204330742 225
1757498875698 135.940848245897 226
1757498875754 135.821271277058 227
1757498875809 135.70188916291272 228
1757498875864 135.58270154051738 229
1757498875919 135.46370804762728 230
1757498875973 135.34490832269583 231
1757498876028 135.22630200487285 232
1757498876082 135.10788873400338 233
1757498876136 134.98966815062627 234
1757498876192 134.8716398959729 235
1757498876249 134.7538036119657 236
1757498876304 134.63615894121696 237
1757498876358 134.51870552702738 238
1757498876412 134.4014430133848 239
1757498876468 134.28437104496277 240
1757498876524 134.16748926711932 241
1757498876582 134.05079732589556 242
1757498876645 133.93429486801443 243
1757498876702 133.81798154087926 244
1757498876758 133.7018569925725 245
1757498876813 133.5859208718544 246
1757498876870 133.47017282816174 247
1757498876926 133.35461251160643 248
1757498876982 133.23923957297424 249
1757498877038 133.12405366372354 250
1757498877094 133.0090544359838 251
1757498877151 132.89424154255457 252
1757498877206 132.7796146369039 253
1757498877262 132.66517337316722 254
1757498877316 132.55091740614603 255
1757498877374 132.43684639130646 256
1757498877432 132.32295998477818 257
1757498877488 132.2092578433529 258
1757498877543 132.0957396244833 259
1757498877599 131.98240498628155 260
1757498877665 131.86925358751813 261
1757498877721 131.7562850876205 262
1757498877777 131.64349914667196 263
1757498877832 131.53089542541014 264
1757498877887 131.41847358522588 265
1757498877943 131.306233288162 266
1757498877997 131.1941741969119 267
1757498878052 131.08229597481832 268
1757498878107 130.97059828587223 269
1757498878163 130.85908079471133 270
1757498878238 130.74774316661902 271
1757498878296 130.6365850675229 272
1757498878353 130.52560616399384 273
1757498878409 130.41480612324443 274
1757498878465 130.3041846131278 275
1757498878521 130.19374130213652 276
1757498878576 130.08347585940123 277
1757498878633 129.9733879546894 278
1757498878812 129.8634772584041 279
1757498878945 129.75374344158283 280
1757498879046 129.64418617589624 281
1757498879129 129.5348051336468 282
1757498879270 129.42559998776778 283
1757498879412 129.31657041182183 284
1757498879509 129.20771607999987 285
1757498879581 129.09903666711983 286
1757498879646 128.99053184862544 287
1757498879716 128.88220130058497 288
1757498879779 128.77404469969002 289
1757498879840 128.66606172325444 290
1757498879902 128.55825204921297 291
1757498879963 128.45061535612004 292
1757498880023 128.34315132314865 293
1757498880082 128.2358596300891 294
1757498880139 128.12873995734785 295
1757498880198 128.0217919859462 296
1757498880257 127.91501539751926 297
1757498880314 127.80840987431459 298
1757498880373 127.7019750991912 299
1757498880446 127.59571075561814 300
1757498880564 127.48961652767352 301
1757498880628 127.38369210004318 302
1757498880700 127.27793715801951 303
1757498880764 127.17235138750044 304
1757498880824 127.06693447498803 305
1757498880890 126.96168610758748 306
1757498880951 126.85660597300586 307
1757498881011 126.75169375955096 308
1757498881070 126.64694915613006 309
1757498881141 126.54237185224898 310
1757498881201 126.43796153801064 311
1757498881259 126.33371790411405 312
1757498881318 126.22964064185315 313
1757498881381 126.1257294431156 314
1757498881443 126.02198400038168 315
1757498881502 125.91840400672312 316
1757498881563 125.81498915580187 317
1757498881622 125.71173914186909 318
1757498881679 125.60865365976392 319
1757498881746 125.50573240491234 320
1757498881802 125.40297507332603 321
1757498881859 125.30038136160131 322
1757498881918 125.19795096691786 323
1757498881975 125.09568358703768 324
1757498882032 124.99357892030402 325
1757498882086 124.89163666563998 326
1757498882142 124.7898565225478 327
1757498882198 124.68823819110733 328
1757498882254 124.58678137197519 329
1757498882313 124.48548576638349 330
1757498882371 124.38435107613874 331
1757498882428 124.28337700362084 332
1757498882484 124.1825632517818 333
1757498882540 124.0819095241447 334
1757498882595 123.98141552480269 335
1757498882654 123.88108095841766 336
1757498882710 123.7809055302193 337
1757498882777 123.68088894600396 338
1757498882835 123.58103091213354 339
1757498882892 123.48133113553438 340
1757498882951 123.38178932369614 341
1757498883008 123.28240518467075 342
1757498883065 123.18317842707135 343
1757498883120 123.0841087600711 344
1757498883176 122.9851958934021 345
1757498883233 122.88643953735449 346
1757498883289 122.78783940277505 347
1757498883345 122.68939520106638 348
1757498883402 122.59110664418571 349
1757498883459 122.49297344464384 350
1757498883515 122.39499531550409 351
1757498883572 122.29717197038113 352
1757498883631 122.19950312344001 353
1757498883689 122.1019884893951 354
1757498883757 122.00462778350891 355
1757498883816 121.90742072159114 356
1757498883874 121.81036701999753 357
1757498883931 121.71346639562886 358
1757498883989 121.61671856592987 359
1757498884049 121.5201232488882 360
1757498884105 121.42368016303332 361
1757498884162 121.32738902743549 362
1757498884217 121.23124956170474 363
1757498884273 121.13526148598974 364
1757498884329 121.0394245209769 365
1757498884390 120.94373838788907 366
1757498884450 120.8482028084848 367
1757498884509 120.75281750505711 368
1757498884569 120.65758220043246 369
1757498884628 120.56249661796981 370
1757498884685 120.46756048155946 371
1757498884742 120.3727735156221 372
1757498884809 120.2781354451078 373
1757498884865 120.18364599549486 374
1757498884921 120.08930489278895 375
1757498884980 119.99511186352191 376
1757498885037 119.90106663475095 377
1757498885094 119.80716893405732 378
1757498885152 119.71341848954557 379
1757498885211 119.61981502984246 380
1757498885270 119.52635828409582 381
1757498885326 119.43304798197369 382
1757498885384 119.33988385366324 383
1757498885444 119.24686562986975 384
1757498885502 119.15399304181564 385
1757498885560 119.06126582123943 386
1757498885618 118.9686837003948 387
1757498885675 118.87624641204954 388
1757498885735 118.78395368948448 389
1757498885803 118.69180526649261 390
1757498885862 118.5998008773781 391
1757498885922 118.50794025695517 392
1757498885982 118.41622314054717 393
1757498886041 118.32464926398568 394
1757498886099 118.23321836360938 395
1757498886158 118.14193017626312 396
1757498886216 118.05078443929698 397
1757498886274 117.9597808905652 398
1757498886332 117.86891926842529 399
1757498886392 117.77819931173698 400
1757498886450 117.68762075986132 401
1757498886510 117.59718335265958 402
1757498886568 117.50688683049248 403
1757498886628 117.41673093421895 404
1757498886686 117.32671540519542 405
1757498886744 117.23683998527471 406
1757498886815 117.14710441680509 407
1757498886873 117.05750844262933 408
1757498886932 116.96805180608372 409
1757498886991 116.87873425099716 410
1757498887048 116.78955552169016 411
1757498887106 116.70051536297385 412
1757498887166 116.6116135201491 413
1757498887225 116.52284973900557 414
1757498887284 116.43422376582068 415
1757498887343 116.3457353473587 416
1757498887403 116.25738423086986 417
1757498887552 116.16917016408932 418
1757498887686 116.0810928952363 419
1757498887794 115.99315217301312 420
1757498887907 115.90534774660416 421
1757498888064 115.8176793656751 422
1757498888180 115.73014678037188 423
1757498888346 115.64274974131975 424
1757498888432 115.5554879996224 425
1757498888509 115.46836130686096 426
1757498888583 115.3813694150932 427
1757498888654 115.29451207685243 428
1757498888724 115.20778904514673 429
1757498888793 115.12120007345787 430
1757498888871 115.0347449157406 431
1757498888937 114.94842332642152 432
1757498889004 114.86223506039832 433
1757498889071 114.77617987303874 434
1757498889139 114.69025752017977 435
1757498889207 114.60446775812665 436
1757498889272 114.518810343652 437
1757498889335 114.4332850339949 438
1757498889399 114.34789158686007 439
1757498889463 114.26262976041676 440
1757498889524 114.17749931329809 441
1757498889587 114.0925000045999 442
1757498889650 114.00763159388013 443
1757498889712 113.9228938411577 444
1757498889775 113.83828650691169 445
1757498889838 113.75380935208045 446
1757498889908 113.66946213806072 447
1757498889970 113.58524462670674 448
1757498890033 113.50115658032927 449
1757498890098 113.41719776169487 450
1757498890160 113.33336793402484 451
1757498890221 113.24966686099454 452
1757498890284 113.1660943067322 453
1757498890346 113.08265003581845 454
1757498890411 112.999333813285 455
1757498890474 112.91614540461418 456
1757498890534 112.83308457573773 457
1757498890595 112.75015109303608 458
1757498890654 112.66734472333755 459
1757498890716 112.5846652339173 460
1757498890776 112.50211239249661 461
1757498890836 112.41968596724193 462
1757498890907 112.33738572676403 463
1757498890968 112.25521144011721 464
1757498891030 112.17316287679832 465
1757498891088 112.09123980674602 466
1757498891149 112.00944200033973 467
1757498891224 111.92776922839906 468
1757498891282 111.84622126218277 469
1757498891344 111.76479787338782 470
1757498891411 111.68349883414882 471
1757498891472 111.6023239170369 472
1757498891534 111.52127289505896 473
1757498891601 111.44034554165694 474
1757498891669 111.35954163070672 475
1757498891734 111.27886093651752 476
1757498891796 111.19830323383097 477
1757498891860 111.11786829782015 478
1757498891929 111.03755590408906 479
1757498891990 110.95736582867139 480
1757498892049 110.87729784802997 481
1757498892108 110.79735173905588 482
1757498892170 110.71752727906754 483
1757498892229 110.63782424580994 484
1757498892288 110.5582424174538 485
1757498892351 110.47878157259476 486
1757498892419 110.39944149025247 487
1757498892482 110.32022194986996 488
1757498892545 110.2411227313126 489
1757498892606 110.16214361486735 490
1757498892669 110.08328438124205 491
1757498892730 110.00454481156443 492
1757498892799 109.92592468738145 493
1757498892863 109.84742379065837 494
1757498892938 109.76904190377803 495
1757498893002 109.69077880953992 496
1757498893094 109.61263429115952 497
1757498893174 109.5346081322674 498
1757498893276 109.45670011690837 499
