1757487397877 171.80236546305525 0
1757487397909 154.7301161447992 1
1757487397940 148.1174098273671 2
1757487397999 141.63114010695426 3
1757487398061 135.6747519489007 4
1757487398121 130.17943878895088 5
1757487398182 125.10473176167586 6
1757487398216 120.41285954011565 7
1757487398246 116.06967654241792 8
1757487398276 112.04425142952556 9
1757487398306 108.30856113475046 10
1757487398336 104.8372111282793 11
1757487398365 101.60718300001295 12
1757487398395 98.59760650829601 13
1757487398425 95.78955372261663 14
1757487398458 93.16585310901138 15
1757487398490 90.71092161728323 16
1757487398530 88.41061301838491 17
1757487398562 86.2520809111227 18
1757487398592 84.22365497147065 19
1757487398624 82.31472915687209 20
1757487398655 80.51566070342398 21
1757487398686 78.81767886710536 22
1757487398718 77.21280246242668 23
1757487398751 75.69376534411734 24
1757487398782 74.25394906071028 25
1757487398813 72.88732198400199 26
1757487398843 71.58838428615766 27
1757487398873 70.35211819740957 28
1757487398904 69.17394303250704 29
1757487398933 68.04967452390242 30
1757487398964 66.97548804462366 31
1757487398994 65.94788534436509 32
1757487399024 64.96366445895231 33
1757487399055 64.01989248639022 34
1757487399085 63.11388095253441 35
1757487399116 62.24316351634847 36
1757487399146 61.40547578900946 37
1757487399177 60.59873706305401 38
1757487399208 59.8210337675514 39
1757487399239 59.07060448315545 40
1757487399270 58.345826367012116 41
1757487399301 57.64520285205372 42
1757487399331 56.96735249834808 43
1757487399361 56.31099888602895 44
1757487399392 55.67496145003739 45
1757487399422 55.058147166566016 46
1757487399453 54.45954300981951 47
1757487399483 53.87820910557813 48
1757487399515 53.31327251515843 49
1757487399554 52.76392158978183 50
1757487399585 52.229400841154046 51
1757487399616 51.709006279288616 52
1757487399646 51.202081173328594 53
1757487399677 50.70801219538446 54
1757487399709 50.226225911254396 55
1757487399741 49.75618558536975 56
1757487399772 49.297388270445886 57
1757487399803 48.8493621551533 58
1757487399836 48.41166414568309 59
1757487399872 47.98387765939184 60
1757487399907 47.56561061079899 61
1757487399940 47.156493572094845 62
1757487399971 46.756178092020484 63
1757487400002 46.364335158519374 64
1757487400033 45.98065379194991 65
1757487400065 45.60483975690404 66
1757487400096 45.23661438181092 67
1757487400127 44.87571347653018 68
1757487400159 44.52188633906524 69
1757487400189 44.174894843363965 70
1757487400221 43.834512600931035 71
1757487400252 43.50052418965966 72
1757487400283 43.17272444390883 73
1757487400314 42.850917800410905 74
1757487400345 42.53491769509988 75
1757487400376 42.224546006407344 76
1757487400408 41.91963254098681 77
1757487400438 41.62001455820059 78
1757487400470 41.32553633004172 79
1757487400501 41.03604873346953 80
1757487400542 40.75140887241407 81
1757487400578 40.47147972695562 82
1757487400612 40.19612982741199 83
1757487400645 39.925232951272186 84
1757487400677 39.658667841100645 85
1757487400709 39.39631794170487 86
1757487400740 39.13807115501231 87
1757487400771 38.88381961123997 88
1757487400803 38.633459455066514 89
1757487400835 38.386890645629435 90
1757487400870 38.144016769273726 91
1757487400905 37.90474486407149 92
1757487400939 37.66898525521713 93
1757487400971 37.436651400479676 94
1757487401003 37.20765974496375 95
1757487401035 36.98192958449412 96
1757487401067 36.75938293699685 97
1757487401099 36.53994442130225 98
1757487401131 36.32354114284248 99
1757487401163 36.11010258576038 100
1757487401195 35.89956051098541 101
1757487401227 35.69184885986852 102
1757487401260 35.48690366300068 103
1757487401291 35.284662953869564 104
1757487401324 35.085066687036054 105
1757487401356 34.88805666053736 106
1757487401388 34.69357644224577 107
1757487401420 34.50157129993321 108
1757487401452 34.311988134810406 109
1757487401484 34.124775418326834 110
1757487401517 33.93988313203365 111
1757487401562 33.7572627103259 112
1757487401599 33.57686698589411 113
1757487401632 33.39865013772696 114
1757487401665 33.22256764151852 115
1757487401697 33.048576222343165 116
1757487401729 32.8766338094712 117
1757487401789 32.70669949320682 118
1757487401827 32.538733483637564 119
1757487401863 32.3726970711924 120
1757487401901 32.20855258891195 121
1757487401963 32.046263376340654 122
1757487402033 31.885793744956526 123
1757487402093 31.727108945059523 124
1757487402169 31.57017513404423 125
1757487402205 31.414959345987473 126
1757487402240 31.261429462485346 127
1757487402275 31.109554184678395 128
1757487402309 30.959303006407048 129
1757487402343 30.810646188442867 130
1757487402376 30.663554733744515 131
1757487402409 30.51800036368986 132
1757487402441 30.37395549523879 133
1757487402474 30.23139321898352 134
1757487402507 30.090287278045757 135
1757487402540 29.950612047782144 136
1757487402585 29.812342516261616 137
1757487402620 29.675454265480113 138
1757487402653 29.539923453279968 139
1757487402685 29.405726795943007 140
1757487402720 29.272841551427884 141
1757487402754 29.141245503223857 142
1757487402790 29.010916944794367 143
1757487402824 28.881834664585387 144
1757487402857 28.753977931574422 145
1757487402892 28.627326481337622 146
1757487402925 28.501860502613038 147
1757487402958 28.377560624339775 148
1757487402992 28.25440790315302 149
1757487403025 28.132383811316437 150
1757487403059 28.01147022507413 151
1757487403094 27.891649413404966 152
1757487403129 27.772904027163243 153
1757487403166 27.65521708859002 154
1757487403201 27.538571981180482 155
1757487403234 27.42295243989315 156
1757487403267 27.308342541687477 157
1757487403300 27.19472669637689 158
1757487403333 27.082089637785028 159
1757487403367 26.970416415193412 160
1757487403400 26.8596923850692 161
1757487403433 26.749903203062335 162
1757487403468 26.641034816261758 163
1757487403504 26.533073455700844 164
1757487403550 26.426005629102523 165
1757487403593 26.31981811385523 166
1757487403630 26.214497950210788 167
1757487403665 26.110032434696187 168
1757487403698 26.00640911373105 169
1757487403733 25.903615777443445 170
1757487403768 25.80164045367645 171
1757487403802 25.70047140217878 172
1757487403835 25.600097108972445 173
1757487403869 25.500506280891358 174
1757487403903 25.401687840284342 175
1757487403938 25.30363091987695 176
1757487403972 25.206324857786203 177
1757487404005 25.10975919268286 178
1757487404039 25.013923659096 179
1757487404072 24.91880818285491 180
1757487404107 24.82440287666335 181
1757487404142 24.73069803580167 182
1757487404175 24.637684133952337 183
1757487404210 24.545351819144457 184
1757487404246 24.45369190981339 185
1757487404282 24.362695390971304 186
1757487404327 24.272353410485067 187
1757487404372 24.18265727545766 188
1757487404412 24.09359844870976 189
1757487404450 24.005168545357996 190
1757487404486 23.917359329486757 191
1757487404521 23.8301627109103 192
1757487404558 23.74357074202234 193
1757487404604 23.65757561473004 194
1757487404642 23.572169657469804 195
1757487404678 23.487345332302073 196
1757487404712 23.403095232082677 197
1757487404747 23.319412077708133 198
1757487404782 23.23628871543265 199
1757487404820 23.15371811425447 200
1757487404856 23.07169336336932 201
1757487404891 22.99020766968896 202
1757487404955 22.909254355422625 203
1757487405031 22.82882685571957 204
1757487405069 22.748918716370603 205
1757487405107 22.669523591567067 206
1757487405147 22.59063524171517 207
1757487405187 22.512247531304226 208
1757487405223 22.434354426827127 209
1757487405259 22.356949994751268 210
1757487405297 22.28002839953871 211
1757487405334 22.203583901713866 212
1757487405388 22.12761085597738 213
1757487405431 22.05210370936493 214
1757487405470 21.97705699944941 215
1757487405507 21.902465352585462 216
1757487405546 21.828323482194968 217
1757487405583 21.754626187092384 218
1757487405630 21.681368349848757 219
1757487405668 21.608544935193297 220
1757487405704 21.536150988451528 221
1757487405740 21.464181634018853 222
1757487405779 21.392632073868626 223
1757487405815 21.32149758609376 224
1757487405850 21.250773523480934 225
1757487405885 21.18045531211648 226
1757487405933 21.110538450023128 227
1757487406000 21.041018505826685 228
1757487406084 20.971891117451964 229
1757487406149 20.903151990847064 230
1757487406186 20.834796898735288 231
1757487406224 20.766821679393974 232
1757487406259 20.699222235459505 233
1757487406294 20.63199453275781 234
1757487406330 20.565134599159748 235
1757487406366 20.498638523460617 236
1757487406400 20.432502454283277 237
1757487406436 20.366722599004216 238
1757487406471 20.30129522270203 239
1757487406506 20.236216647127616 240
1757487406542 20.171483249695775 241
1757487406579 20.107091462497404 242
1757487406624 20.043037771332006 243
1757487406662 19.97931871475981 244
1757487406699 19.915930883173235 245
1757487406734 19.85287091788701 246
1757487406770 19.790135510246667 247
1757487406811 19.72772140075485 248
1757487406847 19.66562537821507 249
1757487406883 19.603844278892467 250
1757487406917 19.542374985691197 251
1757487406953 19.48121442734801 252
1757487406989 19.420359577641683 253
1757487407024 19.359807454617915 254
1757487407059 19.2995551198293 255
1757487407094 19.239599677590125 256
1757487407130 19.179938274245494 257
1757487407169 19.12056809745463 258
1757487407207 19.061486375487853 259
1757487407246 19.0026903765371 260
1757487407283 18.944177408039558 261
1757487407323 18.88594481601412 262
1757487407362 18.827989984410525 263
1757487407398 18.770310334470626 264
1757487407436 18.71290332410185 265
1757487407472 18.655766447262316 266
1757487407508 18.59889723335746 267
1757487407544 18.542293246647972 268
1757487407580 18.48595208566867 269
1757487407626 18.429871382658234 270
1757487407666 18.37404880299936 271
1757487407705 18.31848204466937 272
1757487407743 18.26316883770083 273
1757487407783 18.208106943652076 274
1757487407822 18.153294155087437 275
1757487407859 18.098728295066906 276
1757487407895 18.044407216645133 277
1757487407930 17.990328802379455 278
1757487407966 17.936490963846875 279
1757487408003 17.882891641169685 280
1757487408041 17.82952880254974 281
1757487408076 17.776400443810978 282
1757487408112 17.723504587950234 283
1757487408150 17.670839284696005 284
1757487408189 17.618402610075123 285
1757487408225 17.56619266598715 286
1757487408261 17.51420757978631 287
1757487408297 17.462445503870804 288
1757487408333 17.41090461527944 289
1757487408372 17.359583115295337 290
1757487408411 17.30847922905661 291
1757487408450 17.257591205173924 292
1757487408490 17.20691731535471 293
1757487408532 17.15645585403398 294
1757487408572 17.10620513801162 295
1757487408611 17.05616350609593 296
1757487408659 17.006329318753455 297
1757487408698 16.95670095776482 298
1757487408738 16.907276825886587 299
1757487408778 16.85805534651895 300
1757487408818 16.80903496337915 301
1757487408857 16.760214140180544 302
1757487408897 16.711591360317204 303
1757487408938 16.663165126553917 304
1757487408977 16.614933960721537 305
1757487409017 16.56689640341751 306
1757487409057 16.51905101371158 307
1757487409097 16.47139636885647 308
1757487409133 16.423931064003554 309
1757487409173 16.37665371192329 310
1757487409214 16.3295629427305 311
1757487409252 16.282657403614255 312
1757487409288 16.235935758572356 313
1757487409325 16.189396688150325 314
1757487409361 16.14303888918477 315
1757487409401 16.096861074551143 316
1757487409439 16.050861972915712 317
1757487409479 16.005040328491713 318
1757487409518 15.959394900799612 319
1757487409559 15.913924464431405 320
1757487409605 15.868627808818841 321
1757487409652 15.823503738005575 322
1757487409693 15.778551070423086 323
1757487409734 15.733768638670387 324
1757487409774 15.689155289297378 325
1757487409841 15.644709882591828 326
1757487409887 15.600431292369901 327
1757487409953 15.556318405770181 328
1757487410043 15.5123701230511 329
1757487410124 15.468585357391744 330
1757487410168 15.424963034695967 331
1757487410209 15.381502093399723 332
1757487410251 15.338201484281617 333
1757487410291 15.295060170276583 334
1757487410334 15.252077126292633 335
1757487410376 15.209251339030617 336
1757487410422 15.166581806806963 337
1757487410471 15.12406753937937 338
1757487410513 15.081707557775296 339
1757487410554 15.039500894123348 340
1757487410596 14.997446591487364 341
1757487410636 14.955543703703263 342
1757487410685 14.913791295218562 343
1757487410728 14.872188440934497 344
1757487410768 14.830734226050764 345
1757487410810 14.789427745912759 346
1757487410850 14.748268105861335 347
1757487410890 14.707254421084995 348
1757487410933 14.666385816474524 349
1757487410975 14.625661426479935 350
1757487411017 14.58508039496979 351
1757487411058 14.544641875092793 352
1757487411099 14.50434502914162 353
1757487411139 14.46418902841896 354
1757487411182 14.424173053105749 355
1757487411224 14.384296292131495 356
1757487411264 14.344557943046754 357
1757487411302 14.304957211897646 358
1757487411343 14.265493313102363 359
1757487411384 14.226165469329727 360
1757487411423 14.186972911379677 361
1757487411465 14.147914878065679 362
1757487411504 14.10899061609905 363
1757487411545 14.070199379975117 364
1757487411587 14.031540431861217 365
1757487411628 13.993013041486527 366
1757487411679 13.954616486033586 367
1757487411722 13.916350050031646 368
1757487411764 13.878213025251661 369
1757487411804 13.840204710603004 370
1757487411845 13.802324412031808 371
1757487411887 13.76457144242095 372
1757487411927 13.726945121491617 373
1757487411967 13.689444775706447 374
1757487412009 13.652069738174237 375
1757487412050 13.61481934855613 376
1757487412096 13.577692952973344 377
1757487412137 13.540689903916297 378
1757487412180 13.503809560155261 379
1757487412222 13.467051286652378 380
1757487412264 13.430414454475098 381
1757487412305 13.393898440710968 382
1757487412348 13.3575026283838 383
1757487412389 13.321226406371133 384
1757487412431 13.285069169323052 385
1757487412472 13.249030317582205 386
1757487412514 13.213109257105193 387
1757487412556 13.177305399385101 388
1757487412597 13.141618161375312 389
1757487412638 13.1060469654145 390
1757487412691 13.070591239152812 391
1757487412735 13.035250415479192 392
1757487412778 13.000023932449867 393
1757487412819 12.964911233217974 394
1757487412862 12.929911765964238 395
1757487412904 12.89502498382878 396
1757487412951 12.860250344843967 397
1757487412993 12.825587311868368 398
1757487413036 12.79103535252166 399
1757487413078 12.756593939120618 400
1757487413119 12.722262548616058 401
1757487413162 12.688040662530828 402
1757487413204 12.653927766898688 403
1757487413242 12.619923352204186 404
1757487413284 12.586026913323483 405
1757487413326 12.552237949466054 406
1757487413368 12.518555964117336 407
1757487413411 12.484980464982245 408
1757487413495 12.451510963929572 409
1757487413538 12.418146976937244 410
1757487413582 12.384888024038437 411
1757487413624 12.351733629268509 412
1757487413667 12.31868332061277 413
1757487413717 12.285736629955046 414
1757487413762 12.25289309302705 415
1757487413812 12.220152249358506 416
1757487413856 12.187513642228087 417
1757487413924 12.154976818615069 418
1757487413978 12.122541329151721 419
1757487414040 12.090206728076494 420
1757487414145 12.057972573187833 421
1757487414192 12.025838425798769 422
1757487414235 11.993803850692192 423
1757487414278 11.961868416076777 424
1757487414321 11.930031693543617 425
1757487414365 11.898293258023509 426
1757487414408 11.8666526877449 427
1757487414451 11.83510956419244 428
1757487414494 11.803663472066221 429
1757487414538 11.772313999241588 430
1757487414582 11.741060736729587 431
1757487414625 11.709903278638004 432
1757487414668 11.678841222133002 433
1757487414719 11.647874167401323 434
1757487414763 11.6170017176131 435
1757487414808 11.586223478885175 436
1757487414855 11.55553906024503 437
1757487414899 11.524948073595214 438
1757487414944 11.494450133678344 439
1757487414988 11.464044858042598 440
1757487415032 11.43373186700777 441
1757487415078 11.403510783631791 442
1757487415122 11.37338123367779 443
1757487415165 11.343342845581601 444
1757487415210 11.313395250419827 445
1757487415254 11.283538081878325 446
1757487415298 11.253770976221164 447
1757487415342 11.224093572260093 448
1757487415386 11.194505511324408 449
1757487415434 11.165006437231312 450
1757487415478 11.135595996256685 451
1757487415521 11.106273837106313 452
1757487415566 11.07703961088752 453
1757487415610 11.04789297108124 454
1757487415656 11.0188335735145 455
1757487415702 10.989861076333295 456
1757487415753 10.960975139975883 457
1757487415797 10.93217542714646 458
1757487415842 10.903461602789239 459
1757487415886 10.874833334062895 460
1757487415930 10.846290290315377 461
1757487415974 10.817832143059135 462
1757487416018 10.789458565946637 463
1757487416063 10.761169234746344 464
1757487416106 10.732963827318923 465
1757487416150 10.704842023593887 466
1757487416195 10.676803505546575 467
1757487416238 10.648847957175406 468
1757487416280 10.620975064479524 469
1757487416321 10.593184515436738 470
1757487416365 10.565475999981816 471
1757487416415 10.53784920998503 472
1757487416459 10.510303839231083 473
1757487416505 10.482839583398292 474
1757487416552 10.455456140038086 475
1757487416599 10.4281532085548 476
1757487416643 10.400930490185779 477
1757487416690 10.37378768798173 478
1757487416742 10.34672450678737 479
1757487416790 10.319740653222372 480
1757487416832 10.29283583566257 481
1757487416876 10.266009764221415 482
1757487416920 10.23926215073172 483
1757487416965 10.21259270872765 484
1757487417009 10.186001153426986 485
1757487417054 10.159487201713615 486
1757487417098 10.133050572120291 487
1757487417149 10.106690984811634 488
1757487417196 10.080408161567348 489
1757487417241 10.054201825765713 490
1757487417287 10.028071702367278 491
1757487417332 10.002017517898807 492
1757487417376 9.976039000437435 493
1757487417421 9.950135879595042 494
1757487417466 9.92430788650286 495
1757487417511 9.898554753796287 496
1757487417556 9.872876215599927 497
1757487417602 9.847272007512803 498
1757487417655 9.821741866593817 499
