1757335564350 188.89864089152098 0
1757335564375 203.94649216599402 1
1757335564398 6785.0889006909065 2
1757335564422 2251242.4530109214 3
1757335564447 1052936378.405281 4
1757335564472 501477149024.26807 5
1757335564497 239037752649206.53 6
1757335564520 1.1394590234242699e+17 7
1757335564547 5.431649073477015e+19 8
1757335564571 2.5891948265799416e+22 9
1757335564595 1.2342347203779337e+25 10
1757335564619 5.883432678043228e+27 11
1757335564642 2.8045540694840863e+30 12
1757335564666 1.33689360600939e+33 13
1757335564691 6.372793925551217e+35 14
1757335564718 3.037826064466735e+38 15
1757335564741 1.4480912619742758e+41 16
1757335564765 6.902858354974183e+43 17
1757335564789 3.2905007246486174e+46 18
1757335564812 1.5685379102572582e+49 19
1757335564835 7.47701150005653e+51 20
1757335564859 3.564191888917019e+54 21
1757335564883 1.6990028463813123e+57 22
1757335564907 8.098920490189733e+59 23
1757335564932 3.8606476290560717e+62 24
1757335564959 1.8403193529051487e+65 25
1757335564984 8.772557472450017e+67 26
1757335565028 4.18176141472143e+70 27
1757335565057 1.9933900216180744e+73 28
1757335565081 9.502224981793233e+75 29
1757335565106 4.5295842070747195e+78 30
1757335565130 2.1591925184146402e+81 31
1757335565155 1.0292583421445267e+84 32
1757335565178 4.906337558319875e+86 33
1757335565204 2.3387858276693044e+89 34
1757335565228 1.1148680829005006e+92 35
1757335565254 5.314427800808362e+94 36
1757335565278 2.5333170159940325e+97 37
1757335565302 1.2075985118376685e+100 38
1757335565326 5.756461416339314e+102 39
1757335565350 2.7440285585792223e+105 40
1757335565374 1.3080419003462538e+108 41
1757335565398 6.235261683819096e+110 42
1757335565422 2.972266274911455e+113 43
1757335565447 1.4168397826673013e+116 44
1757335565471 6.753886711608729e+118 45
1757335565496 3.2194879245535918e+121 46
1757335565520 1.5346870533866985e+124 47
1757335565546 7.315648969732715e+126 48
1757335565571 3.487272517888786e+129 49
1757335565597 1.6623364057429217e+132 50
1757335565621 7.924136446701464e+134 51
1757335565646 3.7773304012962265e+137 52
1757335565671 1.8006031390961353e+140 53
1757335565696 8.58323556607672e+142 54
1757335565722 4.0915141811729763e+145 55
1757335565749 1.950370366264038e+148 56
1757335565774 9.297156009148627e+150 57
1757335565801 4.4318305565737205e+153 58
1757335565826 2.1125946539837804e+156 59
1757335565850 1.007045760226732e+159 60
1757335565875 4.800453136044062e+161 61
1757335565899 2.2883121325258322e+164 62
1757335565924 1.0908079440559023e+167 63
1757335565949 5.19973632050839e+169 64
1757335565975 2.4786451134819204e+172 65
1757335565999 1.1815371434040548e+175 66
1757335566024 5.632230340882948e+177 67
1757335566050 2.684809257995059e+180 68
1757335566082 1.2798128477618357e+183 69
1757335566108 6.100697546459639e+185 70
1757335566133 2.908121341215415e+188 71
1757335566158 1.386262746321591e+191 72
1757335566183 6.608130048094619e+193 73
1757335566210 3.150007662573415e+196 74
1757335566235 1.5015667370426967e+199 75
1757335566260 7.157768828889332e+201 76
1757335566285 3.4120131555873005e+204 77
1757335566311 1.6264612691755865e+207 78
1757335566336 7.75312444442473e+209 79
1757335566362 3.695811255389129e+212 80
1757335566387 1.761744046980076e+215 81
1757335566414 8.397999444760442e+217 82
1757335566439 4.0032145869935494e+220 83
1757335566465 1.9082791246808753e+223 84
1757335566490 9.096512661410013e+225 85
1757335566516 4.336186542575664e+228 86
1757335566542 2.0670024252018974e+231 87
1757335566570 9.853125514412666e+233 88
1757335566599 4.696853821702071e+236 89
1757335566626 2.238927717927525e+239 90
1757335566653 1.0672670507526233e+242 91
1757335566679 5.087520014610282e+244 92
1757335566708 2.425153093671162e+247 93
1757335566735 1.1560382093540229e+250 94
1757335566761 5.510680315292562e+252 95
1757335566787 2.6268679782065245e+255 96
1757335566813 1.2521930106846477e+258 97
1757335566839 5.969037458357606e+260 98
1757335566866 2.8453607291575264e+263 99
1757335566894 1.3563455976802465e+266 100
1757335566921 6.4655189814589475e+268 101
1757335566947 3.082026864768196e+271 102
1757335566975 1.4691611953182218e+274 103
1757335567001 7.00329592354544e+276 104
1757335567027 3.33837797710991e+279 105
1757335567053 1.5913603594249388e+282 106
1757335567083 7.585803078360326e+284 107
1757335567114 3.6160513866548454e+287 108
1757335567140 1.723723578882406e+290 109
1757335567167 8.216760932548037e+292 110
1757335567193 3.916820599879573e+295 111
1757335567222 1.86709626062877e+298 112
1757335567249 8.900199428488312e+300 113
1757335567275 4.2426066366919546e+303 114
1757335567302 inf 115
