1757493123452 168.06593497077063 0
1757493123495 151.52631729195497 1
1757493123538 145.0139872023273 2
1757493123595 138.62930196187594 3
1757493123653 132.7316284564043 4
1757493123700 127.26445706599182 5
1757493123745 122.1933480369442 6
1757493123791 117.48598049788541 7
1757493123838 113.11279756965828 8
1757493123884 109.04673228658547 9
1757493123929 105.26299679289357 10
1757493123977 101.73888778721359 11
1757493124023 98.45360873721795 12
1757493124068 95.38810733455871 13
1757493124111 92.52492688454096 14
1757493124153 89.84807043298647 15
1757493124201 87.34287653594716 16
1757493124253 84.99590567204233 17
1757493124299 82.79483638322097 18
1757493124344 80.7283703083718 19
1757493124391 78.7861453460626 20
1757493124435 76.95865624836337 21
1757493124508 75.23718200773149 22
1757493124562 73.61371945379628 23
1757493124623 72.08092252701779 24
1757493124670 70.63204674202065 25
1757493124718 69.26089839528515 26
1757493124764 67.96178811015751 27
1757493124812 66.72948834712645 28
1757493124856 65.55919453929039 29
1757493124903 64.44648954216436 30
1757493124949 63.38731111368784 31
1757493124997 62.377922164708764 32
1757493125044 61.414883542532756 33
1757493125089 60.495029130522234 34
1757493125136 59.61544306537038 35
1757493125183 58.77343889071337 36
1757493125233 57.96654048131655 37
1757493125280 57.19246458630425 38
1757493125327 56.44910485291235 39
1757493125376 55.734517204134406 40
1757493125426 55.046906454500316 41
1757493125476 54.38461405816184 42
1757493125525 53.746106892539174 43
1757493125573 53.12996698908313 44
1757493125630 52.53488213029408 45
1757493125677 51.95963723907328 46
1757493125725 51.4031064928212 47
1757493125775 50.864246100491215 48
1757493125822 50.34208768610356 49
1757493125872 49.8357322270654 50
1757493125922 49.34434450006852 51
1757493125970 48.86714799138105 52
1757493126016 48.4034202320479 53
1757493126063 47.95248852189445 54
1757493126109 47.513726009318496 55
1757493126156 47.08654809667998 56
1757493126203 46.67040914368023 57
1757493126250 46.26479944348361 58
1757493126297 45.86924244849178 59
1757493126346 45.48329222465459 60
1757493126393 45.10653111500438 61
1757493126441 44.73856759475022 62
1757493126490 44.379034301775604 63
1757493126538 44.0275862277617 64
1757493126585 43.68389905641832 65
1757493126641 43.34766763645682 66
1757493126688 43.01860457799272 67
1757493126736 42.696438962028914 68
1757493126819 42.38091515355076 69
1757493126947 42.07179170957023 70
1757493127049 41.76884037419183 71
1757493127207 41.471845153447084 72
1757493127365 41.18060146325926 73
1757493127429 40.894915344463946 74
1757493127504 40.614602739325285 75
1757493127603 40.33948882445881 76
1757493127706 40.06940739550255 77
1757493127775 39.80420029927178 78
1757493127843 39.54371690949325 79
1757493127915 39.28781364254392 80
1757493127993 39.03635350992079 81
1757493128059 38.78920570444428 82
1757493128120 38.546245217449204 83
1757493128178 38.30735248444895 84
1757493128235 38.07241305696847 85
1757493128293 37.84131729843596 86
1757493128347 37.61396010219883 87
1757493128401 37.3902406298915 88
1757493128454 37.17006206853089 89
1757493128507 36.953331404850054 90
1757493128560 36.73995921550517 91
1757493128610 36.52985947190361 92
1757493128670 36.32294935850525 93
1757493128722 36.11914910354385 94
1757493128773 35.918381821202324 95
1757493128824 35.72057336435546 96
1757493128872 35.525652187066214 97
1757493128921 35.333549216088954 98
1757493128969 35.144197730693556 99
1757493129017 34.95753325018072 100
1757493129065 34.77349342850993 101
1757493129114 34.59201795550833 102
1757493129162 34.413048464171965 103
1757493129211 34.236528443610375 104
1757493129258 34.06240315722133 105
1757493129307 33.890619565715774 106
1757493129354 33.72112625464351 107
1757493129403 33.55387336609772 108
1757493129451 33.38881253430216 109
1757493129502 33.22589682480799 110
1757493129550 33.065080677048975 111
1757493129599 32.906319850023145 112
1757493129647 32.749571370887345 113
1757493129705 32.59479348626745 114
1757493129753 32.44194561610228 115
1757493129802 32.29098830985336 116
1757493129850 32.14188320492525 117
1757493129897 31.994592987153077 118
1757493129944 31.849081353224783 119
1757493129991 31.705312974915344 120
1757493130039 31.563253465019514 121
1757493130086 31.422869344877938 122
1757493130133 31.28412801339936 123
1757493130180 31.1469977174885 124
1757493130230 31.0114475237959 125
1757493130277 30.877447291712098 126
1757493130323 30.744967647533823 127
1757493130370 30.613979959735108 128
1757493130419 30.48445631528108 129
1757493130465 30.356369496926177 130
1757493130512 30.229692961442876 131
1757493130561 30.104400818730465 132
1757493130608 29.980467811756917 133
1757493130655 29.857869297290023 134
1757493130709 29.73658122737689 135
1757493130756 29.61658013153342 136
1757493130803 29.497843099608133 137
1757493130849 29.38034776528677 138
1757493130897 29.264072290206315 139
1757493130946 29.14899534864905 140
1757493130993 29.03509611278899 141
1757493131041 28.922354238464994 142
1757493131089 28.810749851455856 143
1757493131137 28.70026353423492 144
1757493131186 28.59087631318232 145
1757493131235 28.48256964623481 146
1757493131283 28.375325410953863 147
1757493131331 28.269125892994193 148
1757493131382 28.16395377495551 149
1757493131438 28.05979212560146 150
1757493131488 27.956624389430644 151
1757493131539 27.854434376585072 152
1757493131588 27.753206253082702 153
1757493131637 27.652924531360902 154
1757493131687 27.553574061118724 155
1757493131743 27.455140020446198 156
1757493131791 27.357607907229827 157
1757493131839 27.260963530823485 158
1757493131889 27.165193003974956 159
1757493131940 27.070282734998443 160
1757493131989 26.976219420184087 161
1757493132037 26.882990036435775 162
1757493132088 26.79058183412902 163
1757493132137 26.698982330181078 164
1757493132189 26.608179301325706 165
1757493132241 26.518160777585486 166
1757493132290 26.428915035934704 167
1757493132337 26.340430594146405 168
1757493132387 26.25269620481714 169
1757493132436 26.165700849563514 170
1757493132497 26.079433733384665 171
1757493132545 25.99388427918526 172
1757493132594 25.909042122453542 173
1757493132644 25.82489710608945 174
1757493132693 25.741439275377875 175
1757493132746 25.658658873102354 176
1757493132796 25.576546334794653 177
1757493132844 25.495092284115962 178
1757493132893 25.41428752836542 179
1757493132942 25.334123054112098 180
1757493132991 25.254590022946367 181
1757493133041 25.17567976734714 182
1757493133092 25.09738378666119 183
1757493133143 25.019693743191272 184
1757493133194 24.94260145838956 185
1757493133242 24.866098909153266 186
1757493133290 24.790178224219307 187
1757493133340 24.71483168065506 188
1757493133388 24.640051700442232 189
1757493133438 24.56583084715119 190
1757493133487 24.492161822702883 191
1757493133537 24.419037464215926 192
1757493133584 24.34645074093622 193
1757493133641 24.27439475124671 194
1757493133698 24.202862719754947 195
1757493133756 24.131847994456148 196
1757493133826 24.061344043969612 197
1757493133950 23.991344454846306 198
1757493134061 23.921842928945605 199
1757493134186 23.852833280879207 200
1757493134307 23.78430943552025 201
1757493134439 23.716265425575834 202
1757493134505 23.648695389221075 203
1757493134585 23.581593567793053 204
1757493134645 23.514954303542773 205
1757493134704 23.448772037443728 206
1757493134761 23.383041307055358 207
1757493134828 23.317756744439823 208
1757493134910 23.252913074130706 209
1757493134979 23.18850511115216 210
1757493135036 23.12452775908706 211
1757493135092 23.060976008192895 212
1757493135148 22.997844933564 213
1757493135202 22.935129693338883 214
1757493135258 22.872825526951416 215
1757493135311 22.81092775342472 216
1757493135365 22.749431769706526 217
1757493135418 22.688333049044893 218
1757493135473 22.627627139403252 219
1757493135527 22.567309661913626 220
1757493135578 22.50737630936707 221
1757493135629 22.447822844740298 222
1757493135682 22.388645099757497 223
1757493135734 22.32983897348647 224
1757493135794 22.271400430968104 225
1757493135849 22.213325501878323 226
1757493135900 22.1556102792217 227
1757493135952 22.098250918055772 228
1757493136004 22.041243634245404 229
1757493136057 21.984584703246274 230
1757493136108 21.92827045891679 231
1757493136159 21.872297292357707 232
1757493136211 21.816661650778656 233
1757493136263 21.761360036390904 234
1757493136314 21.706389005325743 235
1757493136366 21.65174516657773 236
1757493136417 21.597425180972202 237
1757493136504 21.54342576015641 238
1757493136563 21.48974366561369 239
1757493136616 21.436375707700098 240
1757493136667 21.38331874470283 241
1757493136718 21.33056968192002 242
1757493136770 21.278125470761267 243
1757493136829 21.225983107868394 244
1757493136881 21.174139634255926 245
1757493136933 21.122592134470807 246
1757493136987 21.071337735770836 247
1757493137038 21.020373607321385 248
1757493137090 20.96969695940992 249
1757493137142 20.919305042677852 250
1757493137193 20.86919514736942 251
1757493137242 20.81936460259693 252
1757493137292 20.769810775622226 253
1757493137343 20.720531071153804 254
1757493137393 20.67152293065923 255
1757493137443 20.622783831692526 256
1757493137494 20.574311287236075 257
1757493137546 20.52610284505679 258
1757493137596 20.47815608707612 259
1757493137646 20.430468628753584 260
1757493137697 20.38303811848346 261
1757493137748 20.33586223700445 262
1757493137799 20.288938696821795 263
1757493137857 20.242265241641732 264
1757493137908 20.19583964581787 265
1757493137960 20.14965971380925 266
1757493138010 20.103723279649824 267
1757493138060 20.058028206429054 268
1757493138111 20.012572385783326 269
1757493138163 19.967353737398035 270
1757493138215 19.922370208519965 271
1757493138265 19.877619773479786 272
1757493138316 19.833100433224462 273
1757493138366 19.788810214859193 274
1757493138416 19.744747171198906 275
1757493138468 19.700909380328753 276
1757493138520 19.657294945173795 277
1757493138569 19.613901993077246 278
1757493138620 19.570728675387386 279
1757493138672 19.527773167052874 280
1757493138722 19.48503366622609 281
1757493138772 19.442508393874594 282
1757493138822 19.400195593400284 283
1757493138879 19.358093530266245 284
1757493138930 19.316200491631005 285
1757493138982 19.27451478599003 286
1757493139035 19.2330347428244 287
1757493139086 19.19175871225638 288
1757493139136 19.150685064711787 289
1757493139187 19.10981219058901 290
1757493139239 19.069138499934482 291
1757493139290 19.02866242212454 292
1757493139339 18.988382405553427 293
1757493139390 18.948296917327408 294
1757493139442 18.908404442964777 295
1757493139494 18.868703486101637 296
1757493139545 18.829192568203418 297
1757493139597 18.78987022828184 298
1757493139648 18.750735022617377 299
1757493139699 18.711785524486956 300
1757493139750 18.673020323896868 301
1757493139801 18.634438027320748 302
1757493139852 18.596037257442465 303
1757493139912 18.557816652903966 304
1757493139965 18.51977486805774 305
1757493140017 18.481910572724004 306
1757493140068 18.444222451952403 307
1757493140120 18.40670920578816 308
1757493140171 18.36936954904257 309
1757493140222 18.332202211067745 310
1757493140273 18.2952059355355 311
1757493140326 18.258379480220384 312
1757493140376 18.22172161678664 313
1757493140427 18.18523113057907 314
1757493140480 18.14890682041773 315
1757493140532 18.112747498396384 316
1757493140584 18.076751989684617 317
1757493140636 18.04091913233347 318
1757493140687 18.005247777084694 319
1757493140738 17.969736787183344 320
1757493140790 17.934385038193792 321
1757493140898 17.899191417819008 322
1757493141071 17.8641548257231 323
1757493141181 17.829274173356964 324
1757493141238 17.79454838378708 325
1757493141318 17.759976391527324 326
1757493141454 17.725557142373713 327
1757493141560 17.69128959324213 328
1757493141629 17.65717271200883 329
1757493141695 17.62320547735378 330
1757493141760 17.589386878606714 331
1757493141835 17.555715915595883 332
1757493141925 17.52219159849941 333
1757493141991 17.488812947699262 334
1757493142059 17.455578993637655 335
1757493142118 17.422488776676044 336
1757493142178 17.389541346956463 337
1757493142236 17.35673576426522 338
1757493142296 17.32407109789901 339
1757493142357 17.29154642653319 340
1757493142414 17.25916083809241 341
1757493142471 17.22691342962332 342
1757493142528 17.19480330716951 343
1757493142586 17.162829585648545 344
1757493142644 17.130991388731 345
1757493142703 17.0992878487216 346
1757493142761 17.0677181064423 347
1757493142818 17.036281311117335 348
1757493142873 17.004976620260173 349
1757493142936 16.973803199562308 350
1757493142993 16.94276022278395 351
1757493143048 16.91184687164646 352
1757493143105 16.8810623357266 353
1757493143160 16.85040581235247 354
1757493143215 16.819876506501185 355
1757493143270 16.789473630698183 356
1757493143326 16.759196404918217 357
1757493143382 16.729044056487897 358
1757493143438 16.699015819989853 359
1757493143493 16.66911093716841 360
1757493143549 16.639328656836796 361
1757493143605 16.609668234785854 362
1757493143660 16.58012893369418 363
1757493143715 16.550710023039706 364
1757493143772 16.52141077901272 365
1757493143825 16.49223048443021 366
1757493143879 16.46316842865161 367
1757493143932 16.43422390749587 368
1757493143995 16.40539622315981 369
1757493144048 16.376684684137754 370
1757493144101 16.348088605142475 371
1757493144155 16.319607307027294 372
1757493144209 16.291240116709464 373
1757493144262 16.26298636709472 374
1757493144316 16.234845397002946 375
1757493144370 16.20681655109511 376
1757493144424 16.178899179801185 377
1757493144477 16.15109263924929 378
1757493144531 16.123396291195863 379
1757493144586 16.095809502956925 380
1757493144638 16.068331647340358 381
1757493144692 16.04096210257926 382
1757493144746 16.013700252266286 383
1757493144798 15.986545485288966 384
1757493144851 15.959497195766053 385
1757493144904 15.932554782984761 386
1757493144958 15.905717651339023 387
1757493145014 15.878985210268603 388
1757493145068 15.85235687419915 389
1757493145122 15.825832062483157 390
1757493145175 15.79941019934178 391
1757493145229 15.773090713807534 392
1757493145282 15.746873039667802 393
1757493145337 15.72075661540923 394
1757493145391 15.694740884162913 395
1757493145445 15.66882529365037 396
1757493145498 15.643009296130343 397
1757493145554 15.617292348346352 398
1757493145607 15.591673911475025 399
1757493145661 15.56615345107517 400
1757493145718 15.540730437037585 401
1757493145773 15.515404343535618 402
1757493145828 15.4901746489764 403
1757493145882 15.46504083595281 404
1757493145936 15.440002391196128 405
1757493145998 15.415058805529348 406
1757493146053 15.39020957382116 407
1757493146109 15.365454194940629 408
1757493146163 15.340792171712447 409
1757493146217 15.316223010872895 410
1757493146271 15.291746223026339 411
1757493146326 15.267361322602454 412
1757493146380 15.243067827813938 413
1757493146433 15.218865260614896 414
1757493146488 15.194753146659762 415
1757493146542 15.170731015262831 416
1757493146595 15.146798399358312 417
1757493146649 15.122954835460988 418
1757493146703 15.099199863627366 419
1757493146758 15.075533027417414 420
1757493146812 15.05195387385679 421
1757493146867 15.028461953399626 422
1757493146921 15.005056819891756 423
1757493146975 14.981738030534546 424
1757493147032 14.958505145849122 425
1757493147088 14.935357729641169 426
1757493147143 14.912295348966127 427
1757493147199 14.88931757409493 428
1757493147256 14.866423978480167 429
1757493147310 14.843614138722709 430
1757493147364 14.820887634538785 431
1757493147418 14.798244048727515 432
1757493147474 14.775682967138854 433
1757493147529 14.753203978641974 434
1757493147584 14.73080667509408 435
1757493147639 14.708490651309615 436
1757493147694 14.68625550502989 437
1757493147749 14.664100836893136 438
1757493147819 14.64202625040489 439
1757493147970 14.620031351908837 440
1757493148060 14.598115750558007 441
1757493148121 14.576279058286332 442
1757493148179 14.554520889780619 443
1757493148291 14.532840862452831 444
1757493148404 14.511238596412781 445
1757493148524 14.489713714441159 446
1757493148599 14.468265841962895 447
1757493148672 14.446894607020884 448
1757493148740 14.425599640250043 449
1757493148812 14.404380574851723 450
1757493148907 14.383237046568382 451
1757493148976 14.362168693658672 452
1757493149047 14.34117515687278 453
1757493149112 14.320256079428098 454
1757493149175 14.299411106985229 455
1757493149236 14.278639887624244 456
1757493149297 14.257942071821287 457
1757493149358 14.237317312425441 458
1757493149418 14.216765264635931 459
1757493149478 14.196285585979549 460
1757493149537 14.175877936288407 461
1757493149596 14.155541977677956 462
1757493149654 14.13527737452527 463
1757493149712 14.115083793447614 464
1757493149770 14.094960903281276 465
1757493149826 14.07490837506063 466
1757493149882 14.054925881997516 467
1757493149940 14.035013099460802 468
1757493149997 14.015169704956262 469
1757493150065 13.99539537810666 470
1757493150124 13.97568980063209 471
1757493150182 13.956052656330549 472
1757493150239 13.936483631058769 473
1757493150297 13.916982412713224 474
1757493150356 13.897548691211455 475
1757493150412 13.878182158473537 476
1757493150470 13.858882508403813 477
1757493150530 13.83964943687283 478
1757493150590 13.820482641699508 479
1757493150648 13.8013818226335 480
1757493150707 13.782346681337781 481
1757493150764 13.763376921371437 482
1757493150821 13.744472248172647 483
1757493150877 13.725632369041877 484
1757493150933 13.706856993125294 485
1757493150988 13.688145831398318 486
1757493151044 13.669498596649428 487
1757493151111 13.650915003464108 488
1757493151166 13.632394768209025 489
1757493151222 13.613937609016356 490
1757493151278 13.59554324576831 491
1757493151335 13.577211400081826 492
1757493151391 13.558941795293466 493
1757493151447 13.540734156444454 494
1757493151504 13.522588210265921 495
1757493151560 13.504503685164256 496
1757493151616 13.486480311206702 497
1757493151671 13.468517820107087 498
1757493151732 13.45061594521168 499
