1757344671630 155.84700623726695 0
1757344671692 69.62366278993996 1
1757344671752 76.43579723848943 2
1757344671814 57.326900530860755 3
1757344671861 54.65959310363432 4
1757344671909 47.64267586715101 5
1757344671954 44.460121721899725 6
1757344671996 40.77195277377237 7
1757344672037 38.1933847930394 8
1757344672073 35.75828792654713 9
1757344672116 33.76068218867443 10
1757344672186 31.958698108625743 11
1757344672224 30.387694115925488 12
1757344672270 28.97219610438447 13
1757344672306 27.702598187522966 14
1757344672337 26.5473892702381 15
1757344672365 25.49312418594125 16
1757344672394 24.522993735241876 17
1757344672435 23.62634930531122 18
1757344672464 22.792834513041015 19
1757344672493 22.014764332695595 20
1757344672526 21.285262776427455 21
1757344672559 20.598854720013794 22
1757344672588 19.95077327769764 23
1757344672626 19.337080141428526 24
1757344672652 18.754367286510252 25
1757344672680 18.199753367542975 26
1757344672707 17.670738286170568 27
1757344672733 17.165172531817706 28
1757344672761 16.681178718719668 29
1757344672790 16.217120667532207 30
1757344672819 15.771557492096342 31
1757344672846 15.343218634482522 32
1757344672873 14.930975232877358 33
1757344672943 14.533821375313208 34
1757344672992 14.150855351600896 35
1757344673047 13.781265942866991 36
1757344673158 13.42431968244768 37
1757344673417 13.079350897258198 38
1757344673448 12.745752802915002 39
1757344673477 12.422970252617938 40
1757344673505 12.110493372405514 41
1757344673534 11.807852243970352 42
1757344673562 11.514612272216267 43
1757344673589 11.230370249645752 44
1757344673615 10.954750932376568 45
1757344673652 10.68740409677174 46
1757344673678 10.428001973910735 47
1757344673721 10.176237024427154 48
1757344673757 9.931819991982268 49
1757344673795 9.694478202563907 50
1757344673830 9.463954070002524 51
1757344673865 9.240003781743736 52
1757344673901 9.022396138166817 53
1757344673935 8.810911525717428 54
1757344673968 8.605341005194129 55
1757344674003 8.405485500426053 56
1757344674035 8.211155073981178 57
1757344674067 8.022168278910096 58
1757344674098 7.838351576792224 59
1757344674130 7.659538813887781 60
1757344674164 7.4855707482141005 61
1757344674197 7.316294621413753 62
1757344674228 7.151563770062862 63
1757344674261 6.991237271808706 64
1757344674292 6.835179622315595 65
1757344674325 6.68326043953293 66
1757344674369 6.535354192241873 67
1757344674422 6.3913399502295 68
1757344674477 6.251101153770847 69
1757344674532 6.114525400390408 70
1757344674582 5.981504247123354 71
1757344674632 5.851933026714629 72
1757344674677 5.725710676381306 73
1757344674712 5.602739577927518 74
1757344674745 5.482925408143054 75
1757344674778 5.3661769985405865 76
1757344674814 5.2524062035944326 77
1757344674852 5.1415277767378065 78
1757344674894 5.033459253458007 79
1757344674933 4.928120840900995 80
1757344674968 4.825435313459957 81
1757344675001 4.725327913877923 82
1757344675035 4.627726259443171 83
1757344675093 4.532560252899039 84
1757344675142 4.439761997727483 85
1757344675185 4.349265717499118 86
1757344675291 4.261007679011834 87
1757344675400 4.174926118966222 88
1757344675469 4.090961173949137 89
1757344675505 4.00905481351725 90
1757344675543 3.92915077619064 91
1757344675577 3.851194508182894 92
1757344675613 3.7751331047084684 93
1757344675661 3.7009152537213184 94
1757344675714 3.628491181950181 95
1757344675753 3.557812603106527 96
1757344675786 3.488832668150493 97
1757344675818 3.421505917508567 98
1757344675852 3.355788235144501 99
1757344675885 3.2916368043917377 100
1757344675976 3.2290100654619964 101
1757344676121 3.1678676745503314 102
1757344676203 3.1081704644620873 103
1757344676265 3.0498804066919925 104
1757344676301 2.9929605748899237 105
1757344676411 2.9373751096517857 106
1757344676472 2.883089184577629 107
1757344676546 2.8300689735424687 108
1757344676628 2.7782816191282826 109
1757344676682 2.7276952021686 110
1757344676728 2.678278712359615 111
1757344676784 2.630002019894292 112
1757344676861 2.5828358480780795 113
1757344676914 2.5367517468870844 114
1757344676977 2.4917220674313714 115
1757344677033 2.4477199372879808 116
1757344677083 2.4047192366699366 117
1757344677148 2.3626945753990927 118
1757344677202 2.3216212706521855 119
1757344677268 2.281475325450846 120
1757344677321 2.2422334078677006 121
1757344677382 2.2038728309218354 122
1757344677428 2.1663715331381876 123
1757344677475 2.1297080597464504 124
1757344677534 2.093861544496139 125
1757344677579 2.0588116920655017 126
1757344677621 2.0245387610428383 127
1757344677689 1.991023547459693 128
1757344677744 1.9582473688562805 129
1757344677791 1.926192048860205 130
1757344677841 1.8948399022603926 131
1757344677896 1.864173720558834 132
1757344677969 1.8341767579833963 133
1757344678024 1.8048327179456918 134
1757344678082 1.7761257399285388 135
1757344678120 1.7480403867882108 136
1757344678172 1.720561632457184 137
1757344678224 1.693674850033684 138
1757344678279 1.6673658002448353 139
1757344678342 1.6416206202706762 140
1757344678390 1.6164258129168643 141
1757344678432 1.5917682361242587 142
1757344678490 1.567635092804056 143
1757344678549 1.5440139209875727 144
1757344678655 1.5208925842801222 145
1757344678768 1.4982592626088984 146
1757344678920 1.4761024432550442 147
1757344678983 1.4544109121605417 148
1757344679039 1.4331737455008 149
1757344679131 1.412380301514224 150
1757344679210 1.3920202125802976 151
1757344679345 1.3720833775380599 152
1757344679414 1.3525599542371267 153
1757344679499 1.333440352313644 154
1757344679550 1.31471522618392 155
1757344679660 1.2963754682486308 156
1757344679700 1.27841220230083 157
1757344679773 1.2608167771311651 158
1757344679819 1.2435807603239704 159
1757344679860 1.2266959322381232 160
1757344679900 1.2101542801667187 161
1757344679945 1.1939479926698844 162
1757344680011 1.1780694540752066 163
1757344680091 1.1625112391404462 164
1757344680132 1.1472661078733863 165
1757344680183 1.1323270005038693 166
1757344680248 1.1176870326031911 167
1757344680290 1.1033394903462315 168
1757344680373 1.0892778259118454 169
1757344680454 1.0754956530171422 170
1757344680513 1.061986742581517 171
1757344680552 1.0487450185163598 172
1757344680617 1.0357645536365208 173
1757344680675 1.0230395656897797 174
1757344680732 1.0105644135006302 175
1757344680782 0.9983335932248707 176
1757344680828 0.986341734711566 177
1757344680872 0.9745835979690802 178
1757344680917 0.9630540697319778 179
1757344680975 0.9517481601257181 180
1757344681046 0.9406609994261295 181
1757344681134 0.9297878349107839 182
1757344681201 0.9191240277994682 183
1757344681263 0.9086650502810455 184
1757344681309 0.8984064826240932 185
1757344681376 0.8883440103687655 186
1757344681439 0.8784734215974451 187
1757344681625 0.8687906042817991 188
1757344681745 0.8592915437039582 189
1757344681831 0.8499723199495575 190
1757344681891 0.8408291054705378 191
1757344681940 0.83185816271558 192
1757344681987 0.8230558418261867 193
1757344682031 0.8144185783964323 194
1757344682078 0.8059428912945117 195
1757344682126 0.797625380544241 196
1757344682178 0.7894627252647565 197
1757344682224 0.7814516816666705 198
1757344682321 0.7735890811030429 199
1757344682475 0.7658718281735449 200
1757344682751 0.7582968988802637 201
1757344682807 0.7508613388336276 202
1757344682944 0.743562261507 203
1757344683021 0.7363968465385159 204
1757344683063 0.7293623380787856 205
1757344683275 0.7224560431831443 206
1757344683338 0.7156753302471477 207
1757344683396 0.7090176274840658 208
1757344683462 0.7024804214431726 209
1757344683544 0.6960612555676466 210
1757344683638 0.6897577287909494 211
1757344683691 0.6835674941705772 212
1757344683734 0.6774882575581206 213
1757344683798 0.6715177763045976 214
1757344683881 0.665653858000043 215
1757344683944 0.6598943592463878 216
1757344683993 0.6542371844627078 217
1757344684058 0.6486802847218656 218
1757344684131 0.6432216566177276 219
1757344684173 0.6378593411620505 220
1757344684230 0.6325914227102063 221
1757344684274 0.6274160279149649 222
1757344684322 0.6223313247075026 223
1757344684383 0.6173355213049195 224
1757344684447 0.6124268652435003 225
1757344684517 0.6076036424369937 226
1757344684583 0.6028641762592551 227
1757344684650 0.5982068266505302 228
1757344684713 0.5936299892467441 229
1757344684767 0.5891320945311799 230
1757344684830 0.5847116070078867 231
1757344684886 0.5803670243962602 232
1757344684928 0.5760968768461895 233
1757344684975 0.5718997261732196 234
1757344685023 0.5677741651131631 235
1757344685070 0.5637188165956636 236
1757344685115 0.5597323330361563 237
1757344685166 0.5558133956457482 238
1757344685212 0.551960713758538 239
1757344685265 0.548173024175869 240
1757344685312 0.5444490905271028 241
1757344685361 0.5407877026464339 242
1757344685409 0.5371876759653192 243
1757344685462 0.5336478509201277 244
1757344685524 0.5301670923745571 245
1757344685684 0.5267442890564654 246
1757344685817 0.5233783530087099 247
1757344685911 0.5200682190536171 248
1757344685983 0.5168128442707365 249
1757344686112 0.5136112074875109 250
1757344686211 0.5104623087825326 251
1757344686310 0.5073651690010366 252
1757344686393 0.5043188292823201 253
1757344686515 0.5013223505987789 254
1757344686582 0.49837481330623357 255
1757344686638 0.4954753167052691 256
1757344686708 0.4926229786132932 257
1757344686771 0.4898169349470255 258
1757344686870 0.4870563393151537 259
1757344686984 0.4843403626208934 260
1757344687059 0.48166819267417915 261
1757344687145 0.4790390338132583 262
1757344687216 0.47645210653541853 263
1757344687303 0.4739066471366422 264
1757344687339 0.4714019073599271 265
1757344687372 0.46893715405206843 266
1757344687435 0.4665116688286839 267
1757344687495 0.46412474774725676 268
1757344687571 0.4617757009880082 269
1757344687635 0.45946385254238714 270
1757344687708 0.4571885399089816 271
1757344687750 0.4549491137966769 272
1757344687864 0.4527449378348549 273
1757344687928 0.45057538829047333 274
1757344688028 0.44843985379184087 275
1757344688082 0.44633773505891844 276
1757344688115 0.44426844463999 277
1757344688192 0.44223140665452965 278
1757344688263 0.4402260565421177 279
1757344688326 0.43825184081725654 280
1757344688360 0.43630821682992016 281
1757344688396 0.43439465253171844 282
1757344688434 0.43251062624751496 283
1757344688472 0.4306556264523742 284
1757344688531 0.4288291515537005 285
1757344688650 0.4270307096784383 286
1757344688712 0.4252598184652129 287
1757344688747 0.42351600486128466 288
1757344688811 0.421798804924193 289
1757344688882 0.4201077636279933 290
1757344688918 0.418442434673943 291
1757344688959 0.4168023803055545 292
1757344688994 0.41518717112789627 293
1757344689033 0.4135963859310349 294
1757344689127 0.4120296115175182 295
1757344689231 0.4104864425338104 296
1757344689276 0.4089664813055633 297
1757344689328 0.40746933767664534 298
1757344689402 0.4059946288518382 299
1757344689487 0.4045419792430955 300
1757344689541 0.4031110203192979 301
1757344689602 0.40170139045939424 302
1757344689684 0.4003127348088799 303
1757344689725 0.39894470513950153 304
1757344689808 0.3975969597121235 305
1757344689870 0.3962691631426819 306
1757344689934 0.39496098627114384 307
1757344689997 0.3936721060334122 308
1757344690057 0.39240220533608405 309
1757344690125 0.3911509729340223 310
1757344690170 0.38991810331064863 311
1757344690226 0.38870329656090546 312
1757344690279 0.3875062582768223 313
1757344690357 0.3863266994356161 314
1757344690431 0.38516433629028324 315
1757344690510 0.3840188902626007 316
1757344690595 0.38289008783849976 317
1757344690646 0.3817776604657426 318
1757344690711 0.38068134445385415 319
1757344690753 0.37960088087625493 320
1757344690906 0.378536015474539 321
1757344690998 0.377486498564857 322
1757344691078 0.37645208494633636 323
1757344691150 0.3754325338115122 324
1757344691220 0.3744276086587069 325
1757344691274 0.3734370772063198 326
1757344691343 0.37246071130897906 327
1757344691399 0.3714982868755131 328
1757344691469 0.37054958378870073 329
1757344691547 0.369614385826755 330
1757344691671 0.36869248058650866 331
1757344691851 0.3677836594082504 332
1757344691944 0.3668877173021811 333
1757344692075 0.36600445287645367 334
1757344692157 0.36513366826675075 335
1757344692265 0.3642751690673825 336
1757344692387 0.3634287642638438 337
1757344692466 0.3625942661668234 338
1757344692522 0.3617714903476184 339
1757344692664 0.3609602555749174 340
1757344692796 0.36016038375293236 341
1757344692866 0.35937169986084366 342
1757344692945 0.3585940318935242 343
1757344693010 0.3578272108035214 344
1757344693091 0.35707107044426 345
1757344693153 0.3563254475144465 346
1757344693226 0.3555901815036422 347
1757344693330 0.3548651146389756 348
1757344693404 0.35415009183297846 349
1757344693517 0.3534449606325134 350
1757344693575 0.3527495711687662 351
1757344693632 0.3520637761082842 352
1757344693720 0.3513874306050339 353
1757344693827 0.35072039225345764 354
1757344693905 0.35006252104250496 355
1757344693979 0.3494136793106148 356
1757344694060 0.34877373170163284 357
1757344694111 0.34814254512163756 358
1757344694159 0.34751998869665857 359
1757344694203 0.34690593373126344 360
1757344694251 0.34630025366800427 361
1757344694327 0.3457028240476809 362
1757344694411 0.3451135224704371 363
1757344694464 0.344532228557638 364
1757344694520 0.34395882391453475 365
1757344694588 0.34339319209368957 366
1757344694656 0.3428352185591395 367
1757344694726 0.34228479065129436 368
1757344694805 0.34174179755254563 369
1757344694878 0.3412061302535728 370
1757344694934 0.34067768152032796 371
1757344695006 0.340156345861688 372
1757344695063 0.33964201949776 373
1757344695111 0.3391346003288255 374
1757344695159 0.33863398790490107 375
1757344695206 0.3381400833959183 376
1757344695257 0.33765278956249795 377
1757344695324 0.33717201072730235 378
1757344695382 0.33669765274696845 379
1757344695473 0.3362296229845871 380
1757344695550 0.3357678302827468 381
1757344695613 0.3353121849370952 382
1757344695684 0.33486259867043516 383
1757344695751 0.33441898460732544 384
1757344695834 0.3339812572491915 385
1757344695890 0.3335493324499167 386
1757344695935 0.33312312739192423 387
1757344695997 0.3327025605627171 388
1757344696072 0.3322875517318868 389
1757344696126 0.3318780219285702 390
1757344696173 0.33147389341934225 391
1757344696224 0.3310750896865447 392
1757344696352 0.33068153540703227 393
1757344696482 0.33029315643133733 394
1757344696586 0.3299098797632322 395
1757344696656 0.3295316335396911 396
1757344696786 0.3291583470112411 397
1757344696835 0.3287899505226835 398
1757344696891 0.32842637549419673 399
1757344696935 0.328067554402796 400
1757344697023 0.3277134207641501 401
1757344697120 0.32736390911474716 402
1757344697168 0.3270189549944014 403
1757344697254 0.32667849492909257 404
1757344697293 0.326342466414131 405
1757344697377 0.3260108078976463 406
1757344697451 0.3256834587643882 407
1757344697513 0.325360359319831 408
1757344697581 0.3250414507745825 409
1757344697661 0.32472667522908405 410
1757344697733 0.3244159756586048 411
1757344697808 0.324109295898506 412
1757344697917 0.32380658062979734 413
1757344698014 0.3235077753649514 414
1757344698071 0.3232128264339881 415
1757344698142 0.32292168097082163 416
1757344698184 0.32263428689985724 417
1757344698220 0.32235059292283563 418
1757344698302 0.3220705485059298 419
1757344698342 0.321794103867074 420
1757344698434 0.3215212099635269 421
1757344698523 0.3212518184796691 422
1757344698570 0.32098588181502086 423
1757344698650 0.3207233530724813 424
1757344698747 0.32046418604678606 425
1757344698861 0.32020833521317144 426
1757344698975 0.31995575571625123 427
1757344699033 0.31970640335909145 428
1757344699126 0.31946023459248885 429
1757344699183 0.31921720650444174 430
1757344699285 0.3189772768098094 431
1757344699363 0.31874040384016566 432
1757344699431 0.31850654653382826 433
1757344699522 0.3182756644260745 434
1757344699566 0.3180477176395272 435
1757344699633 0.31782266687471905 436
1757344699710 0.3176004734008219 437
1757344699769 0.3173810990465441 438
1757344699826 0.3171645061911922 439
1757344699903 0.31695065775588654 440
1757344699986 0.3167395171949395 441
1757344700044 0.3165310484873837 442
1757344700152 0.31632521612864933 443
1757344700236 0.31612198512239226 444
1757344700300 0.31592132097246445 445
1757344700379 0.3157231896750271 446
1757344700450 0.31552755771079816 447
1757344700526 0.3153343920374423 448
1757344700612 0.3151436600820933 449
1757344700686 0.3149553297339998 450
1757344700764 0.31476936933731237 451
1757344700824 0.3145857476839826 452
1757344700902 0.3144044340067965 453
1757344700950 0.31422539797252286 454
1757344701013 0.3140486096751831 455
1757344701062 0.31387403962943633 456
1757344701189 0.31370165876407696 457
1757344701240 0.3135314384156488 458
1757344701315 0.3133633503221665 459
1757344701400 0.3131973666169419 460
1757344701470 0.3130334598225204 461
1757344701542 0.3128716028447212 462
1757344701616 0.3127117689667753 463
1757344701680 0.3125539318435671 464
1757344701759 0.3123980654959684 465
1757344701825 0.31224414430527997 466
1757344701875 0.31209214300775223 467
1757344701943 0.31194203668921067 468
1757344702017 0.3117938007797663 469
1757344702089 0.3116474110486141 470
1757344702147 0.31150284359892394 471
1757344702234 0.3113600748628146 472
1757344702312 0.3112190815964071 473
1757344702386 0.31107984087497015 474
1757344702475 0.3109423300881376 475
1757344702540 0.3108065269352125 476
1757344702647 0.3106724094205433 477
1757344702762 0.3105399558489821 478
1757344702867 0.31040914482141363 479
1757344702946 0.31027995523036184 480
1757344703026 0.3101523662556622 481
1757344703097 0.31002635736021744 482
1757344703209 0.30990190828580794 483
1757344703287 0.3097789990489835 484
1757344703359 0.3096576099370161 485
1757344703422 0.30953772150391673 486
1757344703530 0.30941931456652455 487
1757344703605 0.3093023702006548 488
1757344703689 0.3091868697373039 489
1757344703767 0.30907279475893157 490
1757344703846 0.30896012709578446 491
1757344703914 0.30884884882229385 492
1757344704003 0.3087389422535248 493
1757344704089 0.3086303899416797 494
1757344704173 0.3085231746726667 495
1757344704239 0.30841727946271263 496
1757344704306 0.30831268755504165 497
1757344704361 0.3082093824165947 498
1757344704431 0.30810734773481047 499
