1757497700340 169.42596126587117 0
1757497700391 169.96305080461752 1
1757497700438 171.91208930142287 2
1757497700500 168.96573686943506 3
1757497700549 168.45635636633898 4
1757497700601 166.77302665569104 5
1757497700649 172.1048322631175 6
1757497700696 167.94809344169178 7
1757497700745 167.0044899224837 8
1757497700794 169.37175441337254 9
1757497700844 168.02828717701166 10
1757497700892 170.5382823676034 11
1757497700952 167.1230565147101 12
1757497701009 169.55927027682307 13
1757497701059 171.28749342906949 14
1757497701107 169.63415160626232 15
1757497701156 167.2210385767025 16
1757497701205 170.91451151020456 17
1757497701253 169.44874195566086 18
1757497701300 170.90758356228864 19
1757497701350 169.73223181028672 20
1757497701399 168.02585386135834 21
1757497701447 168.32216891746728 22
1757497701498 169.66592934084622 23
1757497701548 168.1119250087281 24
1757497701596 169.6791235639112 25
