1757497565228 169.07097426906202 0
1757497565292 170.56874601207554 1
1757497565348 171.53834774300503 2
1757497565408 171.16636795192412 3
1757497565464 169.03556181023373 4
1757497565517 169.333927536944 5
1757497565568 167.518965453236 6
1757497565622 168.49425055250643 7
1757497565672 170.78569038513876 8
1757497565724 169.78215817871023 9
1757497565777 168.7309266639259 10
1757497565831 167.12988371580812 11
1757497565885 169.7905110462398 12
1757497565940 167.9929673991892 13
1757497565993 168.78352753369384 14
1757497566045 167.91466092556428 15
1757497566095 169.14502736763606 16
1757497566146 170.9289306972946 17
1757497566199 168.03120101815463 18
1757497566250 168.05743690046526 19
1757497566313 170.3181478002109 20
1757497566364 166.4318952209534 21
1757497566425 167.82869408964902 22
1757497566475 166.69122288273425 23
1757497566525 168.25356159452045 24
1757497566576 169.9796764469813 25
1757497566626 167.27444828880064 26
1757497566674 170.0278186890458 27
1757497566723 170.31544971703013 28
1757497566772 167.72343808167798 29
1757497566822 168.11977853170512 30
1757497566871 167.2583203605294 31
1757497566920 167.96270275345543 32
1757497566969 169.51534828793254 33
1757497567020 167.86145658510904 34
1757497567069 169.34662378239432 35
1757497567193 169.86616607137123 36
1757497567325 168.3717501452326 37
1757497567437 169.88463976427 38
1757497567576 170.19717701533457 39
1757497567652 167.7244011952204 40
1757497567728 168.04773304435867 41
1757497567888 167.79608114387142 42
1757497568055 168.5615805702631 43
1757497568157 169.28913282141983 44
1757497568345 173.6294069507388 45
1757497568413 168.5136859632107 46
