1757508472837 170.9000971077896 0
1757508472898 170.74021586097695 1
1757508472959 169.83305263238657 2
1757508473018 169.10557283525836 3
1757508473076 170.75885181186982 4
1757508473132 168.84152211598945 5
1757508473189 168.78387693049527 6
1757508473246 165.71369162897997 7
1757508473305 168.91853197113707 8
1757508473362 167.68577200985627 9
1757508473417 168.27407702716363 10
1757508473473 168.05416689757496 11
1757508473533 170.42093700424562 12
1757508473592 170.1077247964629 13
1757508473647 167.3695910803017 14
1757508473705 169.01151009302765 15
1757508473765 168.37683840870181 16
1757508473822 168.16086751897748 17
1757508473882 168.13133747279574 18
1757508473937 168.8194986983885 19
1757508473993 167.83432230360987 20
1757508474055 167.56070810398217 21
1757508474122 168.11778251124653 22
1757508474188 168.4875173317243 23
1757508474253 169.8482991741013 24
1757508474318 169.52687525908505 25
1757508474380 169.07769603845406 26
1757508474439 168.19369882303522 27
1757508474498 167.00263524298057 28
