1757488402214 155.56774366231892 0
1757488402337 138.16777543458625 1
1757488402426 135.30410132185466 2
1757488402538 123.4401807936639 3
1757488402663 120.94830117039875 4
1757488402719 112.4259475605644 5
1757488402771 111.2858960046192 6
1757488402868 96.35806662557496 7
1757488402953 89.48039899996122 8
1757488403044 93.46120385382328 9
1757488403103 87.32642691523033 10
1757488403145 84.75324935714937 11
1757488403190 89.4153536748237 12
1757488403230 98.87885432979165 13
1757488403272 73.47144717626482 14
1757488403312 80.44069706907555 15
1757488403353 71.47573616266807 16
1757488403403 65.13523311287764 17
1757488403445 60.22073704476222 18
1757488403486 62.193252141804045 19
1757488403528 64.52733415516245 20
1757488403569 55.10121308031384 21
1757488403610 62.34449228209232 22
1757488403653 61.62150823770023 23
1757488403694 62.25294962328757 24
1757488403734 52.587596119142866 25
1757488403776 54.82835019369653 26
1757488403815 44.776156248308226 27
1757488403857 63.77974141287659 28
1757488403899 60.0567845897633 29
1757488403940 46.38986875006183 30
1757488403980 45.69524991709802 31
1757488404021 47.94846603687457 32
1757488404065 44.39481713704715 33
1757488404106 44.03813929588214 34
1757488404147 50.90689226285943 35
1757488404187 234.31551903356933 36
1757488404229 33.52404523590994 37
1757488404271 41.50869844070596 38
1757488404311 42.15460321047736 39
1757488404351 42.95091562970406 40
1757488404399 40.33278826369175 41
1757488404445 44.857599418952304 42
1757488404488 51.60524679487393 43
1757488404533 35.03767122568619 44
1757488404575 40.25232899856679 45
1757488404616 42.72046595069406 46
1757488404657 49.896030896075615 47
1757488404698 39.732380979030864 48
1757488404741 37.40665799393516 49
1757488404781 38.509573136281276 50
1757488404823 39.17646938294383 51
1757488404864 35.68535344797343 52
1757488404907 43.006149198710624 53
1757488404949 37.10401711206891 54
1757488404989 31.68142015527708 55
1757488405032 49.599823595701714 56
1757488405077 33.761661498379226 57
1757488405120 34.52138026177 58
1757488405167 31.21235967753533 59
1757488405208 33.20679827563295 60
1757488405253 24.802874047892555 61
1757488405295 26.331836549015847 62
1757488405336 36.685019067874094 63
1757488405377 55.619385533913125 64
1757488405429 30.246366602189283 65
1757488405474 36.874866343315865 66
1757488405515 22.35360440001969 67
1757488405586 31.954938720208077 68
1757488405632 25.57374960037841 69
1757488405687 33.20006136076736 70
1757488405729 33.12987844139835 71
1757488405787 28.864836357803192 72
1757488405845 29.47973286007196 73
1757488405899 25.44513831648949 74
1757488405940 25.31046437191673 75
1757488405985 31.500704415577793 76
1757488406029 168.45876882860324 77
1757488406071 24.794860424231608 78
1757488406114 33.80226164823705 79
1757488406157 22.10000229392886 80
1757488406199 87.59014480679514 81
1757488406242 27.919453598984045 82
1757488406284 31.15349216850925 83
1757488406327 29.335220048293497 84
1757488406370 24.801032127078635 85
1757488406413 24.177158962103263 86
1757488406464 28.76930772412005 87
1757488406510 22.32388489041153 88
1757488406556 25.96738202601937 89
1757488406598 26.326987963924537 90
1757488406640 25.369986640070447 91
1757488406685 21.354699462977567 92
1757488406728 25.607503633804832 93
1757488406770 30.208369633954543 94
1757488406813 17.992662928229315 95
1757488406862 31.353247437614275 96
1757488406905 39.70207100043349 97
1757488406946 20.55693800844962 98
1757488406989 18.542969911796877 99
1757488407034 25.49368007157182 100
1757488407078 27.70283251680244 101
1757488407122 25.18573836746324 102
1757488407163 23.725670349001845 103
1757488407208 19.085802027734847 104
1757488407251 20.66276018578928 105
1757488407295 18.540005187092806 106
1757488407337 23.66369589687875 107
1757488407384 16.977414783604853 108
1757488407427 22.313219208519925 109
1757488407479 16.51981148653175 110
1757488407525 18.02923116969116 111
1757488407569 19.8928011873254 112
1757488407625 19.443999999448053 113
1757488407745 27.93333466650426 114
1757488407825 32.98968561266773 115
1757488407911 26.83670625658106 116
1757488407976 21.073265514423394 117
1757488408024 17.01304126298294 118
1757488408104 14.13128902201995 119
1757488408231 28.749408955118735 120
1757488408302 20.13198522668919 121
1757488408349 22.507241855751495 122
1757488408399 21.083142065417963 123
1757488408443 19.41496960684359 124
1757488408496 21.602756853307554 125
1757488408541 18.52900781277183 126
1757488408587 12.278755370773046 127
1757488408633 20.844764925521996 128
1757488408677 18.94452324789337 129
1757488408722 22.459848570303873 130
1757488408766 21.69194722661444 131
1757488408812 29.22056395814869 132
1757488408858 15.13538305511125 133
1757488408904 16.503855814723607 134
1757488408949 19.89781103402214 135
1757488408996 17.833990561891653 136
1757488409040 17.641449407394788 137
1757488409085 17.86575012598478 138
1757488409129 18.874143777357755 139
1757488409173 22.43702302020888 140
1757488409217 19.01014667377087 141
1757488409261 20.711757177214064 142
1757488409305 20.479303219461723 143
1757488409351 31.56225412913274 144
1757488409396 16.643942182552898 145
1757488409441 19.61872691491051 146
1757488409496 15.408644453209769 147
1757488409542 16.789783676279033 148
1757488409588 21.279325296305053 149
1757488409634 20.50724408770021 150
1757488409681 15.44872653669072 151
1757488409725 21.071436931381964 152
1757488409769 16.670858184112266 153
1757488409815 16.89954475881798 154
1757488409862 16.21936858254331 155
1757488409907 17.64227923774927 156
1757488409950 19.422943538745233 157
1757488409995 19.066039872166368 158
1757488410041 15.48041290917798 159
1757488410087 16.285474814528452 160
1757488410132 34.43765170479259 161
1757488410176 39.476676177652294 162
1757488410221 19.072669351672673 163
1757488410273 22.10478254979904 164
1757488410333 16.737300508852766 165
1757488410380 23.6102811219153 166
1757488410426 18.049106297424725 167
1757488410472 14.98683787360055 168
1757488410524 18.962567865913297 169
1757488410570 15.268566958099994 170
1757488410616 15.37327320883532 171
1757488410661 13.920685725829564 172
1757488410707 15.671791483487938 173
1757488410778 20.116652034305915 174
1757488410830 15.673865043951388 175
1757488410878 13.980670815828113 176
1757488410926 22.329745904215194 177
1757488410987 17.254462289181312 178
1757488411047 15.441656036151125 179
1757488411093 17.672936251403897 180
1757488411137 14.67301852237658 181
1757488411184 11.08989044842329 182
1757488411231 20.452811314210404 183
1757488411278 15.482853807270121 184
1757488411326 14.72755154243514 185
1757488411374 22.602806837151334 186
1757488411420 16.544659559376083 187
1757488411469 16.583374339033963 188
1757488411515 16.571220170064755 189
1757488411562 18.027536737181073 190
1757488411609 14.740028461143593 191
1757488411655 14.480420234247893 192
1757488411700 18.89906383205052 193
1757488411747 19.026402515071457 194
1757488411793 13.91186558486739 195
1757488411838 11.798000380596326 196
1757488411888 14.84807882969952 197
1757488411935 11.11671073387797 198
1757488411981 15.440497420963515 199
1757488412027 40.41854970715764 200
1757488412074 11.845147220331006 201
1757488412121 13.462744128193194 202
1757488412168 14.618907224890528 203
1757488412212 16.342686621654323 204
1757488412259 12.699361090699524 205
1757488412307 16.3819744124206 206
1757488412359 12.867726762094255 207
1757488412416 13.03031842013141 208
1757488412468 12.384461595363094 209
1757488412518 18.25773238477226 210
1757488412575 15.664773628142985 211
1757488412622 13.357601865244026 212
1757488412671 14.071535309205185 213
1757488412731 15.02315983770187 214
1757488412782 66.88035727595837 215
1757488412829 13.491337668351125 216
1757488412878 27.810782318938696 217
1757488412925 8.39894310936602 218
1757488412973 11.93484552652403 219
1757488413088 11.56992112770475 220
1757488413249 14.431664769232134 221
1757488413348 10.290442163929024 222
1757488413420 15.164614091434677 223
1757488413510 11.135089849115287 224
1757488413581 14.410077381724737 225
1757488413658 14.90618431184833 226
1757488413751 10.724871135001242 227
1757488413819 13.747178227339587 228
1757488413895 9.737307311804626 229
1757488413975 13.233544192390296 230
1757488414034 13.47165092290181 231
1757488414121 13.158913333738884 232
1757488414194 14.216534768092641 233
1757488414254 11.291385294409068 234
1757488414325 12.171871379610185 235
1757488414378 13.621904883394755 236
1757488414448 11.889050455740545 237
1757488414500 12.99765926312919 238
1757488414594 9.986401116754438 239
1757488414682 18.438582760395423 240
1757488414783 14.672156340198798 241
1757488414848 12.418361490442635 242
1757488414905 11.071718040645075 243
1757488414993 10.733453283980703 244
1757488415064 12.766777576578693 245
1757488415147 11.416816656346773 246
1757488415211 11.875452610261881 247
1757488415266 8.888704284413338 248
1757488415346 11.933090544450494 249
1757488415422 15.894335464925241 250
1757488415490 6.998612787217745 251
1757488415543 11.234687123154501 252
1757488415613 25.969480982498776 253
1757488415663 11.012030162759078 254
1757488415746 10.18773829450173 255
1757488415833 11.109154027522058 256
1757488415903 11.960546731363412 257
1757488415977 12.239410755357977 258
1757488416068 22.6673552720533 259
1757488416157 10.43663199229535 260
1757488416240 12.393269755640047 261
1757488416312 10.45684795814932 262
1757488416417 10.410520638014349 263
1757488416499 9.177254972099231 264
1757488416581 9.876482302890116 265
1757488416660 10.318681610472202 266
1757488416737 12.161101864274213 267
1757488416830 19.06827784876858 268
1757488416887 8.58572480637426 269
1757488416965 14.254237120412949 270
1757488417041 10.63639231002879 271
1757488417107 9.701626429993611 272
1757488417169 9.832941477351255 273
1757488417235 9.062010885508336 274
1757488417320 14.892668448121595 275
1757488417391 9.395241951098738 276
1757488417460 15.02084104132137 277
1757488417530 10.804728539117132 278
1757488417609 11.973246329815842 279
1757488417683 9.330818197940197 280
1757488417753 9.09134180483111 281
1757488417811 19.26479283416489 282
1757488417901 9.952916285683383 283
1757488417996 11.2450700550836 284
1757488418077 10.417952889671596 285
1757488418145 10.157271958846282 286
1757488418213 11.1337726031163 287
1757488418278 13.104952367952263 288
1757488418343 11.483420965801123 289
1757488418407 9.814197323237812 290
1757488418482 10.404137534250287 291
1757488418532 10.944389944874116 292
1757488418583 10.03838768226612 293
1757488418661 7.42479168682208 294
1757488418761 12.566202384184061 295
1757488418813 9.114316150634354 296
1757488418867 14.511481148435557 297
1757488418917 11.393710084722828 298
1757488418964 13.542906592588064 299
1757488419013 8.931851089824496 300
1757488419063 14.10967040688238 301
1757488419112 9.19262276699449 302
1757488419160 10.813612406474919 303
1757488419255 8.493698419408203 304
1757488419372 7.702660841050291 305
1757488419463 9.724978219511023 306
1757488419574 8.696356910720377 307
1757488419680 9.152517838545315 308
1757488419737 7.389114619360888 309
1757488419808 8.155995322833332 310
1757488419897 10.290864275434949 311
1757488419976 6.564887645898302 312
1757488420065 7.825365535388998 313
1757488420123 8.21954723487715 314
1757488420222 7.688321537919277 315
1757488420293 7.482537014289911 316
1757488420355 42.188026770958224 317
1757488420425 8.70476263671558 318
1757488420479 8.214454594947684 319
1757488420545 8.713186074402673 320
1757488420597 8.49492334235596 321
1757488420681 11.040914447774023 322
1757488420739 9.096996527852376 323
1757488420828 6.90739856142164 324
1757488420915 10.314769187904744 325
1757488420987 11.781433203602363 326
1757488421067 9.066406666843182 327
1757488421153 9.563034991492536 328
1757488421216 9.595493054139345 329
1757488421303 8.370133894158162 330
1757488421402 8.524625031383628 331
1757488421463 8.570239061758201 332
1757488421520 10.28730010845241 333
1757488421578 9.790970785224278 334
1757488421634 7.253656677189854 335
1757488421691 6.343615730889495 336
1757488421757 7.602853212391187 337
1757488421842 8.781307617273832 338
1757488421895 6.445707192184083 339
1757488421961 8.760091368414804 340
1757488422059 7.8130705462893175 341
1757488422130 10.990529087173314 342
1757488422215 8.893040283180083 343
1757488422279 7.983468788502482 344
1757488422362 7.1300620936476955 345
1757488422446 7.728810704636289 346
1757488422524 8.90130926339517 347
1757488422598 10.323430806835338 348
1757488422679 6.400508035414414 349
1757488422771 5.047563784556567 350
1757488422839 7.343385113644991 351
1757488422915 7.069021313609759 352
1757488423003 9.031847753681522 353
1757488423068 6.749051881249704 354
1757488423133 7.785214453767415 355
1757488423206 5.461817522002666 356
1757488423270 6.648535049178214 357
1757488423332 5.888869534606691 358
1757488423404 8.162415856401115 359
1757488423480 6.5277689137886865 360
1757488423550 7.067602522371236 361
1757488423618 7.214491080660176 362
1757488423673 6.861330758339326 363
1757488423747 6.611745960932533 364
1757488423836 5.984562426670845 365
1757488423930 7.639612079610844 366
1757488423999 7.30354371688241 367
1757488424076 6.7792895900006975 368
1757488424143 8.406969614349613 369
1757488424235 9.018674521679653 370
1757488424302 6.723243675566538 371
1757488424370 6.4906790998808646 372
1757488424437 7.457934244746433 373
1757488424496 8.126084570285322 374
1757488424583 6.675362279120266 375
1757488424691 9.827348344866191 376
1757488424750 4.59254004519621 377
1757488424802 6.816367666770266 378
1757488424853 5.616341175237978 379
1757488424904 7.085048432785092 380
1757488424955 5.767692361830746 381
1757488425006 7.774930567900351 382
1757488425058 12.633648987551382 383
1757488425108 10.235268508055263 384
1757488425158 6.9675507444137335 385
1757488425209 4.623785275111694 386
1757488425259 5.0662541753933965 387
1757488425312 5.769429163596291 388
1757488425433 4.7291446736280776 389
1757488425547 5.652828795997049 390
1757488425684 6.853688021637442 391
1757488425789 6.989072164327422 392
1757488425846 6.101799418302343 393
1757488425901 13.474884083864838 394
1757488425992 6.26416789182578 395
1757488426088 6.892777290767436 396
1757488426155 7.04178374819466 397
1757488426243 4.35372970727332 398
1757488426353 5.379350001257725 399
1757488426437 6.6210179898257175 400
1757488426523 6.76560602696779 401
1757488426635 4.999384348950777 402
1757488426706 5.953823425875086 403
1757488426769 6.729123059304872 404
1757488426829 9.17820172937329 405
1757488426887 6.877379827377654 406
1757488426942 7.862365869673969 407
1757488427018 5.618610386389261 408
1757488427115 5.948829702065379 409
1757488427177 7.309752182087119 410
1757488427261 6.51452517916383 411
1757488427346 6.085685219042062 412
1757488427432 5.270735160828709 413
1757488427595 7.077064581126395 414
1757488427685 5.710214905888874 415
1757488427754 5.374472627073098 416
1757488427820 7.908451205251488 417
1757488427884 5.499858083302148 418
1757488427945 5.903639876422436 419
1757488428003 5.34649562968538 420
1757488428061 5.356613713382437 421
1757488428145 5.605318239835445 422
1757488428244 5.784383577213531 423
1757488428303 4.664720300986091 424
1757488428390 4.345108447319551 425
1757488428469 5.30501475522295 426
1757488428561 6.794206497510776 427
1757488428640 4.278920921751918 428
1757488428716 4.376049660283832 429
1757488428800 3.8891590726902336 430
1757488428901 8.437083882971859 431
1757488428983 3.7950685851229573 432
1757488429056 5.449553086425946 433
1757488429130 4.822756553977349 434
1757488429212 5.991671636547402 435
1757488429335 6.6164624178340645 436
1757488429408 4.654908046182846 437
1757488429495 5.269000908718919 438
1757488429565 5.209167258131819 439
1757488429641 5.799858868632715 440
1757488429712 4.54737509570988 441
1757488429780 7.871249762156432 442
1757488429905 27.063865581361053 443
1757488429972 5.162512840976074 444
1757488430046 5.617627069522644 445
1757488430143 4.443295451672226 446
1757488430237 3.6815447835107857 447
1757488430293 6.359518367736003 448
1757488430390 5.0248403230959084 449
1757488430492 5.039736651673395 450
1757488430565 5.939238143179401 451
1757488430659 5.62825160996001 452
1757488430721 5.770419220587462 453
1757488430793 5.3101141207558245 454
1757488430872 5.35907555446241 455
1757488430932 3.746042536173492 456
1757488430992 3.49857503740442 457
1757488431046 4.729979893354647 458
1757488431137 4.714878878193205 459
1757488431190 4.267707260664401 460
1757488431244 4.857857029716851 461
1757488431295 24.5123384597986 462
1757488431347 4.073748521574469 463
1757488431402 4.33523221776393 464
1757488431455 11.266667941097914 465
1757488431521 4.285919700797725 466
1757488431581 6.734395715787043 467
1757488431638 5.217511088828466 468
1757488431705 4.341582455373716 469
1757488431786 2.9327972576309174 470
1757488431850 5.8406000840161365 471
1757488431906 4.322555283764784 472
1757488431980 5.800481321184781 473
1757488432131 4.518378526899512 474
1757488432238 3.9464242076744913 475
1757488432294 6.399233030578595 476
1757488432400 4.427529605402365 477
1757488432486 4.411562749776965 478
1757488432553 4.947679937515165 479
1757488432628 4.224522126059112 480
1757488432710 4.445644705762217 481
1757488432796 5.2372370879767844 482
1757488432885 5.3872324483880645 483
1757488432962 3.911234598350796 484
1757488433042 4.418088343892294 485
1757488433098 3.92413501186017 486
1757488433157 4.372892789602446 487
1757488433224 3.600341494023333 488
1757488433293 3.847015353985478 489
1757488433390 4.042841908041607 490
1757488433495 4.507332055169277 491
1757488433571 4.184748450479943 492
1757488433641 3.309366263975185 493
1757488433723 5.872757807824455 494
1757488433808 3.4276140815976746 495
1757488433892 4.156144521243882 496
1757488433950 4.408668337895086 497
1757488434009 3.998876471701145 498
1757488434068 3.5332038241778143 499
