1757435947812 160.20108226018195 0
1757435947884 68.02028633719152 1
1757435947957 78.54262019832848 2
1757435948021 56.18554319890462 3
1757435948070 55.00540652781119 4
1757435948124 46.937383268595 5
1757435948187 44.26442156664047 6
1757435948251 40.28414337657121 7
1757435948300 37.860094706244425 8
1757435948350 35.342726802812486 9
1757435948411 33.37921962789409 10
1757435948474 31.544150579386887 11
1757435948543 29.968081279369613 12
1757435948590 28.529281073046683 13
1757435948648 27.24291575490086 14
1757435948757 26.066625246218358 15
1757435948843 24.99319473616515 16
1757435948912 24.003505341774954 17
1757435948996 23.08837976433065 18
1757435949076 22.237020936651202 19
1757435949168 21.442019182592805 20
1757435949229 20.696399288457236 21
1757435949354 19.99467392465258 22
1757435949464 19.332017753068435 23
1757435949584 18.704424045840216 24
1757435949645 18.108428795173616 25
1757435949703 17.541084564204965 26
1757435949768 16.999842170534677 27
1757435949857 16.48250148062351 28
1757435949927 15.98714761753963 29
1757435949984 15.512109827465887 30
1757435950048 15.055921823778858 31
1757435950108 14.61729163160589 32
1757435950172 14.195075128912812 33
1757435950229 13.788254617533791 34
1757435950313 13.395920554683554 35
1757435950389 13.01725637447292 36
1757435950443 12.651525632534458 37
1757435950511 12.298061195324024 38
1757435950557 11.956256075160377 39
1757435950618 11.625555666773696 40
1757435950666 11.30545114291707 41
1757435950725 10.995473828717607 42
1757435950796 10.695190395395494 43
1757435950855 10.404198745733115 44
1757435950928 10.122124482597355 45
1757435951016 9.848617870913662 46
1757435951072 9.58335121753951 47
1757435951132 9.32601660596277 48
1757435951195 9.076323932693745 49
1757435951267 8.833999200695741 50
1757435951327 8.598783032167391 51
1757435951382 8.37042936886101 52
1757435951455 8.148704333013331 53
1757435951504 7.933385226079553 54
1757435951568 7.724259645913595 55
1757435951639 7.521124705945424 56
1757435951704 7.323786342356348 57
1757435951753 7.132058697322275 58
1757435951815 6.945763568143857 59
1757435951865 6.764729913563143 60
1757435951914 6.588793409821661 61
1757435951974 6.4177960500799704 62
1757435952040 6.2515857817241045 63
1757435952118 6.090016176854426 64
1757435952190 5.9329461319084364 65
1757435952241 5.78023959292832 66
1757435952292 5.6317653034616155 67
1757435952372 5.4873965724913605 68
1757435952447 5.347011060141188 69
1757435952526 5.21049057919992 70
1757435952592 5.0777209107665 71
1757435952652 4.948591632536238 72
1757435952741 4.822995958438574 73
1757435952837 4.700830588499144 74
1757435952918 4.581995567939333 75
1757435952981 4.466394154647353 76
1757435953046 4.353932694259347 77
1757435953113 4.24452050217945 78
1757435953175 4.138069751945792 79
1757435953250 4.034495369417586 80
1757435953310 3.9337149323170233 81
1757435953386 3.835648574711333 82
1757435953441 3.7402188960647376 83
1757435953512 3.6473508745292325 84
1757435953564 3.556971784177095 85
1757435953622 3.469011115907928 86
1757435953702 3.383400501789203 87
1757435953761 3.3000736426123827 88
1757435953827 3.218966238466824 89
1757435953891 3.140015922151763 90
1757435953958 3.0631621952623687 91
1757435954019 2.9883463667999504 92
1757435954086 2.915511494168855 93
1757435954149 2.844602326433728 94
1757435954249 2.775565249720648 95
1757435954357 2.7083482346545726 96
1757435954469 2.6429007857334326 97
1757435954555 2.5791738925464034 98
1757435954604 2.5171199827502164 99
1757435954667 2.456692876723306 100
1757435954746 2.397847743822762 101
1757435954826 2.3405410601738454 102
1757435954887 2.2847305679261964 103
1757435954947 2.2303752359147677 104
1757435955003 2.177435221667221 105
1757435955079 2.12587183470274 106
1757435955132 2.0756475010703457 107
1757435955220 2.0267257290775533 108
1757435955292 1.9790710761628099 109
1757435955369 1.932649116867573 110
1757435955436 1.8874264118660329 111
1757435955485 1.843370478012669 112
1757435955542 1.8004497593695878 113
1757435955602 1.7586335991775086 114
1757435955658 1.7178922127358742 115
1757435955758 1.6781966611591217 116
1757435955852 1.6395188259776254 117
1757435955943 1.6018313845532113 118
1757435956038 1.565107786280415 119
1757435956092 1.5293222295458802 120
1757435956159 1.4944496394194384 121
1757435956236 1.46046564605152 122
1757435956297 1.4273465637525475 123
1757435956372 1.395069370730939 124
1757435956459 1.3636116894672947 125
1757435956557 1.3329517677031772 126
1757435956638 1.3030684600237723 127
1757435956695 1.2739412100144734 128
1757435956754 1.245550032972202 129
1757435956809 1.2178754991530059 130
1757435956867 1.1908987175381376 131
1757435956923 1.1646013201014935 132
1757435956991 1.1389654465619128 133
1757435957085 1.1139737296044112 134
1757435957141 1.0896092805550577 135
1757435957210 1.0658556754946726 136
1757435957276 1.042696941797105 137
1757435957355 1.0201175450783397 138
1757435957431 0.9981023765431466 139
1757435957504 0.9766367407164912 140
1757435957585 0.9557063435473011 141
1757435957640 0.9352972808727018 142
1757435957725 0.9153960272311512 143
1757435957793 0.8959894250133745 144
1757435957857 0.8770646739403317 145
1757435957933 0.8586093208578398 146
1757435958000 0.8406112498377967 147
1757435958080 0.8230586725763501 148
1757435958151 0.8059401190795948 149
1757435958238 0.7892444286277652 150
1757435958312 0.7729607410091733 151
1757435958377 0.7570784880154113 152
1757435958452 0.741587385189648 153
1757435958507 0.7264774238200994 154
1757435958572 0.7117388631710316 155
1757435958652 0.6973622229438821 156
1757435958710 0.683338275961356 157
1757435958774 0.6696580410675652 158
1757435958833 0.656312776237514 159
1757435958910 0.6432939718894654 160
1757435958963 0.6305933443938977 161
1757435959035 0.6182028297730051 162
1757435959109 0.6061145775848688 163
1757435959183 0.5943209449866126 164
1757435959285 0.582814490971057 165
1757435959389 0.5715879707715499 166
1757435959592 0.5606343304298164 167
1757435959708 0.5499467015218598 168
1757435959793 0.5395183960370872 169
1757435959864 0.529342901405972 170
1757435959960 0.5194138756717597 171
1757435960035 0.5097251428018187 172
1757435960095 0.500270688134413 173
1757435960185 0.4910446539567856 174
1757435960261 0.48204133521057985 175
1757435960355 0.47325517532075934 176
1757435960434 0.46468076214428616 177
1757435960496 0.456312824034969 178
1757435960567 0.44814622602096543 179
1757435960627 0.4401759660915734 180
1757435960686 0.43239717159001245 181
1757435960755 0.4248050957090444 182
1757435960811 0.4173951140863362 183
1757435960901 0.41016272149659 184
1757435960981 0.40310352863756643 185
1757435961067 0.3962132590071867 186
1757435961149 0.3894877458690126 187
1757435961227 0.38292292930348576 188
1757435961290 0.37651485334236356 189
1757435961356 0.3702596631839059 190
1757435961422 0.364153602486416 191
1757435961478 0.3581930107378187 192
1757435961534 0.3523743206990369 193
1757435961588 0.3466940559189933 194
1757435961646 0.34114882831912424 195
1757435961709 0.3357353358453717 196
1757435961768 0.33045036018566737 197
1757435961824 0.3252907645509954 198
1757435961881 0.32025349151817 199
1757435961940 0.315335560932531 200
1757435962000 0.3105340678687972 201
1757435962072 0.3058461806484014 202
1757435962164 0.30126913891164936 203
1757435962241 0.2968002517431153 204
1757435962295 0.2924368958487352 205
1757435962368 0.2881765137830867 206
1757435962459 0.28401661222542174 207
1757435962534 0.27995476030302846 208
1757435962620 0.27598858796056525 209
1757435962683 0.272115784374046 210
1757435962765 0.2683340964081771 211
1757435962830 0.26464132711582306 212
1757435962905 0.2610353342783739 213
1757435962968 0.25751402898585307 214
1757435963033 0.25407537425562526 215
1757435963097 0.25071738368860447 216
1757435963190 0.24743812016189096 217
1757435963257 0.24423569455680097 218
1757435963337 0.24110826452128062 219
1757435963402 0.23805403326573146 220
1757435963465 0.23507124839129842 221
1757435963528 0.23215820074969754 222
1757435963605 0.22931322333369963 223
1757435963690 0.2265346901973967 224
1757435963752 0.22382101540541421 225
1757435963816 0.2211706520102589 226
1757435963889 0.21858209105700105 227
1757435963970 0.21605386061453527 228
