1757327487902 281.9781089528765 0
1757327487935 1.2921750999879895e+18 1
1757327487961 2.6302939312388605e+32 2
1757327487983 5.354109312473557e+46 3
1757327488005 1.0898586728067337e+61 4
1757327488029 2.218467829793531e+75 5
1757327488054 4.5158144212901876e+89 6
1757327488079 9.19219094082168e+103 7
1757327488102 1.8711214945893024e+118 8
1757327488124 3.808771673754143e+132 9
1757327488146 7.7529661781668715e+146 10
1757327488169 1.5781593045863292e+161 11
1757327488191 3.212430872800853e+175 12
1757327488214 6.539081373175483e+189 13
1757327488235 1.3310663138948547e+204 14
1757327488258 2.7094593733817556e+218 15
1757327488280 5.515254964664487e+232 16
1757327488302 1.1226607648776311e+247 17
1757327488324 2.2852383091455146e+261 18
1757327488347 4.6517294386389907e+275 19
1757327488369 9.468853503681925e+289 20
1757327488392 1.9274376950956563e+304 21
1757327488416 inf 22
