1757487273993 170.2004296438382 0
1757487274139 170.16699526389067 1
1757487274217 170.15086135731354 2
1757487274323 170.13482419021972 3
1757487274396 170.1189907609506 4
1757487274466 170.10335779258278 5
1757487274521 170.0879227472632 6
1757487274609 170.07268311490026 7
1757487274673 170.05763641731247 8
1757487274739 170.0427802077936 9
1757487274811 170.02811207071235 10
1757487274846 170.01362962111722 11
1757487274916 169.99933050434626 12
1757487274951 169.98521239564187 13
1757487275067 169.97127299977026 14
1757487275157 169.9575100506461 15
1757487275208 169.943921310962 16
1757487275303 169.93050457182187 17
1757487275376 169.91725765238044 18
1757487275439 169.9041783994857 19
1757487275470 169.89126468732732 20
1757487275582 169.87851441708872 21
1757487275635 169.8659255166036 22
1757487275683 169.85349594001747 23
1757487275719 169.8412236674526 24
1757487275756 169.82910670467805 25
1757487275818 169.8171430827833 26
1757487275922 169.80533085785655 27
1757487275996 169.7936681106665 28
1757487276047 169.78215294634882 29
1757487276109 169.77078349409612 30
1757487276225 169.75955790685242 31
1757487276294 169.74847436101066 32
1757487276392 169.73753105611502 33
1757487276504 169.72672621456616 34
1757487276576 169.7160580813311 35
1757487276647 169.70552492365593 36
1757487276708 169.69512503078272 37
1757487276788 169.68485671366986 38
1757487276861 169.6747183047161 39
1757487276917 169.6647081574878 40
1757487276986 169.65482464644998 41
1757487277075 169.64506616670064 42
1757487277190 169.6354311337083 43
1757487277267 169.62591798305334 44
1757487277359 169.61652517017222 45
1757487277426 169.607251170105 46
1757487277514 169.59809447724632 47
1757487277596 169.58905360509934 48
1757487277642 169.58012708603263 49
1757487277706 169.57131347104092 50
1757487277829 169.56261132950783 51
1757487277915 169.55401924897248 52
1757487277968 169.54553583489854 53
1757487278031 169.53715971044656 54
1757487278108 169.52888951624905 55
1757487278162 169.52072391018837 56
1757487278229 169.5126615671775 57
1757487278269 169.50470117894383 58
1757487278323 169.49684145381514 59
1757487278453 169.4890811165089 60
1757487278545 169.4814189079239 61
1757487278578 169.4738535849347 62
1757487278610 169.4663839201884 63
1757487278642 169.4590087019047 64
1757487278674 169.4517267336775 65
1757487278706 169.44453683427983 66
1757487278737 169.43743783747095 67
1757487278775 169.43042859180593 68
1757487278809 169.42350796044764 69
1757487278844 169.41667482098114 70
1757487278875 169.40992806523056 71
1757487278906 169.40326659907802 72
1757487278938 169.39668934228524 73
1757487278970 169.39019522831686 74
1757487279003 169.3837832041668 75
1757487279036 169.37745223018612 76
1757487279073 169.37120127991332 77
1757487279106 169.365029339907 78
1757487279139 169.35893540958025 79
1757487279171 169.3529185010375 80
1757487279203 169.3469776389133 81
1757487279236 169.341111860213 82
1757487279273 169.33532021415587 83
1757487279327 169.32960176201982 84
1757487279363 169.32395557698817 85
1757487279400 169.31838074399855 86
1757487279432 169.3128763595935 87
1757487279464 169.3074415317734 88
1757487279496 169.30207537985027 89
1757487279529 169.29677703430485 90
1757487279562 169.2915456366444 91
1757487279596 169.28638033926248 92
1757487279678 169.2812803053012 93
1757487279731 169.27624470851424 94
1757487279767 169.27127273313238 95
1757487279803 169.2663635737302 96
1757487279838 169.26151643509502 97
1757487279873 169.2567305320971 98
1757487279907 169.25200508956152 99
1757487279939 169.24733934214177 100
1757487279980 169.2427325341951 101
1757487280015 169.2381839196592 102
1757487280050 169.23369276193054 103
1757487280084 169.2292583337443 104
1757487280116 169.22487991705586 105
1757487280149 169.2205568029236 106
1757487280182 169.21628829139343 107
1757487280214 169.21207369138466 108
1757487280247 169.2079123205773 109
1757487280279 169.20380350530098 110
1757487280312 169.19974658042486 111
1757487280344 169.19574088924958 112
1757487280377 169.1917857833999 113
1757487280409 169.18788062271918 114
1757487280442 169.18402477516506 115
1757487280474 169.18021761670644 116
1757487280508 169.17645853122178 117
1757487280544 169.17274691039867 118
1757487280578 169.1690821536347 119
1757487280610 169.1654636679396 120
1757487280643 169.16189086783882 121
1757487280676 169.15836317527769 122
1757487280709 169.1548800195277 123
1757487280745 169.15144083709322 124
1757487280786 169.14804507161986 125
1757487280824 169.14469217380372 126
1757487280859 169.1413816013021 127
1757487280892 169.13811281864477 128
1757487280925 169.13488529714724 129
1757487280958 169.13169851482428 130
1757487281001 169.12855195630502 131
1757487281037 169.12544511274905 132
1757487281072 169.1223774817635 133
1757487281104 169.11934856732125 134
1757487281138 169.11635787968007 135
1757487281172 169.11340493530292 136
1757487281205 169.11048925677946 137
1757487281238 169.1076103727477 138
1757487281271 169.10476781781787 139
1757487281305 169.10196113249634 140
1757487281338 169.09918986311084 141
1757487281371 169.09645356173667 142
1757487281404 169.0937517861237 143
1757487281436 169.0910840996243 144
1757487281471 169.08845007112262 145
1757487281506 169.0858492749639 146
1757487281539 169.0832812908856 147
1757487281574 169.0807457039486 148
1757487281612 169.0782421044702 149
1757487281650 169.07577008795693 150
1757487281686 169.07332925503894 151
1757487281723 169.07091921140497 152
1757487281759 169.06853956773836 153
1757487281807 169.06618993965327 154
1757487281883 169.06386994763255 155
1757487281947 169.06157921696578 156
1757487282012 169.05931737768833 157
1757487282050 169.05708406452118 158
1757487282086 169.05487891681145 159
