1757497063769 32.98616665564938 0
1757497063848 24.862462918263645 1
1757497063929 19.996404979702806 2
1757497064026 13.378583482434122 3
1757497064097 12.149738716159906 4
1757497064164 7.8217694655726 5
1757497064224 7.506934890910983 6
1757497064288 7.694334472415171 7
1757497064350 4.569334761518969 8
1757497064412 3.758516687927023 9
1757497064489 3.5066739428699867 10
1757497064583 3.0331072576834686 11
1757497064653 2.589843183221485 12
1757497064710 1.4474174407047151 13
1757497064768 1.5551848613800983 14
1757497064830 1.8732821566141338 15
1757497064882 1.3632088035253513 16
1757497064934 0.9591010036596841 17
1757497064987 0.962784347173873 18
1757497065044 0.8001948505978311 19
1757497065098 0.7170410438919916 20
1757497065152 0.6244923503227043 21
1757497065250 0.5175667478401299 22
1757497065383 0.5087432388693403 23
1757497065563 0.37435543519403697 24
1757497065646 0.4145306742124573 25
1757497065744 0.37742850824370966 26
1757497065836 0.20317268493675486 27
1757497065975 0.27766494228473637 28
1757497066059 0.21376433979284523 29
1757497066122 0.19781607260990955 30
1757497066231 0.2376743091915107 31
1757497066376 0.24777470368050974 32
1757497066467 0.28512287504856776 33
1757497066531 0.2102385429442465 34
1757497066595 0.23287161217923588 35
1757497066665 0.174965807428177 36
1757497066721 0.15179143953113625 37
1757497066776 0.14731120423828264 38
1757497066829 0.13944500197319026 39
1757497066882 0.6029575929807074 40
1757497066933 0.1906443407755636 41
1757497066985 0.21131566014292008 42
1757497067035 0.14217487528640269 43
1757497067090 0.18621726616767906 44
1757497067150 0.18599872366236506 45
1757497067202 0.12416189900179662 46
1757497067254 0.18592056617737585 47
1757497067309 0.158666789842695 48
1757497067361 0.13460403854626687 49
1757497067412 0.12336892612880347 50
1757497067467 0.14374054634751754 51
1757497067520 0.11461817948327367 52
1757497067573 0.19625024381322573 53
1757497067640 0.1840488903275273 54
1757497067694 0.15756716632620985 55
1757497067748 0.12659682141441836 56
1757497067798 0.1611392570172458 57
1757497067848 0.15590716109202188 58
1757497067897 0.14046472524835218 59
1757497067983 0.1474414421136791 60
1757497068037 0.19125577956516532 61
1757497068086 0.17709588432271484 62
1757497068137 0.1417939448196956 63
1757497068190 0.24892412111305806 64
1757497068241 0.19468340889604355 65
1757497068293 0.12203349674405928 66
1757497068346 0.13455501757576788 67
1757497068399 0.13771921578664514 68
1757497068448 0.1041371615733407 69
1757497068497 0.0956758361758508 70
1757497068547 0.14249200451186778 71
1757497068598 0.12956045605597197 72
1757497068660 0.15559499868584192 73
1757497068711 0.09313495461282362 74
1757497068764 0.15596060315550658 75
1757497068814 0.06294550829248786 76
1757497068865 0.15034856297947885 77
1757497068914 0.17065494949052726 78
1757497068966 0.10826596403862623 79
1757497069014 0.12900805459058906 80
1757497069063 0.14996036727026507 81
1757497069113 0.15970858552421063 82
1757497069167 0.07744024392664761 83
1757497069216 0.1418450509926986 84
1757497069263 0.11344702119375367 85
1757497069312 0.18347401636440835 86
1757497069361 0.17144092815295595 87
1757497069410 0.19885979381215219 88
1757497069459 0.14052465354491228 89
1757497069511 0.12664669921756264 90
1757497069563 0.13970818280807173 91
1757497069611 0.1582967295597394 92
1757497069668 0.10325770830485408 93
1757497069718 0.1552779705268626 94
1757497069769 0.12283711531093196 95
1757497069817 0.15229458691091224 96
1757497069866 0.19421302989741338 97
1757497069914 0.1667491318589598 98
1757497069964 0.12752784635249684 99
1757497070012 0.21441614061117467 100
1757497070061 0.16249787755672027 101
1757497070110 0.13559298051794497 102
1757497070161 0.31709308460036634 103
1757497070210 0.19950347856191059 104
1757497070258 0.12047421206066024 105
1757497070307 0.23239477505500103 106
1757497070423 0.11823040959156403 107
1757497070491 0.14645787386001047 108
1757497070549 0.16006544677665402 109
1757497070618 0.14988248269534163 110
1757497070684 0.1573070238057316 111
1757497070740 0.16383113710940292 112
1757497070795 0.19150386382520698 113
1757497070850 0.1296851764773168 114
1757497070900 0.1446231198251434 115
1757497070952 0.14832456034086042 116
1757497071005 0.15767124765438997 117
1757497071056 0.12231276667032678 118
1757497071107 0.19515231304511801 119
1757497071159 0.15261864515637605 120
1757497071208 0.16175748985587926 121
1757497071260 0.17447772032720058 122
1757497071310 0.1261412073924102 123
1757497071361 0.17039667917969809 124
1757497071413 0.2095385904743135 125
1757497071465 0.14419805068863223 126
1757497071520 0.13039977655795765 127
1757497071573 0.15681759839455697 128
1757497071628 0.15214364048454043 129
1757497071683 0.12550570134977107 130
1757497071741 0.1950039799308467 131
1757497071793 0.12154259686508612 132
1757497071847 0.13831832377549164 133
1757497071896 0.1326346350347687 134
1757497071948 0.16258771719027587 135
1757497072012 0.11375262659323924 136
1757497072066 0.12411148967662361 137
1757497072118 0.21591956344870705 138
1757497072170 0.15211965843856953 139
1757497072221 0.13840119792070488 140
1757497072273 0.16545168925354023 141
1757497072323 0.18017550150031042 142
1757497072410 0.12084894647769831 143
1757497072472 0.14224166102826893 144
1757497072528 0.13599502541330358 145
1757497072592 0.25377673129293415 146
1757497072647 0.09788504906370105 147
1757497072702 0.14977886982206448 148
1757497072766 0.23175892969987422 149
1757497072835 0.16615597719192826 150
1757497072933 0.13830628293022912 151
1757497072992 0.12608422253947232 152
1757497073050 0.13677858142562616 153
1757497073106 0.1993773201828266 154
1757497073165 0.1277611917825822 155
1757497073218 0.10135172126545793 156
1757497073285 0.1742528619020239 157
1757497073338 0.18422363650927875 158
1757497073396 0.16819248396446645 159
1757497073454 0.11843315042846038 160
1757497073514 0.14727595535069823 161
1757497073571 0.15903820490557505 162
1757497073625 0.13458578521679398 163
1757497073681 0.12103187796400801 164
1757497073744 0.10479889303623258 165
1757497073801 0.17465579444141785 166
1757497073857 0.18193295361536757 167
1757497073911 0.15960360658703 168
1757497073965 0.1587860864664076 169
1757497074032 0.1165842860478966 170
1757497074088 0.14831791658025226 171
1757497074252 0.14010945511999748 172
1757497074360 0.15280020826869956 173
1757497074474 0.17940764982297533 174
1757497074536 0.2079368309974676 175
1757497074640 0.19391596750562234 176
1757497074786 0.12336962912723448 177
1757497074905 0.18161197665937934 178
1757497074983 0.1367604019481343 179
1757497075041 0.11298235573525986 180
1757497075100 0.21215107378516665 181
1757497075156 0.1409734785520525 182
1757497075214 0.14204460702772026 183
1757497075268 0.14440814354105472 184
1757497075322 0.12375245978001737 185
1757497075376 0.2146688629589756 186
1757497075432 0.1490937968065809 187
1757497075493 0.1196825542151882 188
1757497075547 0.10444759058371024 189
1757497075603 0.09573566971095819 190
1757497075659 0.14504328901977367 191
1757497075715 0.15872003259815798 192
1757497075777 0.14650482741728046 193
1757497075833 0.1670961931146994 194
1757497075888 0.1257606010576953 195
1757497075940 0.11234203649626345 196
1757497075993 0.12811395346263688 197
1757497076046 0.1940493802488569 198
1757497076100 0.14865893755307377 199
1757497076152 0.12991515464378903 200
1757497076205 0.16521968684362046 201
1757497076259 0.145749483675413 202
1757497076312 0.16508315511791358 203
1757497076365 0.1264328287711976 204
1757497076417 0.17529210155495992 205
1757497076468 0.15338580435248597 206
1757497076519 0.14553916145288281 207
1757497076571 0.18440256211566558 208
1757497076625 0.12753170097121588 209
1757497076681 0.12703901569143702 210
1757497076737 0.1053500947576855 211
1757497076798 0.2159426980495142 212
1757497076853 0.1515509698772584 213
1757497076904 0.15519775284581863 214
1757497076954 0.11163284479667143 215
1757497077007 0.11255567896231819 216
1757497077058 0.19698080822015704 217
1757497077112 0.1554859539103988 218
1757497077163 0.14760059626433733 219
1757497077217 0.16284655861848626 220
1757497077270 0.12059648511622759 221
1757497077322 0.11850040500078468 222
1757497077374 0.13799947210413388 223
1757497077427 0.1925884637666064 224
1757497077478 0.14936674725793508 225
1757497077529 0.15837002418318388 226
1757497077583 0.13512961446352031 227
1757497077638 0.13607418258064935 228
1757497077690 0.13345678241368966 229
1757497077740 0.3933316050205775 230
1757497077792 0.09560460091957253 231
1757497077856 0.12600831702497794 232
1757497077909 0.1153661263858752 233
1757497077961 0.10009924331402466 234
1757497078014 0.13779368937876602 235
1757497078066 0.1556451975609935 236
1757497078120 0.1493292346676412 237
1757497078171 0.13685015932685743 238
1757497078225 0.11011221235445577 239
1757497078276 0.1710397603810815 240
1757497078328 0.11036609793908247 241
1757497078380 0.162301207234196 242
1757497078433 0.15232456785789664 243
1757497078485 0.11613844275590673 244
1757497078537 0.12938437054542715 245
1757497078591 0.16658142286286498 246
1757497078645 0.1593534941375059 247
1757497078699 0.09842914316525159 248
1757497078754 0.10796390450545196 249
1757497078811 0.18519646836358292 250
1757497078874 0.20657408675017025 251
1757497078927 0.178883491957766 252
1757497078981 0.1580471277370875 253
1757497079033 0.13847024319623044 254
1757497079085 0.10063491667287205 255
1757497079140 0.12887191558151445 256
1757497079194 0.15999290481579462 257
1757497079246 0.20251646848116442 258
1757497079297 0.13986300593362966 259
1757497079349 0.11522655987427731 260
1757497079404 0.13919777315729523 261
1757497079457 0.1566516105145368 262
1757497079511 0.14950849666996052 263
1757497079567 0.10948390238578666 264
1757497079624 0.11567562583025286 265
1757497079679 0.12053123321472074 266
1757497079733 0.14530795211629194 267
1757497079787 0.16069464891344867 268
1757497079844 0.13354945974958415 269
1757497079901 0.1521502488051309 270
1757497079955 0.15479956984998555 271
1757497080009 0.16198880973071375 272
1757497080070 0.11916351034367552 273
1757497080126 0.15196104402439453 274
1757497080181 0.12074010348693066 275
1757497080235 0.13172101127840424 276
1757497080289 0.14246763913438013 277
1757497080350 0.1494746183640465 278
1757497080404 0.1322870148521416 279
1757497080456 0.15649850578481236 280
1757497080509 0.17536203943628506 281
1757497080563 0.13101608373760368 282
1757497080622 0.14625176787238922 283
1757497080676 0.1878553356756316 284
1757497080730 0.11570164355754511 285
1757497080811 0.15910377942269605 286
1757497080879 0.12446663661636202 287
1757497080944 0.1034949428016123 288
1757497081009 0.13605263711233884 289
1757497081066 0.12930145101331758 290
1757497081126 0.15602844845009492 291
1757497081184 0.1931956135842403 292
1757497081260 0.14944049788275562 293
1757497081349 0.13830234673630223 294
1757497081410 0.17795505874954348 295
1757497081468 0.11583652164603991 296
1757497081525 0.3309606659322068 297
1757497081582 0.14013818816677667 298
1757497081641 0.13294809318647827 299
1757497081698 0.14859908687350482 300
1757497081755 0.13142144395181035 301
1757497081814 0.11679741695108163 302
1757497081870 0.1465051304047092 303
1757497081938 0.14181734301085713 304
1757497081999 0.19687550962254877 305
1757497082059 0.1838565209135028 306
1757497082117 0.14540098306867816 307
1757497082254 0.09964537257973712 308
1757497082358 0.19437925292458275 309
1757497082493 0.11299000953750374 310
1757497082551 0.15385797767801637 311
1757497082650 0.08402263010942937 312
1757497082810 0.19862537341033917 313
1757497082907 0.20926881131417277 314
1757497082973 0.15785680142553613 315
1757497083034 0.17529374501723133 316
1757497083095 0.12258898149303107 317
1757497083153 0.13907482894614298 318
1757497083212 0.11127715156747313 319
1757497083270 0.1380697230344511 320
1757497083329 0.14517533238847402 321
1757497083391 0.199818512893694 322
1757497083474 0.09904120972133931 323
1757497083534 0.16005085541102304 324
1757497083594 0.12096603149706901 325
1757497083665 0.16085778302581574 326
1757497083735 0.12538498010736582 327
1757497083801 0.14697947129573335 328
1757497083863 0.08837164548782164 329
1757497083933 0.10836933127001301 330
1757497083992 0.1779273183989665 331
1757497084053 0.17141085244551973 332
1757497084115 0.1283737592420987 333
1757497084176 0.17505248434195217 334
1757497084233 0.14585586418816007 335
1757497084290 0.18514952220464106 336
1757497084345 0.17214043567334833 337
1757497084405 0.13785866122657475 338
1757497084462 0.11278809722461151 339
1757497084518 0.16076234980601847 340
1757497084574 0.13692922694980947 341
1757497084630 0.12003505331814786 342
1757497084685 0.1754713298182462 343
1757497084739 0.15569689553331761 344
1757497084796 0.17581581187501444 345
1757497084865 0.17203829824664507 346
1757497084922 0.09100206350932179 347
1757497084987 0.12490725940533179 348
1757497085045 0.13320299976434427 349
1757497085098 0.1819722491571528 350
1757497085152 0.14284755131943622 351
1757497085216 0.13683976882665042 352
1757497085274 0.1992102451276763 353
1757497085329 0.1419281636936704 354
1757497085384 0.12767677604891892 355
1757497085444 0.13858947765926916 356
1757497085501 0.16789209789474618 357
1757497085558 0.20298800118690735 358
1757497085618 0.1615303741785266 359
1757497085677 0.1341312080548689 360
1757497085734 0.1951124084293538 361
1757497085838 0.19022802543330736 362
1757497085899 0.09381409861424164 363
1757497085982 0.20003017761610772 364
1757497086051 0.2846539727007848 365
1757497086115 0.17162219976689377 366
1757497086175 0.1141042157204451 367
1757497086233 0.21464464458868895 368
1757497086291 0.16523557076984322 369
1757497086351 0.1383643722709618 370
1757497086408 0.13642824984022198 371
1757497086467 0.14985363684039008 372
1757497086524 0.14600516116551546 373
1757497086584 0.14570451608736013 374
1757497086646 0.11312240436876009 375
1757497086703 0.12188414158634407 376
1757497086761 0.09497211852016955 377
1757497086819 0.1595813066260348 378
1757497086877 0.1155830841696485 379
1757497086932 0.13445200088536002 380
1757497086998 0.10236234032321108 381
1757497087094 0.13522652491549647 382
1757497087157 0.1880023186611973 383
1757497087218 0.24814963649383884 384
1757497087279 0.1348093196997297 385
1757497087338 0.18343458149091385 386
1757497087396 0.1502476324888529 387
1757497087454 0.18644817905233188 388
1757497087512 0.15793086505878212 389
1757497087573 0.11593047276514282 390
1757497087632 0.278133971540806 391
1757497087695 0.1271792274565627 392
1757497087754 0.15754508250864802 393
1757497087842 0.1970477173791559 394
1757497087902 0.1673653160145144 395
1757497087964 0.16473719532892236 396
1757497088036 0.11085915921239124 397
1757497088095 0.11411322613189155 398
1757497088157 0.1124613615903123 399
1757497088216 0.09829402600882976 400
1757497088274 0.12232983279758503 401
1757497088331 0.1287906097234645 402
1757497088392 0.4210508428295219 403
1757497088461 0.1919409484738413 404
1757497088523 0.18235861482581622 405
1757497088583 0.14466698520431634 406
1757497088644 0.15255432901757016 407
1757497088703 0.1613740797638734 408
1757497088761 0.16564034376813505 409
1757497088821 0.1637536818840189 410
1757497088881 0.16876900874254366 411
1757497088940 0.14703300261660582 412
1757497088999 0.19126244420280025 413
1757497089068 0.18856554180583227 414
1757497089126 0.13458493232103838 415
1757497089217 0.15528934308418182 416
1757497089288 0.15944479562403735 417
1757497089352 0.19843287041811608 418
1757497089413 0.12424995165835373 419
1757497089474 0.1311319768225791 420
1757497089538 0.12670304983540473 421
1757497089600 0.15185088142836187 422
1757497089681 0.11761059596790004 423
1757497089760 0.20449633194168948 424
1757497089821 0.16583053934989458 425
1757497089881 0.15775939142893686 426
1757497089942 0.17453863003971845 427
1757497090003 0.178510181281294 428
1757497090074 0.11876796843590333 429
1757497090135 0.14327745518295038 430
1757497090195 0.12523221836082163 431
1757497090261 0.11967418065066207 432
1757497090326 0.3418533643299453 433
1757497090387 0.11239411413427826 434
1757497090446 0.15918318579872565 435
1757497090505 0.1006762676685339 436
1757497090567 0.1041037344734501 437
1757497090626 0.16571045799949813 438
1757497090684 0.11226775887316243 439
1757497090753 0.14748517317141377 440
1757497090813 0.1409606808223349 441
1757497090871 0.14142625151667867 442
1757497090983 0.1141132592554505 443
1757497091129 0.1458166390827898 444
1757497091282 0.11311332063130344 445
1757497091518 0.13720160703304118 446
1757497091598 0.13255838953662247 447
1757497091730 0.1502630527231554 448
1757497091878 0.1433986873512843 449
1757497092100 0.1769090461834933 450
1757497092189 0.1479025098258083 451
1757497092283 0.1885493977856111 452
1757497092362 0.1568553815734715 453
1757497092440 0.17444938080237016 454
1757497092507 0.20794745525524547 455
1757497092580 0.1354979141573304 456
1757497092649 0.1611560963797586 457
1757497092715 0.12000986403074965 458
1757497092780 0.10730056579269315 459
1757497092844 0.16981978790557864 460
1757497092907 0.13724160015890177 461
1757497092969 0.15085854745861704 462
1757497093030 0.16164740330520064 463
1757497093117 0.17603691414712916 464
1757497093189 0.13834387368520512 465
1757497093254 0.1395049536473252 466
1757497093317 0.22122587003233404 467
1757497093379 0.2433614153932725 468
1757497093441 0.11850727150486343 469
1757497093501 0.13237632470118238 470
1757497093562 0.11864938983915524 471
1757497093634 0.21827745042909774 472
1757497093700 0.12152662269696245 473
1757497093765 0.11469207623974256 474
1757497093828 0.1860257371128531 475
1757497093891 0.1490730516600084 476
1757497093951 0.09410161572718256 477
1757497094011 0.143612897802471 478
1757497094076 0.16995013239854032 479
1757497094143 0.1411493905942549 480
1757497094205 0.15774826668899256 481
1757497094267 0.09565687488567184 482
1757497094326 0.11795718022762945 483
1757497094384 0.1253949469606133 484
1757497094443 0.18193929186330435 485
1757497094501 0.1512725313332915 486
1757497094558 0.12097953884350184 487
1757497094616 0.17126664331188182 488
1757497094676 0.1209577822398953 489
1757497094735 0.24532284837718085 490
1757497094794 0.15043764639820628 491
1757497094893 0.15576691442403912 492
1757497094960 0.16237405375445624 493
1757497095023 0.1541712737915847 494
1757497095085 0.1586884487998868 495
1757497095157 0.1861182802292522 496
1757497095218 0.13667667422828225 497
1757497095279 0.1665862633641227 498
1757497095340 0.12843737375565203 499
