1757328788842 72.81051552817715 0
1757328788897 6453.013038107118 1
1757328788952 2758836.9204230946 2
1757328789043 1188454617.4801369 3
1757328789075 511990325852.369 4
1757328789108 220567026608967.72 5
1757328789163 9.502096366489829e+16 6
1757328789237 4.093532777872594e+19 7
1757328789315 1.7635066997211853e+22 8
1757328789368 7.597241914786252e+24 9
1757328789423 3.272915533630289e+27 10
1757328789496 1.4099822291337163e+30 11
1757328789552 6.074247459321851e+32 12
1757328789596 2.6168047677981845e+35 13
1757328789675 1.1273276629951067e+38 14
1757328789747 4.856562764609069e+40 15
1757328789874 2.0922224000006347e+43 16
1757328789958 9.013359413294381e+45 17
1757328790024 3.882983372761781e+48 18
1757328790100 1.6728013587148872e+51 19
1757328790169 7.206480474131148e+53 20
1757328790220 3.104574285133946e+56 21
1757328790278 1.3374602937610817e+59 22
1757328790367 5.761820697778222e+61 23
1757328790497 2.4822103436048565e+64 24
1757328790592 1.0693439648815837e+67 25
1757328790624 4.606767183026049e+69 26
1757328790693 1.984609683653642e+72 27
1757328790754 8.549760471864392e+74 28
1757328790809 3.683263501550672e+77 29
1757328790840 1.5867614147203086e+80 30
1757328790875 6.835817709444864e+82 31
1757328790904 2.9448916089881383e+85 32
1757328790933 1.2686684983870142e+88 33
1757328790961 5.465463495794306e+90 34
1757328790989 2.354538735835126e+93 35
1757328791022 1.0143426376946996e+96 36
1757328791050 4.369819748497363e+98 37
1757328791087 1.882531989166459e+101 38
1757328791115 8.110006577396386e+103 39
1757328791141 3.493816151009216e+106 40
1757328791171 1.505146904698525e+109 41
1757328791236 6.484219852464617e+111 42
1757328791304 2.793422154598125e+114 43
1757328791404 1.2034149845850211e+117 44
1757328791437 5.184349321279423e+119 45
1757328791463 2.233433871884076e+122 46
1757328791488 9.621702842446702e+124 47
1757328791513 4.145059621140747e+127 48
1757328791560 1.7857046246548173e+130 49
1757328791635 7.692871268365567e+132 50
1757328791727 3.3141129576838175e+135 51
1757328791760 1.427730208024307e+138 52
1757328791800 6.15070630643123e+140 53
1757328791852 2.6497434778188077e+143 54
1757328791915 1.1415177620986298e+146 55
1757328791973 4.9176941545273975e+148 56
1757328792020 2.118557993614763e+151 57
1757328792068 9.12681397271715e+153 58
1757328792128 3.931859951138641e+156 59
1757328792170 1.6938575412604234e+159 60
1757328792228 7.297191165860104e+161 61
1757328792263 3.143652734307476e+164 62
1757328792322 1.354295411658445e+167 63
1757328792377 5.834346911231476e+169 64
1757328792441 2.513454862769709e+172 65
1757328792477 1.0828042012755881e+175 66
1757328792540 4.664754301607259e+177 67
1757328792573 2.0095907153601e+180 68
1757328792613 8.65737953630284e+182 69
1757328792651 3.729626130471287e+185 70
1757328792682 1.60673457999215e+188 71
1757328792726 6.921862728949554e+190 72
1757328792785 2.981960072002376e+193 73
1757328792829 1.2846377079722683e+196 74
1757328792886 5.534259349207435e+198 75
1757328792956 2.38417620424941e+201 76
1757328793091 1.027110551608537e+204 77
1757328793184 4.424824320221393e+206 78
1757328793284 1.9062281303760685e+209 79
1757328793346 8.212090293463269e+211 80
1757328793377 3.5377941345713483e+214 81
1757328793429 1.524092757305651e+217 82
1757328793516 6.565839176939546e+219 83
1757328793553 2.828584014377568e+222 84
1757328793590 1.2185628235447752e+225 85
1757328793617 5.2496066843967105e+227 86
1757328793684 2.2615469476326092e+230 87
1757328793750 9.742814850393175e+232 88
1757328793813 4.197235052246303e+235 89
1757328793853 1.8081819632540877e+238 90
1757328793911 7.789704344739082e+240 91
1757328793943 3.3558289492748308e+243 92
1757328794015 1.4457015874288877e+246 93
1757328794154 6.22812756992889e+248 94
1757328794239 2.683096799823935e+251 95
1757328794271 1.1558864773393958e+254 96
1757328794316 4.979595028340929e+256 97
1757328794394 2.1452250832931022e+259 98
1757328794471 9.241696627533063e+261 99
1757328794519 3.981351757469026e+264 100
1757328794619 1.7151787659289259e+267 101
1757328794721 7.389043667328772e+269 102
1757328794813 3.183223078681339e+272 103
1757328794913 1.3713424395436912e+275 104
1757328794958 5.90778603952785e+277 105
1757328795045 2.5450926684988725e+280 106
1757328795143 1.0964338667492445e+283 107
1757328795182 4.72347132595274e+285 108
1757328795217 2.0348861927483997e+288 109
1757328795253 8.766353242554861e+290 110
1757328795297 3.776572343314038e+293 111
1757328795378 1.626959155039466e+296 112
1757328795454 7.008990829615394e+298 113
1757328795495 3.019495129761947e+301 114
1757328795549 1.300807928030408e+304 115
1757328795595 inf 116
