1757326819757 23800.94561335071 0
1757326819840 4.845312739743248e+18 1
1757326819921 9.89738254414683e+32 2
1757326820005 2.0217101864589394e+47 3
1757326820073 4.129689905185099e+61 4
1757326820128 8.435600130629358e+75 5
1757326820173 1.7231160498159627e+90 6
1757326820241 3.5197601535812037e+104 7
1757326820331 7.189713971999275e+118 8
1757326820395 1.46862242720053e+133 9
1757326820442 2.9999132678662195e+147 10
1757326820503 6.127837521775063e+161 11
1757326820552 1.2517159444407305e+176 12
1757326820627 2.5568445638442745e+190 13
1757326820716 5.222793679903911e+204 14
1757326820771 1.066845212594066e+219 15
1757326820820 2.179214377190977e+233 16
1757326820871 4.4514192365437683e+247 17
1757326820917 9.092787486568334e+261 18
1757326820994 1.8573578421269608e+276 19
1757326821076 3.79397204521326e+290 20
1757326821152 inf 21
1757326821220 inf 22
