1757505065850 43.82354785867768 0
1757505065942 321.1769085467711 1
1757505066037 0.10071269715147192 2
1757505066130 44.24741527634506 3
1757505066223 21.374466837504645 4
1757505066305 5.671041901835184 5
1757505066397 0.8056466300910202 6
1757505066486 27.427930204272734 7
1757505066573 7.101130465949562 8
1757505066661 23.331019498532957 9
1757505066748 3.579231940257992 10
1757505066836 28.706340993664707 11
1757505066924 35.624433689073015 12
1757505067013 0.008345535548822397 13
1757505067109 0.058015995162977875 14
1757505067207 7.953692997944799 15
1757505067298 3.8843032832813145 16
1757505067403 3.4454502373139912 17
1757505067495 0.73902930252547 18
1757505067585 0.05557700881075084 19
1757505067674 3.793946000183849 20
1757505067763 2.1489266268829574 21
1757505067854 2.2575004342464684 22
1757505067944 0.6641596339744422 23
1757505068037 9.532125359458378 24
1757505068129 4.864281355104033 25
1757505068229 0.012419361069514558 26
1757505068319 0.30253278159554564 27
1757505068411 1.4045846738609868 28
1757505068500 1.6589918383011864 29
1757505068590 2.0190076885568664 30
1757505068679 0.011281323757355481 31
1757505068771 0.5636598049995166 32
1757505068863 0.9322186544545467 33
1757505068954 0.08575280829472776 34
1757505069045 1.9431096982929845 35
1757505069138 0.4342901945035777 36
1757505069238 0.00019403914622117673 37
1757505069328 0.8023264092115425 38
1757505069417 1.6398662279889733 39
1757505069508 0.25852251475884713 40
1757505069598 0.09600661661065495 41
1757505069689 0.001994245266272194 42
1757505069779 0.5184946496833783 43
1757505069870 0.07057727906219273 44
1757505069959 1.2065170914780041 45
1757505070053 0.05113364355439133 46
1757505070143 0.0001642294925091146 47
1757505070237 0.2896489226097038 48
1757505070327 0.0017608446197423914 49
1757505070430 0.10086671278713355 50
1757505070522 0.02718613321901205 51
1757505070646 0.3697154237744073 52
1757505070778 0.30686219860499 53
1757505070893 0.01586582002140789 54
1757505071008 0.3460166797377183 55
1757505071120 0.11701840194326227 56
1757505071223 0.012075407073102193 57
1757505071314 4.412825723587205 58
1757505071401 0.6888451235474726 59
1757505071488 0.2003760638842784 60
1757505071573 0.0976322240676487 61
1757505071661 0.10862425651339849 62
1757505071835 0.005367936052577849 63
1757505072024 0.06262833058252944 64
1757505072179 0.1473304822796776 65
1757505072296 0.004341884615937274 66
1757505072389 0.011599291945987512 67
1757505072482 0.37710754257424245 68
1757505072572 0.01420881929994902 69
1757505072661 0.19196387828308129 70
1757505072748 0.0003047757353256231 71
1757505072843 0.001717280271462898 72
1757505072935 0.003010637682122785 73
1757505073024 0.4556602955756649 74
1757505073116 0.03259120964599771 75
1757505073209 0.015930873792656806 76
1757505073319 0.00445130588748784 77
1757505073415 0.01692039497098627 78
1757505073507 0.8417883392329384 79
1757505073608 0.06991758727335655 80
1757505073833 0.13356459254383649 81
1757505073988 0.017276091605380108 82
1757505074129 2.81865624831894e-06 83
1757505074265 0.0008753763396791328 84
1757505074433 0.0755170498010359 85
1757505074578 0.13876010709007033 86
1757505074765 0.07895719743866927 87
1757505074859 0.38899894508758187 88
1757505074951 0.052518940880328414 89
1757505075042 0.6608013855656475 90
1757505075138 0.38813498782016354 91
1757505075229 0.00012019330579764718 92
1757505075322 0.001927463696289037 93
1757505075415 0.01287527089877025 94
1757505075507 0.0036568584438073635 95
1757505075593 0.030631450587100397 96
1757505075684 0.0018129532336069638 97
1757505075777 0.0037494498711848653 98
1757505075869 0.004647927842488516 99
1757505075957 0.03780003456912145 100
1757505076050 0.03267888693059956 101
1757505076206 0.0380725364828233 102
1757505076306 0.01039596684450423 103
1757505076401 0.05414066574018643 104
1757505076493 0.01923869531132117 105
1757505076587 0.015436553692002718 106
1757505076679 0.009634495123251376 107
1757505076765 0.15745284433999562 108
1757505076853 0.09997899640653413 109
1757505076945 0.03472743965459069 110
1757505077040 0.2052876499541503 111
1757505077131 0.3159427075374803 112
1757505077224 0.009093064041188235 113
1757505077324 1.715926070674595e-05 114
1757505077416 0.0020222794929737734 115
1757505077508 0.00019693843431543685 116
1757505077601 0.0009743060983444342 117
1757505077694 0.028969526351038666 118
1757505077786 0.010985704396528495 119
1757505077881 0.04161574012152054 120
1757505077969 0.09032659528155416 121
1757505078060 0.04035855799879446 122
1757505078154 0.033758180897103744 123
1757505078246 0.32322344404977066 124
1757505078339 0.0012675736433208054 125
1757505078431 0.007758173505552225 126
1757505078526 0.20299555112694573 127
1757505078616 0.3230083091816863 128
1757505078708 6.402379161148552e-05 129
1757505078799 0.04620225721168867 130
1757505078894 0.014617510253342365 131
1757505078986 0.0019188230413316116 132
1757505079080 0.019227620662692554 133
1757505079172 0.014057640370324009 134
1757505079264 7.279426491224392e-05 135
1757505079361 0.002260675037572938 136
1757505079454 0.0026707635068208154 137
1757505079548 0.027309927503003126 138
1757505079640 0.001167682170069317 139
1757505079731 0.0879017502135205 140
1757505079823 0.0006470130170760064 141
1757505079915 0.04515927333006541 142
1757505080006 0.04417751240155968 143
1757505080103 0.1417403815648185 144
1757505080195 0.19576395471968294 145
1757505080288 0.02004331536315822 146
1757505080381 0.19141452260751732 147
1757505080472 0.038409637946001926 148
1757505080563 0.03182319019842735 149
1757505080657 0.3980687823254715 150
1757505080748 0.00598456101366606 151
1757505080840 0.008682210114646802 152
1757505080930 0.09768127836897221 153
1757505081022 0.0022012340263158855 154
1757505081121 0.4457312155788132 155
1757505081214 0.11865700177709358 156
1757505081317 0.012162135772691155 157
1757505081412 0.033086529368121016 158
1757505081504 6.670267541260701e-05 159
1757505081597 0.037275818838453705 160
1757505081689 0.401264989370623 161
1757505081782 0.040962322802098 162
1757505081874 0.062144221666888134 163
1757505081965 0.10073625943641906 164
1757505082056 0.003131235347629883 165
1757505082148 0.18127149770286635 166
1757505082241 0.0007181308025960316 167
1757505082333 0.00253467513701582 168
1757505082423 0.0498547539069259 169
1757505082515 0.0068501020612455575 170
1757505082606 0.008488725315418577 171
1757505082699 0.02654287881657443 172
1757505082791 0.04713967626157163 173
1757505082882 0.2440514134839128 174
1757505082975 0.4815820969262232 175
1757505083066 0.021459117326654988 176
1757505083158 0.021901451390801872 177
1757505083251 0.017737641354726996 178
1757505083346 2.3740926855481902e-07 179
1757505083438 0.019740330641140415 180
1757505083531 0.03135969956660202 181
1757505083618 0.016621561134792937 182
1757505083804 0.9542536838412882 183
1757505084028 0.06319622981330021 184
1757505084223 0.15320860683147897 185
1757505084361 0.6217955860240214 186
1757505084542 0.059572244528109976 187
1757505084709 0.0034391459349675047 188
1757505084924 0.044280482496825146 189
1757505085019 0.2580126200894006 190
1757505085114 0.039531118477603835 191
1757505085205 0.005605162144754886 192
1757505085299 0.04993342651835736 193
1757505085403 0.02436911147560376 194
1757505085539 0.0003198637132730965 195
1757505085633 0.37830465613439473 196
1757505085738 0.0008434072102919194 197
1757505085835 0.003620825377835996 198
1757505085933 0.40803729935895766 199
1757505086026 0.15447929748386777 200
1757505086121 0.00029482523551804037 201
1757505086215 0.011803261693514559 202
1757505086311 0.5812522515679851 203
1757505086405 0.020301929884652604 204
1757505086512 0.3367691546788231 205
1757505086605 0.027702821462367078 206
1757505086700 0.13416779051628108 207
1757505086794 0.06754470615806343 208
1757505086890 0.13184178496689328 209
1757505086984 0.3127387949068613 210
1757505087076 0.3052425889974277 211
1757505087171 0.003299491175099824 212
1757505087265 0.0023242008736956 213
1757505087359 0.0024110180849767665 214
1757505087452 0.2853998860303279 215
1757505087559 0.0238506515295747 216
1757505087653 0.006089220541188494 217
1757505087747 0.17773077677644095 218
1757505087844 0.0023252755039575453 219
1757505087940 0.011105905417796769 220
1757505088038 0.05438806948738869 221
1757505088128 0.019362028941782267 222
1757505088222 0.0019742336650241713 223
1757505088323 0.015099552818703387 224
1757505088419 0.03601071406816753 225
1757505088518 0.009725896008907409 226
1757505088611 0.00047004278027116175 227
1757505088707 0.0906878845755695 228
1757505088799 0.01736525211703812 229
1757505088893 0.00671242659172061 230
1757505088986 0.0719310616784814 231
1757505089079 0.026254815028240192 232
1757505089175 0.14526072870703546 233
1757505089274 0.015904007701158338 234
1757505089370 0.008525360022378841 235
1757505089461 0.09323655475550571 236
1757505089564 0.08741481605038455 237
1757505089659 0.011262703874135697 238
1757505089755 0.14797285772823263 239
1757505089862 0.0015734147066295905 240
1757505089964 0.12315299971942857 241
1757505090062 0.01308081339595357 242
1757505090152 0.0013021544999317215 243
1757505090249 0.1873807859361271 244
1757505090347 0.04338145709301472 245
1757505090444 0.005702288003100567 246
1757505090539 0.03633073822468552 247
1757505090640 0.030249931149146994 248
1757505090738 0.004750156100639163 249
1757505090835 0.025617493769201742 250
1757505090931 0.033367233268481566 251
1757505091029 0.12016332059774498 252
1757505091123 0.003000077189409145 253
1757505091221 0.6217009125011368 254
1757505091318 0.24869766448501732 255
1757505091414 0.15648086497424812 256
1757505091508 0.03292430745519709 257
1757505091614 0.0059988680601097515 258
1757505091709 0.057001882786098766 259
1757505091806 0.0034007730382868166 260
1757505091909 0.207325516175004 261
1757505092004 0.004094831446322514 262
1757505092103 0.08022269039069593 263
1757505092200 0.10027975098088128 264
1757505092296 0.5362386008280462 265
1757505092394 0.07003193265047182 266
1757505092488 0.00971306199993811 267
1757505092579 0.009997288448261674 268
1757505092669 0.14993384009910551 269
1757505092764 0.2998791074178333 270
1757505092861 0.007356354654591836 271
1757505092955 0.0002946826698413691 272
1757505093050 0.03614359948116121 273
1757505093144 0.023382919002401886 274
1757505093236 0.02281773520239226 275
1757505093331 3.5570820516932647e-06 276
1757505093427 0.04666091895651494 277
1757505093519 0.009095212262474386 278
1757505093613 0.14803855819529213 279
1757505093708 0.0014929068351081246 280
1757505093802 0.07364382167421006 281
1757505093896 0.051901014433070596 282
1757505094030 0.039486636286562765 283
1757505094223 0.011776194882997519 284
1757505094378 0.0037775777836671002 285
1757505094501 0.07202170533554252 286
1757505094681 0.5213612097946654 287
1757505094792 0.06382623884795975 288
1757505094888 0.013413597841358064 289
1757505094985 0.019262213601755424 290
1757505095081 0.00028306380453433104 291
1757505095180 0.2829251933271649 292
1757505095273 0.18940141735289243 293
1757505095368 0.012358090288577706 294
1757505095461 0.022938860064327583 295
1757505095556 0.03173651161332198 296
1757505095660 0.01812482657066787 297
1757505095757 0.022821863746507232 298
1757505095851 0.742799437822294 299
1757505095947 0.006918188987539658 300
1757505096044 0.002921227711024095 301
1757505096141 0.1042323121513076 302
1757505096238 0.12270123160434401 303
1757505096334 0.0013169229119338996 304
1757505096433 0.0645778530986301 305
1757505096529 0.18597795445949647 306
1757505096626 0.0030724546737108355 307
1757505096724 0.02045462599205212 308
1757505096820 0.1674208955320746 309
1757505096915 2.8901569891093758e-05 310
1757505097021 0.0017718189631574365 311
1757505097146 0.31334349701359815 312
1757505097265 0.10871772115461482 313
1757505097370 0.0005407590987383193 314
1757505097467 0.10084733488290293 315
1757505097566 0.0032730782056289115 316
1757505097678 0.48550641047818327 317
1757505097770 0.003938100891031153 318
1757505097863 0.009465686553396253 319
1757505097957 0.014558696747848213 320
1757505098053 0.18765089807599286 321
1757505098146 0.40781003043921255 322
1757505098240 0.33083157294170046 323
1757505098332 0.418610527358494 324
1757505098453 0.039909364691395784 325
1757505098575 0.0015610191334146251 326
1757505098672 0.010780252020028783 327
1757505098771 0.29811920658131374 328
1757505098868 0.1300334808163224 329
1757505098967 0.0014407872909168282 330
1757505099061 0.06651504410259526 331
1757505099160 0.1599690968753294 332
1757505099261 0.5587500387913242 333
1757505099358 0.007222248815447961 334
1757505099452 0.006088212819301285 335
1757505099542 0.01775081705986682 336
1757505099644 0.005613927451019028 337
1757505099749 0.39687759983490023 338
1757505099848 0.06733651196866187 339
1757505099946 0.04754664953447605 340
1757505100045 0.1550723161637679 341
1757505100141 0.01836389791714685 342
1757505100245 0.13642835979031054 343
1757505100345 0.08871581605345448 344
1757505100451 0.003309668284895748 345
1757505100550 0.2616001649985541 346
1757505100648 0.003546012401039542 347
1757505100752 0.2607434527794597 348
1757505100849 0.03430117946031504 349
1757505100946 0.42260225057166556 350
1757505101047 0.25889628748787025 351
1757505101147 0.11054172103069027 352
1757505101246 0.003840368058313816 353
1757505101347 0.5978805009705556 354
1757505101446 0.11381063845629005 355
1757505101543 0.0016410023699849152 356
1757505101642 0.14018743539636522 357
1757505101743 0.013360731664183894 358
1757505101841 0.004386579248667964 359
1757505101942 0.04305378199259641 360
1757505102040 0.014596607369091309 361
1757505102138 0.03536937398474934 362
1757505102237 0.03396467063682208 363
1757505102333 0.011506071532642537 364
1757505102431 0.03606709832227428 365
1757505102528 0.026017570342457358 366
1757505102637 0.0004191814790001368 367
1757505102735 0.0532893332251817 368
1757505102836 0.0004955297070257034 369
1757505102931 0.11433116531784958 370
1757505103025 0.21397139760515296 371
1757505103119 0.062442658543663314 372
1757505103219 0.3932056173889385 373
1757505103316 0.15892773984044167 374
1757505103413 0.09359304322411413 375
1757505103512 0.00010824981504965376 376
1757505103614 0.04397709756899377 377
1757505103714 0.03751901568212569 378
1757505103808 0.035058549581215716 379
1757505103904 0.6748318453277803 380
1757505103998 0.027719451219562576 381
1757505104112 0.1183423382009364 382
1757505104304 0.108086441970574 383
1757505104462 0.08087558712369972 384
1757505104590 0.03006984520938968 385
1757505104790 0.024288660735390783 386
1757505104916 0.16056755755969768 387
1757505105033 0.35846663025636916 388
1757505105150 0.10096835672440566 389
1757505105259 0.00010620461559207975 390
1757505105370 0.3667405265438913 391
