1757502278851 162.82568840424233 0
1757502278906 161.60701124790103 1
1757502278958 147.04642499882775 2
1757502279024 146.3484801292387 3
1757502279080 145.35986490161542 4
1757502279135 139.59815782859576 5
1757502279193 129.46777720459258 6
1757502279248 125.50887780038364 7
1757502279299 129.77267475796194 8
1757502279352 121.99930902860089 9
1757502279410 114.51675790592108 10
1757502279463 108.35011520725668 11
1757502279514 113.13533503582717 12
1757502279574 119.90431932179197 13
1757502279629 109.40410837688519 14
1757502279685 100.70344068849283 15
1757502279740 106.53313316454873 16
1757502279803 95.84795482362698 17
1757502279857 99.8259228725166 18
1757502279920 89.85379937221947 19
1757502279990 89.00982499413847 20
1757502280049 87.5318912656039 21
1757502280113 83.68166452379648 22
1757502280167 94.86694942121693 23
1757502280223 82.85414360852636 24
1757502280279 77.41637182276526 25
1757502280344 78.98798382260303 26
1757502280401 84.64498047348494 27
1757502280456 73.3186141846703 28
1757502280508 77.45689142581102 29
1757502280561 84.84346573435226 30
1757502280616 76.69933902234526 31
1757502280670 68.84049818506236 32
1757502280725 66.73771387219053 33
1757502280776 71.74218215461988 34
1757502280833 79.70450397855913 35
1757502280890 68.7221097617174 36
1757502280943 69.13066469266414 37
1757502280997 65.82914739649473 38
1757502281054 62.394976319877614 39
1757502281113 56.42854240095949 40
1757502281166 69.061357576767 41
1757502281221 68.4729588066982 42
1757502281276 64.84564556268192 43
1757502281329 63.858844896802225 44
1757502281381 64.18463766122443 45
1757502281437 70.24917211157411 46
1757502281490 57.76943941970137 47
1757502281611 63.94091419779558 48
1757502281763 57.98896285038672 49
1757502281881 54.29689832333084 50
1757502282000 55.693272830896476 51
1757502282069 48.83265924829623 52
1757502282130 48.514419717696086 53
1757502282262 53.99468477015832 54
1757502282391 50.60970423180336 55
1757502282479 61.645803562096454 56
1757502282545 58.099453921444905 57
1757502282627 52.047028159282135 58
1757502282695 60.83612964300168 59
1757502282755 45.829788483814355 60
1757502282822 47.95126287271426 61
1757502282883 49.276651113165286 62
1757502282941 47.36345507700429 63
1757502282997 44.93488260347735 64
1757502283058 235.4664580980185 65
1757502283136 46.95003941692892 66
1757502283229 60.698562723403185 67
1757502283284 42.84138967877609 68
1757502283339 43.237586047198995 69
1757502283395 42.925165229591734 70
1757502283454 51.69324082582728 71
1757502283512 45.80212639439847 72
1757502283569 67.24296209825303 73
1757502283628 43.340142158691535 74
1757502283689 43.83280648865761 75
1757502283746 56.32599004002547 76
1757502283802 53.96398487555103 77
1757502283858 41.48826065232266 78
1757502283914 67.85560763562248 79
1757502283972 33.74533468939886 80
1757502284028 41.26206478057793 81
1757502284090 44.05105799315266 82
1757502284152 57.17792353599532 83
1757502284209 39.20410923954831 84
1757502284267 36.58449735176512 85
1757502284323 43.3968150262901 86
1757502284380 46.340558822691094 87
1757502284436 43.78036263263003 88
1757502284492 44.79043839526237 89
1757502284549 41.32487193660684 90
1757502284604 53.378412559995866 91
1757502284659 42.72875393175009 92
1757502284713 51.33756717902255 93
1757502284769 32.7879892011475 94
1757502284828 37.74550489883218 95
1757502284882 46.82069796692244 96
1757502284938 54.355526862127235 97
1757502284994 49.513911139488876 98
1757502285049 41.755367652291724 99
1757502285106 41.62989359425234 100
1757502285162 43.437401425422436 101
1757502285220 35.56983699091785 102
1757502285276 29.774026833621186 103
1757502285332 40.38013261373819 104
1757502285389 33.97482646364607 105
1757502285444 39.01002692024019 106
1757502285500 31.922878316688518 107
1757502285555 31.74697633683438 108
1757502285616 36.609352100392464 109
1757502285670 31.898875986532506 110
1757502285728 28.283995184776025 111
1757502285782 39.5859008935043 112
1757502285839 41.22281220452288 113
1757502285895 33.766928029120685 114
1757502285954 39.001974049137615 115
1757502286013 31.405300802774548 116
1757502286069 35.536938669636086 117
1757502286129 51.01842956985564 118
1757502286185 33.891673029293244 119
1757502286243 55.319474869313574 120
1757502286300 28.685069623489394 121
1757502286355 52.508908074999006 122
1757502286415 26.085413954588482 123
1757502286474 34.64924816367956 124
1757502286530 34.870780670194875 125
1757502286585 36.18965418838195 126
1757502286642 34.800986374773245 127
1757502286698 26.862643300233454 128
1757502286753 36.92645330070243 129
1757502286809 34.73494595054406 130
1757502286867 30.161243330184885 131
1757502286923 30.132727837567142 132
1757502286982 162.73532988468244 133
1757502287040 34.29021486821967 134
1757502287099 33.80444923555542 135
1757502287161 36.24752451425517 136
1757502287218 32.03840701652105 137
1757502287276 39.50513210710058 138
1757502287332 37.91587360753566 139
1757502287387 45.573483536762545 140
1757502287443 49.159532849948775 141
1757502287504 35.67072380680941 142
1757502287560 24.352949762549827 143
1757502287618 59.2223036203353 144
1757502287680 28.398450978673104 145
1757502287738 30.33479297270295 146
1757502287794 154.26285270114104 147
1757502287850 27.799662705399104 148
1757502287907 32.68202640140756 149
1757502287963 29.05746711599258 150
1757502288021 30.463055743853378 151
1757502288079 23.82383453094943 152
1757502288142 29.991625925815818 153
1757502288199 42.12878964274794 154
1757502288255 32.616059317041284 155
1757502288314 32.41649871960399 156
1757502288371 25.3587071574224 157
1757502288427 29.41104278048098 158
1757502288483 46.07033431954949 159
1757502288543 25.059255408399487 160
1757502288600 28.322632404419572 161
1757502288658 24.461258725064024 162
1757502288716 30.27843897866069 163
1757502288774 25.266035942609747 164
1757502288832 25.80092441376354 165
1757502288889 30.342038119011285 166
1757502288948 21.603761680495044 167
1757502289006 23.423625078567426 168
1757502289077 22.52941254782914 169
1757502289213 33.26746303051907 170
1757502289280 26.961369077669133 171
1757502289344 29.736694976890966 172
1757502289407 21.644883992172463 173
1757502289466 20.457389094964025 174
1757502289523 27.276042544346318 175
1757502289580 31.20073967086892 176
1757502289637 24.277897036653222 177
1757502289697 31.07465475766267 178
1757502289755 30.79367904404536 179
1757502289813 29.625548914730917 180
1757502289871 30.288174085045817 181
1757502289942 27.680311452889555 182
1757502289999 24.56041828819639 183
1757502290055 21.281627669631117 184
1757502290118 27.128711174998607 185
1757502290178 36.52552601039797 186
1757502290242 20.78585232573784 187
1757502290303 25.43898322210913 188
1757502290382 29.485591972447246 189
1757502290453 26.571658360552284 190
1757502290517 23.693473807668305 191
1757502290578 23.95789941931133 192
1757502290648 20.20202319640773 193
1757502290748 27.596376158020455 194
1757502290811 31.964252411194376 195
1757502290872 23.504869432278884 196
1757502290932 26.987925079977124 197
1757502290992 21.619928360371762 198
1757502291049 23.009503343538917 199
1757502291110 27.173870441463436 200
1757502291169 24.90303282159333 201
1757502291237 16.49171117802798 202
1757502291294 24.888231084524474 203
1757502291352 20.00677961814977 204
1757502291412 34.257986196628124 205
1757502291475 23.161249565375904 206
1757502291535 35.22379214338309 207
1757502291595 22.587664962143055 208
1757502291655 23.014391612319592 209
1757502291718 25.660015062241776 210
1757502291855 22.76775452684841 211
1757502292017 26.883005708605154 212
1757502292121 27.213854834887254 213
1757502292246 20.055583541311496 214
1757502292331 25.16284950827408 215
1757502292447 28.19760939342 216
1757502292609 22.85509865242069 217
1757502292717 26.061430786035025 218
1757502292778 37.88522855979344 219
1757502292837 21.191662630381177 220
1757502292898 27.049412895352255 221
1757502292963 17.733057120481323 222
1757502293027 19.404632515548524 223
1757502293142 16.340412125916668 224
1757502293220 22.803583914334766 225
1757502293302 25.214046019468427 226
1757502293385 32.99019194811918 227
1757502293462 20.235738400685612 228
1757502293534 20.849584268156992 229
1757502293616 25.187552526806666 230
1757502293683 22.727314436285255 231
1757502293783 27.61210918375346 232
1757502293842 25.568429132583738 233
1757502293902 21.169442176106482 234
1757502293959 18.610588431211603 235
1757502294027 23.169331270255498 236
1757502294093 20.497521904006838 237
1757502294176 19.66637786846949 238
1757502294236 18.909870902502043 239
1757502294302 24.6535195883414 240
1757502294360 17.09653767315246 241
1757502294419 98.41318346731016 242
1757502294477 25.79121180715447 243
1757502294537 22.773438942791902 244
1757502294595 21.90323262759487 245
1757502294656 18.97965634117164 246
1757502294720 21.107666252765146 247
1757502294779 17.1713630978973 248
1757502294838 19.500107989815852 249
1757502294896 27.02731473333773 250
1757502294957 18.695667570774958 251
1757502295020 15.909225346443897 252
1757502295079 22.723660605421266 253
1757502295141 20.19892999586662 254
1757502295201 25.718417665351677 255
1757502295260 23.300210630296455 256
1757502295328 26.24760130678368 257
1757502295389 29.117591125140805 258
1757502295449 28.396271058818986 259
1757502295508 19.71820106533135 260
1757502295569 28.855970720416416 261
1757502295628 24.39377491903359 262
1757502295690 26.03697388059145 263
1757502295757 22.57551935526834 264
1757502295819 25.128038583393362 265
1757502295879 19.561524093135926 266
1757502295938 27.674263423579777 267
1757502295998 15.323284998548075 268
1757502296057 21.19789772474458 269
1757502296119 23.35995674751831 270
1757502296179 17.335358142779885 271
1757502296244 86.58166394040035 272
1757502296303 20.509124857190773 273
1757502296362 18.99199589361067 274
1757502296422 18.87625970994619 275
1757502296482 20.878267231963367 276
1757502296540 26.657282532325073 277
1757502296599 29.994624417101647 278
1757502296661 34.92142725834035 279
1757502296721 21.066126258139093 280
1757502296780 19.868869954388092 281
1757502296839 23.400883661143567 282
1757502296900 26.34235393444101 283
1757502296963 23.159433790440985 284
1757502297026 25.015984015603454 285
1757502297087 20.204676272180347 286
1757502297148 19.291965243463252 287
1757502297210 24.53392551855478 288
1757502297272 14.762191490361845 289
1757502297339 15.592959466025702 290
1757502297398 11.15203836710821 291
1757502297460 16.450088805838394 292
1757502297519 14.875894400675149 293
1757502297579 18.922982015164017 294
1757502297640 17.04007578270844 295
1757502297704 19.570839086873317 296
1757502297767 24.122835554330337 297
1757502297830 27.55223149556529 298
1757502297891 19.422545540578472 299
1757502297952 20.983961327284515 300
1757502298012 19.60743344809478 301
1757502298071 14.565342986377537 302
1757502298132 20.029891560170814 303
1757502298192 15.584593408705054 304
1757502298252 14.445328995600216 305
1757502298315 23.251515081929742 306
1757502298375 16.674842834890914 307
1757502298436 21.490405998707985 308
1757502298496 16.699145413377234 309
1757502298558 15.86636646699597 310
1757502298618 25.744852586265882 311
1757502298678 16.0670425408662 312
1757502298742 17.77283500827534 313
1757502298803 19.88027093494599 314
1757502298863 20.098023345871393 315
1757502298922 21.948311311491576 316
1757502298986 28.38187619933341 317
1757502299046 25.954306508336035 318
1757502299110 15.996411464964604 319
1757502299172 17.646304005148867 320
1757502299236 14.95990655810721 321
1757502299295 15.866015177055182 322
1757502299366 21.23136442304198 323
1757502299428 76.10810368339264 324
1757502299488 13.53433683980011 325
1757502299550 18.835465571414964 326
1757502299613 20.494892938104876 327
1757502299673 18.941368725535472 328
1757502299735 16.477955802462517 329
1757502299799 17.71191089392076 330
1757502299868 13.804823238481497 331
1757502299929 19.026453108375257 332
1757502299991 22.080932911578884 333
1757502300054 22.927609088903697 334
1757502300117 14.686523459456406 335
1757502300178 70.53450461979848 336
1757502300243 20.157003078708588 337
1757502300306 15.574128414253307 338
1757502300376 21.656640109877344 339
1757502300437 15.350873527935368 340
1757502300501 15.623758768009068 341
1757502300562 15.27149846437534 342
1757502300633 20.09611155137632 343
1757502300696 16.025595137468333 344
1757502300757 13.571032131881042 345
1757502300821 15.099114399917276 346
1757502300883 17.46759540653363 347
1757502300953 14.582202247404544 348
1757502301014 22.918316947889345 349
1757502301077 20.273683451783324 350
1757502301137 20.222571514972238 351
1757502301198 16.137827161183885 352
1757502301260 16.690419396750116 353
1757502301321 15.507503218600588 354
1757502301396 21.174765076324505 355
1757502301458 11.554234128353466 356
1757502301522 18.102214827895317 357
1757502301583 19.564287496741386 358
1757502301644 19.840702454329318 359
1757502301708 14.591909398491364 360
1757502301772 20.445882043427485 361
1757502301836 12.61168246901231 362
1757502301902 16.05032125532603 363
1757502301965 14.572557234399763 364
1757502302062 19.584245766588207 365
1757502302202 18.67358620383405 366
1757502302362 18.092305897000156 367
1757502302562 13.39919666402287 368
1757502302641 16.70618870733461 369
1757502302708 19.938083154449334 370
1757502302780 15.55393044282175 371
1757502302930 14.541842971108526 372
1757502303024 14.61614540661829 373
1757502303091 19.440429156919237 374
1757502303154 13.717507997169735 375
1757502303216 16.17770808075384 376
1757502303278 13.972488062780275 377
1757502303342 12.92968508005324 378
1757502303406 12.591489601882428 379
1757502303481 17.674345861018338 380
1757502303552 20.384215473472075 381
1757502303616 13.721249029228716 382
1757502303677 11.624746067015181 383
1757502303740 17.955694041997194 384
1757502303804 13.500163949832736 385
1757502303870 18.31746980090992 386
1757502303932 13.227630978669964 387
1757502304011 15.748042070020734 388
1757502304103 16.923840473425454 389
1757502304176 18.17725978089183 390
1757502304253 11.595219273426512 391
1757502304326 18.617242678014033 392
1757502304395 19.338058822897725 393
1757502304474 19.596552733917 394
1757502304551 14.790926437671715 395
1757502304612 17.6981863300957 396
1757502304674 24.546927723847013 397
1757502304736 16.22457479694822 398
1757502304797 14.967301197263549 399
1757502304857 16.210025455880984 400
1757502304919 16.519197259235064 401
1757502304994 19.14523054058072 402
1757502305075 15.152672893863421 403
1757502305137 17.5258487833882 404
1757502305200 17.114705499952578 405
1757502305262 19.279948489714343 406
1757502305324 13.300643111028293 407
1757502305388 13.509421632866005 408
1757502305451 14.666228726706366 409
1757502305514 16.711458331333585 410
1757502305577 12.970318166169319 411
1757502305641 20.59359455668306 412
1757502305702 20.734220867931658 413
1757502305764 17.534375707200496 414
1757502305826 14.269906910712626 415
1757502305888 14.529598743549254 416
1757502305951 16.500050982039408 417
1757502306015 14.390418588066808 418
1757502306079 13.465937121329693 419
1757502306141 21.48254332042637 420
1757502306204 18.02156917903589 421
1757502306267 19.825190411970233 422
1757502306329 11.75398906214303 423
1757502306390 14.934144063676273 424
1757502306453 16.801528853579942 425
1757502306516 12.257034892761293 426
1757502306583 13.546587096226698 427
1757502306647 15.45764630410105 428
1757502306709 17.034877272516766 429
1757502306771 15.52971584980673 430
1757502306838 15.214155825620637 431
1757502306902 14.414734911990738 432
1757502306965 17.385764694578473 433
1757502307029 11.504540864425362 434
1757502307093 17.682510728273073 435
1757502307157 12.211010436736693 436
1757502307220 14.70523148078259 437
1757502307283 15.425690258332898 438
1757502307345 9.712553818474847 439
1757502307408 16.51683557952236 440
1757502307472 13.830372441412933 441
1757502307550 15.572192656397911 442
1757502307614 14.346969340702172 443
1757502307677 15.704050092681834 444
1757502307743 14.289482728663712 445
1757502307810 17.693139432995203 446
1757502307879 18.12489576179733 447
1757502307949 17.567820912795078 448
1757502308014 14.588860258954925 449
1757502308079 22.21621955964535 450
1757502308145 13.84916319340921 451
1757502308211 16.19368915931436 452
1757502308276 12.826919218082315 453
1757502308341 14.226552349125049 454
1757502308407 14.307375128964654 455
1757502308471 17.199348675370793 456
1757502308546 13.24558353771631 457
1757502308612 13.37711868963848 458
1757502308674 14.245469677606863 459
1757502308737 17.77906191913671 460
1757502308802 14.141933827840347 461
1757502308870 14.516053424454395 462
1757502308935 21.146804362388682 463
1757502309001 12.454760016247047 464
1757502309070 13.848339865932441 465
1757502309141 14.873355011436328 466
1757502309210 16.73719796048143 467
1757502309281 13.930186143295565 468
1757502309345 13.791708261400908 469
1757502309410 14.972423803973127 470
1757502309474 8.319886405253625 471
1757502309551 13.124471573902616 472
1757502309619 12.840398531646935 473
1757502309687 11.33473155312897 474
1757502309770 14.539810441001041 475
1757502309836 13.47328900314051 476
1757502309902 12.610868756658897 477
1757502309979 11.526915100780668 478
1757502310043 11.040489613058474 479
1757502310109 10.784554507957987 480
1757502310174 12.733322139502679 481
1757502310252 12.655023699123893 482
1757502310315 16.678562855842774 483
1757502310378 13.066115077301522 484
1757502310443 15.597705347816571 485
1757502310508 12.726920287574337 486
1757502310589 19.05088946504954 487
1757502310656 14.800788317468507 488
1757502310719 15.927175145593047 489
1757502310782 14.777288490302436 490
1757502310859 13.159578800780926 491
1757502310924 12.178669355802079 492
1757502310988 12.809397048279342 493
1757502311053 10.546383862166644 494
1757502311130 13.093708487119853 495
1757502311193 13.828906962665423 496
1757502311271 12.168326253211786 497
1757502311336 16.224394287503404 498
1757502311400 14.624078851946797 499
