1757425024726 178.89619814040597 0
1757425024761 160.7754078098032 1
1757425024813 153.79541576907596 2
1757425024855 146.9696942260764 3
1757425024896 140.71545363176566 4
1757425024939 134.91805516019028 5
1757425024983 129.56041680124025 6
1757425025040 124.602527636483 7
1757425025090 120.0089511031633 8
1757425025157 115.74754667862449 9
1757425025205 111.7891904495015 10
1757425025263 108.1074835610561 11
1757425025302 104.6784909066037 12
1757425025361 101.48050503902013 13
1757425025404 98.49383295715826 14
1757425025462 95.70060353535376 15
1757425025506 93.0845935878043 16
1757425025554 90.63107075510398 17
1757425025599 88.32665157696228 18
1757425025644 86.15917327461824 19
1757425025679 84.11757791038002 20
1757425025725 82.19180772159463 21
1757425025784 80.37271054355493 22
1757425025838 78.65195434161711 23
1757425025885 77.02194996824998 24
1757425025920 75.47578134687126 25
1757425025980 74.00714236206072 26
1757425026014 72.6102798058883 27
1757425026063 71.284987660305 28
1757425026117 70.01904299637168 29
1757425026168 68.81045974062089 30
1757425026234 67.65524896497676 31
1757425026269 66.5497328429949 32
1757425026313 65.49054385963308 33
1757425026365 64.47459514618058 34
1757425026412 63.49905492816924 35
1757425026492 62.561323357159154 36
1757425026619 61.65901153559148 37
1757425026695 60.78992252233057 38
1757425026786 59.95203412832747 39
1757425026879 59.14348333028714 40
1757425026950 58.36255214691822 41
1757425027062 57.607654837413236 42
1757425027147 56.87732629540887 43
1757425027174 56.175793339932916 44
1757425027250 55.49337110905027 45
1757425027291 54.8316988711348 46
1757425027319 54.18969581652724 47
1757425027408 53.570895542355785 48
1757425027478 52.96750031365193 49
1757425027555 52.38093190882317 50
1757425027628 51.81037543035223 51
1757425027687 51.25507177537589 52
1757425027744 50.714313818291785 53
1757425027810 50.1874410357354 54
1757425027894 49.673835809018826 55
1757425027969 49.172919986713 56
1757425028018 48.684151757147006 57
1757425028067 48.207022797826305 58
1757425028110 47.74105567609765 59
1757425028177 47.285801477627224 60
1757425028254 46.84083764151119 61
1757425028326 46.40576598286186 62
1757425028367 45.980210885539705 63
1757425028488 45.563817649353616 64
1757425028583 45.15625097754292 65
1757425028638 44.75719359170269 66
1757425028699 44.36634496253172 67
1757425028780 43.9834201458825 68
1757425028856 43.60814871458725 69
1757425028914 43.240273777432385 70
1757425028961 42.8795510774662 71
1757425029013 42.52574816255862 72
1757425029124 42.17864362179561 73
1757425029199 41.83802638189087 74
1757425029321 41.50369505834013 75
1757425029447 41.175457356533855 76
1757425029492 40.85312951848819 77
1757425029532 40.536535811255206 78
1757425029559 40.22550805343686 79
1757425029585 39.91988517655561 80
1757425029611 39.61951281833214 81
1757425029638 39.32424294518956 82
1757425029669 39.033933501547715 83
1757425029701 38.74844808369102 84
1757425029732 38.46765563619412 85
1757425029764 38.19143016906979 86
1757425029797 37.91965049396813 87
1757425029828 37.65219997790425 88
1757425029860 37.38896631312693 89
1757425029892 37.129841301862406 90
1757425029927 36.87472065477856 91
1757425029964 36.62350380211501 92
1757425029999 36.376093716516294 93
1757425030034 36.13239674668751 94
1757425030070 35.89232246106753 95
1757425030104 35.65578350078295 96
1757425030137 35.42269544120783 97
1757425030169 35.192976661511175 98
1757425030201 34.96654822162497 99
1757425030233 34.74333374611242 100
1757425030266 34.52325931445853 101
1757425030300 34.30625335734399 102
1757425030337 34.09224655849814 103
1757425030373 33.88117176175948 104
1757425030405 33.672963883001074 105
1757425030439 33.46755982660491 106
1757425030474 33.26489840619405 107
1757425030518 33.06492026935323 108
1757425030552 32.8675678260892 109
1757425030583 32.67278518080074 110
1757425030615 32.48051806754502 111
1757425030648 32.290713788403075 112
1757425030682 32.10332115476092 113
1757425030713 31.91829043133634 114
1757425030745 31.735573282793275 115
1757425030777 31.55512272279665 116
1757425030810 31.376893065370865 117
1757425030842 31.20083987843434 118
1757425030876 31.026919939391078 119
1757425030909 30.855091192668315 120
1757425030947 30.68531270909628 121
1757425030983 30.517544647033176 122
1757425031017 30.35174821514449 123
1757425031050 30.18788563675142 124
1757425031083 30.025920115668768 125
1757425031117 29.86581580345726 126
1757425031152 29.70753776802012 127
1757425031186 29.551051963477573 128
1757425031219 29.39632520125724 129
1757425031252 29.243325122341776 130
1757425031286 29.09202017061857 131
1757425031321 28.942379567279566 132
1757425031355 28.79437328622187 133
1757425031389 28.647972030403135 134
1757425031424 28.503147209107514 135
1757425031459 28.359870916081064 136
1757425031500 28.218115908497214 137
1757425031540 28.07785558671525 138
1757425031577 27.939063974796586 139
1757425031611 27.801715701745547 140
1757425031644 27.66578598344305 141
1757425031677 27.53125060524299 142
1757425031710 27.39808590520309 143
1757425031744 27.266268757922937 144
1757425031777 27.135776558963524 145
1757425031832 27.006587209823802 146
1757425031921 26.878679103450988 147
1757425032026 26.7520311102624 148
1757425032144 26.626622564657662 149
1757425032270 26.502433252001328 150
1757425032358 26.379443396056512 151
1757425032405 26.257633646851403 152
1757425032491 26.136985068961177 153
1757425032563 26.0174791301886 154
1757425032598 25.899097690627595 155
1757425032672 25.78182299209437 156
1757425032747 25.66563764791178 157
1757425032824 25.550524633033103 158
1757425032855 25.43646727449184 159
1757425032887 25.323449242165037 160
1757425032917 25.211454539837927 161
1757425032991 25.100467496558394 162
1757425033063 24.990472758270204 163
1757425033126 24.88145527971423 164
1757425033173 24.773400316587818 165
1757425033225 24.666293417952293 166
1757425033284 24.560120418879528 167
1757425033362 24.454867433328506 168
1757425033429 24.350520847243466 169
1757425033491 24.247067311865322 170
1757425033568 24.14449373724865 171
1757425033620 24.04278728597662 172
1757425033693 23.941935367066744 173
1757425033747 23.841925630060445 174
1757425033828 23.742745959289895 175
1757425033902 23.64438446831572 176
1757425033951 23.546829494529486 177
1757425034036 23.45006959391506 178
1757425034117 23.354093535963326 179
1757425034169 23.258890298734773 180
1757425034217 23.164449064064737 181
1757425034263 23.070759212906484 182
1757425034313 22.97781032080716 183
1757425034381 22.88559215351214 184
1757425034454 22.794094662693333 185
1757425034514 22.703307981797213 186
1757425034589 22.61322242200841 187
1757425034642 22.523828468325146 188
1757425034708 22.435116775742543 189
1757425034766 22.34707816554028 190
1757425034829 22.259703621671154 191
1757425034881 22.172984287247065 192
1757425034935 22.086911461119435 193
1757425035006 22.00147659455064 194
1757425035065 21.91667128797383 195
1757425035127 21.832487287838 196
1757425035167 21.748916483535627 197
1757425035209 21.665950904410337 198
1757425035252 21.583582716841867 199
1757425035347 21.50180422140593 200
1757425035410 21.420607850106705 201
1757425035470 21.339986163679495 202
1757425035530 21.259931848961447 203
1757425035607 21.180437716328328 204
1757425035648 21.101496697195007 205
1757425035689 21.023101841578015 206
1757425035738 20.945246315718087 207
1757425035813 20.867923399760908 208
1757425035897 20.79112648549429 209
1757425035990 20.714849074140105 210
1757425036093 20.63908477419931 211
1757425036171 20.563827299348535 212
1757425036251 20.489070466386593 213
1757425036306 20.414808193229607 214
1757425036362 20.341034496953156 215
1757425036436 20.267743491880246 216
1757425036513 20.1949293877136 217
1757425036563 20.1225864877112 218
1757425036624 20.050709186903624 219
1757425036667 19.979291970352175 220
1757425036730 19.908329411446545 221
1757425036785 19.837816170240924 222
1757425036859 19.767746991827547 223
1757425036913 19.698116704746525 224
1757425036974 19.628920219431002 225
1757425037040 19.560152526686807 226
1757425037092 19.491808696205418 227
1757425037145 19.423883875109514 228
1757425037186 19.356373286530154 229
1757425037243 19.289272228214845 230
1757425037309 19.222576071165495 231
1757425037360 19.156280258305653 232
1757425037427 19.09038030317611 233
1757425037500 19.024871788658224 234
1757425037563 18.959750365724258 235
1757425037619 18.895011752213865 236
1757425037678 18.830651731636344 237
1757425037732 18.766666151997654 238
1757425037790 18.703050924651933 239
1757425037847 18.639802023176536 240
1757425037901 18.57691548227034 241
1757425037962 18.514387396674476 242
1757425038022 18.452213920115046 243
1757425038080 18.390391264267347 244
1757425038131 18.328915697740914 245
1757425038189 18.267783545085 246
1757425038236 18.20699118581398 247
1757425038283 18.146535053452162 248
1757425038327 18.086411634597546 249
1757425038388 18.02661746800412 250
1757425038455 17.96714914368223 251
1757425038500 17.908003302016578 252
1757425038542 17.849176632901496 253
1757425038613 17.790665874892962 254
1757425038694 17.732467814377213 255
1757425038807 17.674579284755286 256
1757425038918 17.616997165643333 257
1757425039045 17.559718382088246 258
1757425039181 17.502739903798318 259
1757425039292 17.44605874438849 260
1757425039432 17.38967196064005 261
1757425039536 17.333576651774173 262
1757425039602 17.27776995873933 263
1757425039661 17.222249063511978 264
1757425039728 17.1670111884104 265
1757425039782 17.112053595421376 266
1757425039858 17.05737358553937 267
1757425039932 17.002968498117962 268
1757425039989 16.948835710233368 269
1757425040053 16.89497263605959 270
1757425040116 16.841376726255184 271
1757425040159 16.78804546736119 272
1757425040213 16.734976381210117 273
1757425040255 16.68216702434571 274
1757425040311 16.629614987453284 275
1757425040381 16.577317894800366 276
1757425040454 16.52527340368749 277
1757425040530 16.47347920390891 278
1757425040589 16.421933017223008 279
1757425040655 16.370632596832216 280
1757425040711 16.319575726872273 281
1757425040773 16.268760221910597 282
1757425040830 16.21818392645361 283
1757425040891 16.16784471446283 284
1757425040942 16.11774048887955 285
1757425040997 16.06786918115794 286
1757425041077 16.018228750806383 287
1757425041135 15.968817184936942 288
1757425041182 15.91963249782267 289
1757425041235 15.870672730462818 290
1757425041278 15.821935950155536 291
1757425041340 15.773420250078125 292
1757425041403 15.725123748874596 293
1757425041459 15.677044590250388 294
1757425041533 15.629180942574155 295
1757425041577 15.581530998486478 296
1757425041628 15.534092974515303 297
1757425041696 15.486865110698087 298
1757425041774 15.439845670210394 299
1757425041822 15.393032939000967 300
1757425041907 15.346425225433014 301
1757425041964 15.300020859931664 302
1757425042026 15.25381819463749 303
1757425042087 15.207815603065923 304
1757425042159 15.16201147977251 305
1757425042232 15.11640424002387 306
1757425042326 15.070992319474247 307
1757425042391 15.025774173847553 308
1757425042591 14.980748278624839 309
1757425042721 14.935913128737027 310
1757425042780 14.891267238262856 311
1757425042833 14.846809140131935 312
1757425042889 14.802537385832803 313
1757425042972 14.758450545125887 314
1757425043042 14.714547205761328 315
1757425043111 14.670825973201508 316
1757425043189 14.627285470348259 317
1757425043280 14.583924337274636 318
1757425043363 14.540741230961169 319
1757425043447 14.497734825036519 320
1757425043516 14.45490380952249 321
1757425043582 14.412246890583265 322
1757425043648 14.369762790278806 323
1757425043696 14.327450246322394 324
1757425043756 14.285308011842162 325
1757425043805 14.243334855146593 326
1757425043853 14.201529559493906 327
1757425043909 14.159890922865246 328
1757425043984 14.118417757741643 329
1757425044066 14.077108890884631 330
1757425044130 14.035963163120496 331
1757425044195 13.994979429128087 332
1757425044267 13.954156557230093 333
1757425044333 13.913493429187769 334
1757425044392 13.872988939999033 335
1757425044443 13.832641997699868 336
1757425044498 13.792451523168959 337
1757425044561 13.752416449935588 338
1757425044618 13.712535723990584 339
1757425044678 13.672808303600435 340
1757425044742 13.633233159124389 341
1757425044787 13.59380927283455 342
1757425044832 13.55453563873891 343
1757425044879 13.515411262407254 344
1757425044945 13.476435160799879 345
1757425045018 13.437606362099114 346
1757425045070 13.398923905543581 347
1757425045123 13.36038684126511 348
1757425045205 13.32199423012832 349
1757425045295 13.28374514357278 350
1757425045364 13.245638663457733 351
1757425045426 13.20767388190932 352
1757425045484 13.169849901170265 353
1757425045695 13.132165833451985 354
1757425045835 13.094620800789091 355
1757425045879 13.05721393489621 356
1757425045943 13.019944377027127 357
1757425046027 12.982811277836177 358
1757425046110 12.945813797241865 359
1757425046179 12.908951104292665 360
1757425046263 12.872222377034987 361
1757425046404 12.835626802383244 362
1757425046521 12.799163575991976 363
1757425046588 12.76283190213006 364
1757425046676 12.726630993556899 365
1757425046757 12.69056007140059 366
1757425046806 12.654618365038036 367
1757425046887 12.618805111976954 368
1757425047002 12.583119557739785 369
1757425047091 12.547560955749438 370
1757425047177 12.51212856721683 371
1757425047226 12.476821661030234 372
1757425047337 12.441639513646377 373
1757425047409 12.406581408983252 374
1757425047501 12.371646638314637 375
1757425047547 12.336834500166269 376
1757425047644 12.302144300213687 377
1757425047748 12.267575351181653 378
1757425047807 12.233126972745172 379
1757425047853 12.198798491432091 380
1757425047921 12.164589240527215 381
1757425048011 12.130498559977902 382
1757425048057 12.096525796301218 383
1757425048114 12.062670302492478 384
1757425048186 12.028931437935247 385
1757425048257 11.995308568312776 386
1757425048314 11.961801065520794 387
1757425048391 11.928408307581671 388
1757425048472 11.895129678559945 389
1757425048517 11.86196456847914 390
1757425048575 11.828912373239904 391
1757425048633 11.795972494539413 392
1757425048678 11.763144339792046 393
1757425048748 11.730427322051279 394
1757425048818 11.697820859932802 395
1757425048869 11.66532437753883 396
1757425048943 11.63293730438361 397
1757425049021 11.600659075320042 398
1757425049070 11.568489130467468 399
1757425049121 11.5364269151406 400
1757425049202 11.50447187977949 401
1757425049272 11.472623479880637 402
1757425049328 11.440881175929144 403
1757425049390 11.409244433331903 404
1757425049452 11.377712722351848 405
1757425049522 11.346285518043175 406
1757425049587 11.314962300187604 407
1757425049635 11.28374255323161 408
1757425049681 11.252625766224597 409
1757425049730 11.221611432758051 410
1757425049792 11.190699050905607 411
1757425049853 11.159888123164055 412
1757425049939 11.129178156395222 413
1757425050010 11.098568661768779 414
1757425050063 11.068059154705884 415
1757425050122 11.03764915482374 416
1757425050194 11.007338185880915 417
1757425050275 10.977125775723602 418
1757425050351 10.947011456232609 419
1757425050480 10.9169947632712 420
1757425050585 10.88707523663374 421
1757425050655 10.857252419995056 422
1757425050729 10.827525860860662 423
1757425050799 10.797895110517665 424
1757425050881 10.768359723986437 425
1757425050981 10.738919259973033 426
1757425051067 10.709573280822303 427
1757425051132 10.68032135247174 428
1757425051210 10.651163044406012 429
1757425051262 10.622097929612165 430
1757425051327 10.593125584535537 431
1757425051398 10.56424558903629 432
1757425051465 10.535457526346645 433
1757425051558 10.506760983028705 434
1757425051624 10.478155548932977 435
1757425051689 10.449640817157443 436
1757425051740 10.421216384007309 437
1757425051820 10.392881848955314 438
1757425051895 10.364636814602642 439
1757425051961 10.336480886640423 440
1757425052034 10.308413673811827 441
1757425052124 10.280434787874679 442
1757425052201 10.252543843564656 443
1757425052279 10.224740458559038 444
1757425052352 10.197024253440988 445
1757425052426 10.169394851664364 446
1757425052512 10.141851879519033 447
1757425052602 10.114394966096743 448
1757425052682 10.087023743257454 449
1757425052768 10.059737845596189 450
1757425052843 10.032536910410377 451
1757425052905 10.005420577667666 452
1757425052957 9.978388489974218 453
1757425053011 9.951440292543452 454
1757425053063 9.924575633165285 455
1757425053126 9.897794162175776 456
1757425053200 9.871095532427255 457
1757425053250 9.844479399258862 458
1757425053299 9.817945420467533 459
1757425053359 9.791493256279406 460
1757425053444 9.765122569321637 461
1757425053518 9.738833024594623 462
1757425053593 9.712624289444662 463
1757425053658 9.686496033536956 464
1757425053726 9.660447928829054 465
1757425053808 9.634479649544657 466
1757425053880 9.608590872147797 467
1757425054011 9.58278127531742 468
1757425054087 9.557050539922283 469
1757425054211 9.531398348996264 470
1757425054295 9.50582438771401 471
1757425054402 9.480328343366923 472
1757425054452 9.454909905339502 473
1757425054513 9.429568765086024 474
1757425054594 9.404304616107558 475
1757425054681 9.379117153929311 476
1757425054739 9.354006076078274 477
1757425054806 9.328971082061248 478
1757425054875 9.304011873343093 479
1757425054936 9.279128153325365 480
1757425054993 9.254319627325215 481
1757425055069 9.229586002554623 482
1757425055131 9.204926988099842 483
1757425055194 9.180342294901271 484
1757425055245 9.155831635733469 485
1757425055297 9.131394725185551 486
1757425055347 9.107031279641815 487
1757425055427 9.082741017262633 488
1757425055477 9.058523657965663 489
1757425055556 9.034378923407267 490
1757425055646 9.010306536964208 491
1757425055716 8.98630622371561 492
1757425055774 8.962377710425182 493
1757425055848 8.938520725523649 494
1757425055913 8.914734999091465 495
1757425055972 8.891020262841753 496
1757425056020 8.867376250103474 497
1757425056072 8.843802695804847 498
1757425056123 8.820299336456973 499
