1757493793067 169.66519883714147 0
1757493793115 169.64351955011222 1
1757493793163 169.6224050935342 2
1757493793212 169.60184005051732 3
1757493793266 169.58180943600325 4
1757493793320 169.56229868448074 5
1757493793369 169.5432936380535 6
1757493793416 169.52478053485126 7
1757493793464 169.50674599777338 8
1757493793513 169.48917702355615 9
1757493793572 169.4720609721539 10
1757493793624 169.4553855564246 11
1757493793674 169.4391388321121 12
1757493793729 169.4233091881153 13
1757493793778 169.4078853370368 14
1757493793827 169.39285630600267 15
1757493793877 169.37821142774504 16
1757493793929 169.36394033194094 17
1757493793980 169.35003293679884 18
1757493794031 169.33647944088682 19
1757493794086 169.32327031519426 20
1757493794144 169.3103962954215 21
1757493794198 169.29784837448963 22
1757493794250 169.28561779526564 23
1757493794299 169.2736960434947 24
1757493794352 169.26207484093533 25
1757493794401 169.25074613869106 26
1757493794454 169.23970211073237 27
1757493794507 169.22893514760403 28
1757493794574 169.2184378503126 29
1757493794626 169.20820302438815 30
1757493794679 169.19822367411598 31
1757493794731 169.18849299693295 32
1757493794785 169.1790043779839 33
1757493794837 169.16975138483352 34
1757493794886 169.16072776232912 35
1757493794935 169.15192742760988 36
1757493794987 169.14334446525848 37
1757493795038 169.13497312259145 38
1757493795094 169.12680780508305 39
1757493795147 169.11884307192014 40
1757493795199 169.11107363168358 41
1757493795253 169.10349433815253 42
1757493795306 169.09610018622845 43
1757493795361 169.08888630797506 44
1757493795414 169.0818479687709 45
1757493795470 169.0749805635716 46
1757493795525 169.0682796132783 47
1757493795592 169.0617407612095 48
1757493795646 169.0553597696731 49
1757493795700 169.04913251663592 50
1757493795754 169.04305499248787 51
1757493795811 169.03712329689796 52
1757493795867 169.03133363575978 53
1757493795929 169.02568231822357 54
1757493795995 169.02016575381236 55
1757493796055 169.01478044962036 56
1757493796123 169.0095230075904 57
1757493796187 169.00439012186865 58
1757493796247 168.99937857623465 59
1757493796302 168.99448524160374 60
1757493796360 168.9897070736004 61
1757493796415 168.98504111020043 62
1757493796513 168.98048446943977 63
1757493796669 168.97603434718803 64
1757493796783 168.9716880149854 65
1757493796883 168.96744281794014 66
1757493796944 168.96329617268626 67
1757493797013 168.95924556539828 68
1757493797182 168.95528854986227 69
1757493797291 168.95142274560172 70
1757493797414 168.94764583605559 71
1757493797570 168.94395556680882 72
1757493797651 168.94034974387142 73
1757493797715 168.93682623200763 74
1757493797777 168.9333829531108 75
1757493797836 168.93001788462496 76
1757493797896 168.92672905801055 77
1757493797955 168.9235145572534 78
1757493798014 168.9203725174156 79
1757493798070 168.91730112322736 80
1757493798128 168.91429860771822 81
1757493798183 168.911363250887 82
1757493798238 168.90849337840905 83
1757493798294 168.90568736037955 84
1757493798351 168.90294361009285 85
1757493798404 168.9002605828551 86
1757493798457 168.8976367748311 87
1757493798510 168.89507072192296 88
1757493798564 168.89256099868015 89
1757493798626 168.89010621724086 90
1757493798679 168.88770502630192 91
1757493798734 168.8853561101185 92
1757493798789 168.8830581875313 93
1757493798842 168.8808100110213 94
1757493798895 168.87861036579048 95
1757493798949 168.87645806886886 96
1757493799002 168.87435196824603 97
1757493799055 168.87229094202715 98
1757493799109 168.87027389761255 99
1757493799163 168.86829977089994 100
1757493799217 168.86636752550933 101
1757493799270 168.8644761520293 102
1757493799323 168.86262466728425 103
1757493799375 168.86081211362213 104
1757493799426 168.85903755822224 105
