1757325862894 13641.486006702225 0
1757325862921 2.770073434096152e+18 1
1757325862943 5.6583502413157475e+32 2
1757325862965 1.155815115199093e+47 3
1757325862988 2.3609506721027155e+61 4
1757325863010 4.82264680812906e+75 5
1757325863033 9.8510835108823e+89 6
1757325863056 2.0122528188213986e+104 7
1757325863097 4.110371617885117e+118 8
1757325863127 8.396139232152337e+132 9
1757325863157 1.715055487901574e+147 10
1757325863182 3.503295080335724e+161 11
1757325863204 7.156081250129723e+175 12
1757325863225 1.4617523698160966e+190 13
1757325863247 2.985880003282845e+204 14
1757325863294 6.099172184086186e+218 15
1757325863321 1.2458605600436338e+233 16
1757325863365 2.5448839419915434e+247 17
1757325863397 5.19836206868896e+261 18
1757325863420 1.0618546390778353e+276 19
1757325863447 2.169020279142448e+290 20
1757325863470 4.430596051656292e+304 21
1757325863495 inf 22
