1757498968413 169.17593756399393 0
1757498968462 169.16128683251424 1
1757498968516 169.14970495170834 2
1757498968566 169.13836626067567 3
1757498968619 169.12730447675045 4
1757498968674 169.11647180559004 5
1757498968726 169.10590570030467 6
1757498968778 169.09555531013712 7
1757498968831 169.08546164658702 8
1757498968886 169.07557094766005 9
1757498968937 169.06592761196976 10
1757498968988 169.0564751069069 11
1757498969037 169.04726105284158 12
1757498969088 169.03822628273244 13
1757498969141 169.02942147908 14
1757498969195 169.02078497226822 15
1757498969249 169.0123703528525 16
1757498969309 169.00411357628533 17
1757498969395 168.9960709924768 18
1757498969460 168.98821045434337 19
1757498969520 168.9804890349799 20
1757498969581 168.97297483037516 21
1757498969643 168.965590596373 22
1757498969698 168.95840668299923 23
1757498969757 168.95134404059323 24
1757498969823 168.94447514513521 25
1757498969923 168.93771924839393 26
1757498970012 168.93115082881172 27
1757498970074 168.92468754294165 28
1757498970139 168.91840575264104 29
1757498970198 168.91226465757848 30
1757498970256 168.9062136388208 31
1757498970313 168.90033954385092 32
1757498970368 168.8945486765225 33
1757498970432 168.88892933266933 34
1757498970486 168.8833867101731 35
1757498970540 168.8780104517487 36
1757498970595 168.87270473465009 37
1757498970648 168.86756045078425 38
1757498970701 168.86253037691014 39
1757498970758 168.85755817536932 40
1757498970814 168.85274431087498 41
1757498970869 168.84798296858108 42
1757498970920 168.84337547795587 43
1757498970972 168.83881543336378 44
1757498971024 168.83440494674537 45
1757498971077 168.83009170583003 46
1757498971129 168.82581480831314 47
1757498971180 168.8216852666576 48
1757498971232 168.8175877016428 49
1757498971284 168.81363356031426 50
1757498971338 168.80970725859018 51
1757498971393 168.80592060967805 52
1757498971447 168.80221688250376 53
1757498971499 168.79853122548263 54
1757498971551 168.79498375288733 55
1757498971602 168.79145082080245 56
1757498971656 168.78805259465526 57
1757498971711 168.78466557162176 58
1757498971771 168.78140991233434 59
1757498971825 168.77822506993158 60
1757498971878 168.775042796836 61
1757498971931 168.77199102080726 62
1757498971983 168.76893899761794 63
1757498972036 168.76601436480627 64
1757498972088 168.76308682883723 65
1757498972139 168.76028369229564 66
1757498972190 168.75754113402795 67
1757498972240 168.75478800691897 68
1757498972290 168.75215890567594 69
1757498972341 168.7495170271639 70
1757498972392 168.74699637231438 71
1757498972450 168.74452994036173 72
1757498972501 168.74204370273765 73
1757498972550 168.73967857914747 74
1757498972602 168.73729184232724 75
1757498972656 168.735023578967 76
1757498972710 168.73273201112778 77
1757498972761 168.73055636527965 78
1757498972813 168.72842724374058 79
1757498972869 168.72626852453698 80
1757498972924 168.72422596998942 81
1757498972977 168.7221524719997 82
1757498973037 168.72019271544167 83
1757498973089 168.71827469392278 84
1757498973141 168.7163199281931 85
1757498973193 168.71447932573815 86
1757498973244 168.7126009431704 87
1757498973303 168.71083440988087 88
1757498973355 168.70910535184981 89
