1757434685938 169.33173069580482 0
1757434685977 169.31882014956489 1
1757434686019 169.3118690646314 2
1757434686061 169.30496204040602 3
1757434686103 169.29812634322482 4
1757434686145 169.2913610657929 5
1757434686184 169.28466545025393 6
1757434686222 169.27803874643632 7
1757434686264 169.27148021248362 8
1757434686306 169.26498911475707 9
1757434686348 169.25856472774223 10
1757434686393 169.25220633395708 11
1757434686433 169.24591322386104 12
1757434686473 169.23968469576522 13
1757434686512 169.23352005574355 14
1757434686560 169.2274186175449 15
1757434686602 169.22137970250628 16
1757434686644 169.21540263946721 17
1757434686699 169.2094867646847 18
1757434686740 169.2036314217496 19
1757434686783 169.1978359615036 20
1757434686827 169.19209974195738 21
1757434686872 169.18642212820976 22
1757434686918 169.18080249236735 23
1757434686961 169.17524021346586 24
1757434687003 169.16973467739166 25
1757434687045 169.16428527680435 26
1757434687086 169.15889141106072 27
1757434687126 169.15355248613892 28
1757434687166 169.14826791456386 29
1757434687208 169.14303711533356 30
1757434687250 169.13785951384605 31
1757434687290 169.1327345418273 32
1757434687330 169.1276616372598 33
1757434687372 169.12264024431238 34
1757434687415 169.1176698132703 35
1757434687457 169.11274980046656 36
1757434687497 169.10787966821374 37
1757434687536 169.10305888473664 38
1757434687588 169.09828692410605 39
1757434687628 169.09356326617265 40
1757434687669 169.08888739650226 41
1757434687709 169.08425880631154 42
1757434687751 169.0796769924044 43
1757434687792 169.07514145710923 44
1757434687833 169.07065170821704 45
1757434687874 169.0662072589198 46
1757434687916 169.06180762774994 47
1757434687957 169.05745233852048 48
1757434687998 169.05314092026555 49
1757434688040 169.048872907182 50
1757434688084 169.04464783857142 51
1757434688126 169.0404652587828 52
1757434688168 169.03632471715608 53
1757434688209 169.032225767966 54
1757434688250 169.028167970367 55
1757434688291 169.0241508883384 56
1757434688402 169.02017409063043 57
1757434688535 169.0162371507107 58
1757434688614 169.01233964671138 59
1757434688666 169.00848116137715 60
1757434688719 169.00466128201333 61
1757434688767 169.00087960043498 62
1757434688828 168.99713571291645 63
1757434688961 168.99342922014142 64
1757434689048 168.98975972715377 65
1757434689111 168.9861268433085 66
1757434689189 168.982530182224 67
1757434689237 168.97896936173393 68
1757434689284 168.9754440038404 69
1757434689339 168.97195373466758 70
1757434689392 168.9684981844151 71
1757434689439 168.96507698731318 72
1757434689489 168.9616897815772 73
1757434689559 168.9583362093635 74
1757434689645 168.95501591672516 75
1757434689704 168.9517285535688 76
1757434689760 168.94847377361143 77
1757434689822 168.94525123433797 78
1757434689882 168.94206059695935 79
1757434689944 168.93890152637096 80
1757434689999 168.93577369111148 81
1757434690055 168.93267676332246 82
1757434690114 168.9296104187081 83
1757434690172 168.92657433649572 84
1757434690225 168.9235681993962 85
1757434690278 168.92059169356574 86
1757434690331 168.917644508567 87
1757434690385 168.9147263373316 88
1757434690440 168.91183687612235 89
1757434690493 168.90897582449654 90
1757434690547 168.90614288526908 91
1757434690604 168.9033377644763 92
1757434690670 168.9005601713403 93
1757434690724 168.89780981823344 94
1757434690779 168.89508642064348 95
1757434690838 168.89238969713875 96
1757434690904 168.8897193693343 97
1757434690966 168.88707516185775 98
1757434691043 168.88445680231624 99
1757434691104 168.88186402126288 100
1757434691157 168.87929655216462 101
1757434691207 168.8767541313694 102
1757434691256 168.87423649807494 103
1757434691305 168.87174339429623 104
1757434691352 168.8692745648352 105
1757434691398 168.8668297572492 106
1757434691444 168.86440872182092 107
1757434691490 168.86201121152794 108
1757434691535 168.85963698201303 109
1757434691582 168.8572857915546 110
1757434691629 168.8549574010377 111
1757434691680 168.85265157392485 112
1757434691726 168.85036807622785 113
1757434691771 168.84810667647957 114
1757434691815 168.8458671457059 115
1757434691900 168.8436492573983 116
1757434692048 168.84145278748662 117
1757434692106 168.83927751431204 118
1757434692160 168.83712321860054 119
1757434692213 168.83498968343665 120
1757434692261 168.83287669423711 121
1757434692307 168.8307840387255 122
1757434692356 168.82871150690653 123
1757434692418 168.826658891041 124
1757434692473 168.82462598562097 125
1757434692526 168.82261258734496 126
1757434692577 168.82061849509378 127
1757434692625 168.8186435099065 128
1757434692686 168.8166874349567 129
1757434692733 168.81475007552876 130
1757434692781 168.81283123899476 131
1757434692831 168.8109307347916 132
1757434692881 168.8090483743981 133
1757434692929 168.80718397131247 134
1757434692977 168.80533734103037 135
