1757436008722 176.86774593810864 0
1757436008775 159.24860265198734 1
1757436008831 152.35511031920896 2
1757436008892 145.598840647413 3
1757436008943 139.3771047408119 4
1757436009032 133.62443828670024 5
1757436009112 128.3014265342293 6
1757436009205 123.37119302025344 7
1757436009284 118.80019369836937 8
1757436009363 114.55786655315133 9
1757436009430 110.61636520973246 10
1757436009514 106.95031412302075 11
1757436009567 103.5365860639887 12
1757436009635 100.35409974839482 13
1757436009706 97.38363578631514 14
1757436009765 94.60766928964172 15
1757436009828 92.01021762609716 16
1757436009879 89.57670194559783 17
1757436009941 87.29382122962357 18
1757436010007 85.14943772772791 19
1757436010071 83.13247274848818 20
1757436010129 81.23281186598089 21
1757436010187 79.44121868813423 22
1757436010247 77.7492564108231 23
1757436010318 76.14921645204502 24
1757436010375 74.63405352458209 25
1757436010441 73.19732656380005 26
1757436010526 71.83314498019011 27
1757436010578 70.5361197544 28
1757436010647 69.30131893627 29
1757436010711 68.12422714918141 30
1757436010794 67.00070873720186 31
1757436010872 65.92697422540265 32
1757436010953 64.89954979362646 33
1757436011019 63.91524949117053 34
1757436011081 62.97114994456847 35
1757436011162 62.06456733312667 36
1757436011236 61.19303642730335 37
1757436011312 60.35429150359508 38
1757436011381 59.546248966486026 39
1757436011449 58.76699152337124 40
1757436011512 58.0147537723279 41
1757436011582 57.28790907530399 42
1757436011637 56.584957600835466 43
1757436011717 55.90451543089943 44
1757436011772 55.245304636052346 45
1757436011841 54.60614423167961 46
1757436011921 53.985941936072564 47
1757436011999 53.383686658222025 48
1757436012048 52.79844164974135 49
1757436012106 52.22933826126266 50
1757436012165 51.675570249044 51
1757436012232 51.13638858242918 52
1757436012295 50.611096707262185 53
1757436012353 50.09904622441331 54
1757436012411 49.599632946262524 55
1757436012471 49.11229329733871 56
1757436012518 48.63650102836415 57
1757436012588 48.171764215726476 58
1757436012656 47.71762252092324 59
1757436012744 47.27364468681813 60
1757436012892 46.839426249633924 61
1757436013006 46.41458744750525 62
1757436013126 45.998771308139645 63
1757436013257 45.591641899704946 64
1757436013303 45.19288273048922 65
1757436013363 44.802195284177536 66
1757436013491 44.41929767877124 67
1757436013598 44.043923438249706 68
1757436013672 43.67582036705245 69
1757436013739 43.31474951834762 70
1757436013783 42.960484247862524 71
1757436013827 42.61280934578748 72
1757436013870 42.27152023993333 73
1757436013913 41.936422263932435 74
1757436013956 41.607329984827224 75
1757436013997 41.28406658489375 76
1757436014042 40.96646329300775 77
1757436014085 40.65435886127707 78
1757436014126 40.347599083045004 79
1757436014165 40.046036348714374 80
1757436014205 39.74952923615707 81
1757436014247 39.45794213276027 82
1757436014287 39.17114488642102 83
1757436014327 38.88901248303807 84
1757436014377 38.611424748266515 85
1757436014419 38.33826607149642 86
1757436014459 38.06942515019677 87
1757436014499 37.804794752928196 88
1757436014539 37.54427149947687 89
1757436014582 37.287755656697215 90
1757436014622 37.03515094877377 91
1757436014663 36.78636438072518 92
1757436014704 36.54130607407514 93
1757436014744 36.299889113708204 94
1757436014785 36.062029405013455 95
1757436014826 35.82764554049583 96
1757436014865 35.59665867510577 97
1757436014903 35.368992409601596 98
1757436014944 35.14457268131803 99
1757436014983 34.923327661767075 100
1757436015021 34.705187660546486 101
1757436015061 34.490085035075225 102
1757436015103 34.2779541057158 103
1757436015141 34.06873107588021 104
1757436015181 33.86235395675003 105
1757436015220 33.65876249627174 106
1757436015260 33.45789811211645 107
1757436015303 33.25970382831886 108
1757436015343 33.064124215333635 109
1757436015391 32.871105333268595 110
1757436015431 32.68059467807379 111
1757436015472 32.492541130483275 112
1757436015511 32.30689490752255 113
1757436015550 32.12360751640976 114
1757436015590 31.942631710692144 115
1757436015630 31.76392144847179 116
1757436015668 31.58743185258605 117
1757436015707 31.41311917261849 118
1757436015747 31.240940748625686 119
1757436015786 31.070854976474003 120
1757436015827 30.90282127468844 121
1757436015867 30.736800052722995 122
1757436015906 30.57275268056872 123
1757436015948 30.410641459621697 124
1757436015987 30.250429594739156 125
1757436016026 30.092081167416666 126
1757436016065 29.93556111002449 127
1757436016106 29.78083518104546 128
1757436016146 29.627869941260677 129
1757436016191 29.476632730833142 130
1757436016231 29.327091647242774 131
1757436016270 29.179215524029555 132
1757436016310 29.0329739103041 133
1757436016350 28.888337050988053 134
1757436016394 28.745275867748816 135
1757436016442 28.60376194059555 136
1757436016483 28.463767490105482 137
1757436016523 28.325265360251368 138
1757436016562 28.188229001802945 139
1757436016622 28.05263245627663 140
1757436016672 27.918450340409514 141
1757436016735 27.785657831134838 142
1757436016779 27.65423065103771 143
1757436016822 27.52414505427088 144
1757436016866 27.39537781291154 145
1757436016907 27.267906203741344 146
1757436016949 27.141707995432455 147
1757436016993 27.016761436123826 148
1757436017036 26.8930452413723 149
1757436017078 26.770538582464255 150
1757436017122 26.649221075074088 151
1757436017163 26.52907276825649 152
1757436017206 26.410074133760293 153
1757436017247 26.292206055652112 154
1757436017286 26.175449820238562 155
1757436017326 26.05978710627655 156
1757436017367 25.945199975461325 157
1757436017413 25.831670863182815 158
1757436017523 25.719182569540866 159
1757436017627 25.607718250610645 160
1757436017721 25.49726140994974 161
1757436017808 25.38779589033894 162
1757436017909 25.279305865748903 163
1757436017982 25.171775833525416 164
1757436018059 25.065190606786032 165
1757436018141 24.959535307021486 166
1757436018209 24.85479535689512 167
1757436018276 24.750956473234268 168
1757436018350 24.648004660207505 169
1757436018405 24.545926202681986 170
1757436018475 24.444707659755263 171
1757436018547 24.34433585845642 172
1757436018637 24.244797887611153 173
1757436018703 24.14608109186596 174
1757436018781 24.048173065866745 175
1757436018840 23.95106164858707 176
1757436018921 23.85473491780171 177
1757436019029 23.759181184701315 178
1757436019114 23.664388988643903 179
1757436019211 23.570347092039306 180
1757436019286 23.47704447536268 181
1757436019381 23.384470332293464 182
1757436019450 23.292614064976032 183
1757436019505 23.201465279398736 184
1757436019572 23.111013780887927 185
1757436019647 23.02124956971369 186
1757436019712 22.93216283680418 187
1757436019786 22.843743959565636 188
1757436019840 22.75598349780492 189
1757436019908 22.668872189751955 190
1757436019998 22.582400948179192 191
1757436020075 22.49656085661553 192
1757436020139 22.411343165652013 193
1757436020193 22.326739289336903 194
1757436020246 22.242740801657654 195
1757436020313 22.159339433107487 196
1757436020402 22.076527067334233 197
1757436020512 21.994295737869304 198
1757436020581 21.912637624934607 199
1757436020641 21.831545052325406 200
1757436020711 21.751010484366976 201
1757436020806 21.671026522943293 202
1757436020895 21.591585904595693 203
1757436020982 21.512681497689783 204
1757436021049 21.434306299648803 205
1757436021117 21.356453434251577 206
1757436021205 21.27911614899362 207
1757436021280 21.20228781250954 208
1757436021348 21.125961912055295 209
1757436021409 21.05013205104869 210
1757436021485 20.974791946666674 211
1757436021561 20.899935427497926 212
1757436021669 20.82555643124939 213
1757436021750 20.751649002505324 214
1757436021885 20.6782072905376 215
1757436021972 20.605225547165876 216
1757436022044 20.532698124666457 217
1757436022121 20.46061947372858 218
1757436022191 20.388984141456973 219
1757436022315 20.3177867694195 220
1757436022383 20.247022091738703 221
1757436022446 20.17668493322637 222
1757436022519 20.106770207559766 223
1757436022574 20.037272915498754 224
1757436022632 19.968188143142616 225
1757436022736 19.899511060225702 226
1757436022818 19.831236918450944 227
1757436022908 19.76336104986024 228
1757436023000 19.695878865240875 229
1757436023098 19.628785852567127 230
1757436023190 19.562077575476074 231
1757436023272 19.49574967177691 232
1757436023392 19.429797851992912 233
1757436023543 19.364217897935237 234
1757436023691 19.29900566130784 235
1757436023813 19.23415706234271 236
1757436023901 19.169668088464746 237
1757436024026 19.10553479298556 238
1757436024126 19.04175329382545 239
1757436024206 18.978319772263006 240
1757436024277 18.915230471711524 241
1757436024351 18.85248169652177 242
1757436024402 18.79006981081032 243
1757436024453 18.727991237312985 244
1757436024514 18.666242456262662 245
1757436024575 18.604820004291067 246
1757436024626 18.543720473353797 247
1757436024673 18.482940509678155 248
1757436024721 18.422476812733226 249
1757436024770 18.36232613422169 250
1757436024817 18.30248527709282 251
1757436024865 18.242951094576288 252
1757436024911 18.183720489236137 253
1757436024956 18.124790412044632 254
1757436025001 18.066157861475364 255
1757436025047 18.007819882615287 256
1757436025093 17.949773566295224 257
1757436025140 17.89201604823837 258
1757436025186 17.834544508226475 259
1757436025232 17.777356169283212 260
1757436025277 17.720448296874377 261
1757436025321 17.663818198124588 262
1757436025367 17.60746322105003 263
1757436025412 17.551380753806914 264
1757436025458 17.495568223955352 265
1757436025503 17.440023097738205 266
1757436025547 17.38474287937464 267
1757436025600 17.329725110368038 268
1757436025649 17.27496736882796 269
1757436025694 17.220467268805802 270
1757436025741 17.16622245964392 271
1757436025786 17.112230625337833 272
1757436025830 17.058489483911295 273
1757436025873 17.00499678680391 274
1757436025918 16.951750318271 275
1757436025962 16.8987478947955 276
1757436026006 16.845987364511604 277
1757436026051 16.793466606639882 278
1757436026096 16.74118353093362 279
1757436026143 16.689136077136176 280
1757436026187 16.637322214449075 281
1757436026232 16.585739941010623 282
1757436026276 16.5343872833848 283
1757436026318 16.483262296060254 284
1757436026362 16.43236306095911 285
1757436026404 16.381687686955424 286
1757436026449 16.331234309403108 287
1757436026491 16.281001089673016 288
1757436026535 16.23098621469912 289
1757436026585 16.181187896533515 290
1757436026633 16.131604371910058 291
1757436026676 16.08223390181646 292
1757436026720 16.033074771074734 293
1757436026764 15.984125287929682 294
1757436026809 15.935383783645351 295
1757436026852 15.886848612109272 296
1757436026895 15.838518149444283 297
1757436026941 15.790390793627838 298
1757436026988 15.74246496411858 299
1757436027038 15.694739101490061 300
1757436027083 15.64721166707145 301
1757436027129 15.599881142595114 302
1757436027176 15.552746029850873 303
1757436027226 15.505804850346813 304
1757436027276 15.45905614497656 305
1757436027320 15.412498473692835 306
1757436027364 15.366130415187154 307
1757436027409 15.319950566575592 308
1757436027452 15.273957543090468 309
1757436027505 15.22814997777777 310
1757436027551 15.182526521200316 311
1757436027606 15.13708584114645 312
1757436027654 15.091826622344158 313
1757436027699 15.04674756618056 314
1757436027745 15.001847390426594 315
1757436027796 14.957124828966824 316
1757436027883 14.912578631534283 317
1757436027948 14.868207563450202 318
1757436028014 14.824010405368576 319
1757436028077 14.779985953025422 320
1757436028142 14.7361330169927 321
1757436028191 14.692450422436709 322
1757436028247 14.648937008880967 323
1757436028294 14.605591629973421 324
1757436028341 14.562413153257923 325
1757436028389 14.519400459949878 326
1757436028468 14.476552444716 327
1757436028584 14.433868015458081 328
1757436028660 14.391346093100656 329
1757436028716 14.348985611382586 330
1757436028776 14.306785516652372 331
1757436028859 14.2647447676672 332
1757436028958 14.22286233539559 333
1757436029048 14.181137202823646 334
1757436029106 14.13956836476476 335
1757436029180 14.098154827672769 336
1757436029256 14.05689560945843 337
1757436029337 14.01578973930921 338
1757436029422 13.97483625751231 339
1757436029504 13.934034215280832 340
1757436029577 13.893382674583055 341
1757436029678 13.852880707974741 342
1757436029776 13.812527398434453 343
1757436029840 13.772321839201762 344
1757436029909 13.732263133618346 345
1757436029977 13.692350394971884 346
1757436030068 13.652582746342743 347
1757436030162 13.612959320453317 348
1757436030238 13.573479259520076 349
1757436030299 13.53414171510816 350
1757436030387 13.49494584798859 351
1757436030461 13.455890827997925 352
1757436030531 13.416975833900423 353
1757436030603 13.378200053252574 354
1757436030673 13.33956268227002 355
1757436030740 13.30106292569679 356
1757436030806 13.26269999667681 357
1757436030868 13.224473116627633 358
1757436030932 13.186381515116386 359
1757436030995 13.148424429737833 360
1757436031060 13.110601105994576 361
1757436031137 13.07291079717932 362
1757436031238 13.035352764259132 363
1757436031298 12.997926275761749 364
1757436031375 12.960630607663795 365
1757436031454 12.923465043280956 366
1757436031560 12.886428873159982 367
1757436031650 12.849521394972593 368
1757436031769 12.812741913411173 369
1757436031877 12.776089740086237 370
1757436031988 12.739564193425661 371
1757436032076 12.703164598575604 372
1757436032137 12.666890287303147 373
1757436032216 12.630740597900536 374
1757436032301 12.594714875091096 375
1757436032392 12.558812469936688 376
1757436032472 12.523032739746784 377
1757436032548 12.48737504798901 378
1757436032633 12.451838764201256 379
1757436032711 12.416423263905198 380
1757436032784 12.38112792852135 381
1757436032863 12.345952145285462 382
1757436032935 12.310895307166371 383
1757436033017 12.275956812785198 384
1757436033083 12.241136066335889 385
1757436033150 12.206432477507114 386
1757436033238 12.171845461405411 387
1757436033325 12.137374438479664 388
1757436033403 12.103018834446788 389
1757436033463 12.068778080218651 390
1757436033560 12.03465161183024 391
1757436033662 12.000638870368965 392
1757436033738 11.96673930190516 393
1757436033833 11.932952357423716 394
1757436033973 11.89927749275683 395
1757436034104 11.865714168517886 396
1757436034249 11.832261850036367 397
1757436034365 11.798920007293901 398
1757436034457 11.765688114861284 399
1757436034554 11.732565651836577 400
1757436034652 11.699552101784176 401
1757436034748 11.666646952674927 402
1757436034826 11.633849696827145 403
1757436034922 11.60115983084861 404
1757436035001 11.568576855579561 405
1757436035113 11.53610027603652 406
1757436035192 11.503729601357076 407
1757436035255 11.471464344745556 408
1757436035323 11.439304023419568 409
1757436035389 11.407248158557369 410
1757436035460 11.375296275246127 411
1757436035534 11.343447902430992 412
1757436035646 11.31170257286496 413
1757436035772 11.28005982305956 414
1757436035856 11.248519193236353 415
1757436035924 11.217080227279123 416
1757436035992 11.1857424726869 417
1757436036083 11.154505480527733 418
1757436036161 11.123368805393104 419
1757436036227 11.092332005353194 420
1757436036306 11.061394641912738 421
1757436036378 11.030556279967664 422
1757436036482 10.999816487762327 423
1757436036563 10.969174836847527 424
1757436036629 10.93863090203907 425
1757436036705 10.90818426137705 426
1757436036786 10.877834496085763 427
1757436036865 10.847581190534209 428
1757436036958 10.817423932197247 429
1757436037043 10.78736231161735 430
1757436037104 10.757395922366918 431
1757436037181 10.727524361011236 432
1757436037284 10.697747227071945 433
1757436037374 10.66806412299114 434
1757436037470 10.638474654095933 435
1757436037552 10.60897842856369 436
1757436037647 10.579575057387672 437
1757436037721 10.550264154343283 438
1757436037806 10.521045335954826 439
1757436037887 10.491918221462742 440
1757436037974 10.46288243279138 441
1757436038053 10.433937594517213 442
1757436038153 10.405083333837613 443
1757436038237 10.376319280540027 444
1757436038312 10.347645066971657 445
1757436038409 10.3190603280096 446
1757436038479 10.290564701031437 447
1757436038573 10.26215782588624 448
1757436038664 10.233839344866064 449
1757436038731 10.205608902677845 450
1757436038804 10.177466146415686 451
1757436038886 10.14941072553364 452
1757436038956 10.121442291818807 453
1757436039046 10.093560499364909 454
1757436039125 10.06576500454621 455
1757436039221 10.038055465991851 456
1757436039298 10.010431544560564 457
1757436039360 9.982892903315753 458
1757436039472 9.955439207500934 459
1757436039664 9.928070124515566 460
1757436039766 9.900785323891224 461
1757436039912 9.873584477268116 462
1757436040001 9.846467258371963 463
1757436040073 9.819433342991193 464
1757436040181 9.792482408954495 465
1757436040291 9.765614136108706 466
1757436040396 9.738828206296965 467
1757436040469 9.712124303337271 468
1757436040522 9.685502113001274 469
1757436040575 9.658961322993418 470
1757436040627 9.632501622930398 471
1757436040677 9.60612270432085 472
1757436040730 9.579824260545415 473
1757436040780 9.553605986837034 474
1757436040831 9.527467580261538 475
1757436040881 9.501408739698535 476
1757436040934 9.475429165822554 477
1757436040985 9.449528561084456 478
1757436041035 9.423706629693129 479
1757436041086 9.397963077597423 480
1757436041136 9.372297612468342 481
1757436041188 9.346709943681523 482
1757436041240 9.321199782299903 483
1757436041289 9.295766841056688 484
1757436041338 9.27041083433853 485
1757436041388 9.245131478168954 486
1757436041438 9.219928490191998 487
1757436041487 9.194801589656114 488
1757436041536 9.169750497398269 489
1757436041585 9.144774935828272 490
1757436041635 9.11987462891332 491
1757436041684 9.09504930216278 492
1757436041734 9.070298682613142 493
1757436041782 9.045622498813206 494
1757436041830 9.021020480809469 495
1757436041878 8.996492360131725 496
1757436041936 8.972037869778827 497
1757436041984 8.947656744204687 498
1757436042032 8.92334871930444 499
