1757487191125 168.9570263390303 0
1757487191155 168.9525501814124 1
1757487191184 168.95027710840156 2
1757487191214 168.9480192517213 3
1757487191243 168.9457881889 4
1757487191274 168.9435835341316 5
1757487191305 168.94140497231132 6
1757487191362 168.93925219177177 7
1757487191401 168.9371248846173 8
1757487191439 168.93502274667577 9
1757487191475 168.93294547745296 10
1757487191506 168.9308927800876 11
1757487191536 168.92886436130684 12
1757487191566 168.9268599313824 13
1757487191599 168.92487920408718 14
1757487191631 168.92292189665244 15
1757487191661 168.92098772972557 16
1757487191692 168.91907642732815 17
1757487191722 168.9171877168148 18
1757487191755 168.9153213288325 19
1757487191796 168.91347699728018 20
1757487191827 168.91165445926916 21
1757487191858 168.9098534550836 22
1757487191889 168.90807372814214 23
1757487191921 168.90631502495924 24
1757487191951 168.90457709510753 25
1757487191981 168.90285969118045 26
1757487192012 168.90116256875535 27
1757487192041 168.89948548635698 28
1757487192072 168.89782820542166 29
1757487192102 168.89619049026155 30
1757487192132 168.89457210802962 31
1757487192162 168.89297282868512 32
1757487192194 168.8913924249591 33
1757487192225 168.88983067232076 34
1757487192256 168.88828734894392 35
1757487192289 168.88676223567418 36
1757487192356 168.88525511599622 37
1757487192412 168.88376577600158 38
1757487192480 168.88229400435705 39
1757487192536 168.8808395922732 40
1757487192569 168.87940233347308 41
1757487192599 168.8779820241622 42
1757487192629 168.87657846299774 43
1757487192660 168.87519145105884 44
1757487192691 168.8738207918173 45
1757487192722 168.8724662911081 46
1757487192754 168.8711277571009 47
1757487192789 168.8698050002714 48
1757487192821 168.8684978333734 49
1757487192851 168.867206071411 50
1757487192882 168.86592953161124 51
1757487192912 168.86466803339704 52
1757487192944 168.86342139836037 53
1757487192975 168.8621894502361 54
1757487193006 168.86097201487573 55
1757487193037 168.85976892022165 56
1757487193072 168.8585799962818 57
1757487193103 168.85740507510457 58
1757487193134 168.85624399075377 59
1757487193165 168.8550965792845 60
1757487193196 168.85396267871855 61
1757487193227 168.8528421290208 62
1757487193259 168.8517347720754 63
1757487193291 168.8506404516626 64
1757487193322 168.84955901343565 65
1757487193352 168.8484903048981 66
1757487193383 168.84743417538112 67
1757487193414 168.8463904760217 68
1757487193446 168.8453590597403 69
1757487193480 168.84433978121945 70
1757487193514 168.84333249688234 71
1757487193547 168.8423370648717 72
1757487193578 168.84135334502875 73
1757487193609 168.8403811988729 74
1757487193640 168.83942048958107 75
1757487193670 168.83847108196792 76
1757487193702 168.8375328424657 77
1757487193733 168.8366056391047 78
1757487193764 168.8356893414941 79
1757487193805 168.83478382080244 80
1757487193837 168.8338889497392 81
1757487193869 168.8330046025356 82
1757487193900 168.8321306549266 83
1757487193931 168.8312669841324 84
1757487193964 168.83041346884062 85
1757487193995 168.82956998918843 86
1757487194026 168.8287364267451 87
1757487194057 168.82791266449448 88
1757487194090 168.82709858681804 89
1757487194127 168.82629407947792 90
1757487194159 168.8254990296002 91
1757487194190 168.82471332565834 92
