1757503233268 173.86210667939125 0
1757503233320 170.35007580230075 1
1757503233373 165.2501718429404 2
1757503233428 169.0123712228651 3
1757503233487 168.380447124956 4
1757503233541 167.9560975480271 5
1757503233596 167.5612467790613 6
1757503233649 167.0490421522925 7
1757503233710 168.12694951182618 8
1757503233779 170.2023361658721 9
1757503233837 171.73077428906512 10
1757503233897 168.38970934973017 11
1757503233952 169.95869318839962 12
1757503234008 169.5276285370868 13
1757503234119 168.6819956115128 14
1757503234184 168.33435419560377 15
1757503234255 168.65428058749762 16
1757503234313 167.20198921955162 17
1757503234371 169.65713940147884 18
1757503234438 168.30370512824754 19
1757503234493 165.86814094706693 20
1757503234547 169.95079320346773 21
1757503234612 172.6046449210811 22
1757503234665 168.47248894459042 23
1757503234716 168.47608821207152 24
1757503234769 169.08252157662537 25
1757503234829 170.3329100660941 26
1757503234894 167.84037446231886 27
1757503234954 167.86720737030518 28
1757503235009 166.3108883001753 29
1757503235061 169.94087975995208 30
1757503235116 168.048795660322 31
1757503235169 166.17218586816293 32
1757503235230 170.05038255788324 33
1757503235284 167.9223008285235 34
1757503235336 168.20353236158925 35
1757503235390 165.81016043071065 36
1757503235444 169.25932680315793 37
1757503235497 169.1810664454503 38
1757503235552 170.44841433887282 39
1757503235609 168.78897327649977 40
1757503235664 169.9703842220089 41
1757503235717 168.69824546793728 42
1757503235784 167.29960682069338 43
1757503235836 169.7627892644466 44
1757503235891 166.50022193880267 45
1757503235944 167.70604449460004 46
1757503235998 164.3142694498454 47
1757503236052 166.02734270647963 48
1757503236108 167.68861725395695 49
1757503236163 166.513723715356 50
1757503236217 168.87772715606079 51
1757503236278 168.36636630133242 52
1757503236333 168.4400829118794 53
1757503236388 168.45263252693667 54
1757503236443 165.52927087507058 55
1757503236498 167.9842764098109 56
1757503236554 167.87954985645143 57
1757503236609 169.9396911963936 58
1757503236664 168.7932520309467 59
1757503236719 169.24820595532316 60
1757503236775 168.9204894043908 61
1757503236828 167.4507094512805 62
1757503236882 168.92322385480776 63
1757503236937 171.06140431335064 64
1757503236990 168.261554357783 65
1757503237044 165.5572900616327 66
1757503237098 169.93402140636522 67
1757503237155 168.275341377791 68
1757503237209 168.93091991337653 69
1757503237268 166.98347122623963 70
