1757335714791 150.47185062096378 0
1757335714828 137.3967195913667 1
1757335714881 132.22038583328168 2
1757335714938 127.1204849773436 3
1757335715043 122.38875639362858 4
1757335715171 117.98330423699335 5
1757335715318 113.8790623881786 6
1757335715380 110.05146519347724 7
1757335715411 106.47947816487508 8
1757335715451 103.14253565320362 9
1757335715557 100.02226898694629 10
1757335715617 97.10180747521446 11
1757335715662 94.36563615957186 12
1757335715697 91.79951564705257 13
1757335715740 89.39037360004036 14
1757335715801 87.12620736259078 15
1757335715837 84.99599467158556 16
1757335715893 82.98961187514708 17
1757335715976 81.09775902117131 18
1757335716036 79.31189123760042 19
1757335716093 77.62415587458221 20
1757335716151 76.02733492334032 21
1757335716206 74.51479226747516 22
1757335716251 73.08042535986513 23
1757335716300 71.71862095262817 24
1757335716356 70.42421453900226 25
1757335716450 69.19245319475573 26
1757335716507 68.01896153306382 27
1757335716567 66.89971051089607 28
1757335716632 65.83098884703234 29
1757335716685 64.80937683203865 30
1757335716729 63.83172232904235 31
1757335716775 62.89511878109464 32
1757335716835 61.996885056426834 33
1757335716880 61.13454697711834 34
1757335716929 60.30582038970636 35
1757335717031 59.50859564818302 36
1757335717142 58.74092339073711 37
1757335717213 58.001001501588405 38
1757335717299 57.287163158412056 39
1757335717397 56.59786587422808 40
1757335717478 55.931681450302925 41
1757335717573 55.28728676363514 42
1757335717654 54.66345531903001 43
1757335717730 54.05904950165916 44
1757335717812 53.47855350761562 45
1757335717872 52.91267114772634 46
1757335717937 52.36324112852228 47
1757335718036 51.82941847137745 48
1757335718128 51.31040785787604 49
1757335718246 50.80547053423702 50
1757335718367 50.31391811821521 51
1757335718421 49.83510875655965 52
1757335718486 49.368443498243764 53
1757335718560 48.91336296983239 54
1757335718647 48.469344322759234 55
1757335718708 48.03589843006057 56
1757335718764 47.612567311754496 57
1757335718824 47.1989217698139 58
1757335718897 46.794559215280245 59
1757335718955 46.39910167153066 60
1757335719028 46.012193939052075 61
1757335719096 45.633501908304915 62
1757335719150 45.26271100838432 63
1757335719220 44.89952478021723 64
1757335719266 44.54366356397773 65
1757335719330 44.194863291267254 66
1757335719382 43.85287437339807 67
1757335719437 43.51746067784391 68
1757335719506 43.188398585584935 69
1757335719570 42.86547612268362 70
1757335719631 42.548492159984185 71
1757335719824 42.23725567533951 72
1757335719908 41.931585073236015 73
1757335719954 41.631307557115974 74
1757335720015 41.33625855008816 75
1757335720064 41.04628116007766 76
1757335720113 40.76122568579409 77
1757335720164 40.48094916019954 78
1757335720220 40.20531492843327 79
1757335720269 39.93419225740348 80
1757335720320 39.66745597448788 81
1757335720358 39.40498613299759 82
1757335720447 39.14666770225302 83
1757335720573 38.89239028029874 84
1757335720644 38.64204782744782 85
1757335720733 38.39553841899541 86
1757335720787 38.152764015578875 87
1757335720901 37.91363024978687 88
1757335720965 37.67804622773543 89
1757335721026 37.445924344434225 90
1757335721085 37.21718011186311 91
1757335721153 36.99173199876738 92
1757335721210 36.76950128126188 93
1757335721278 36.5504119034079 94
1757335721340 36.33439034699552 95
1757335721398 36.12136550982651 96
1757335721453 35.91126859185007 97
1757335721503 35.70403298855642 98
1757335721545 35.49959419108148 99
1757335721610 35.29788969251989 100
1757335721651 35.09885889998432 101
1757335721727 34.902443051986275 102
1757335721793 34.708585140747324 103
1757335721870 34.517229839081324 104
1757335721936 34.32832343151679 105
1757335721995 34.14181374935474 106
1757335722062 33.95765010938165 107
1757335722100 33.77578325597927 108
1757335722147 33.596165306393296 109
1757335722202 33.4187496989417 110
1757335722244 33.24349114396058 111
1757335722322 33.07034557730101 112
1757335722387 32.89927011620505 113
1757335722447 32.730223017402174 114
1757335722524 32.563163637279466 115
1757335722567 32.398052393990504 116
1757335722627 32.234850731377556 117
1757335722680 32.07352108459181 118
1757335722736 31.914026847304367 119
1757335722832 31.756332340409443 120
1757335722977 31.600402782127833 121
1757335723114 31.446204259426022 122
1757335723166 31.293703700672246 123
1757335723209 31.142868849456516 124
1757335723247 30.993668239507098 125
1757335723355 30.846071170640503 126
1757335723420 30.70004768568672 127
1757335723486 30.55556854833545 128
1757335723542 30.412605221852818 129
1757335723611 30.271129848621715 130
1757335723685 30.13111523046194 131
1757335723745 29.99253480968941 132
1757335723796 29.855362650876394 133
1757335723847 29.719573423277293 134
1757335723896 29.585142383886755 135
1757335723958 29.45204536109917 136
1757335723995 29.320258738940492 137
1757335724095 29.189759441845247 138
1757335724178 29.060524919953227 139
1757335724274 28.93253313490203 140
1757335724345 28.80576254609307 141
1757335724415 28.680192097409815 142
1757335724486 28.555801204368652 143
1757335724548 28.432569741683704 144
1757335724620 28.310478031227824 145
1757335724711 28.189506830373546 146
1757335724794 28.06963732069814 147
1757335724862 27.950851097038072 148
1757335724936 27.833130156878955 149
1757335725017 27.71645689006779 150
1757335725113 27.600814068835003 151
1757335725187 27.486184838114415 152
1757335725242 27.372552706149975 153
1757335725323 27.259901535378543 154
1757335725439 27.148215533578625 155
1757335725567 27.03747924527546 156
1757335725712 26.927677543393187 157
1757335725775 26.818795621145572 158
1757335725859 26.71081898415674 159
1757335725966 26.603733442804128 160
1757335726046 26.497525104776106 161
1757335726107 26.392180367836914 162
1757335726160 26.2876859127921 163
1757335726213 26.184028696647832 164
1757335726281 26.08119594595767 165
1757335726576 25.9791751503509 166
1757335726629 25.877954056236394 167
1757335726677 25.77752066067664 168
1757335726726 25.677863205426423 169
1757335726792 25.578970171131147 170
1757335726838 25.48083027167972 171
1757335726908 25.383432448707428 172
1757335726964 25.286765866244025 173
1757335727027 25.190819905502895 174
1757335727073 25.095584159806783 175
1757335727167 25.00104842964625 176
1757335727234 24.907202717866767 177
1757335727296 24.814037224980748 178
1757335727350 24.72154234460087 179
1757335727419 24.62970865899105 180
1757335727479 24.538526934731813 181
1757335727563 24.447988118496685 182
1757335727648 24.358083332936452 183
1757335727731 24.268803872668183 184
1757335727810 24.180141200366158 185
1757335727882 24.09208694295166 186
1757335727959 24.004632887879023 187
1757335728022 23.917770979515165 188
1757335728089 23.831493315609972 189
1757335728179 23.745792143855112 190
1757335728287 23.660659858528785 191
1757335728396 23.576088997224034 192
1757335728461 23.49207223765835 193
1757335728522 23.408602394562347 194
1757335728580 23.325672416645414 195
1757335728661 23.24327538363613 196
1757335728717 23.16140450339554 197
1757335728779 23.080053109101303 198
1757335728858 22.999214656500758 199
1757335728909 22.91888272123114 200
1757335728973 22.839050996205124 201
1757335729028 22.75971328905991 202
1757335729089 22.68086351966823 203
1757335729155 22.602495717709626 204
1757335729210 22.52460402030042 205
1757335729286 22.44718266968072 206
1757335729348 22.37022601095716 207
1757335729424 22.29372848989977 208
1757335729495 22.217684650791544 209
1757335729585 22.14208913432947 210
1757335729698 22.066936675575594 211
1757335729770 21.992222101956727 212
1757335729844 21.917940331311815 213
1757335729902 21.844086369985366 214
1757335729977 21.77065531096609 215
1757335730038 21.697642332069385 216
1757335730096 21.625042694162598 217
1757335730176 21.552851739431933 218
1757335730252 21.4810648896901 219
1757335730309 21.40967764472338 220
1757335730373 21.33868558067739 221
1757335730426 21.268084348480357 222
1757335730485 21.1978696723031 223
1757335730619 21.128037348054633 224
1757335730738 21.058583241912665 225
1757335730856 20.989503288887995 226
1757335730928 20.920793491421964 227
1757335731025 20.85244991801617 228
1757335731088 20.7844687018936 229
1757335731147 20.716846039690505 230
1757335731200 20.649578190177976 231
1757335731264 20.582661473012838 232
1757335731328 20.516092267516857 233
1757335731383 20.449867011483697 234
1757335731435 20.383982200012856 235
1757335731498 20.31843438436998 236
1757335731569 20.253220170872893 237
1757335731680 20.18833621980264 238
1757335731765 20.123779244339048 239
1757335731848 20.059546009520044 240
1757335731936 19.995633331224308 241
1757335732001 19.932038075176614 242
1757335732042 19.868757155975274 243
1757335732084 19.80578753614114 244
1757335732120 19.743126225187837 245
1757335732161 19.680770278712338 246
1757335732219 19.618716797505765 247
1757335732345 19.556962926683685 248
1757335732421 19.495505854835518 249
1757335732458 19.434342813192604 250
1757335732493 19.373471074814425 251
1757335732528 19.312887953792604 252
1757335732562 19.2525908044722 253
1757335732601 19.192577020689978 254
1757335732637 19.132844035029088 255
1757335732670 19.07338931808994 256
1757335732887 19.014210377776756 257
1757335732917 18.955304758599464 258
1757335732948 18.896670040990678 259
1757335732990 18.83830384063715 260
1757335733055 18.780203807825647 261
1757335733108 18.72236762680273 262
1757335733175 18.664793015148096 263
1757335733207 18.607477723161328 264
1757335733236 18.550419533261532 265
1757335733265 18.493616259399733 266
1757335733294 18.437065746483587 267
1757335733323 18.380765869814255 268
1757335733354 18.324714534535016 269
1757335733384 18.26890967509154 270
1757335733413 18.213349254703267 271
1757335733441 18.15803126484595 272
1757335733471 18.10295372474485 273
1757335733500 18.048114680878502 274
1757335733528 17.993512206492706 275
1757335733558 17.939144401124558 276
1757335733587 17.88500939013629 277
1757335733617 17.831105324258676 278
1757335733646 17.777430379143787 279
1757335733675 17.723982754926926 280
1757335733705 17.6707606757974 281
1757335733734 17.617762389578157 282
1757335733763 17.56498616731384 283
1757335733793 17.51243030286726 284
1757335733822 17.460093112523932 285
1757335733852 17.40797293460471 286
1757335733882 17.356068129086076 287
1757335733912 17.304377077228107 288
1757335733941 17.252898181209893 289
1757335733970 17.201629863772194 290
1757335734010 17.15057056786724 291
1757335734039 17.099718756315475 292
1757335734069 17.049072911469104 293
1757335734098 16.998631534882282 294
1757335734128 16.948393146987826 295
1757335734157 16.898356286780256 296
1757335734187 16.84851951150508 297
1757335734219 16.79888139635414 298
1757335734248 16.749440534166933 299
1757335734278 16.70019553513773 300
1757335734307 16.65114502652837 301
1757335734337 16.602287652386686 302
1757335734367 16.553622073270294 303
1757335734397 16.505146965975758 304
1757335734427 16.45686102327297 305
1757335734457 16.40876295364459 306
1757335734486 16.360851481030526 307
1757335734516 16.31312534457727 308
1757335734546 16.26558329839199 309
1757335734576 16.218224111301346 310
1757335734606 16.17104656661482 311
1757335734636 16.1240494618926 312
1757335734667 16.077231608717767 313
1757335734697 16.030591832472812 314
1757335734726 15.984128972120342 315
1757335734756 15.937841879987907 316
1757335734786 15.891729421556835 317
1757335734816 15.845790475255004 318
1757335734846 15.80002393225345 319
1757335734877 15.754428696266817 320
1757335734907 15.70900368335741 321
1757335734936 15.663747821742923 322
1757335734966 15.618660051607717 323
1757335735009 15.57373932491751 324
1757335735041 15.528984605237527 325
1757335735071 15.484394867553936 326
1757335735102 15.439969098098542 327
1757335735132 15.395706294176703 328
1757335735162 15.351605463998348 329
1757335735194 15.307665626512039 330
1757335735224 15.263885811242071 331
1757335735259 15.220265058128465 332
1757335735300 15.176802417369895 333
1757335735331 15.133496949269357 334
1757335735362 15.090347724082676 335
1757335735393 15.047353821869667 336
1757335735424 15.004514332347963 337
1757335735454 14.961828354749446 338
1757335735484 14.919294997679222 339
1757335735514 14.876913378977063 340
1757335735549 14.834682625581346 341
1757335735583 14.792601873395348 342
1757335735614 14.750670267155884 343
1757335735653 14.708886960304273 344
1757335735697 14.667251114859546 345
1757335735733 14.625761901293867 346
1757335735769 14.584418498410098 347
1757335735810 14.543220093221553 348
1757335735909 14.50216588083374 349
1757335735974 14.461255064328236 350
1757335736031 14.420486854648505 351
1757335736072 14.379860470487708 352
1757335736112 14.339375138178408 353
1757335736151 14.299030091584198 354
1757335736212 14.258824571993165 355
1757335736271 14.218757828013148 356
1757335736315 14.178829115468819 357
1757335736355 14.13903769730046 358
1757335736398 14.099382843464491 359
1757335736438 14.059863830835667 360
1757335736480 14.020479943110896 361
1757335736519 13.981230470714722 362
1757335736559 13.942114710706337 363
1757335736601 13.903131966688202 364
1757335736642 13.864281548716137 365
1757335736683 13.825562773210963 366
1757335736723 13.786974962871568 367
1757335736764 13.748517446589434 368
1757335736807 13.710189559364595 369
1757335736849 13.671990642222921 370
1757335736890 13.633920042134847 371
1757335736931 13.595977111935346 372
1757335736972 13.558161210245308 373
1757335737013 13.520471701394124 374
1757335737065 13.482907955343574 375
1757335737144 13.445469347612955 376
1757335737234 13.408155259205394 377
1757335737308 13.370965076535407 378
1757335737379 13.333898191357562 379
1757335737455 13.29695400069636 380
1757335737510 13.260131906777202 381
1757335737567 13.223431316958463 382
1757335737668 13.186851643664703 383
1757335737784 13.150392304320887 384
1757335737879 13.114052721287665 385
1757335738000 13.077832321797734 386
1757335738091 13.041730537893145 387
1757335738143 13.005746806363637 388
1757335738223 12.969880568685959 389
1757335738299 12.9341312709641 390
1757335738373 12.898498363870521 391
1757335738450 12.862981302588265 392
1757335738526 12.827579546754011 393
1757335738603 12.792292560401968 394
1757335738669 12.7571198119087 395
1757335738797 12.722060773938791 396
1757335738880 12.687114923391329 397
1757335738920 12.652281741347265 398
1757335738963 12.617560713017536 399
1757335739036 12.582951327692047 400
1757335739131 12.54845307868939 401
1757335739393 12.514065463307361 402
1757335739499 12.47978798277423 403
1757335739575 12.445620142200765 404
1757335739624 12.411561450532966 405
1757335739697 12.377611420505557 406
1757335739773 12.343769568596143 407
1757335739830 12.310035414980101 408
1757335739876 12.276408483486135 409
1757335739975 12.242888301552501 410
1757335740059 12.209474400183902 411
1757335740122 12.176166313909034 412
1757335740165 12.142963580738751 413
1757335740209 12.109865742124875 414
1757335740251 12.076872342919636 415
1757335740294 12.043982931335652 416
1757335740393 12.011197058906625 417
1757335740433 11.97851428044846 418
1757335740489 11.945934154021131 419
1757335740533 11.913456240890989 420
1757335740650 11.881080105493668 421
1757335740760 11.848805315397549 422
1757335740821 11.816631441267745 423
1757335740925 11.784558056830633 424
1757335740978 11.75258473883887 425
1757335741033 11.720711067036966 426
1757335741111 11.688936624127324 427
1757335741196 11.6572609957368 428
1757335741263 11.625683770383716 429
1757335741326 11.594204539445407 430
1757335741388 11.562822897126157 431
1757335741457 11.531538440425683 432
1757335741504 11.500350769108014 433
1757335741581 11.469259485670849 434
1757335741649 11.438264195315327 435
1757335741696 11.40736450591626 436
1757335741763 11.376560027992774 437
1757335741818 11.345850374679381 438
1757335741884 11.315235161697432 439
1757335741930 11.284714007327013 440
1757335742004 11.254286532379238 441
1757335742072 11.223952360168878 442
1757335742184 11.193711116487462 443
1757335742273 11.163562429576693 444
1757335742364 11.133505930102258 445
1757335742443 11.10354125112801 446
1757335742507 11.0736680280905 447
1757335742586 11.043885898773876 448
1757335742658 11.014194503285125 449
1757335742725 10.984593484029672 450
1757335742895 10.955082485687292 451
1757335743046 10.925661155188376 452
1757335743087 10.89632914169053 453
1757335743148 10.867086096555475 454
1757335743241 10.837931673326276 455
1757335743293 10.808865527704903 456
1757335743335 10.779887317530056 457
1757335743375 10.750996702755343 458
1757335743415 10.72219334542771 459
1757335743455 10.693476909666215 460
1757335743497 10.664847061641028 461
1757335743552 10.636303469552766 462
1757335743676 10.607845803612118 463
1757335743768 10.579473736019661 464
1757335743843 10.55118694094606 465
1757335743926 10.522985094512455 466
1757335744000 10.494867874771145 467
1757335744083 10.46683496168651 468
1757335744145 10.43888603711623 469
1757335744247 10.411020784792683 470
1757335744313 10.38323889030467 471
1757335744379 10.355540041079323 472
1757335744434 10.327923926364292 473
1757335744528 10.300390237210134 474
1757335744608 10.27293866645296 475
1757335744690 10.245568908697301 476
1757335744764 10.218280660299207 477
1757335744831 10.191073619349547 478
1757335744903 10.163947485657541 479
1757335744980 10.136901960734528 480
1757335745073 10.109936747777894 481
1757335745152 10.083051551655268 482
1757335745265 10.056246078888874 483
1757335745310 10.029520037640117 484
1757335745362 10.002873137694346 485
1757335745444 9.976305090445834 486
1757335745567 9.949815608882943 487
1757335745755 9.92340440757347 488
1757335745863 9.897071202650185 489
1757335746170 9.870815711796574 490
1757335746389 9.844637654232729 491
1757335746510 9.818536750701433 492
1757335746584 9.792512723454447 493
1757335746658 9.766565296238928 494
1757335746766 9.740694194284034 495
1757335746874 9.714899144287713 496
1757335746940 9.689179874403647 497
1757335747015 9.663536114228348 498
1757335747100 9.637967594788437 499
