1757432019968 167.19205657302714 0
1757432020020 166.02380549742364 1
1757432020066 165.36031186185716 2
1757432020115 164.69908108535762 3
1757432020170 164.04023424332695 4
1757432020234 163.383761211112 5
1757432020279 162.72965286393332 6
1757432020321 162.07790020341093 7
1757432020363 161.42849436150703 8
1757432020414 160.78142659863255 9
1757432020462 160.13668830181908 10
1757432020514 159.49427098291667 11
1757432020561 158.85416627681673 12
1757432020621 158.21636593969978 13
1757432020678 157.58086184730837 14
1757432020725 156.94764599324384 15
1757432020782 156.31671048728745 16
1757432020844 155.68804755374484 17
1757432020899 155.06164952981416 18
1757432020975 154.4375088639769 19
1757432021027 153.81561811441148 20
1757432021077 153.1959699474293 21
1757432021146 152.5785571359328 22
1757432021187 151.96337255789513 23
1757432021252 151.35040919486133 24
1757432021314 150.73966013047078 25
1757432021365 150.13111854900018 26
1757432021421 149.52477773392746 27
1757432021483 148.92063106651554 28
1757432021547 148.31867202441643 29
1757432021609 147.7188941802947 30
1757432021655 147.12129120047075 31
1757432021728 146.52585684358263 32
1757432021768 145.9325849592676 33
1757432021830 145.34146948686129 34
1757432021899 144.75250445411612 35
1757432021956 144.1656839759373 36
1757432022009 143.5810022531366 37
1757432022074 142.9984535712043 38
1757432022119 142.41803229909777 39
1757432022164 141.83973288804756 40
1757432022306 141.26354987038033 41
1757432022480 140.6894778583583 42
1757432022603 140.11751154303502 43
1757432022706 139.54764569312763 44
1757432022770 138.97987515390474 45
1757432022850 138.41419484609003 46
1757432022931 137.85059976478155 47
1757432022975 137.28908497838617 48
1757432023037 136.72964562756908 49
1757432023123 136.1722769242182 50
1757432023208 135.6169741504231 51
1757432023250 135.06373265746853 52
1757432023310 134.51254786484213 53
1757432023389 133.96341525925612 54
1757432023466 133.41633039368276 55
1757432023531 132.87128888640373 56
1757432023587 132.3282864200726 57
1757432023650 131.7873187407909 58
1757432023721 131.24838165719703 59
1757432023769 130.71192264064845 60
1757432023846 130.17680466788198 61
1757432023907 129.64443262796388 62
1757432023982 129.11384285267968 63
1757432024036 128.5852812157228 64
1757432024092 128.05874026282385 65
1757432024134 127.53421574774097 66
1757432024175 127.01170346410673 67
1757432024220 126.49119926961082 68
1757432024274 125.97269908488518 69
1757432024340 125.45619889258745 70
1757432024405 124.94169473649642 71
1757432024466 124.42918272062022 72
1757432024547 123.91865900831729 73
1757432024595 123.41011982143003 74
1757432024658 122.90356143943058 75
1757432024719 122.39898019857894 76
1757432024780 121.89637249109322 77
1757432024835 121.39573476433144 78
1757432024889 120.89706351998544 79
1757432024941 120.40035531328587 80
1757432024983 119.90560675221886 81
1757432025026 119.41281449675375 82
1757432025071 118.92197525808194 83
1757432025114 118.43308579786657 84
1757432025159 117.94614292750288 85
1757432025204 117.4611435073893 86
1757432025254 116.97808444620885 87
1757432025299 116.49696270022093 88
1757432025348 116.01777527256306 89
1757432025396 115.54051921256286 90
1757432025444 115.06519161505973 91
1757432025516 114.59178961973628 92
1757432025557 114.1203104104593 93
1757432025612 113.65075121463032 94
1757432025674 113.1831093025453 95
1757432025739 112.71738198676354 96
1757432025810 112.25356662148577 97
1757432025880 111.79166060194099 98
1757432025932 111.33166136378222 99
1757432025986 110.87356638249085 100
1757432026057 110.41737317278955 101
1757432026110 109.96307928806368 102
1757432026170 109.51068231979092 103
1757432026227 109.06017989697907 104
1757432026288 108.61156968561205 105
1757432026348 108.16484938810379 106
1757432026412 107.72001674275985 107
1757432026481 107.27706952324698 108
1757432026522 106.83600553807025 109
1757432026579 106.39682263005754 110
1757432026646 105.95951867585164 111
1757432026710 105.52409158540962 112
1757432026756 105.09053930150925 113
1757432026864 104.65885979926276 114
1757432026983 104.22905108563734 115
1757432027098 103.80111119898288 116
1757432027201 103.37503820856611 117
1757432027307 102.95083021411179 118
1757432027367 102.52848534535029 119
1757432027427 102.10800176157186 120
1757432027482 101.68937765118709 121
1757432027540 101.27261123129409 122
1757432027593 100.85770074725149 123
1757432027644 100.44464447225783 124
1757432027733 100.03344070693706 125
1757432027807 99.62408777892979 126
1757432027855 99.21658404249082 127
1757432027910 98.810927878092 128
1757432027954 98.40711769203132 129
1757432028007 98.00515191604718 130
1757432028053 97.6050290069387 131
1757432028100 97.20674744619106 132
1757432028145 96.81030573960669 133
1757432028200 96.41570241694137 134
1757432028262 96.02293603154602 135
1757432028346 95.63200516001332 136
1757432028395 95.24290840182962 137
1757432028468 94.85564437903193 138
1757432028520 94.4702117358697 139
1757432028579 94.08660913847164 140
1757432028644 93.70483527451742 141
1757432028710 93.3248888529139 142
1757432028763 92.94676860347634 143
1757432028818 92.57047327661394 144
1757432028882 92.19600164302025 145
1757432028943 91.82335249336782 146
1757432028985 91.45252463800738 147
1757432029040 91.0835169066714 148
1757432029085 90.716328148182 149
1757432029134 90.35095723016293 150
1757432029189 89.987403038756 151
1757432029252 89.62566447834129 152
1757432029330 89.2657404712618 153
1757432029382 88.90762995755189 154
1757432029430 88.55133189466957 155
1757432029481 88.19684525723308 156
1757432029555 87.8441690367608 157
1757432029629 87.49330224141536 158
1757432029681 87.14424389575126 159
1757432029762 86.7969930404662 160
1757432029816 86.45154873215614 161
1757432029889 86.10791004307383 162
1757432029944 85.7661061089564 163
1757432030013 85.42620381960779 164
1757432030076 85.08816217602052 165
1757432030132 84.75531544283459 166
1757432030204 84.42254613464198 167
1757432030268 84.09160226520645 168
1757432030359 83.76247312674089 169
1757432030415 83.43515762544841 170
1757432030486 83.1096546234191 171
1757432030565 82.78596300211973 172
1757432030631 82.46408166165615 173
1757432030675 82.14400952049375 174
1757432030738 81.82574551517843 175
1757432030805 81.50928860006177 176
1757432030855 81.1946377470304 177
1757432030976 80.88179194523903 178
1757432031112 80.5707502008475 179
1757432031204 80.26151153676167 180
1757432031282 79.9540749923781 181
1757432031328 79.6484396233324 182
1757432031387 79.34460450125128 183
1757432031459 79.0425687135083 184
1757432031533 78.74233136298295 185
1757432031592 78.44389156782358 186
1757432031655 78.14724846121356 187
1757432031716 77.85240119114093 188
1757432031776 77.55934892017135 189
1757432031848 77.26809082522459 190
1757432031915 76.978626097354 191
1757432031989 76.69095394152943 192
1757432032033 76.40507357642326 193
1757432032089 76.12110328779674 194
1757432032135 75.83900039438416 195
1757432032191 75.55875659038884 196
1757432032236 75.2803718516069 197
1757432032295 75.00384615323365 198
1757432032355 74.72917947157434 199
1757432032423 74.45637178400808 200
1757432032503 74.18542306896974 201
1757432032583 73.91633330593231 202
1757432032646 73.64910247538924 203
1757432032705 73.38373055883721 204
1757432032765 73.12021753875914 205
1757432032826 72.85856339860725 206
1757432032892 72.59876812278664 207
1757432032987 72.34083169663889 208
1757432033044 72.08475410642589 209
1757432033112 71.83053533931408 210
1757432033175 71.57817538335878 211
1757432033230 71.32767422748871 212
1757432033291 71.07903186149079 213
1757432033356 70.83341306360391 214
1757432033413 70.58999826812402 215
1757432033472 70.3487014630566 216
1757432033532 70.10942708843389 217
1757432033610 69.87208786529783 218
1757432033666 69.63660345349096 219
1757432033733 69.40289993497885 220
1757432033800 69.17090930829818 221
1757432033868 68.94056902346988 222
1757432033960 68.71182155303596 223
1757432034067 68.48461399647489 224
1757432034130 68.25889771541141 225
1757432034206 68.03462799723827 226
1757432034256 67.81176374495092 227
1757432034329 67.59026719116554 228
1757432034397 67.37010363444809 229
1757432034455 67.15124119622593 230
1757432034522 66.93365059668716 231
1757432034599 66.7173049481961 232
1757432034647 66.5021795648667 233
1757432034730 66.28825178704072 234
1757432034803 66.07550081951429 235
1757432034877 65.86390758244556 236
1757432034941 65.65345457395908 237
1757432035041 65.44412574353805 238
1757432035201 65.23590637536626 239
1757432035323 65.02878298084613 240
1757432035466 64.82274319957928 241
1757432035573 64.61777570815072 242
1757432035664 64.41387013610962 243
1757432035781 64.21101698858563 244
1757432035869 64.00920757502382 245
1757432035933 63.8084339435611 246
1757432036021 63.60868882060381 247
1757432036075 63.40996555520056 248
1757432036164 63.21225806783544 249
1757432036214 63.015560803296445 250
1757432036265 62.81986868729985 251
1757432036321 62.62517708657686 252
1757432036374 62.43148177215097 253
1757432036426 62.23877888555626 254
1757432036473 62.04706490776536 255
1757432036543 61.85633663061471 256
1757432036600 61.666591130530534 257
1757432036660 61.47782574437459 258
1757432036740 61.29003804724287 259
1757432036790 61.10322583206292 260
1757432036851 60.917387090848415 261
1757432036912 60.732519997479415 262
1757432036972 60.54862289188813 263
1757432037046 60.36569426553855 264
1757432037104 60.183732748097604 265
1757432037163 60.002737095202995 266
1757432037214 59.82270617724075 267
1757432037262 59.643638969051935 268
1757432037312 59.465534540494446 269
1757432037363 59.28839204779175 270
1757432037413 59.11222421809455 271
1757432037467 58.937136534955734 272
1757432037519 58.763069420148796 273
1757432037587 58.59002172166485 274
1757432037677 58.41799184164957 275
1757432037729 58.24697822027642 276
1757432037783 58.07697931757598 277
1757432037840 57.90799361231252 278
1757432037908 57.74001960031534 279
1757432037969 57.573055793021275 280
1757432038041 57.40710071617644 281
1757432038100 57.242152908683906 282
1757432038182 57.07821092158336 283
1757432038366 56.91527331715003 284
1757432038470 56.75333866810144 285
1757432038538 56.59240555690151 286
1757432038593 56.43247257515237 287
1757432038657 56.27353832306509 288
1757432038718 56.11560140900159 289
1757432038803 55.95866044908022 290
1757432038864 55.80271406683859 291
1757432038931 55.64789417762332 292
1757432039004 55.49458746614158 293
1757432039063 55.342508551576294 294
1757432039127 55.19163404509418 295
1757432039198 55.041937727037926 296
1757432039262 54.893394461075474 297
1757432039314 54.74598010149102 298
1757432039374 54.59967144328129 299
1757432039451 54.4544461761576 300
1757432039527 54.31028284137997 301
1757432039596 54.16716079129167 302
1757432039769 54.02506015134493 303
1757432039891 53.8839617844313 304
1757432039931 53.74384725734533 305
1757432039969 53.60469880922443 306
1757432040026 53.466499321820905 307
1757432040108 53.3292322914734 308
1757432040221 53.19288180265668 309
1757432040306 53.05743250299758 310
1757432040358 52.922869579654815 311
1757432040427 52.789178736968104 312
1757432040544 52.65634617528965 313
1757432040630 52.52435857091824 314
1757432040747 52.39320305706215 315
1757432040865 52.2628672057632 316
1757432040928 52.13333901071909 317
1757432040984 52.00460687094668 318
1757432041026 51.876659575232715 319
1757432041128 51.7494862873228 320
1757432041183 51.623076531803264 321
1757432041244 51.49742018063368 322
1757432041320 51.37250744029136 323
1757432041393 51.24832883949148 324
1757432041447 51.12487521744959 325
1757432041540 51.00213771265545 326
1757432041596 50.880107752129476 327
1757432041694 50.75877704113488 328
1757432041765 50.63813755332088 329
1757432041831 50.518229527525705 330
1757432041880 50.399455663738195 331
1757432041956 50.28155161150922 332
1757432042008 50.16449637611283 333
1757432042071 50.04826641145115 334
1757432042123 49.93283920253634 335
1757432042186 49.81819316072058 336
1757432042263 49.70430758192208 337
1757432042342 49.591162606402364 338
1757432042428 49.47873918059923 339
1757432042493 49.36701902090969 340
1757432042559 49.255984579303835 341
1757432042628 49.145619010661896 342
1757432042699 49.035906141733314 343
1757432042763 48.926830441624524 344
1757432042819 48.81837699372741 345
1757432042879 48.710531469007414 346
1757432042929 48.60328010057481 347
1757432042999 48.49660965946829 348
1757432043058 48.390507431584346 349
1757432043125 48.28496119569028 350
1757432043178 48.17995920246274 351
1757432043246 48.07549015449722 352
1757432043310 47.971543187237565 353
1757432043369 47.868107850777385 354
1757432043452 47.76517409248858 355
1757432043506 47.66273224043453 356
1757432043569 47.56077298752843 357
1757432043652 47.459287376399175 358
1757432043732 47.35826678492975 359
1757432043793 47.2577029124349 360
1757432043860 47.157587766446895 361
1757432043920 47.057913650079726 362
1757432043991 46.958673149944254 363
1757432044063 46.85985912458757 364
1757432044144 46.761464693432075 365
1757432044276 46.66348322619067 366
1757432044369 46.56590833273578 367
1757432044449 46.4687338534011 368
1757432044531 46.37195384969638 369
1757432044596 46.27556259541602 370
1757432044657 46.17955456812381 371
1757432044715 46.08392444099658 372
1757432044789 45.98866707501081 373
1757432044859 45.89377751145676 374
1757432044985 45.799250964765484 375
1757432045136 45.70508281563502 376
1757432045232 45.611268604442536 377
1757432045291 45.51780402492969 378
1757432045351 45.42468491814962 379
1757432045429 45.33190726666398 380
1757432045507 45.239467188979056 381
1757432045561 45.14736093421108 382
1757432045635 45.055584876970464 383
1757432045713 44.9641355124558 384
1757432045790 44.87300945174862 385
1757432045859 44.78220341730051 386
1757432045927 44.69139732655177 387
1757432046006 44.60138203352157 388
1757432046054 44.511516250754255 389
1757432046106 44.421959413211205 390
1757432046159 44.33270770568613 391
1757432046242 44.24375845616964 392
1757432046314 44.15510905525966 393
1757432046397 44.06675697570534 394
1757432046483 43.97869976832466 395
1757432046533 43.890935059070266 396
1757432046601 43.803460546165674 397
1757432046689 43.71593697893504 398
1757432046777 43.62920629731318 399
1757432046854 43.542588037183954 400
1757432046918 43.456252415946665 401
1757432046974 43.37019644741287 402
1757432047052 43.28441822971506 403
1757432047123 43.19891589614781 404
1757432047179 43.11368763399347 405
1757432047243 43.02873168160855 406
1757432047294 42.94404632657102 407
1757432047362 42.859629903854405 408
1757432047420 42.775480794076906 409
1757432047515 42.691597421820084 410
1757432047586 42.607978254014306 411
1757432047658 42.52462179838839 412
1757432047746 42.441526601980755 413
1757432047858 42.35869124970946 414
1757432047964 42.27611436299907 415
1757432048052 42.19342200652783 416
1757432048132 42.11154596253367 417
1757432048213 42.029735372581115 418
1757432048314 41.948179060803085 419
1757432048410 41.866874806447754 420
1757432048489 41.7858214418578 421
1757432048571 41.70501780980017 422
1757432048682 41.624462781142306 423
1757432048788 41.5441552530148 424
1757432048890 41.46409414794035 425
1757432048961 41.3842784129504 426
1757432049044 41.3047070187388 427
1757432049193 41.22537895884851 428
1757432049336 41.14629324888988 429
1757432049431 41.067448925789655 430
1757432049552 40.98884504706917 431
1757432049639 40.91048069015059 432
1757432049714 40.83235495169017 433
1757432049804 40.75446694693744 434
1757432049878 40.67681580911917 435
1757432049935 40.59940068884728 436
1757432050010 40.522220753549526 437
1757432050087 40.445275186922295 438
1757432050164 40.36856318840447 439
1757432050243 40.29208397267149 440
1757432050317 40.21583676914891 441
1757432050398 40.13982082154468 442
1757432050461 40.06403538739926 443
1757432050516 39.988479737652995 444
1757432050571 39.91315315622996 445
1757432050627 39.83805493963779 446
1757432050689 39.763184396582595 447
1757432050768 39.68854084759854 448
1757432050848 39.61412362469151 449
1757432050919 39.53993207099622 450
1757432050982 39.46596554044626 451
1757432051058 39.392223397456576 452
1757432051122 39.31870501661784 453
1757432051187 39.245409782402334 454
1757432051249 39.17233708888084 455
1757432051313 39.099486339449975 456
1757432051386 39.02685694656986 457
1757432051464 38.9544483315113 458
1757432051521 38.88225992411253 459
1757432051577 38.810291162544786 460
1757432051634 38.73854149308657 461
1757432051691 38.6670103699062 462
1757432051772 38.59569725485226 463
1757432051848 38.52460161725173 464
1757432051913 38.45372293371549 465
1757432051985 38.383060687950724 466
1757432052078 38.31261437058029 467
1757432052169 38.24238347896839 468
1757432052241 38.17236751705263 469
1757432052311 38.10256599518202 470
1757432052387 38.03297842996067 471
1757432052461 37.96360434409717 472
1757432052539 37.89444326625912 473
1757432052615 37.8254947309328 474
1757432052686 37.75675827828791 475
1757432052769 37.688233454046745 476
1757432052850 37.61991980935811 477
1757432052925 37.55181690067545 478
1757432053000 37.483924289639326 479
1757432053054 37.41624154296363 480
1757432053128 37.34876823232596 481
1757432053203 37.28150393426147 482
1757432053269 37.214448230060455 483
1757432053323 37.14760070566912 484
1757432053402 37.08096095159397 485
1757432053552 37.014528562809055 486
1757432053676 36.94830313866642 487
1757432053722 36.8822842828094 488
1757432053778 36.8164716030888 489
1757432053893 36.750864711481725 490
1757432053981 36.68546322401291 491
1757432054054 36.62026676067878 492
1757432054149 36.55527494537361 493
1757432054227 36.49048740581827 494
1757432054300 36.425903773491 495
1757432054392 36.3615236835604 496
1757432054451 36.297346774820404 497
1757432054530 36.23337268962731 498
1757432054600 36.16960107383867 499
