1757424969799 166.81303834659926 0
1757424969831 150.75595522093215 1
1757424969865 144.3771652212506 2
1757424969897 138.12779873018172 3
1757424969931 132.3409466187903 4
1757424969963 127.00921965104028 5
1757424969994 122.07053320534642 6
1757424970022 117.4532733054171 7
1757424970051 113.15384545248988 8
1757424970084 109.14641714699714 9
1757424970111 105.40799219823269 10
1757424970138 101.91743965854941 11
1757424970164 98.6553674812262 12
1757424970191 95.60397603121585 13
1757424970218 92.74692524982652 14
1757424970244 90.06921291082318 15
1757424970271 87.55706309797445 16
1757424970297 85.19782404099603 17
1757424970325 82.97987452255501 18
1757424970355 80.89253813519709 19
1757424970382 78.9260047278159 20
1757424970410 77.07125843691492 21
1757424970446 75.32001174885313 22
1757424970474 73.66464508591194 23
1757424970502 72.09815145173754 24
1757424970530 70.61408571082524 25
1757424970560 69.20651811253308 26
1757424970590 67.86999170290878 27
1757424970619 66.59948329765045 28
1757424970646 65.39036771702483 29
1757424970674 64.23838500875254 30
1757424971180 63.139610407934086 31
1757424971239 62.09042680420968 32
1757424971266 61.08749950568759 33
1757424971292 60.12775310688589 34
1757424971318 59.208350284152004 35
1757424971345 58.3266723568768 36
1757424971371 57.48030146642125 37
1757424971397 56.66700423712941 38
1757424971422 55.88471679520787 39
1757424971457 55.13153103169767 40
1757424971488 54.41034066078762 41
1757424971514 53.712497281439916 42
1757424971540 53.03881800397559 43
1757424971567 52.38790023320128 44
1757424971593 51.75843975688936 45
1757424971618 51.1492285938662 46
1757424971646 50.55914586882561 47
1757424971672 49.987150965502586 48
1757424971700 49.4322771622381 49
1757424971726 48.893625794926 50
1757424971754 48.370360899337676 51
1757424971781 47.86170429303361 52
1757424971809 47.36693106021743 53
1757424971836 46.88536540597074 54
1757424971862 46.416376849120375 55
1757424971889 45.95937672556801 56
1757424971914 45.513814976272236 57
1757424971942 45.07917719623607 58
1757424971979 44.65498192283329 59
1757424972013 44.24077814362087 60
1757424972046 43.836143005446914 61
1757424972079 43.44067970818488 62
1757424972111 43.054015567819604 63
1757424972143 42.67580023488738 64
1757424972175 42.305704055441964 65
1757424972212 41.94341656279046 66
1757424972247 41.58864508922407 67
1757424972281 41.24111348786836 68
1757424972316 40.90056095560114 69
1757424972351 40.566740948740815 70
1757424972384 40.23942018389966 71
1757424972419 39.91837771702927 72
1757424972453 39.603404094266445 73
1757424972489 39.29430056871883 74
1757424972522 38.990878377817104 75
1757424972557 38.69295807630662 76
1757424972589 38.400368920360535 77
1757424972623 38.11294829867095 78
1757424972656 37.83054120671815 79
1757424972689 37.552999760732604 80
1757424972724 37.28018274815256 81
1757424972757 37.01195521164474 82
1757424972789 36.74818806399714 83
1757424972820 36.488757731415575 84
1757424972854 36.2335458229586 85
1757424972887 35.98243882403182 86
1757424972919 35.73532781203396 87
1757424972951 35.492108192403194 88
1757424972984 35.25267945345612 89
1757424973016 35.0169449385435 90
1757424973049 34.78560093769225 91
1757424973082 34.55735888516365 92
1757424973113 34.33253764605276 93
1757424973147 34.11105210949562 94
1757424973179 33.89282208027454 95
1757424973213 33.67777016923001 96
1757424973248 33.465821632964555 97
1757424973291 33.256904245579726 98
1757424973355 33.050948176157064 99
1757424973389 32.84788587429773 100
1757424973424 32.64765196295243 101
1757424973456 32.450183138005706 102
1757424973498 32.255418074112875 103
1757424973533 32.06329733632839 104
1757424973568 31.87376329710106 105
1757424973600 31.686760058245305 106
1757424973632 31.502233377528526 107
1757424973668 31.32013059954311 108
1757424973701 31.140400590557665 109
1757424973737 30.962993677065942 110
1757424973771 30.787861587774003 111
1757424973803 30.614957398786377 112
1757424973839 30.444235481770356 113
1757424973876 30.275651454894856 114
1757424973911 30.109162136355728 115
1757424973945 29.944725500313943 116
1757424973980 29.782300635086266 117
1757424974013 29.621847703440082 118
1757424974047 29.463327904855444 119
1757424974087 29.306703439627576 120
1757424974125 29.151937474692442 121
1757424974162 28.998994111066946 122
1757424974198 28.847838352803073 123
1757424974315 28.698436077362864 124
1757424974407 28.550754007327786 125
1757424974497 28.4047596833624 126
1757424974547 28.260421438357938 127
1757424974591 28.11770837268674 128
1757424974635 27.97659033050331 129
1757424974679 27.837037877032525 130
1757424974726 27.69902227678928 131
1757424974764 27.562515472678108 132
1757424974805 27.42749006592461 133
1757424974849 27.293919296793757 134
1757424974936 27.16177702605356 135
1757424975012 27.031037717144674 136
1757424975054 26.90167641901991 137
1757424975099 26.773668749619297 138
1757424975156 26.64699087994913 139
1757424975218 26.521619518734884 140
1757424975255 26.39753189762048 141
1757424975325 26.27470575688737 142
1757424975384 26.153119331669213 143
1757424975460 26.032751338638914 144
1757424975518 25.913580963146526 145
1757424975565 25.79558784678765 146
1757424975617 25.678752075383127 147
1757424975655 25.563054167352142 148
1757424975714 25.448475062461714 149
1757424975753 25.334996110936476 150
1757424975828 25.222599062913876 151
1757424975896 25.11126605823018 152
1757424975954 25.000979616524212 153
1757424976025 24.89172262764568 154
1757424976082 24.783478342356297 155
1757424976144 24.676230363312072 156
1757424976188 24.569962636316053 157
1757424976246 24.46465944183109 158
1757424976299 24.360305386743004 159
1757424976353 24.256885396364666 160
1757424976415 24.154384706672367 161
1757424976470 24.052788856765865 162
1757424976522 23.95208368154425 163
1757424976609 23.85225530458988 164
1757424976666 23.75329013125325 165
1757424976709 23.655174841931593 166
1757424976748 23.557896385534868 167
1757424976790 23.461441973132544 168
1757424976835 23.365799071775335 169
1757424976878 23.270955398485807 170
1757424976952 23.176898914412615 171
1757424977016 23.08361781914274 172
1757424977103 22.991100545166866 173
1757424977151 22.899335752492835 174
1757424977215 22.808312323402564 175
1757424977274 22.718019357347895 176
1757424977355 22.62844616598103 177
1757424977486 22.53958226831538 178
1757424977652 22.451417386012867 179
1757424977774 22.363941438793763 180
1757424977885 22.27714453996539 181
1757424977962 22.19101699206613 182
1757424978042 22.105549282621226 183
1757424978100 22.020732080007157 184
1757424978224 21.93655622942133 185
1757424978286 21.85301274895403 186
1757424978348 21.770092825759548 187
1757424978405 21.68778781232386 188
1757424978501 21.606089222825826 189
1757424978561 21.524988729589307 190
1757424978611 21.444478159623756 191
1757424978662 21.364549491250568 192
1757424978756 21.285194850812886 193
1757424978844 21.206406509466547 194
1757424978899 21.128176880049843 195
1757424978958 21.05049851402991 196
1757424979015 20.973364098523696 197
1757424979077 20.896766453391354 198
1757424979140 20.8206985284002 199
1757424979217 20.745153400457195 200
1757424979334 20.670124270908172 201
1757424979388 20.59560446290193 202
1757424979445 20.521587418817518 203
1757424979501 20.448066697753003 204
1757424979541 20.37503597307401 205
1757424979585 20.302489030020514 206
1757424979644 20.230419763370307 207
1757424979686 20.158822175157646 208
1757424979730 20.08769037244565 209
1757424979799 20.01701856515095 210
1757424979874 19.946801063919374 211
1757424979923 19.877032278051164 212
1757424980054 19.807706713474566 213
1757424980121 19.73881897076646 214
1757424980184 19.670363743218886 215
1757424980242 19.6023358149502 216
1757424980289 19.534730059059736 217
1757424980340 19.467541435824998 218
1757424980390 19.400764990939972 219
1757424980456 19.334395853793936 220
1757424980516 19.268429235789313 221
1757424980558 19.202860428697953 222
1757424980615 19.137684803054547 223
1757424980667 19.072897806586532 224
1757424980716 19.00849496267932 225
1757424980763 18.94447186887611 226
1757424980818 18.880824195411442 227
1757424980893 18.81754768377748 228
1757424980937 18.754638145322417 229
1757424980991 18.692091459880068 230
1757424981033 18.629903574429942 231
1757424981102 18.568070501786966 232
1757424981177 18.506588319320322 233
1757424981283 18.445453167700347 234
1757424981366 18.384661249673194 235
1757424981473 18.324208828862268 236
1757424981543 18.264092228595985 237
1757424981584 18.204307830761078 238
1757424981648 18.1448520746809 239
1757424981718 18.08572145601813 240
1757424981791 18.026912525701253 241
1757424981843 17.96842188887424 242
1757424981892 17.910246203868912 243
1757424981969 17.85238218119943 244
1757424982037 17.79482658257832 245
1757424982080 17.737576219953624 246
1757424982152 17.680627954566592 247
1757424982214 17.623978696029486 248
1757424982278 17.567625401422916 249
1757424982334 17.511565074412417 250
1757424982374 17.45579476438366 251
1757424982425 17.400311565595906 252
1757424982468 17.34511261635329 253
1757424982522 17.290195098193553 254
1757424982587 17.235556235093703 255
1757424982647 17.181193292692342 256
1757424982742 17.12710357752814 257
1757424982786 17.073284436294195 258
1757424982852 17.019733255107877 259
1757424982918 16.966447458795727 260
1757424982972 16.91342451019318 261
1757424983054 16.860661909458685 262
1757424983145 16.80815719340193 263
1757424983186 16.755907934825807 264
1757424983239 16.703911741881907 265
1757424983295 16.652166257439067 266
1757424983364 16.600669158464864 267
1757424983428 16.549418155419612 268
1757424983483 16.498410991662617 269
1757424983529 16.447645442870513 270
1757424983589 16.39711931646722 271
1757424983649 16.346830451065454 272
1757424983715 16.296776715919385 273
1757424983794 16.246956010388267 274
1757424983838 16.197366263410803 275
1757424983894 16.148005432989933 276
1757424983951 16.098871505687924 277
1757424984090 16.04996249613139 278
1757424984220 16.001276446526184 279
1757424984362 15.952811426181798 280
1757424984425 15.90456553104519 281
1757424984468 15.856536883243686 282
1757424984590 15.808723630636909 283
1757424984655 15.761123946377435 284
1757424984707 15.713736028480032 285
1757424984760 15.666558099399243 286
1757424984827 15.619588405615223 287
1757424984875 15.57282521722756 288
1757424984954 15.526266827556938 289
1757424985020 15.479911552754523 290
1757424985090 15.433757731418797 291
1757424985141 15.387803724219804 292
1757424985203 15.34204791353055 293
1757424985250 15.296488703065434 294
1757424985294 15.251124517525636 295
1757424985341 15.205953802251132 296
1757424985409 15.160975022879445 297
1757424985477 15.116186665010716 298
1757424985556 15.071587233879212 299
1757424985638 15.02717525403095 300
1757424985695 14.982949269007404 301
1757424985765 14.938907841035146 302
1757424985824 14.895049550721293 303
1757424985887 14.851372996754618 304
1757424985961 14.807876795612254 305
1757424986025 14.764559581271838 306
1757424986070 14.721420004928975 307
1757424986122 14.678456734719953 308
1757424986199 14.63566845544957 309
1757424986272 14.593053868323953 310
1757424986349 14.550611690688305 311
1757424986406 14.508340655769471 312
1757424986463 14.466239512423169 313
1757424986522 14.424307024885886 314
1757424986586 14.382541972531254 315
1757424986668 14.340943149630876 316
1757424986718 14.299509365119473 317
1757424986781 14.258239442364285 318
1757424986849 14.217132218938643 319
1757424986934 14.17618654639961 320
1757424987001 14.135401290069602 321
1757424987070 14.09477532882198 322
1757424987131 14.054307554870404 323
1757424987234 14.013996873562016 324
1757424987339 13.973842203174257 325
1757424987405 13.933842474715329 326
1757424987460 13.893996631728184 327
1757424987609 13.854303630097982 328
1757424987728 13.814762437862964 329
1757424987818 13.77537203502863 330
1757424987911 13.736131413385223 331
1757424987962 13.697039576328388 332
1757424988011 13.658095538682982 333
1757424988093 13.619298326529961 334
1757424988169 13.580646977036308 335
1757424988216 13.542140538287883 336
1757424988283 13.50377806912521 337
1757424988351 13.465558638982095 338
1757424988422 13.42748132772703 339
1757424988484 13.389545225507355 340
1757424988552 13.351749432596096 341
1757424988625 13.314093059241419 342
1757424988683 13.276575225518691 343
1757424988740 13.239195061185066 344
1757424988811 13.201951705536565 345
1757424988856 13.16484430726755 346
1757424988902 13.127872024332673 347
1757424988952 13.091034023811071 348
1757424989004 13.05432948177294 349
1757424989071 13.017757583148343 350
1757424989141 12.981317521598207 351
1757424989202 12.945008499387532 352
1757424989251 12.908829727260706 353
1757424989306 12.872780424318934 354
1757424989378 12.836859817899702 355
1757424989437 12.801067143458255 356
1757424989503 12.765401644451082 357
1757424989550 12.729862572221291 358
1757424989619 12.694449185885949 359
1757424989685 12.659160752225239 360
1757424989734 12.623996545573483 361
1757424989800 12.588955847711965 362
1757424989855 12.554037947763486 363
1757424989902 12.519242142088713 364
1757424989949 12.484567734184184 365
1757424990002 12.450014034582 366
1757424990075 12.415580360751184 367
1757424990127 12.381266037000605 368
1757424990173 12.347070394383518 369
1757424990246 12.312992770603646 370
1757424990363 12.279032509922802 371
1757424990492 12.245188963069992 372
1757424990632 12.211461487151995 373
1757424990739 12.177849445565382 374
1757424990845 12.144352207909982 375
1757424990909 12.110969149903703 376
1757424990980 12.077699653298728 377
1757424991072 12.044543105799107 378
1757424991188 12.011498900979571 379
1757424991265 11.978566438205757 380
1757424991393 11.945745122555602 381
1757424991504 11.913034364742064 382
1757424991593 11.880433581037034 383
1757424991658 11.847942193196456 384
1757424991735 11.815559628386662 385
1757424991827 11.783285319111826 386
1757424991895 11.751118703142607 387
1757424991933 11.719059223445884 388
1757424992022 11.68710632811562 389
1757424992127 11.655259470304808 390
1757424992180 11.62351810815843 391
1757424992305 11.591881704747582 392
1757424992426 11.560349728004503 393
1757424992489 11.528921650658694 394
1757424992537 11.497596950173998 395
1757424992648 11.46637510868668 396
1757424992700 11.435255612944443 397
1757424992761 11.404237954246401 398
1757424992840 11.373321628383996 399
1757424992902 11.342506135582783 400
1757424992961 11.311790980445156 401
1757424993107 11.28117567189395 402
1757424993269 11.250659723116852 403
1757424993310 11.220242651511755 404
1757424993347 11.189923978632889 405
1757424993381 11.159703230137753 406
1757424993415 11.129579935734943 407
1757424993448 11.099553629132684 408
1757424993483 11.06962384798819 409
1757424993517 11.03979013385779 410
1757424993551 11.010052032147803 411
1757424993584 10.980409092066147 412
1757424993617 10.950860866574684 413
1757424993651 10.921406912342317 414
1757424993683 10.892046789698718 415
1757424993717 10.862780062588818 416
1757424993751 10.833606298527974 417
1757424993784 10.804525068557746 418
1757424993820 10.775535947202425 419
1757424993854 10.746638512426125 420
1757424993899 10.717832345590583 421
1757424993943 10.689117031413527 422
1757424993979 10.660492157927722 423
1757424994013 10.631957316440566 424
1757424994048 10.603512101494328 425
1757424994082 10.575156110826935 426
1757424994117 10.546888945333384 427
1757424994152 10.518710209027686 428
1757424994186 10.490619509005366 429
1757424994219 10.462616455406545 430
1757424994253 10.434700661379544 431
1757424994287 10.406871743045006 432
1757424994323 10.379129319460578 433
1757424994359 10.351473012586077 434
1757424994394 10.323902447249168 435
1757424994428 10.296417251111562 436
1757424994464 10.269017054635682 437
1757424994498 10.241701491051815 438
1757424994532 10.21447019632575 439
1757424994566 10.18732280912688 440
1757424994603 10.16025897079674 441
1757424994641 10.133278325318049 442
1757424994675 10.106380519284144 443
1757424994710 10.07956520186889 444
1757424994747 10.052832024796983 445
1757424994782 10.026180642314728 446
1757424994819 9.999610711161196 447
1757424994868 9.973121890539792 448
1757424994913 9.946713842090265 449
1757424994950 9.920386229861052 450
1757424994986 9.894138720282093 451
1757424995021 9.86797098213796 452
1757424995057 9.841882686541398 453
1757424995094 9.815873506907257 454
1757424995130 9.789943118926754 455
1757424995165 9.764091200542119 456
1757424995201 9.738317431921583 457
1757424995237 9.712621495434751 458
1757424995272 9.687003075628269 459
1757424995307 9.661461859201877 460
1757424995344 9.635997534984755 461
1757424995380 9.610609793912243 462
1757424995415 9.58529832900285 463
1757424995450 9.560062835335593 464
1757424995485 9.534903010027646 465
1757424995520 9.50981855221232 466
1757424995556 9.484809163017317 467
1757424995593 9.459874545543302 468
1757424995629 9.43501440484277 469
1757424995663 9.410228447899174 470
1757424995722 9.385516383606419 471
1757424995768 9.360877922748513 472
1757424995809 9.336312777979625 473
1757424995856 9.311820663804319 474
1757424995915 9.287401296558109 475
1757424995963 9.26305439438827 476
1757424996008 9.23877967723489 477
1757424996047 9.214576866812191 478
1757424996087 9.190445686590134 479
1757424996127 9.166385861776211 480
1757424996164 9.14239711929752 481
1757424996203 9.118479187783095 482
1757424996240 9.094631797546441 483
1757424996289 9.07085468056831 484
1757424996330 9.04714757047974 485
1757424996370 9.023510202545271 486
1757424996408 8.999942313646423 487
1757424996448 8.976443642265389 488
1757424996487 8.953013928468913 489
1757424996526 8.929652913892436 490
1757424996571 8.906360341724406 491
1757424996615 8.883135956690813 492
1757424996689 8.859979505039938 493
1757424996727 8.836890734527277 494
1757424996766 8.813869394400706 495
1757424996805 8.790915235385775 496
1757424996841 8.768028009671285 497
1757424996878 8.745207470894965 498
1757424996925 8.722453374129389 499
