1757517526755 6.691966441282348 0
1757517526844 0.10683274385489057 1
1757517526951 0.3943571181318865 2
1757517527041 0.003990313822142806 3
1757517527157 0.021561159357355746 4
1757517527253 0.0061331546908590774 5
1757517527349 0.04754176035367637 6
1757517527449 0.03296638497001246 7
1757517527542 0.05038057107415527 8
1757517527630 0.08732233902043446 9
1757517527720 0.024296256575879506 10
1757517527812 0.029384887515934877 11
1757517527911 0.16178248765039943 12
1757517528001 0.0977046830865595 13
1757517528092 0.0008282097468785974 14
1757517528186 0.06048583927167342 15
1757517528283 0.0703458781465111 16
1757517528373 0.19435313430393325 17
1757517528466 0.00035856517021914437 18
1757517528558 0.006899440736166357 19
1757517528649 0.005519131497992115 20
1757517528739 0.0362870393832283 21
1757517528834 0.01115590796283145 22
1757517528926 0.024038139092795417 23
1757517529021 0.056714632518593606 24
1757517529124 0.010462591106698834 25
1757517529212 0.0038958751609025543 26
1757517529304 0.03143722311701005 27
1757517529393 0.02580441796113205 28
1757517529483 0.17801499864837325 29
1757517529577 0.027539715998930167 30
1757517529669 0.11524438273556183 31
1757517529758 0.00020022849422698263 32
1757517529852 0.34956685274504906 33
1757517529942 0.14008004903947438 34
1757517530034 0.00042332522468620134 35
1757517530124 1.5782817704605256e-05 36
1757517530215 0.03175197407202789 37
1757517530305 0.06210377659619091 38
1757517530394 0.012730955426498604 39
1757517530484 0.0016548569857569233 40
1757517530574 0.3771744448106599 41
1757517530667 0.357602711613846 42
1757517530760 0.15842290480326907 43
1757517530859 0.031818190773142 44
1757517530953 0.0016606747147239554 45
1757517531046 0.13656519553401 46
1757517531142 0.009570769666126383 47
1757517531239 0.17877228662654826 48
1757517531334 0.008174295073523453 49
1757517531464 0.019941454312715913 50
1757517531558 0.13330383948233948 51
1757517531654 0.07781647819103867 52
1757517531752 0.040496370400824426 53
1757517531847 0.0020333397767355677 54
1757517531957 0.0036550022788768796 55
1757517532065 0.01243314205672695 56
1757517532158 0.1592013771585254 57
1757517532248 0.007568401472009826 58
1757517532369 0.06410411769115446 59
1757517532462 0.029322097715311402 60
1757517532570 0.030037561558829785 61
1757517532665 0.04999506399500716 62
1757517532758 0.4875250433164795 63
1757517532850 0.10790837560805128 64
1757517532957 5.974535319110081e-05 65
1757517533055 0.029312918041802038 66
1757517533160 0.01408221772518006 67
1757517533256 0.18240889323081788 68
1757517533344 0.03761768748759794 69
1757517533437 0.017986444506190757 70
1757517533543 0.11366117864089618 71
1757517533644 0.02203174843943757 72
1757517533735 0.31992019183382614 73
1757517533825 0.0020621990226870114 74
1757517533915 0.11333114994529248 75
1757517534006 0.059504995283576126 76
1757517534095 0.02289188365321252 77
1757517534186 0.13742897614126168 78
1757517534275 2.119655361003907e-05 79
1757517534367 0.001167689348974252 80
1757517534457 0.0002665871075915087 81
1757517534548 0.09416203771800834 82
1757517534676 0.010064284477749453 83
1757517534770 0.003173522269333405 84
1757517534860 0.003957659695125015 85
1757517534950 2.375459957914201e-05 86
1757517535048 0.13360168942896175 87
1757517535139 0.06269380914588267 88
1757517535229 0.003268877638926031 89
1757517535318 0.008018032388822934 90
1757517535408 0.0022899889248536105 91
1757517535499 0.06382033246880431 92
1757517535591 2.3757819369449593 93
1757517535687 0.13225370797525018 94
1757517535779 0.00014268975415832524 95
1757517535871 0.028729616307971 96
1757517535963 0.03531634825269286 97
1757517536063 0.039147183577211184 98
1757517536158 0.03357752407335982 99
1757517536250 0.010609272926816323 100
1757517536342 0.004790846110896231 101
1757517536435 0.02445947451343383 102
1757517536526 0.0286726092165958 103
1757517536621 0.32417331204909716 104
1757517536713 0.058380947708292046 105
1757517536806 0.011896023785652889 106
1757517536905 0.010796142385679997 107
1757517537006 0.2908672676800552 108
1757517537105 0.06272735850310457 109
1757517537201 0.11504888586824336 110
1757517537292 0.06979486844682165 111
1757517537385 0.6266893077339157 112
1757517537518 0.004425909875425912 113
1757517537633 0.0032643422768927795 114
1757517537728 0.011613691478318668 115
1757517537838 0.09959893550347454 116
1757517538040 0.003956706947390739 117
1757517538211 2.4129493892463587e-05 118
1757517538318 0.011532642326862436 119
1757517538437 3.945537479986e-06 120
1757517538602 0.02554135453156897 121
1757517538719 0.04153665395567751 122
1757517538816 0.01583312027004301 123
1757517538913 0.048644737454845634 124
1757517539007 0.06384433766242162 125
1757517539107 0.02731555525732629 126
1757517539201 0.4712989386665724 127
1757517539292 0.46674170441741974 128
1757517539385 0.08316357039804037 129
1757517539476 0.05433218633346527 130
1757517539569 0.2915615815103534 131
1757517539662 0.1461036092018051 132
1757517539755 0.08820502654281809 133
1757517539846 0.019540552419823994 134
1757517539938 0.006561861031916356 135
1757517540030 0.16329002153806454 136
1757517540131 0.418065215085538 137
1757517540225 0.08474548401353939 138
1757517540320 0.2835346794029917 139
1757517540412 8.701490538166017e-08 140
1757517540503 0.17759451231231385 141
1757517540595 0.10458957430254762 142
1757517540687 0.06350628672794607 143
1757517540778 0.3481359143623553 144
1757517540868 0.07860465190003045 145
1757517540960 0.03335835995511982 146
1757517541051 0.003266378971037082 147
1757517541159 0.07781622367018008 148
1757517541252 0.01069768101739042 149
1757517541346 1.2884742821927247e-05 150
1757517541436 0.10105957443963046 151
1757517541529 0.0017011860875101245 152
1757517541621 0.010968869458540195 153
1757517541714 0.22788471835507482 154
1757517541808 0.28421566286328376 155
1757517541901 1.396040901571623 156
1757517541993 0.0024219877206533443 157
1757517542086 0.07082032299511645 158
1757517542186 0.0008111610310650906 159
1757517542278 0.040883879849168664 160
1757517542372 0.0030547136659129746 161
1757517542467 0.898890860968118 162
1757517542587 0.0003844386360721143 163
1757517542742 0.007722666836586935 164
1757517542888 0.023348267265033622 165
1757517543081 0.015545548350990692 166
1757517543204 0.03325898008891275 167
1757517543321 0.028006951660079542 168
1757517543445 0.08569075454846244 169
1757517543554 0.061950710834177955 170
1757517543667 0.06399188832717065 171
1757517543765 0.12127674393067193 172
1757517543862 0.004729411409393626 173
1757517543958 0.07146606767602352 174
1757517544060 0.10818113938657004 175
1757517544169 0.0010409533919374897 176
1757517544276 0.03964400934367185 177
1757517544375 0.1809725688063489 178
1757517544469 0.05634380169864972 179
1757517544567 0.026631977325380807 180
1757517544670 0.010300429417188606 181
1757517544787 0.07438373450974774 182
1757517544883 0.047453256971633766 183
1757517544976 0.0424912012323048 184
1757517545069 0.22909441694364463 185
1757517545163 0.06721039239902805 186
1757517545265 0.0005063475185197098 187
1757517545362 0.0055335973025262535 188
1757517545456 0.0009289084331888477 189
1757517545549 0.012015642500195205 190
1757517545643 0.000300413546735682 191
1757517545735 0.09118998114301279 192
1757517545939 0.09050655780351459 193
1757517546061 0.528403024052578 194
1757517546201 0.03103997514571487 195
1757517546302 0.05373707259444583 196
1757517546406 0.029898635964749412 197
1757517546511 2.34168565433272e-06 198
1757517546614 0.21106805930147715 199
1757517546711 0.0039352552938485205 200
1757517546803 0.05557923957053188 201
1757517546909 0.00012139663044000919 202
1757517547013 1.7305014039718846e-06 203
1757517547119 5.566125147208754e-06 204
1757517547231 0.0015104815460964098 205
1757517547336 0.008152292131917715 206
1757517547438 0.004202748476427416 207
1757517547531 0.04535107848226928 208
1757517547628 0.040316049015575804 209
1757517547722 0.021295670071925555 210
1757517547819 0.01920100131013977 211
1757517547914 0.04456488693145874 212
1757517548009 0.437292643893362 213
1757517548103 0.004672000289252134 214
1757517548195 0.0030164702266476133 215
1757517548296 0.07440515347387906 216
1757517548392 0.09823825765334093 217
1757517548485 0.04756747795300602 218
1757517548578 0.10132353955374916 219
1757517548668 1.4406522956578915 220
