1757328611300 249.6013493982691 0
1757328611323 19113.850304706284 1
1757328611346 8655523.387597313 2
1757328611398 3722577255.795925 3
1757328611423 1603145792835.3865 4
1757328611451 690379860464350.8 5
1757328611509 2.973059209818269e+17 6
1757328611572 1.2803213702116586e+20 7
1757328611624 5.513589525603396e+22 8
1757328611656 2.3743780400579975e+25 9
1757328611685 1.0225046770224288e+28 10
1757328611740 4.403324984033281e+30 11
1757328611772 1.8962525405237184e+33 12
1757328611795 8.166042048863421e+35 13
1757328611818 3.516633007404602e+38 14
1757328611841 1.5144065674372535e+41 15
1757328611864 6.521656501170457e+43 16
1757328611887 2.8084930713971755e+46 17
1757328611910 1.2094524344651262e+49 18
1757328611936 5.208398789126861e+51 19
1757328611962 2.2429503776702906e+54 20
1757328611987 9.659065291224926e+56 21
1757328612011 4.159590119735597e+59 22
1757328612033 1.7912903000998187e+62 23
1757328612056 7.714031543655211e+64 24
1757328612079 3.3219787241181226e+67 25
1757328612103 1.4305804404663358e+70 26
1757328612126 6.16066677906901e+72 27
1757328612149 2.653036074668568e+75 28
1757328612172 1.1425062685433019e+78 29
1757328612197 4.920101110286668e+80 30
1757328612220 2.1187975595362407e+83 31
1757328612243 9.124412278663814e+85 32
1757328612266 3.929346579446417e+88 33
1757328612290 1.692137977753488e+91 34
1757328612314 7.287040931266137e+93 35
1757328612336 3.1380990340070045e+96 36
1757328612359 1.3513942957261048e+99 37
1757328612382 5.819658725649307e+101 38
1757328612405 2.5061840049301576e+104 39
1757328612430 1.0792657375054223e+107 40
1757328612454 4.647761416806197e+109 41
1757328612477 2.0015169051397647e+112 42
1757328612501 8.619353624896488e+114 43
1757328612533 3.711847585210805e+117 44
1757328612557 1.5984739802343084e+120 45
1757328612581 6.883685299112284e+122 46
1757328612612 2.964397536847531e+125 47
1757328612635 1.2765912987917883e+128 48
1757328612660 5.497526306421086e+130 49
1757328612688 2.367460558316169e+133 50
1757328612713 1.019525725349643e+136 51
1757328612739 4.390496394960024e+138 52
1757328612763 1.890728023321441e+141 53
1757328612787 8.142251209400133e+143 54
1757328612811 3.5063876950697073e+146 55
1757328612840 1.5099945152689583e+149 56
1757328612872 6.502656392926386e+151 57
1757328612897 2.800310844634733e+154 58
1757328612920 1.2059288316555065e+157 59
1757328612947 5.193224708622308e+159 60
1757328612971 2.2364157955508306e+162 61
1757328612995 9.630924697491283e+164 62
1757328613019 4.1474716246091414e+167 63
1757328613043 1.786071578507793e+170 64
1757328613067 7.691557585650655e+172 65
1757328613093 3.3123005150110666e+175 66
1757328613117 1.4264126062334464e+178 67
1757328613141 6.142718373531688e+180 68
1757328613165 2.645306754275025e+183 69
1757328613191 1.1391777058126576e+186 70
1757328613216 4.905766952446479e+188 71
1757328613240 2.112624682603635e+191 72
1757328613264 9.097829335982503e+193 73
1757328613288 3.917898872820901e+196 74
1757328613314 1.6872081252328258e+199 75
1757328613342 7.265810962093715e+201 76
1757328613367 3.128956537569785e+204 77
1757328613391 1.347457161365443e+207 78
1757328613416 5.802703808488192e+209 79
1757328613441 2.49888252142445e+212 80
1757328613467 1.0761214189058387e+215 81
1757328613496 4.634220689845789e+217 82
1757328613530 1.9956857121225963e+220 83
1757328613555 8.594242113451894e+222 84
1757328613582 3.701033537293405e+225 85
1757328613608 1.5938170071716575e+228 86
1757328613633 6.863630460931548e+230 87
1757328613658 2.955761100066721e+233 88
1757328613683 1.2728720944982022e+236 89
1757328613710 5.481509885611766e+238 90
1757328613735 2.360563229874622e+241 91
1757328613759 1.0165554525154721e+244 92
1757328613784 4.3777051805294115e+246 93
1757328613809 1.8852196011749198e+249 94
1757328613834 8.11852968185561e+251 95
1757328613858 3.496172231293024e+254 96
1757328613882 1.505595317115433e+257 97
1757328613929 6.483711639347805e+259 98
1757328613964 2.7921524558641608e+262 99
1757328613992 1.2024154944639779e+265 100
1757328614019 5.178094836084383e+267 101
1757328614047 2.2299002511969875e+270 102
1757328614079 9.602866088193347e+272 103
1757328614110 4.1353884353470037e+275 104
1757328614140 1.780868061070624e+278 105
1757328614168 7.669149102979749e+280 106
1757328614195 3.302650502271142e+283 107
1757328614224 1.4222569145140014e+286 108
1757328614251 6.124822258643046e+288 109
1757328614277 2.637599952381876e+291 110
1757328614302 1.135858840472899e+294 111
1757328614328 4.891474555553241e+296 112
1757328614354 2.1064697896494993e+299 113
1757328614380 9.07132383969676e+301 114
1757328614406 3.9064845177932797e+304 115
1757328614432 inf 116
