1757341153867 169.99698566067264 0
1757341153907 169.72884328807183 1
1757341153974 169.63865498120896 2
1757341154062 169.54988080274134 3
1757341154159 169.472061760639 4
1757341154224 169.40328827030626 5
1757341154272 169.34254284518858 6
1757341154313 169.28888403219162 7
1757341154371 169.24148350335025 8
1757341154445 169.2006188414544 9
1757341154576 169.16391902824822 10
1757341154649 169.13150663159297 11
1757341154710 169.10284356813247 12
1757341154774 169.0774961717056 13
1757341154830 169.0550787140444 14
1757341154929 169.03525066588497 15
1757341154996 169.01771121828548 16
1757341155039 169.00219464651644 17
1757341155082 168.9884662048175 18
1757341155128 168.9763185034938 19
1757341155172 168.9655683107456 20
1757341155221 168.95605372938022 21
1757341155288 168.9476317043588 22
1757341155344 168.94017582232192 23
1757341155416 168.93357436881098 24
1757341155458 168.92772861293417 25
1757341155516 168.92255129278686 26
1757341155555 168.91796527807315 27
1757341155607 168.91390238914562 28
1757341155655 168.91046798021713 29
1757341155709 168.90732867531742 30
1757341155749 168.9045478498168 31
