1757499406648 0.030735406764961018 0
1757499406749 22.734690057825194 1
1757499406854 72.3848271792906 2
1757499406951 39.41684544826126 3
1757499407048 0.8575087314804072 4
1757499407146 6.647304501322948 5
1757499407245 0.00021238594360208267 6
1757499407342 19.475518974639066 7
1757499407455 43.88298715142108 8
1757499407556 10.268723986708377 9
1757499407654 0.6565630204452713 10
1757499407752 15.374143022123707 11
1757499407858 9.792680797813741 12
1757499407959 1.239190084573202 13
1757499408063 20.055575006379556 14
1757499408162 14.963851819209745 15
1757499408263 3.2587680241530492 16
1757499408361 5.840717943154147 17
1757499408465 0.6745217294128224 18
1757499408581 22.636620059681977 19
1757499408684 2.9541878632911978 20
1757499408784 9.091676194111693 21
1757499408896 1.5732946049004848 22
1757499408997 0.08156149182225683 23
1757499409097 0.03301154101786967 24
1757499409194 2.2110675412594287 25
1757499409293 6.019557909213656 26
1757499409389 3.8712372087665514 27
1757499409487 2.6718876347785057 28
1757499409583 4.382177045635057 29
1757499409680 5.472848059052266 30
1757499409779 3.496906205772003 31
1757499409877 11.302311573601175 32
1757499409978 4.934556799632465 33
1757499410124 5.333981009231573 34
1757499410255 0.28429858164646743 35
1757499410417 4.470704694062858 36
1757499410556 1.977811424825402 37
1757499410722 1.6295189433446335 38
1757499410846 1.0819970282698326 39
1757499410967 1.506121777088288 40
1757499411078 0.17129359522716214 41
1757499411191 0.7713021372267885 42
1757499411298 1.627783653084133 43
1757499411406 2.766185411356785 44
1757499411509 0.259756322849701 45
1757499411611 1.9345943129637038 46
1757499411714 0.6584646707699442 47
1757499411816 1.0834985361724425 48
1757499411999 0.8733165579502957 49
1757499412147 2.3700387289738742 50
1757499412266 0.20673524653894393 51
1757499412424 4.032309893393568 52
1757499412588 1.7272247253457376 53
1757499412780 2.704544654437212 54
1757499412892 1.3931756006878153 55
1757499413001 0.00047760363867815247 56
1757499413106 1.8444811005982191 57
1757499413208 2.1381607883515774 58
1757499413307 4.128028809917562 59
1757499413419 0.3563538780009383 60
1757499413527 1.4644620729531608 61
1757499413633 0.2773021790481747 62
1757499413735 0.6657081948066017 63
1757499413839 1.4442236661768504 64
1757499413939 1.077305024929351 65
1757499414050 0.29917210436047453 66
1757499414144 1.903139891965532 67
1757499414244 0.9650583369084491 68
1757499414347 2.887683210483296 69
1757499414455 0.005851941115799945 70
1757499414559 0.5768426238365317 71
1757499414661 3.194617251560494 72
1757499414768 0.5962598584802806 73
1757499414875 1.7016003232527417 74
1757499414968 0.6856217998100902 75
1757499415079 1.2732680912201395 76
1757499415182 1.4756200037593583 77
1757499415296 1.8914502629566303 78
1757499415399 0.4487365068690739 79
1757499415500 0.6447144035884599 80
1757499415602 2.5926235496183767 81
1757499415696 0.8388831158381445 82
1757499415797 0.0025240941878585427 83
1757499415896 0.1825393341326334 84
1757499415995 0.47356281009635476 85
1757499416101 1.0670912419956942 86
1757499416198 0.9086585456592555 87
1757499416295 0.08137910514213592 88
1757499416392 0.024050448333245794 89
1757499416489 2.153519008642749 90
1757499416585 0.059586726293101 91
1757499416682 3.010844419801258 92
1757499416780 1.5646824622140605 93
1757499416877 1.2344483698404227 94
1757499416967 3.4496604298834685 95
1757499417065 0.19923285227054593 96
1757499417163 1.816920223531199 97
1757499417261 0.012703907863001417 98
1757499417361 1.975546854653036 99
1757499417456 3.3295359315576603 100
1757499417552 1.4426345912274627 101
1757499417648 1.063760755885935 102
1757499417745 0.13181718847502907 103
1757499417839 1.5970510491325436 104
1757499417935 0.7725079485166693 105
1757499418030 2.1943210812317604 106
1757499418137 0.47504807651077346 107
1757499418225 0.18579235133999927 108
1757499418321 0.4754204440276076 109
1757499418410 2.7103823485689564 110
1757499418506 2.6950807405175534 111
1757499418601 0.9240630728803247 112
1757499418696 1.1643304231729992 113
1757499418795 0.023017119887457256 114
1757499418891 2.0997406401911722 115
1757499418988 0.009353179112362721 116
1757499419085 0.03044681782898767 117
1757499419184 0.02143797701914537 118
1757499419279 2.7493359762129286 119
1757499419401 0.39464613614016 120
1757499419503 0.9410575470496613 121
1757499419603 0.26799507256581645 122
1757499419706 1.6679960506689384 123
1757499419831 0.4579988982692793 124
1757499419960 0.1959486294824626 125
1757499420068 0.06494757427225131 126
1757499420169 1.2590979112893605 127
1757499420273 3.811527510972962 128
1757499420393 0.01902582679723031 129
1757499420609 0.0017798916637386446 130
1757499420764 0.21833530790646097 131
1757499420899 0.8948441671599613 132
1757499421101 0.18563929487299646 133
1757499421220 1.4928980021026022 134
1757499421328 0.8249870752710746 135
1757499421439 0.33711507733454865 136
1757499421553 0.9517583579608038 137
1757499421664 1.8561999890640297 138
1757499421770 0.20382050238344848 139
1757499421884 0.08060346162506957 140
1757499421990 0.0001307828394767728 141
1757499422123 0.24598765481197088 142
1757499422232 1.1177924650211764 143
1757499422342 0.35471475370726446 144
1757499422448 0.00853763841816838 145
1757499422555 0.008616498038077534 146
1757499422657 0.003987086159614121 147
1757499422771 2.1246434345865233e-05 148
1757499422871 0.09296580615469233 149
1757499422990 0.1660664035274518 150
1757499423131 1.6522945440846244 151
1757499423252 0.6305788886182103 152
1757499423361 0.3181326601522226 153
1757499423470 0.1262583557904158 154
1757499423606 4.037331641486313 155
1757499423717 1.8520109428009839 156
1757499423829 0.19613549830214458 157
1757499423942 0.18812077828587187 158
1757499424051 0.1594616798234612 159
1757499424164 0.23590298953552807 160
1757499424274 1.217860002837486 161
1757499424379 0.1254230545217634 162
1757499424480 0.21776211005306814 163
1757499424584 0.011233957533546493 164
1757499424689 0.820602334183414 165
1757499424798 0.2848405870852365 166
1757499424906 0.5374268604774699 167
1757499425009 0.28680742690851246 168
1757499425115 0.5245932591685153 169
1757499425256 0.03208963132355878 170
1757499425358 3.2755765781725086 171
1757499425463 0.15651637179144104 172
1757499425566 0.17878080083569844 173
1757499425682 0.7987071282706173 174
1757499425785 1.6150336733728818 175
1757499425894 0.7836896998770816 176
1757499426004 0.5444789734524164 177
1757499426107 0.6081417696285765 178
1757499426213 3.181807336775003 179
1757499426317 0.3171727336632022 180
1757499426417 0.3953968527575551 181
1757499426518 0.7314636136291731 182
1757499426621 2.330569236872006 183
1757499426723 1.0386573327136366 184
1757499426842 0.004371394142341661 185
1757499426941 0.15931904632679672 186
1757499427051 0.5384152019293971 187
1757499427155 0.6282442846506827 188
1757499427306 0.3825288615891715 189
1757499427423 0.16221595307348707 190
1757499427534 0.1971660310367671 191
1757499427659 0.19563890219944854 192
1757499427767 2.116367444577893 193
1757499427885 0.27354300945886784 194
1757499428012 0.6266721137774964 195
1757499428118 1.3177803122842335 196
1757499428226 1.523840456290177 197
1757499428332 1.2038121059891544 198
1757499428434 1.5808346763733467 199
1757499428561 0.042296463132461874 200
1757499428669 0.0013124899812057902 201
1757499428778 0.34044098787978655 202
1757499428888 0.5836043668237334 203
1757499429021 0.8242709762812337 204
1757499429142 1.4826028068479131 205
1757499429252 0.014728374129547226 206
1757499429374 1.047842998227691 207
1757499429484 0.13780496505554407 208
1757499429680 0.7375354406339828 209
1757499429835 2.405663521592893 210
1757499429986 0.8073072749221442 211
1757499430158 0.7047175033136178 212
1757499430341 0.008000134281374199 213
1757499430457 1.405553980212061 214
1757499430572 0.1392864169241754 215
1757499430680 2.715201933622938 216
1757499430787 0.12798097145309378 217
1757499430896 0.012687061739153549 218
1757499430999 0.027281047672565947 219
1757499431101 1.729201389204414 220
1757499431204 0.5093298685192315 221
1757499431305 2.9774615849789083 222
1757499431407 1.539162212625555 223
1757499431522 0.02008975739060142 224
1757499431625 2.0371642291577325 225
1757499431728 0.2922175154643278 226
1757499431829 1.1760953154697347 227
1757499431933 2.488587937958948 228
1757499432035 1.7393506705961512 229
1757499432139 3.2383823115916583 230
1757499432266 1.3637856060553542e-05 231
1757499432375 0.0010631363998190272 232
1757499432479 1.3216513136669066 233
1757499432578 0.11032855789129391 234
1757499432678 0.45965597389951635 235
1757499432780 0.4035052835190598 236
1757499432878 1.7050199989980468 237
1757499432977 0.27856503652509035 238
1757499433075 2.747957944072739 239
1757499433177 0.013435879489530723 240
1757499433275 0.02959926136271332 241
1757499433385 0.008898580541426481 242
1757499433483 3.635500675623217 243
1757499433575 2.8011797816622503 244
1757499433701 0.4535185104778256 245
1757499433806 1.1122405530117212 246
1757499433912 0.10694422146300976 247
1757499434048 0.9685965272048934 248
1757499434190 1.464051507174511 249
1757499434306 0.5358347225931512 250
1757499434424 0.1328313258240123 251
1757499434536 0.5024133763074178 252
1757499434651 0.5789445275771863 253
1757499434807 0.1302743424047825 254
1757499434921 0.328122716729671 255
1757499435036 4.008893920072556 256
1757499435147 0.4201982100778759 257
1757499435256 1.996525713100494 258
1757499435367 1.6443243798525247 259
1757499435475 0.82520694161318 260
1757499435578 0.7032375269442247 261
1757499435697 1.0156522702407857 262
1757499435819 0.12014305191067207 263
1757499435935 0.770612197542975 264
1757499436048 2.181168584358702 265
1757499436157 1.9316962365843626 266
1757499436278 0.08098539623262292 267
1757499436396 0.38217124160370924 268
1757499436507 0.3943524083736758 269
1757499436618 1.7563624231983916 270
1757499436727 0.21607417147460892 271
1757499436831 0.6495935314668583 272
1757499436933 0.69449157015542 273
1757499437038 0.1790823027427773 274
1757499437142 0.4662377244738357 275
1757499437250 1.3880636330401528 276
1757499437370 1.224587437337687 277
1757499437483 0.6207589913990028 278
1757499437603 0.4922840529496863 279
1757499437774 0.04550391918851513 280
1757499437908 1.452038420449259 281
1757499438020 0.13005459231154126 282
1757499438136 0.04675993131272294 283
1757499438281 0.0036180737097948317 284
1757499438417 0.6345794154562464 285
1757499438540 0.6891863812385475 286
1757499438739 0.00632217322291525 287
1757499438934 2.290689630240351 288
1757499439079 4.162000743927583 289
1757499439272 0.0010017466020255262 290
1757499439491 0.10949610353490928 291
1757499439637 4.290985898433977 292
1757499439760 0.3756670017260971 293
1757499439874 0.6615300713156599 294
1757499439985 0.0004183108302337756 295
1757499440087 0.8166484043975266 296
1757499440202 0.2664921086227774 297
1757499440310 0.296626295349299 298
1757499440451 0.9895227133843572 299
1757499440572 0.08173428747903518 300
1757499440683 6.018703940596651e-05 301
1757499440795 21.850716243575775 302
1757499440916 2.3979258027990844 303
1757499441034 1.4708977229211655 304
1757499441160 0.9034006288603654 305
1757499441277 2.7788932967201094 306
1757499441399 0.24920165085253396 307
1757499441510 0.6087172057916388 308
1757499441619 0.015962213961115693 309
1757499441732 0.19325475757712504 310
1757499441842 0.37538480555547976 311
1757499441940 1.3438226180975497 312
1757499442045 1.1984984379573829 313
1757499442143 0.037352519419355495 314
1757499442247 1.5223217114808165 315
1757499442412 2.4183167613483367 316
1757499442519 2.572924978036513 317
1757499442617 2.770130964961662 318
1757499442721 1.4914949123902075 319
1757499442824 0.5554839662116406 320
1757499442930 3.5755294535097484 321
1757499443036 0.5649079464250871 322
1757499443142 0.05963165819771266 323
1757499443246 0.7065349171482525 324
1757499443350 1.8736147422368077 325
1757499443447 1.7857672267988207 326
1757499443554 1.546303629733349 327
1757499443658 5.7531192845932635 328
1757499443759 0.07023013011018867 329
1757499443865 1.1328335048777356 330
1757499443970 0.6931773830450705 331
1757499444072 0.6672586386908724 332
1757499444169 0.9842320327748809 333
1757499444271 1.7018891281956054 334
1757499444373 1.7727579325070715 335
1757499444478 0.6684367851489222 336
1757499444590 0.02116825179215202 337
1757499444691 0.22864685448126995 338
1757499444793 0.4509237928137698 339
1757499444895 0.2778865445101395 340
1757499444999 1.0688393265611214 341
1757499445103 0.883572358939936 342
1757499445204 1.1034453776158333 343
1757499445305 0.17189107792385847 344
1757499445406 0.5719220204207438 345
1757499445507 1.8018902470284768 346
1757499445612 0.012648932912314994 347
1757499445844 0.1795036622047399 348
1757499445970 1.539175325288046 349
1757499446124 0.9876548369327106 350
1757499446257 0.13227924045394923 351
1757499446395 1.103323628676299 352
1757499446557 0.40319265202983645 353
1757499446719 0.038471488110263505 354
1757499446856 0.012550681382553264 355
1757499447028 0.02825033437949686 356
1757499447163 0.7890716665279646 357
1757499447289 0.14979749295512546 358
1757499447412 0.41254539237126275 359
1757499447559 0.3351376076868977 360
1757499447709 1.5498627081646186 361
1757499447887 2.107427078356405 362
1757499448019 0.003669852430270524 363
1757499448190 2.849116851015239 364
1757499448547 0.5604451442934064 365
1757499448717 0.2065679003045397 366
1757499448870 0.9568098489617527 367
1757499449146 0.01634690294909596 368
1757499449292 1.0900791747278196 369
1757499449424 0.7511924936725995 370
1757499449536 0.4322445756653631 371
1757499449659 0.39331055123410646 372
1757499449769 1.8491014664763104 373
1757499449884 0.02704004598275791 374
1757499449995 1.9427513608204066 375
1757499450108 0.12303357632619046 376
1757499450217 1.2193779419969384 377
1757499450324 0.012865783809706566 378
1757499450431 1.8337340665584025 379
1757499450539 1.2889382856913458 380
1757499450657 2.7990821000486235 381
1757499450759 0.8949369140426223 382
1757499450866 0.605646126109108 383
1757499450971 0.8116263723912531 384
1757499451077 2.4803061148088155 385
1757499451177 0.0452500055301634 386
1757499451283 0.6387189222176354 387
1757499451390 0.8953787652388431 388
1757499451495 2.0116729360498407 389
1757499451600 0.31436151189957023 390
1757499451699 0.038638488688719136 391
1757499451802 1.4968192995374923 392
1757499451910 2.084961284557684 393
1757499452010 0.9566224946729569 394
1757499452113 1.4177159969985542 395
1757499452218 1.900588599352092 396
1757499452323 0.4453086367967841 397
1757499452422 0.1307537028283811 398
1757499452525 0.0057171492814584515 399
1757499452628 1.863516300672322 400
1757499452741 1.8726103614349978 401
1757499452845 2.408756684548429 402
1757499452949 0.19133198023813439 403
1757499453052 0.03711468740181253 404
1757499453158 2.8148735888222953 405
1757499453256 0.20347038398361436 406
1757499453362 0.28777286059881746 407
1757499453460 0.4093310113119326 408
1757499453565 0.1765791636911831 409
1757499453665 1.9978327326590164 410
1757499453771 2.1103212416775716 411
1757499453877 0.5862400172854347 412
1757499453980 0.17630372161307242 413
1757499454086 0.10794060737728957 414
1757499454184 1.3751403563156308 415
1757499454282 2.2752169698280977 416
1757499454385 1.0550382103383786 417
1757499454490 0.3588275584600599 418
1757499454593 1.9071289850731492 419
1757499454698 2.091548902694891 420
1757499454813 1.1027864873303361 421
1757499454913 1.3521387881711229 422
1757499455012 0.31875003373464067 423
1757499455112 0.23066442600743386 424
1757499455220 0.057548183006873053 425
1757499455327 1.319551342161842 426
1757499455432 0.12001657809318965 427
1757499455539 1.9509816427547315 428
1757499455646 0.17692538338531755 429
1757499455758 2.4487867880190057 430
1757499455861 0.5914948523452007 431
1757499455989 0.6811940271934565 432
1757499456090 0.22985314738528115 433
1757499456196 0.7326879910356734 434
1757499456304 0.03243588148263826 435
1757499456414 0.01853771192088422 436
1757499456529 0.07814475461762335 437
1757499456690 0.6971777801961894 438
1757499456842 0.031895739198569674 439
1757499456959 0.5703785622828755 440
1757499457080 1.051583841900974 441
1757499457200 0.8414661834305235 442
1757499457391 1.0367855732687523 443
1757499457567 1.7127155426566678 444
1757499457718 0.00013436075837375744 445
1757499457904 0.001631890240770403 446
1757499458067 1.0551620828166628 447
1757499458195 0.2663462258541606 448
1757499458313 5.5011597911935206e-05 449
1757499458434 0.1389110060931422 450
1757499458550 2.7987071030217807 451
1757499458662 0.9032291983413584 452
1757499458776 0.7326422807229738 453
1757499458889 0.6247653422150673 454
1757499459003 0.48370703787569164 455
1757499459115 0.1417431406459259 456
1757499459222 4.633110020488314 457
1757499459330 2.155524676018028 458
1757499459441 0.22266422313795084 459
1757499459553 1.0540039175982412 460
1757499459662 0.05178449435549605 461
1757499459771 0.026198725452621464 462
1757499459881 1.3284278621997112 463
1757499459990 1.6290297516428998 464
1757499460098 2.072267920533639 465
1757499460204 0.3811966534843437 466
1757499460311 3.0703952476271748 467
1757499460419 2.847816430617186 468
1757499460528 0.1206709483573305 469
1757499460630 2.0062980789572387 470
1757499460740 1.6334086182805814 471
1757499460848 0.00044656316583922226 472
1757499460957 1.268948958524075 473
1757499461058 1.19705678219535 474
1757499461167 3.1227530122602882 475
1757499461276 0.00013880613468482368 476
1757499461386 0.019492467893367654 477
1757499461496 0.21020249672866323 478
1757499461601 1.9820408667147367 479
1757499461701 0.8914739930241878 480
1757499461806 0.0015534098785862278 481
1757499461922 0.20525399799297603 482
1757499462023 0.10188398537400269 483
1757499462130 0.03237797278679605 484
1757499462240 2.419704153827933 485
1757499462347 1.0474315023216783 486
1757499462453 0.2857695429682604 487
1757499462551 1.0246307478607521 488
1757499462657 1.663176705534408 489
1757499462758 0.9753782373752125 490
1757499462867 0.7966402446886652 491
1757499462975 0.09219050508248025 492
1757499463082 0.09080969438202274 493
1757499463195 0.21655257392934182 494
1757499463302 0.9348064756607535 495
1757499463413 0.0359679104025566 496
1757499463516 0.007060842466640571 497
1757499463626 2.173526755540942 498
1757499463733 0.23838431554088 499
