1757436529679 172.01462281859193 0
1757436529715 155.901822515401 1
1757436529753 149.55622174913043 2
1757436529789 143.3349478736686 3
1757436529825 137.59294399728233 4
1757436529864 132.2721053394248 5
1757436529902 127.3374049808158 6
1757436529942 122.7560631858526 7
1757436529981 118.49824924757357 8
1757436530044 114.53677204932687 9
1757436530104 110.84684475026181 10
1757436530157 107.40586851480141 11
1757436530195 104.19323591889842 12
1757436530251 101.19015213271301 13
1757436530309 98.37947227298434 14
1757436530354 95.74555345837537 15
1757436530390 93.27412023456085 16
1757436530431 90.95214215688546 17
1757436530469 88.76772242848833 18
1757436530505 86.70999659185725 19
1757436530541 84.76904036274983 20
1757436530576 82.93578577812578 21
1757436530611 81.20194490492798 22
1757436530645 79.5599404249105 23
1757436530682 78.00284247286065 24
1757436530716 76.5243111620686 25
1757436530752 75.1185442822663 26
1757436530788 73.78022970196345 27
1757436530823 72.50450204957028 28
1757436530861 71.2869032863019 29
1757436530895 70.12334681895841 30
1757436530934 69.01008483258715 31
1757436530972 67.94367855204626 32
1757436531008 66.9209711678693 33
1757436531045 65.93906318581355 34
1757436531080 64.99528998128251 35
1757436531115 64.08720135963912 36
1757436531154 63.21254294145417 37
1757436531190 62.36923920812537 38
1757436531226 61.55537805820554 39
1757436531263 60.76919673833 40
1757436531301 60.009069024954165 41
1757436531348 59.27349354431616 42
1757436531388 58.561083128226336 43
1757436531426 57.87055511254869 44
1757436531469 57.20072249366207 45
1757436531506 56.55048586584851 46
1757436531543 55.91882606952036 47
1757436531579 55.30479748653145 48
1757436531615 54.707521924576646 49
1757436531653 54.12618303792108 50
1757436531703 53.560021236463804 51
1757436531740 53.0083290394707 52
1757436531777 52.47044683425131 53
1757436531814 51.94575900363558 54
1757436531852 51.43369038936476 55
1757436531889 50.933703061473224 56
1757436531924 50.445293366432765 57
1757436531966 49.967989229281606 58
1757436532005 49.50134768718952 59
1757436532042 49.04495263393802 60
1757436532081 48.59841275663829 61
1757436532119 48.16135964768772 62
1757436532156 47.733446076490665 63
1757436532192 47.314344406858226 64
1757436532230 46.90374514726348 65
1757436532269 46.5013556222776 66
1757436532306 46.10689875455751 67
1757436532351 45.72011194770571 68
1757436532392 45.34074606118859 69
1757436532430 44.96856446928583 70
1757436532470 44.603342196759954 71
1757436532506 44.24486512458657 72
1757436532543 43.89292925967825 73
1757436532583 43.547340063075254 74
1757436532620 43.20791183156674 75
1757436532657 42.87446712815295 76
1757436532695 42.54683625716592 77
1757436532733 42.22485678023612 78
1757436532770 41.90837306962929 79
1757436532807 41.59723589578501 80
1757436532846 41.291302046167 81
1757436532888 40.990433972789916 82
1757436532988 40.694499466018975 83
1757436533091 40.403371352448815 84
1757436533188 40.11692721486074 85
1757436533265 39.8350491324318 86
1757436533369 39.55762343952851 87
1757436533464 39.284540501563086 88
1757436533539 39.01569450652203 89
1757436533580 38.75098327089745 90
1757436533617 38.49030805886087 91
1757436533655 38.233573413619695 92
1757436533691 37.98068699998701 93
1757436533729 37.731559457278784 94
1757436533767 37.48610426172813 95
1757436533805 37.244237597675074 96
1757436533841 37.00587823685368 97
1757436533879 36.77094742515508 98
1757436533917 36.53936877629782 99
1757436533955 36.31106817188449 100
1757436533993 36.085973667367064 101
1757436534030 35.8640154034832 102
1757436534068 35.64512552276225 103
1757436534106 35.42923809073231 104
1757436534143 35.21628902149055 105
1757436534180 35.00621600732601 106
1757436534217 34.79895845210989 107
1757436534256 34.59445740819104 108
1757436534295 34.392655516555436 109
1757436534332 34.1934969500279 110
1757436534370 33.996927359311734 111
1757436534433 33.802893821678104 112
1757436534484 33.6113447921319 113
1757436534525 33.422230056893895 114
1757436534574 33.23550068905186 115
1757436534641 33.05110900624432 116
1757436534684 32.869008530250845 117
1757436534726 32.68915394837277 118
1757436534767 32.51150107649639 119
1757436534807 32.33600682373897 120
1757436534847 32.162629158585155 121
1757436534889 31.99132707642815 122
1757436534929 31.822060568436008 123
1757436534973 31.654790591669336 124
1757436535015 31.48947904038164 125
1757436535055 31.32608871843853 126
1757436535095 31.164583312796402 127
1757436535137 31.00492736798499 128
1757436535177 30.847086261542472 129
1757436535217 30.691026180354587 130
1757436535256 30.536714097852986 131
1757436535297 30.384117752030562 132
1757436535336 30.233205624234436 133
1757436535377 30.083946918699656 134
1757436535422 29.936311542789017 135
1757436535464 29.790270087906574 136
1757436535506 29.645793811054318 137
1757436535547 29.502854617003372 138
1757436535588 29.361425041052748 139
1757436535629 29.221478232350254 140
1757436535669 29.08298793775167 141
1757436535708 28.945928486195566 142
1757436535748 28.810274773572417 143
1757436535788 28.676002248067974 144
1757436535828 28.543086895961718 145
1757436535868 28.411505227862463 146
1757436535907 28.28123426536392 147
1757436535947 28.15225152810407 148
1757436535991 28.024535021213012 149
1757436536031 27.898063223134525 150
1757436536071 27.77281507380762 151
1757436536110 27.64876996319482 152
1757436536151 27.52590772014456 153
1757436536192 27.404208601575693 154
1757436536232 27.28365328197284 155
1757436536273 27.164222843181506 156
1757436536314 27.045898764492684 157
1757436536354 26.92866291300686 158
1757436536394 26.812497534268157 159
1757436536442 26.697385243159243 160
1757436536485 26.583309015048528 161
1757436536525 26.470252177181212 162
1757436536565 26.358198400306204 163
1757436536605 26.247131690531255 164
1757436536647 26.137036381399 165
1757436536687 26.02789712617679 166
1757436536727 25.919698890353615 167
1757436536767 25.812426944337535 168
1757436536809 25.706066856347416 169
1757436536850 25.600604485492923 170
1757436536891 25.496025975036993 171
1757436536931 25.392317745835292 172
1757436536974 25.289466489947035 173
1757436537016 25.187459164412388 174
1757436537058 25.086282985191087 175
1757436537100 24.985925421257736 176
1757436537143 24.88637418884901 177
1757436537184 24.787617245858364 178
1757436537277 24.68964278637386 179
1757436537383 24.592439235355048 180
1757436537455 24.495995243444774 181
1757436537511 24.400299681912113 182
1757436537556 24.30534163772259 183
1757436537603 24.21111040873216 184
1757436537680 24.117595499001318 185
1757436537802 24.024786614226077 186
1757436537870 23.9326736572824 187
1757436537983 23.84124672388101 188
1757436538035 23.750496098329485 189
1757436538085 23.66041224939857 190
1757436538133 23.570985826289977 191
1757436538181 23.48220765470277 192
1757436538228 23.394068732995677 193
1757436538275 23.30656022844269 194
1757436538322 23.21967347357945 195
1757436538368 23.133399962637906 196
1757436538412 23.04773134806692 197
1757436538464 22.96265943713651 198
1757436538509 22.878176188623378 199
1757436538556 22.79427370957574 200
1757436538605 22.710944252155173 201
1757436538650 22.628180210553555 202
1757436538696 22.545974117983064 203
1757436538765 22.46431864373726 204
1757436538839 22.38320659032153 205
1757436538898 22.302630890650946 206
1757436538974 22.22258460531378 207
1757436539026 22.14306091989913 208
1757436539074 22.064053142386726 209
1757436539121 21.98555470059757 210
1757436539174 21.907559139703707 211
1757436539221 21.830060119795576 212
1757436539268 21.7530514135056 213
1757436539314 21.67652690368643 214
1757436539360 21.600480581142573 215
1757436539414 21.52490654241396 216
1757436539467 21.449798987610183 217
1757436539512 21.375152218294094 218
1757436539558 21.30096063541361 219
1757436539603 21.227218737280296 220
1757436539650 21.15392111759387 221
1757436539696 21.081062463511206 222
1757436539742 21.00863755375881 223
1757436539787 20.93664125678783 224
1757436539831 20.86506852897029 225
1757436539881 20.793914412835765 226
1757436539933 20.723174035347323 227
1757436539980 20.65284260621591 228
1757436540027 20.5829154162521 229
1757436540073 20.513387835754415 230
1757436540119 20.444255312933244 231
1757436540164 20.37551337236954 232
1757436540210 20.307157613507385 233
1757436540255 20.239183709179706 234
1757436540301 20.171587404166225 235
1757436540355 20.10436451378296 236
1757436540401 20.03751092250247 237
1757436540446 19.971022582604085 238
1757436540500 19.904895512853486 239
1757436540545 19.839125797210837 240
1757436540588 19.77370958356682 241
1757436540633 19.708643082505994 242
1757436540677 19.643922566096688 243
1757436540720 19.579544366706866 244
1757436540764 19.515504875845423 245
1757436540807 19.451800543028146 246
1757436540872 19.388427874667965 247
1757436540923 19.32538343298871 248
1757436540971 19.26266383496201 249
1757436541017 19.200265751266677 250
1757436541065 19.13818590527012 251
1757436541111 19.076421072031188 252
1757436541157 19.01496807732405 253
1757436541203 18.953823796682595 254
1757436541247 18.89298515446481 255
1757436541291 18.832449122936733 256
1757436541335 18.77221272137561 257
1757436541381 18.712273015191588 258
1757436541424 18.652627115067805 259
1757436541468 18.59327217611821 260
1757436541515 18.534205397062877 261
1757436541565 18.475424019420334 262
1757436541613 18.41692532671652 263
1757436541657 18.358706643710054 264
1757436541701 18.300765335633372 265
1757436541748 18.24309880744942 266
1757436541889 18.18570450312357 267
1757436542018 18.128579904910325 268
1757436542120 18.071722532654633 269
1757436542182 18.015129943107322 270
1757436542240 17.958799729254473 271
1757436542354 17.902729519660326 272
1757436542484 17.84691697782347 273
1757436542554 17.79135980154602 274
1757436542605 17.736055722315502 275
1757436542652 17.68100250469908 276
1757436542697 17.62619794575 277
1757436542742 17.571639874425852 278
1757436542789 17.517326151018487 279
1757436542836 17.46325466659523 280
1757436542882 17.40942334245126 281
1757436542927 17.35583012957283 282
1757436542976 17.302473008111114 283
1757436543022 17.249349986866484 284
1757436543069 17.196459102782907 285
1757436543140 17.143798420452352 286
1757436543208 17.091366031628915 287
1757436543272 17.03916005475247 288
1757436543345 16.98717863448165 289
1757436543395 16.935419941235942 290
1757436543443 16.883882170746766 291
1757436543491 16.832563543617212 292
1757436543543 16.7814623048904 293
1757436543590 16.730576723626182 294
1757436543636 16.679905092486038 295
1757436543684 16.629445727326004 296
1757436543731 16.57919696679744 297
1757436543777 16.529157171955507 298
1757436543822 16.47932472587513 299
1757436543867 16.42969803327438 300
1757436543912 16.38027552014501 301
1757436543958 16.33105563339008 302
1757436544003 16.28203684046852 303
1757436544049 16.23321762904643 304
1757436544095 16.18459650665499 305
1757436544139 16.13617200035492 306
1757436544184 16.08794265640725 307
1757436544229 16.039907039950332 308
1757436544274 15.992063734682946 309
1757436544319 15.94441134255336 310
1757436544363 15.896948483454281 311
1757436544407 15.849673794923497 312
1757436544454 15.802585931850121 313
1757436544499 15.75568356618639 314
1757436544550 15.708965386664762 315
1757436544595 15.662430098520366 316
1757436544640 15.616076423218571 317
1757436544686 15.569903098187632 318
1757436544731 15.523908876556296 319
1757436544777 15.478092526896265 320
1757436544821 15.432452832969428 321
1757436544866 15.386988593479739 322
1757436544911 15.341698621829675 323
1757436544956 15.2965817458812 324
1757436545001 15.251636807721058 325
1757436545045 15.206862663430442 326
1757436545090 15.162258182858817 327
1757436545135 15.117822249401899 328
1757436545180 15.073553759783712 329
1757436545223 15.029451623842542 330
1757436545267 14.985514764320873 331
1757436545313 14.941742116659038 332
1757436545358 14.898132628792714 333
1757436545403 14.854685260953994 334
1757436545448 14.811398985476073 335
1757436545496 14.768272786601502 336
1757436545540 14.72530566029384 337
1757436545594 14.682496614052708 338
1757436545640 14.63984466673217 339
1757436545687 14.597348848362358 340
1757436545731 14.555008199974305 341
1757436545776 14.512821773427875 342
1757436545821 14.470788631242785 343
1757436545870 14.428907846432637 344
1757436545916 14.387178502341886 345
1757436545961 14.345599692485703 346
1757436546009 14.304170520392688 347
1757436546055 14.26289009945036 348
1757436546101 14.221757552753356 349
1757436546145 14.180772012954337 350
1757436546191 14.139932622117504 351
1757436546236 14.099238531574695 352
1757436546281 14.058688901784002 353
1757436546358 14.018282902190853 354
1757436546470 13.978019711091566 355
1757436546574 13.937898515499237 356
1757436546699 13.897918511012 357
1757436546759 13.858078901683573 358
1757436546822 13.818378899896066 359
1757436546940 13.778817726234957 360
1757436547035 13.739394609366293 361
1757436547126 13.700108785915978 362
1757436547179 13.660959500351156 363
1757436547228 13.621946004863636 364
1757436547278 13.583067559255353 365
1757436547327 13.544323430825768 366
1757436547376 13.505712894261208 367
1757436547425 13.467235231526123 368
1757436547490 13.428889731756183 369
1757436547550 13.390675691153218 370
1757436547618 13.35259241288195 371
1757436547697 13.314639206968472 372
1757436547754 13.276815390200484 373
1757436547805 13.239120286029195 374
1757436547856 13.201553224472892 375
1757436547906 13.164113542022186 376
1757436547955 13.126800581546794 377
1757436548009 13.089613692203956 378
1757436548058 13.052552229348374 379
1757436548124 13.015615554443642 380
1757436548175 12.978803034975213 381
1757436548232 12.942114044364804 382
1757436548282 12.905547961886235 383
1757436548332 12.869104172582682 384
1757436548380 12.832782067185306 385
1757436548430 12.796581042033262 386
1757436548482 12.760500498995018 387
1757436548531 12.724539845390991 388
1757436548580 12.688698493917485 389
1757436548636 12.652975862571857 390
1757436548686 12.61737137457896 391
1757436548735 12.581884458318775 392
1757436548786 12.546514547255276 393
1757436548858 12.511261079866404 394
1757436548926 12.47612349957527 395
1757436548976 12.441101254682437 396
1757436549025 12.406193798299334 397
1757436549075 12.371400588282768 398
1757436549123 12.33672108717048 399
1757436549172 12.302154762117794 400
1757436549221 12.267701084835283 401
1757436549272 12.23335953152742 402
1757436549322 12.1991295828323 403
1757436549373 12.165010723762272 404
1757436549422 12.131002443645563 405
1757436549469 12.097104236068853 406
1757436549517 12.06331559882077 407
1757436549566 12.029636033836296 408
1757436549624 11.99606504714209 409
1757436549673 11.962602148802663 410
1757436549721 11.929246852867427 411
1757436549769 11.895998677318614 412
1757436549818 11.862857144020005 413
1757436549866 11.829821778666505 414
1757436549916 11.796892110734479 415
1757436549963 11.764067673432942 416
1757436550011 11.73134800365548 417
1757436550059 11.698732641932958 418
1757436550108 11.666221132386973 419
1757436550156 11.633813022684029 420
1757436550204 11.601507863990493 421
1757436550251 11.569305210928187 422
1757436550300 11.537204621530723 423
1757436550348 11.50520565720055 424
1757436550396 11.473307882666619 425
1757436550443 11.44151086594277 426
1757436550491 11.409814178286714 427
1757436550538 11.378217394159714 428
1757436550584 11.346720091186869 429
1757436550640 11.315321850118012 430
1757436550690 11.28402225478923 431
1757436550737 11.252820892084987 432
1757436550785 11.221717351900812 433
1757436550834 11.190711227106611 434
1757436550883 11.159802113510484 435
1757436550930 11.128989609823153 436
1757436550977 11.098273317622937 437
1757436551026 11.067652841321221 438
1757436551073 11.037127788128515 439
1757436551120 11.006697768020997 440
1757436551168 10.976362393707582 441
1757436551217 10.946121280597492 442
1757436551337 10.915974046768321 443
1757436551454 10.885920312934585 444
1757436551560 10.85595970241678 445
1757436551684 10.826091841110856 446
1757436551759 10.796316357458194 447
1757436551876 10.766632882416047 448
1757436552023 10.737041049428399 449
1757436552102 10.70754049439726 450
1757436552172 10.678130855654437 451
1757436552232 10.648811773933685 452
1757436552293 10.619582892343306 453
1757436552350 10.590443856339146 454
1757436552407 10.561394313697988 455
1757436552464 10.532433914491369 456
1757436552519 10.50356231105976 457
1757436552572 10.474779157987156 458
1757436552625 10.446084112076022 459
1757436552686 10.417476832322611 460
1757436552741 10.388956979892686 461
1757436552794 10.360524218097543 462
1757436552846 10.332178212370426 463
1757436552896 10.3039186302433 464
1757436552948 10.275745141323917 465
1757436552999 10.247657417273258 466
1757436553050 10.219655131783323 467
1757436553101 10.19173796055518 468
1757436553153 10.163905581277394 469
1757436553204 10.13615767360475 470
1757436553255 10.108493919137295 471
1757436553308 10.080914001399647 472
1757436553359 10.053417605820668 473
1757436553409 10.026004419713368 474
1757436553461 9.998674132255147 475
1757436553513 9.971426434468277 476
1757436553564 9.944261019200729 477
1757436553616 9.91717758110719 478
1757436553667 9.890175816630432 479
1757436553721 9.863255423982894 480
1757436553773 9.836416103128565 481
1757436553822 9.80965755576508 482
1757436553871 9.782979485306125 483
1757436553922 9.756381596864047 484
1757436553972 9.729863597232722 485
1757436554021 9.703425194870682 486
1757436554071 9.677066099884462 487
1757436554122 9.650786024012186 488
1757436554171 9.62458468060739 489
1757436554221 9.598461784623069 490
1757436554271 9.572417052595931 491
1757436554321 9.54645020263088 492
1757436554371 9.520560954385747 493
1757436554420 9.494749029056186 494
1757436554472 9.469014149360795 495
1757436554522 9.443356039526455 496
1757436554572 9.41777442527386 497
1757436554622 9.392269033803256 498
1757436554672 9.366839593780353 499
