1757490469118 83.4222062437018 0
1757490469182 0.0071155756203063894 1
1757490469242 54.452631005483724 2
1757490469347 18.737769381195502 3
1757490469424 37.560846753228006 4
1757490469487 12.070526950584826 5
1757490469546 0.3072679363337679 6
1757490469606 10.75924987066879 7
1757490469666 4.443509097208986 8
1757490469727 11.665687766452713 9
1757490469831 26.681086569355138 10
1757490469909 0.4210206542845019 11
1757490469974 8.290627235585179 12
1757490470071 18.70928144339504 13
1757490470146 11.555456861924315 14
1757490470208 5.013687229807683 15
1757490470268 19.2462965045471 16
1757490470328 0.3873563610732995 17
1757490470390 2.0580385665994005 18
1757490470450 6.314052825474947 19
1757490470513 264.55963690794437 20
1757490470573 11.934106781088634 21
1757490470637 8.342497544153224 22
1757490470697 9.110427621407009 23
1757490470756 12.48891816064865 24
1757490470816 4.306165305485831 25
1757490470875 7.205800375065151 26
1757490470935 22.23820594262141 27
1757490470996 9.980575743992885 28
1757490471057 1.512630535595615 29
1757490471116 11.908660485555806 30
1757490471176 3.382130672115517 31
1757490471235 8.786193351167872 32
1757490471294 5.453101282937364 33
1757490471355 0.38450212150151053 34
1757490471423 8.858916955050054 35
1757490471483 2.038853804211076 36
1757490471542 3.064631019545216 37
1757490471603 16.52262403798012 38
1757490471663 0.5648516863888317 39
1757490471724 1.1176872775394888 40
1757490471784 9.696371660523011 41
1757490471843 0.9169008017876354 42
1757490471904 1.1009698509201635 43
1757490471964 0.40205731381290555 44
1757490472024 1.2276248050177676 45
1757490472085 0.9503268852163886 46
1757490472146 2.032132263096113 47
1757490472208 8.927740682046005 48
1757490472269 0.02865518830513067 49
1757490472330 0.14419206552256922 50
1757490472391 8.186083589418567 51
1757490472460 2.8180629823035654 52
1757490472525 2.6599280668718737 53
1757490472586 2.55759097572583 54
1757490472646 19.287372033956803 55
1757490472707 0.012349231231938979 56
1757490472767 0.0070505028074156475 57
1757490472829 13.653392266747192 58
1757490472891 1.1783790723645213 59
1757490472953 19.619864352022866 60
1757490473014 2.916273149395433 61
1757490473074 0.021414505267222092 62
1757490473136 7.937781928892332 63
1757490473200 2.430503946304139 64
1757490473262 0.0006313076157331821 65
1757490473322 20.655473163728107 66
1757490473383 10.935830306236616 67
1757490473453 5.934905681476805 68
1757490473514 5.713354767737519 69
1757490473575 0.06421736638140894 70
1757490473635 19.417842522292183 71
1757490473698 14.458443981146713 72
1757490473761 8.193735607400098 73
1757490473822 5.977622697791252 74
1757490473885 7.723414079416658 75
1757490473947 0.79544795368119 76
1757490474008 0.16555272383675712 77
1757490474070 9.682072659801467 78
1757490474130 22.016594025729667 79
1757490474192 0.08348793909479804 80
1757490474253 1.2154753635550712 81
1757490474315 5.5055300500568265 82
1757490474376 1.5574404261161554 83
1757490474438 2.9673848555650704 84
1757490474500 2.008080326079315 85
1757490474561 9.99375917987131 86
1757490474622 0.9845017503938186 87
1757490474683 0.96902140645681 88
1757490474744 12.513201933521513 89
1757490474807 2.883689380384187 90
1757490474869 12.268218671511883 91
1757490474931 0.630597231093684 92
1757490474992 0.12126554883080595 93
1757490475054 11.59187081750717 94
1757490475115 0.04714721282500818 95
1757490475177 0.45397649781392146 96
1757490475238 5.900584234595279 97
1757490475302 2.688657286072359 98
1757490475363 1.2760933321592174 99
1757490475428 13.75207651005001 100
1757490475499 4.486272616097452 101
1757490475561 24.78429327680155 102
1757490475624 0.3370831941486825 103
1757490475703 13.87217269607725 104
1757490475771 8.668507011049003 105
1757490475837 9.003032733075411 106
1757490475916 6.145688478414532 107
1757490475981 0.7610394630851121 108
1757490476043 0.7059676667426932 109
1757490476105 7.666685659677357 110
1757490476167 5.516856568404634 111
1757490476229 2.0088073867728635 112
1757490476291 15.85486531719423 113
1757490476354 1.069369882033478 114
1757490476421 0.5159784730316066 115
1757490476494 2.6238206182355763 116
1757490476557 229.46940218104382 117
1757490476618 0.00031715555527733443 118
1757490476681 19.59186078916837 119
1757490476746 14.493757676498193 120
1757490476809 0.6397556652383692 121
1757490476871 9.479385081437876 122
1757490476936 5.268636269695712 123
1757490476998 11.573325921288218 124
1757490477060 0.012591480138252552 125
1757490477123 6.567998673332825 126
1757490477185 4.57573567662225 127
1757490477248 0.6176784729542404 128
1757490477312 7.727686593804425 129
1757490477482 0.009153037894757134 130
1757490477547 5.3024238681997256 131
1757490477616 0.44213021509762684 132
1757490477679 1.7366474883205323 133
1757490477744 22.779571409048856 134
1757490477805 6.603232963154707 135
1757490477866 1.9189614302706854 136
1757490477929 6.080178419797033 137
1757490477992 27.576402521004447 138
1757490478055 0.036730981679826316 139
1757490478118 2.289974440500742 140
1757490478181 6.4873271387423985 141
1757490478246 0.7240055495272903 142
1757490478311 16.502274791692578 143
1757490478380 12.125147829154976 144
1757490478443 1.310396529716775 145
1757490478509 1.217190195484144 146
1757490478572 2.8513029291009935 147
1757490478635 0.7068104695229062 148
1757490478699 10.986924289851306 149
1757490478761 16.87203559822849 150
1757490478824 9.157403359484322 151
1757490478886 1.2097299229663576 152
1757490478951 9.799118198411053 153
1757490479014 1.9189325969424222 154
1757490479084 13.008735347125736 155
1757490479151 2.461382684919103 156
1757490479215 0.32020083109610753 157
1757490479279 0.02575471181443739 158
1757490479344 7.224751227636012 159
1757490479407 0.8334182241665231 160
1757490479470 0.8645180339517825 161
1757490479543 5.725005977241134 162
1757490479607 3.534510033999169 163
1757490479671 24.451952551550523 164
1757490479734 15.393070059073167 165
1757490479805 19.00050662770371 166
1757490479869 0.295042842252469 167
1757490479932 4.5651959623017 168
1757490479995 1.9074703676053448 169
1757490480064 12.316968150698624 170
1757490480131 3.5704902921554 171
1757490480200 4.267782760860934 172
1757490480266 16.004258205959488 173
1757490480332 0.4467253524314989 174
1757490480397 55.57878795865548 175
1757490480463 6.765456596921226 176
1757490480531 1.9577558545857523 177
1757490480594 8.085893968882068 178
1757490480658 13.01865753726424 179
1757490480720 6.969656086648842 180
1757490480783 6.393406270429849 181
1757490480856 12.929215204704237 182
1757490480921 2.5685641787902065 183
1757490480986 9.907994507845968 184
1757490481050 0.2747447366993015 185
1757490481115 6.464729249445284 186
1757490481179 5.140990684427366e-06 187
1757490481243 9.663912724799081 188
1757490481312 15.913228664769507 189
1757490481376 1.6669328334494864 190
1757490481441 14.879815663954751 191
1757490481520 17.770820166116817 192
1757490481598 6.7524030045811685 193
1757490481663 10.3568081847217 194
1757490481743 10.673426232454341 195
1757490481810 8.06792029926611 196
1757490481874 5.566728040219145 197
1757490481939 13.775103826849671 198
1757490482019 11.567761175951103 199
1757490482088 0.9913069079709272 200
1757490482154 2.6713938917467583 201
1757490482218 5.349309141861782 202
1757490482283 13.589985455333599 203
1757490482348 8.867080980753856 204
1757490482412 1.3210817688731233 205
1757490482477 12.79523431696759 206
1757490482545 1.0498263224354631 207
1757490482614 2.1223339962786203 208
1757490482685 17.036392104340134 209
1757490482749 0.00042474391400320574 210
1757490482813 0.1437154775996106 211
1757490482878 5.574916467761451 212
1757490482944 0.05431068667558368 213
1757490483008 0.0419657789776847 214
1757490483073 3.1466491285052163 215
1757490483137 6.294801058696278 216
1757490483200 15.532558499915828 217
1757490483265 7.140594803286446 218
1757490483331 2.085136273083086 219
1757490483394 1.419899428386617 220
1757490483459 8.870053478293556 221
1757490483523 11.51033268743654 222
1757490483597 4.399712906293793 223
1757490483661 0.8470944304483383 224
1757490483726 3.089591132070138 225
1757490483790 13.567297398552283 226
1757490483855 0.002946580167763167 227
1757490483920 1.4447285803846035 228
1757490483985 0.26132815052508523 229
1757490484051 6.441566263511639 230
1757490484116 6.64247884669784 231
1757490484181 11.727735349953193 232
1757490484246 11.922549707933449 233
1757490484310 0.3903562120327879 234
1757490484374 0.7602104924648176 235
1757490484439 4.270165053225131 236
1757490484503 6.37991699519249 237
1757490484575 12.10208320491437 238
1757490484639 7.518916440030408 239
1757490484704 4.62952779066734 240
1757490484768 9.542833048831923 241
1757490484834 3.055935669380766 242
1757490484898 2.079791733972539 243
1757490484963 4.0649857552138045 244
1757490485028 5.179348546104375 245
1757490485093 0.9229896585118704 246
1757490485158 10.399625288782115 247
1757490485222 7.175545553979446 248
1757490485288 1.4911616488407016 249
1757490485352 14.93445388519926 250
1757490485418 3.2563971749676726 251
1757490485482 24.186334797707925 252
1757490485547 8.637361704353728 253
1757490485620 4.991460072364 254
1757490485686 1.3788014768944117 255
1757490485751 3.2369183121648626 256
1757490485817 27.614717318017558 257
1757490485882 13.868495489653217 258
1757490485948 0.7537383532946773 259
1757490486018 5.975742111532982 260
1757490486084 11.324283045037909 261
1757490486149 7.25933026228051 262
1757490486214 12.87053872278836 263
1757490486293 0.2902376223841853 264
1757490486358 10.486712495432078 265
1757490486423 0.21538102118236704 266
1757490486488 5.08704819425294 267
1757490486556 9.008833959202732 268
1757490486623 3.0109221904909353 269
1757490486688 1.9261123829567832 270
1757490486755 11.163119242244218 271
1757490486820 2.965716048145369 272
1757490486885 4.012957313901936 273
1757490486953 13.18795889394003 274
1757490487019 0.5541286989279938 275
1757490487084 10.313054161269589 276
1757490487149 4.742343712388333 277
1757490487215 7.978321630925383 278
1757490487280 6.7784547335228 279
1757490487362 0.27123279325841565 280
1757490487446 5.228987531453915e-05 281
1757490487514 1.0138631097572046 282
1757490487595 0.009652680731588053 283
1757490487677 2.8121138344074295 284
1757490487743 19.79119444765031 285
1757490487809 11.247536435448563 286
1757490487875 12.619932713912085 287
1757490487941 7.494412682913927 288
1757490488006 4.890409238816455 289
1757490488073 0.008045178471168582 290
1757490488140 0.09574971424496945 291
1757490488206 13.75099014135999 292
1757490488271 12.501600935400392 293
1757490488338 3.1883194323687754 294
1757490488404 13.182589069264914 295
1757490488470 15.508035607269797 296
1757490488536 0.02202718348953482 297
1757490488602 10.701500858068135 298
1757490488677 4.954497502454785 299
1757490488743 10.464789345731798 300
1757490488809 0.6857118111569102 301
1757490488875 4.580106001196965 302
1757490488941 3.1676044222578588 303
1757490489007 12.027082071191554 304
1757490489073 5.858022505697105 305
1757490489139 3.699906190309588 306
1757490489205 4.1073182268657344 307
1757490489271 0.0005808665325902979 308
1757490489338 0.022457092391935555 309
1757490489404 1.9947002329195334 310
1757490489470 0.20638294730252227 311
1757490489536 9.771899407235225 312
1757490489602 13.248815646131243 313
1757490489677 13.655776058683637 314
1757490489743 8.348511621158046 315
1757490489809 1.8557533958466441 316
1757490489875 0.9959466299714282 317
1757490489942 0.1258470541623017 318
1757490490009 2.257784831199099 319
1757490490075 0.38762586581527647 320
1757490490140 0.654620759286687 321
1757490490206 0.009614508749244934 322
1757490490274 0.39096020673080484 323
1757490490340 5.502992903577001 324
1757490490408 11.814494774094731 325
1757490490475 20.44827748947741 326
1757490490542 15.321200629076035 327
1757490490609 21.215384412269326 328
1757490490678 2.9763900686350446 329
1757490490747 9.736143886447765 330
1757490490814 0.6852227719842691 331
1757490490882 5.2576334008761725 332
1757490490950 0.36365476674575015 333
1757490491017 0.22575691872068723 334
1757490491084 8.425057901273151 335
1757490491153 8.14235176273374 336
1757490491223 6.638321489962388 337
1757490491291 8.556653056678593 338
1757490491359 3.0930037603012215 339
1757490491428 0.5544247451579642 340
1757490491495 8.137815467435193 341
1757490491563 1.2512954687943296 342
1757490491631 0.3767831681844137 343
1757490491702 6.411883062351317 344
1757490491771 8.263817762128577 345
1757490491838 14.133432206339373 346
1757490491906 1.808885233270105 347
1757490491973 20.769980152148012 348
1757490492041 18.488673218939915 349
1757490492108 4.449721096797992 350
1757490492176 7.213662695395339 351
1757490492243 0.4602262292001411 352
1757490492310 7.2654781407296065 353
1757490492379 8.03204014252128 354
1757490492447 18.876665199537758 355
1757490492515 5.28539005877051 356
1757490492582 4.004282419081244 357
1757490492648 7.885606802669886 358
1757490492716 4.055375705484296 359
1757490492785 0.4056227893486923 360
1757490492853 9.086976825215858 361
1757490492921 5.193856223881774 362
1757490492989 5.900422842554173 363
1757490493056 0.01695221205469622 364
1757490493125 0.176754023436301 365
1757490493201 1.0259770229718572 366
1757490493286 7.269548955246437 367
1757490493356 0.015415321322499615 368
1757490493432 4.772696406465227 369
1757490493501 3.4760264969893715 370
1757490493568 8.563780258795136 371
1757490493636 0.976494589953595 372
1757490493705 12.699065176821756 373
1757490493773 8.801177666494329 374
1757490493841 2.21070629727143 375
1757490493909 9.860567052074485 376
1757490493978 2.069484641383171 377
1757490494046 2.445974104059238 378
1757490494114 5.750483554780256 379
1757490494182 0.009158022034217464 380
1757490494250 0.7838194341975301 381
1757490494318 9.854485352377516 382
1757490494387 10.211213359871241 383
1757490494455 10.542060664321513 384
1757490494523 14.107883279635638 385
1757490494592 5.670507792916913 386
1757490494660 20.76740883692159 387
1757490494732 9.246361777137842 388
1757490494801 2.8022212416695873 389
1757490494869 4.955300344194072 390
1757490494938 0.21974584075993636 391
1757490495006 3.414301703674173 392
1757490495074 7.665098195922784 393
1757490495143 0.7075490130210034 394
1757490495211 9.49183405434131 395
1757490495280 0.07391628890930083 396
1757490495348 9.054768129686037 397
1757490495417 0.9753557817884491 398
1757490495485 3.3180436492792875 399
1757490495554 2.627741415727602 400
1757490495623 3.340546485464194 401
1757490495691 13.39370357479739 402
1757490495768 3.26383285019108 403
1757490495837 0.08010466280005238 404
1757490495905 3.018593255974948 405
1757490495974 4.910801943499409 406
1757490496044 0.80311705096421 407
1757490496112 2.4657950104471213 408
1757490496181 9.378006769050304 409
1757490496250 5.012961050608247 410
1757490496318 7.323361076233317 411
1757490496388 12.15046259723969 412
1757490496456 7.978528977924706 413
1757490496525 8.172832858705652 414
1757490496599 5.419530674942786 415
1757490496668 1.2916176292460417 416
1757490496746 0.17623363798208289 417
1757490496815 11.500882345678107 418
1757490496884 0.005089871860005857 419
1757490496953 3.3918562989944245 420
1757490497022 12.569146298192418 421
1757490497091 9.571899445059776 422
1757490497160 8.433734564071907 423
1757490497228 17.987846162680476 424
1757490497298 2.812272347241872 425
1757490497367 15.407501730846143 426
1757490497437 20.580003529558407 427
1757490497506 13.706279523657523 428
1757490497575 1.280537052836509 429
1757490497644 3.1760055408797214 430
1757490497714 0.00018922451446766594 431
1757490497790 0.9658261437905421 432
1757490497860 1.3008185865324184 433
1757490497929 7.287246426211898 434
1757490497999 7.789466289326708 435
1757490498069 22.56696801141348 436
1757490498139 15.979465054397819 437
1757490498209 0.8191726030268233 438
1757490498279 0.4197765851379415 439
1757490498346 7.880625309645753 440
1757490498415 1.6292715514575278 441
1757490498484 2.8202913518551713 442
1757490498554 2.064385140967145 443
1757490498624 3.3628706088804643 444
1757490498694 4.397241511221765 445
1757490498771 6.290552402224606 446
1757490498852 7.138984282261373 447
1757490498923 6.069786288433364 448
1757490498993 12.029598841675462 449
1757490499085 9.777883489298254 450
1757490499157 22.67990844142991 451
1757490499239 9.56674312353396 452
1757490499323 2.483679797759296 453
1757490499393 6.75796405415743 454
1757490499463 4.226074233992278 455
1757490499533 19.78647606561684 456
1757490499603 5.528809387621789 457
1757490499675 17.696125895417328 458
1757490499744 10.10899004894467 459
1757490499821 0.008112854443782042 460
1757490499892 5.37300789664033 461
1757490499961 4.59057518576965 462
1757490500031 2.6353104342524754 463
1757490500101 1.3224258180471211 464
1757490500172 6.4493562922812195 465
1757490500242 7.281178636075734 466
1757490500311 2.5361222431632413 467
1757490500381 1.6292139342017422 468
1757490500453 6.361803133409164 469
1757490500523 1.9673940693685985 470
1757490500593 11.350795387725618 471
1757490500663 22.910333139312854 472
1757490500733 9.543839411871177 473
1757490500807 1.8540936071649452 474
1757490500878 9.468692058496414 475
1757490500948 6.076973791594116 476
1757490501018 7.078497517707925 477
1757490501088 4.243964518264213 478
1757490501159 2.076198692191532 479
1757490501229 9.060461389286766 480
1757490501299 13.262239789194584 481
1757490501369 6.66079409332582 482
1757490501439 3.549263639672404 483
1757490501510 4.249274786798743 484
1757490501580 12.969177553852594 485
1757490501650 11.20638966730566 486
1757490501722 1.310700679878627 487
1757490501793 0.5861813734636387 488
1757490501872 0.8622839741551439 489
1757490501943 2.5726302287614735 490
1757490502014 0.2103858187102231 491
1757490502084 8.36512621264562 492
1757490502155 4.655517358820745 493
1757490502226 1.1565131098299515 494
1757490502296 13.825712080612629 495
1757490502367 20.09334280602752 496
1757490502438 0.20347072665528143 497
1757490502509 0.0025882313327415386 498
1757490502580 3.0748041257680043 499
