1757477786745 171.47693260063076 0
1757477786816 154.2997673376414 1
1757477786877 147.66460154958153 2
1757477786941 141.14902655656724 3
1757477786986 135.16427017834266 4
1757477787032 129.6407666199581 5
1757477787081 124.53804262446239 6
1757477787130 119.8183035036017 7
1757477787172 115.44741356157095 8
1757477787210 111.39447306006096 9
1757477787246 107.63150668952103 10
1757477787298 104.13317896379705 11
1757477787343 100.87653782601987 12
1757477787391 97.84078346180239 13
1757477787455 95.00705983799985 14
1757477787518 92.35826671927937 15
1757477787571 89.87889013825162 16
1757477787651 87.55484949555155 17
1757477787731 85.37335964700993 18
1757477787799 83.3228064978708 19
1757477787883 81.3926347706649 20
1757477787972 79.57324674544886 21
1757477788031 77.85591089011304 22
1757477788099 76.23267940564571 23
1757477788144 74.69631380779182 24
1757477788198 73.2402177535178 25
1757477788256 71.85837639903843 26
1757477788309 70.54530164673614 27
1757477788369 69.29598270187847 28
1757477788422 68.10584141730992 29
1757477788500 66.97069195588644 30
1757477788550 65.88670434689888 31
1757477788612 64.85037155460086 32
1757477788665 63.85847971467817 33
1757477788723 62.90808122847856 34
1757477788774 61.99647043543623 35
1757477788826 61.12116161170859 36
1757477788874 60.27986906789295 37
1757477788933 59.470489141081046 38
1757477788973 58.691083896682024 39
1757477789035 57.93986637362156 40
1757477789091 57.21518722290143 41
1757477789134 56.51552260426191 42
1757477789185 55.839463218986424 43
1757477789237 55.18570436887063 44
1757477789289 54.5530369421765 45
1757477789356 53.94033923712239 46
1757477789410 53.34656954223035 47
1757477789451 52.77075940075486 48
1757477789511 52.212007493540966 49
1757477789579 51.66947408107969 50
1757477789644 51.142375951316055 51
1757477789700 50.62998182498098 52
1757477789759 50.13160817492078 53
1757477789815 49.646615420137465 54
1757477789857 49.17440445907392 55
1757477789949 48.714413510124466 56
1757477790063 48.26611523045777 57
1757477790167 47.829014087040306 58
1757477790232 47.402643956275256 59
1757477790328 46.98656593094967 60
1757477790409 46.580366315237754 61
1757477790467 46.183654790361494 62
1757477790518 45.79606273518183 63
1757477790585 45.41724168750181 64
1757477790659 45.046861933224456 65
1757477790712 44.684611211735316 66
1757477790770 44.33019352698882 67
1757477790842 43.98332805477692 68
1757477790905 43.64374813756181 69
1757477790965 43.3112003590694 70
1757477791009 42.98544369157617 71
1757477791049 42.66624870948648 72
1757477791103 42.35339686339783 73
1757477791141 42.04667980939338 74
1757477791226 41.745898788791195 75
1757477791282 41.45086405402203 76
1757477791347 41.161394336707836 77
1757477791419 40.87731635437423 78
1757477791476 40.59846435255787 79
1757477791515 40.32467967936466 80
1757477791567 40.055810389802744 81
1757477791622 39.79171087745583 82
1757477791679 39.532241531281805 83
1757477791735 39.27726841551951 84
1757477791798 39.02666297086632 85
1757477791850 38.78030173525182 86
1757477791911 38.53806608267999 87
1757477791975 38.29984197874619 88
1757477792028 38.06551975155604 89
1757477792069 37.83499387688334 90
1757477792110 37.60816277650365 91
1757477792161 37.38492862873072 92
1757477792218 37.165197190265225 93
1757477792279 36.94887762853939 94
1757477792348 36.73588236380965 95
1757477792417 36.52612692031039 96
1757477792465 36.31952978583854 97
1757477792508 36.11601227918943 98
1757477792579 35.91549842491106 99
1757477792648 35.717914834886116 100
1757477792713 35.523190596289815 101
1757477792790 35.33125716550694 102
1757477792842 35.142048267623295 103
1757477792922 34.95549980113656 104
1757477792987 34.771549747558105 105
1757477793058 34.59013808560182 106
1757477793124 34.41120670967884 107
1757477793178 34.23469935243698 108
1757477793254 34.06056151110337 109
1757477793316 33.8887403774052 110
1757477793408 33.71918477085989 111
1757477793457 33.55184507524057 112
1757477793554 33.38667317803575 113
1757477793616 33.223622412734834 114
1757477793672 33.06264750378209 115
1757477793726 32.90370451405244 116
1757477793783 32.74675079471192 117
1757477793837 32.591744937334425 118
1757477793900 32.43864672815498 119
1757477793965 32.28741710434686 120
1757477794030 32.13801811221724 121
1757477794084 31.99041286722258 122
1757477794147 31.84456551571075 123
1757477794204 31.700441198302663 124
1757477794274 31.558006014831467 125
1757477794321 31.417226990761876 126
1757477794362 31.27807204501713 127
1757477794436 31.14050995914478 128
1757477794513 31.004510347756945 129
1757477794573 30.870043630183766 130
1757477794632 30.737081003282558 131
1757477794697 30.605594415348293 132
1757477794748 30.47555654107377 133
1757477794889 30.346940757510936 134
1757477794986 30.219721120987103 135
1757477795055 30.09387234493262 136
1757477795154 29.96936977857835 137
1757477795236 29.84618938648398 138
1757477795298 29.724307728859788 139
1757477795351 29.60370194264662 140
1757477795411 29.48434972332057 141
1757477795478 29.366229307390412 142
1757477795539 29.249319455557696 143
1757477795606 29.133599436510515 144
1757477795674 29.019049011323727 145
1757477795738 28.90564841843963 146
1757477795801 28.793378359204077 147
1757477795851 28.682219983934754 148
1757477795894 28.572154878498857 149
1757477795945 28.463165051378944 150
1757477795987 28.355232921206504 151
1757477796052 28.248341304743704 152
1757477796125 28.142473405294925 153
1757477796207 28.037612801530194 154
1757477796267 27.93374343670382 155
1757477796329 27.830849608251956 156
1757477796386 27.728915957753753 157
1757477796450 27.627927461241498 158
1757477796506 27.527869419845555 159
1757477796551 27.428727450760775 160
1757477796593 27.330487478521622 161
1757477796635 27.233135726573607 162
1757477796678 27.136658709129538 163
1757477796724 27.041043223299187 164
1757477796767 26.94627634148177 165
1757477796808 26.85234540401109 166
1757477796850 26.759238012043266 167
1757477796895 26.66694202067803 168
1757477796946 26.575445532304343 169
1757477797019 26.484736890161876 170
1757477797104 26.394804672110077 171
1757477797160 26.30563768459699 172
1757477797201 26.217224956820257 173
1757477797271 26.1295557350731 174
1757477797348 26.04261947726834 175
1757477797419 25.95640584763381 176
1757477797503 25.870904711572887 177
1757477797559 25.786106130683947 178
1757477797625 25.70200035793295 179
1757477797700 25.618577832973585 180
1757477797768 25.53582917760956 181
1757477797838 25.453745191393892 182
1757477797903 25.372316847360324 183
1757477797966 25.291535287881967 184
1757477798026 25.211391820652892 185
1757477798104 25.131877914788017 186
1757477798156 25.052985197037252 187
1757477798301 24.97470544810994 188
1757477798388 24.897030599105577 189
1757477798459 24.819952728047213 190
1757477798549 24.74346405651397 191
1757477798617 24.667556946369213 192
1757477798679 24.592223896581114 193
1757477798736 24.517457540132494 194
1757477798803 24.443250641016807 195
1757477798868 24.369596091317497 196
1757477798918 24.29648690836782 197
1757477798985 24.223916231988436 198
1757477799050 24.15187732180029 199
1757477799127 24.080363554610166 200
1757477799187 24.009368421866583 201
1757477799239 23.938885527183785 202
1757477799312 23.868908583931468 203
1757477799394 23.799431412888236 204
1757477799470 23.730447939956704 205
1757477799536 23.661952193938255 206
1757477799603 23.59393830436557 207
1757477799646 23.52640049939104 208
1757477799692 23.459333103729474 209
1757477799755 23.392730536653136 210
1757477799890 23.326587310037734 211
1757477800000 23.260898026457653 212
1757477800081 23.195657377328917 213
1757477800137 23.130860141098427 214
1757477800205 23.066501181478195 215
1757477800298 23.002575445722933 216
1757477800378 22.939077962949984 217
1757477800446 22.876003842500168 218
1757477800516 22.813348272338327 219
1757477800577 22.75110651749251 220
1757477800635 22.68927391853049 221
1757477800721 22.627845890072674 222
1757477800791 22.566817919340263 223
1757477800852 22.506185564737713 224
1757477800919 22.445944454468368 225
1757477800988 22.38609028518256 226
1757477801073 22.326618820656968 227
1757477801119 22.2675258905046 228
1757477801173 22.208807388914398 229
1757477801236 22.150459273419674 230
1757477801321 22.092477563694604 231
1757477801403 22.034858340377934 232
1757477801449 21.977597743923273 233
1757477801516 21.92069197347515 234
1757477801580 21.864137285770077 235
1757477801638 21.807929994062206 236
1757477801723 21.752066467072588 237
1757477801791 21.696543127961633 238
1757477801834 21.641356453324097 239
1757477801898 21.58650297220593 240
1757477801961 21.531979265142564 241
1757477802020 21.477781963217915 242
1757477802063 21.42390774714367 243
1757477802119 21.37035334635834 244
1757477802173 21.31711553814544 245
1757477802235 21.264191146770564 246
1757477802305 21.211577042636577 247
1757477802378 21.15927014145667 248
1757477802423 21.107267403444787 249
1757477802479 21.05556583252295 250
1757477802551 21.00416247554511 251
1757477802629 20.95305442153706 252
1757477802701 20.902238800952098 253
1757477802761 20.85171278494197 254
1757477802819 20.80147358464276 255
1757477802886 20.75151845047543 256
1757477802953 20.7018446714605 257
1757477803015 20.65244957454669 258
1757477803070 20.603330523953108 259
1757477803140 20.55448492052469 260
1757477803202 20.50591020110054 261
1757477803281 20.457603837894933 262
1757477803336 20.409563337890642 263
1757477803410 20.361786242244303 264
1757477803470 20.31427012570358 265
1757477803551 20.267012596035773 266
1757477803633 20.220011293467703 267
1757477803716 20.173263890136575 268
1757477803778 20.12676808955155 269
1757477803853 20.080521626065824 270
1757477803921 20.034522264358937 271
1757477803985 19.988767798929143 272
1757477804055 19.94325605359551 273
1757477804126 19.89798488100968 274
1757477804181 19.85295216217696 275
1757477804225 19.80815580598654 276
1757477804312 19.763593748750775 277
1757477804399 19.7192639537531 278
1757477804481 19.675164410804637 279
1757477804606 19.631293135809138 280
1757477804715 19.587648170336113 281
1757477804836 19.544227581202065 282
1757477804895 19.50102946005953 283
1757477804961 19.458051922993796 284
1757477805070 19.41529311012721 285
1757477805147 19.372751185230797 286
1757477805223 19.330424335343157 287
1757477805270 19.28831077039634 288
1757477805353 19.24640872284873 289
1757477805418 19.20471644732462 290
1757477805477 19.163232220260458 291
1757477805546 19.121954339557576 292
1757477805598 19.08088112424131 293
1757477805651 19.04001091412625 294
1757477805699 18.99934206948774 295
1757477805748 18.95887297073918 296
1757477805798 18.91860201811534 297
1757477805865 18.878527631361298 298
1757477805954 18.838648249427045 299
1757477806008 18.79896233016758 300
1757477806071 18.759468350048408 301
1757477806126 18.720164803856296 302
1757477806191 18.681050204415257 303
1757477806262 18.642123082307553 304
1757477806319 18.603381985599704 305
1757477806378 18.564825479573383 306
1757477806440 18.526452146461054 307
1757477806498 18.4882605851863 308
1757477806547 18.45024941110881 309
1757477806592 18.412417255773764 310
1757477806656 18.37476276666569 311
1757477806708 18.337284606966662 312
1757477806771 18.29998145531869 313
1757477806851 18.26285200559032 314
1757477806919 18.225894966647274 315
1757477806971 18.189109062127116 316
1757477807044 18.152493030217848 317
1757477807129 18.1160456234403 318
1757477807202 18.079765608434368 319
1757477807274 18.043651765748884 320
1757477807354 18.007702889635194 321
1757477807432 17.971917787844195 322
1757477807506 17.936295281426965 323
1757477807574 17.90083420453875 324
1757477807641 17.865533404246353 325
1757477807710 17.830391740338786 326
1757477807779 17.795408085141197 327
1757477807866 17.760581323331945 328
1757477807940 17.725910351762785 329
1757477808005 17.69139407928213 330
1757477808069 17.657031426561296 331
1757477808133 17.622821325923695 332
1757477808204 17.588762721176916 333
1757477808273 17.554854567447638 334
1757477808331 17.52109583101932 335
1757477808402 17.487485489172638 336
1757477808476 17.454022530028574 337
1757477808540 17.420705952394155 338
1757477808612 17.38753476561076 339
1757477808697 17.35450798940496 340
1757477808777 17.32162465374187 341
1757477808848 17.288883798680903 342
1757477808934 17.25628447423394 343
1757477809016 17.223825740225852 344
1757477809088 17.19150666615732 345
1757477809189 17.159326331069952 346
1757477809245 17.127283823413574 347
1757477809303 17.095378240915764 348
1757477809368 17.063608690453478 349
1757477809437 17.03197428792682 350
1757477809540 17.000474158134857 351
1757477809652 16.969107434653484 352
1757477809734 16.937873259715275 353
1757477809783 16.906770784091265 354
1757477809830 16.87579916697473 355
1757477809916 16.844957575866747 356
1757477809990 16.814245186463694 357
1757477810054 16.783661182546556 358
1757477810112 16.753204755871995 359
1757477810191 16.72287510606517 360
1757477810244 16.692671440514342 361
1757477810326 16.66259297426707 362
1757477810399 16.63263892992822 363
1757477810484 16.602808537559437 364
1757477810545 16.573101034580358 365
1757477810593 16.543515665671336 366
1757477810654 16.514051682677724 367
1757477810726 16.484708344515695 368
1757477810790 16.455484917079556 369
1757477810876 16.42638067315051 370
1757477810940 16.397394892306867 371
1757477811019 16.36852686083569 372
1757477811084 16.339775871645838 373
1757477811156 16.31114122418232 374
1757477811223 16.282622224342102 375
1757477811284 16.254218184391092 376
1757477811349 16.22592842288255 377
1757477811398 16.197752264576703 378
1757477811477 16.16968904036165 379
1757477811533 16.14173808717545 380
1757477811581 16.113898747929483 381
1757477811637 16.086170371432935 382
1757477811703 16.058552312318515 383
1757477811782 16.031043930969265 384
1757477811869 16.00364459344652 385
1757477811932 15.976353671419009 386
1757477811979 15.94917054209296 387
1757477812077 15.922094588143391 388
1757477812166 15.895125197646353 389
1757477812247 15.868261764012246 390
1757477812319 15.841503685920177 391
1757477812403 15.814850367253273 392
1757477812483 15.788301217035011 393
1757477812557 15.761855649366483 394
1757477812626 15.735513083364637 395
1757477812678 15.70927294310144 396
1757477812746 15.683134657543938 397
1757477812814 15.65709766049527 398
1757477812889 15.631161390536482 399
1757477812971 15.605325290969338 400
1757477813032 15.579588809759851 401
1757477813097 15.553951399482743 402
1757477813170 15.528412517266709 403
1757477813242 15.502971624740482 404
1757477813299 15.477628187979725 405
1757477813365 15.452381677454698 406
1757477813430 15.427231567978664 407
1757477813498 15.40217733865713 408
1757477813565 15.377218472837749 409
1757477813635 15.352354458061026 410
1757477813700 15.32758478601171 411
1757477813758 15.30290895247092 412
1757477813826 15.27832645726894 413
1757477813921 15.253836804238732 414
1757477814016 15.229439501170097 415
1757477814191 15.205134059764537 416
1757477814301 15.18091999559073 417
1757477814352 15.15679682804067 418
1757477814435 15.132764080286444 419
1757477814514 15.108821279237613 420
1757477814567 15.084967955499232 421
1757477814616 15.061203643330423 422
1757477814676 15.037527880603596 423
1757477814740 15.013940208764222 424
1757477814817 14.990440172791175 425
1757477814886 14.967027321157653 426
1757477814941 14.943701205792634 427
1757477815016 14.920461382042895 428
1757477815067 14.897307408635555 429
1757477815123 14.874238847641159 430
1757477815171 14.851255264437253 431
1757477815258 14.828356227672504 432
1757477815338 14.805541309231293 433
1757477815442 14.782810084198825 434
1757477815496 14.7601621308267 435
1757477815564 14.737597030498964 436
1757477815625 14.71511436769869 437
1757477815687 14.69271372997492 438
1757477815749 14.67039470791015 439
1757477815816 14.648156895088208 440
1757477815868 14.625999888062587 441
1757477815942 14.60392328632525 442
1757477816024 14.5819266922758 443
1757477816084 14.560009711191105 444
1757477816132 14.538171951195347 445
1757477816199 14.516413023230426 446
1757477816279 14.494732541026847 447
1757477816344 14.473130121074908 448
1757477816429 14.451605382596345 449
1757477816478 14.430157947516332 450
1757477816549 14.40878744043586 451
1757477816647 14.387493488604479 452
1757477816724 14.3662757218934 453
1757477816803 14.345133772768985 454
1757477816866 14.324067276266556 455
1757477816939 14.303075869964571 456
1757477817003 14.282159193959115 457
1757477817076 14.261316890838769 458
1757477817136 14.240548605659777 459
1757477817214 14.219853985921537 460
1757477817295 14.199232681542458 461
1757477817384 14.17868434483605 462
1757477817460 14.158208630487415 463
1757477817521 14.137805195529982 464
1757477817603 14.11747369932257 465
1757477817675 14.097213803526744 466
1757477817749 14.077025172084438 467
1757477817814 14.056907471195935 468
1757477817887 14.036860369298035 469
1757477817947 14.01688353704257 470
1757477818016 13.996976647275178 471
1757477818081 13.97713937501433 472
1757477818180 13.957371397430647 473
1757477818257 13.937672393826466 474
1757477818321 13.918042045615653 475
1757477818393 13.898480036303711 476
1757477818479 13.878986051468074 477
1757477818552 13.859559778738726 478
1757477818651 13.840200907778971 479
1757477818779 13.820909130266543 480
1757477818892 13.801684139874874 481
1757477818997 13.782525632254616 482
1757477819068 13.763433305015425 483
1757477819152 13.7444068577079 484
1757477819243 13.72544599180583 485
1757477819312 13.706550410688585 486
1757477819383 13.687719819623762 487
1757477819463 13.66895392575003 488
1757477819537 13.650252438060203 489
1757477819627 13.631615067384482 490
1757477819703 13.613041526373937 491
1757477819800 13.594531529484163 492
1757477819850 13.576084792959143 493
1757477819912 13.557701034815318 494
1757477819965 13.539379974825815 495
1757477820042 13.5211213345049 496
1757477820133 13.502924837092596 497
1757477820207 13.484790207539477 498
1757477820272 13.466717172491661 499
