1757572887692 176.91261879818987 0
1757572887750 159.07659054937344 1
1757572887811 152.1782128944497 2
1757572887882 145.4118013253477 3
1757572887959 139.20095379996906 4
1757572888027 133.47326188231727 5
1757572888092 128.1861656867405 6
1757572888201 123.29994733426592 7
1757572888277 118.77870977428013 8
1757572888342 114.5899426716523 9
1757572888405 110.70419966394759 10
1757572888468 107.09480330541835 11
1757572888532 103.73757884122034 12
1757572888596 100.61061380079475 13
1757572888656 97.6940409066447 14
1757572888720 94.96984202768388 15
1757572888778 92.42167112842638 16
1757572888836 90.03469436507159 17
1757572888895 87.79544565985577 18
1757572888955 85.6916962477561 19
1757572889015 83.71233683646884 20
1757572889089 81.84727115308539 21
1757572889175 80.08731977046331 22
1757572889254 78.42413321419212 23
1757572889322 76.85011344842772 24
1757572889391 75.35834292674075 25
1757572889456 73.94252047342364 26
1757572889527 72.59690333226143 27
1757572889593 71.31625478435106 28
1757572889658 70.0957967948346 29
1757572889725 68.9311672010054 30
1757572889788 67.81838100171134 31
1757572889849 66.75379535081463 32
1757572889911 65.73407789612494 33
1757572889977 64.75617814011159 34
1757572890043 63.817301530185674 35
1757572890106 62.91488601476084 36
1757572890169 62.046580826946624 37
1757572890242 61.21022728087537 38
1757572890303 60.40384138655436 39
1757572890365 59.62559810798918 40
1757572890428 58.87381710634242 41
1757572890490 58.14694982525142 42
1757572890553 57.4435677892922 43
1757572890618 56.76235199909071 44
1757572890682 56.10208331787664 45
1757572890745 55.46163375447116 46
1757572890881 54.839958556902396 47
1757572891101 54.236089039149824 48
1757572891238 53.64912607101797 49
1757572891333 53.078234167909336 50
1757572891528 52.52263612337764 51
1757572891630 51.98160813285966 52
1757572891811 51.454475361964796 53
1757572891898 50.940607917198356 54
1757572892019 50.4394171810546 55
1757572892156 49.950352477081275 56
1757572892251 49.472898033827754 57
1757572892343 49.00657021957693 58
1757572892430 48.550915022460735 59
1757572892524 48.10550575299562 60
1757572892646 47.66994094827589 61
1757572892757 47.243842459050114 62
1757572892864 46.82685370270169 63
1757572892941 46.41863806677557 64
1757572893042 46.01887744915876 65
1757572893147 45.62727092234453 66
1757572893228 45.24353351040646 67
1757572893319 44.86739506838769 68
1757572893410 44.49859925478717 69
1757572893526 44.13690258870606 70
1757572893655 43.782073584014434 71
1757572893761 43.43389195361847 72
1757572893867 43.09214787755929 73
1757572893962 42.75664132926308 74
1757572894047 42.42718145479369 75
1757572894137 42.103586000440266 76
1757572894275 41.78568078440704 77
1757572894368 41.47329920876586 78
1757572894450 41.1662818081876 79
1757572894651 40.86447583229052 80
1757572894776 40.56773485873466 81
1757572894899 40.275918434454944 82
1757572895014 39.98889174266374 83
1757572895118 39.706525293470065 84
1757572895256 39.428694636157196 85
1757572895376 39.15528009133808 86
1757572895479 38.886166501367754 87
1757572895584 38.62124299753747 88
1757572895700 38.360402782706316 89
1757572895800 38.10354292814583 90
1757572895928 37.85056418348085 91
1757572896024 37.60137079870794 92
1757572896126 37.35587035736174 93
1757572896235 37.11397361997988 94
1757572896327 36.87559437709087 95
1757572896439 36.640649311015174 96
1757572896565 36.40905786583061 97
1757572896661 36.18074212490768 98
1757572896764 35.9556266954703 99
1757572896865 35.73363859968298 100
1757572896962 35.514707171806364 101
1757572897076 35.29876396100062 102
1757572897162 35.085742639390666 103
1757572897285 34.87557891503768 104
1757572897493 34.668210449490076 105
1757572897606 34.46357677961307 106
1757572897755 34.261619243419084 107
1757572897878 34.06228090964301 108
1757572897997 33.865506510826094 109
1757572898138 33.67124237968974 110
1757572898246 33.479436388597314 111
1757572898356 33.29003789191694 112
1757572898449 33.102997671111716 113
1757572898549 32.91826788239682 114
1757572898642 32.73580200681407 115
1757572898724 32.55555480258549 116
1757572898810 32.37748225961667 117
1757572898910 32.20154155602999 118
1757572899030 32.027691016615904 119
1757572899102 31.855890073097864 120
1757572899171 31.68609922611349 121
1757572899238 31.518280008821147 122
1757572899306 31.35239495204662 123
1757572899373 31.18840755089053 124
1757572899443 31.026282232721616 125
1757572899514 30.86598432648603 126
1757572899595 30.707480033267057 127
1757572899660 30.550736398033525 128
1757572899727 30.39572128251883 129
1757572899794 30.24240333917632 130
1757572899874 30.0907519861593 131
1757572899938 29.9407373832776 132
1757572900005 29.792330408884883 133
1757572900074 29.645502637653593 134
1757572900141 29.500226319196994 135
1757572900204 29.35647435749976 136
1757572900267 29.21422029112068 137
1757572900328 29.0734382741332 138
1757572900398 28.93410305777109 139
1757572900462 28.796189972748397 140
1757572900526 28.659674912224293 141
1757572900592 28.5245343153852 142
1757572900656 28.390745151617537 143
1757572900717 28.2582849052463 144
1757572900778 28.127131560815382 145
1757572900842 27.997263588887222 146
1757572900903 27.868659932340012 147
1757572900965 27.741299993142054 148
1757572901029 27.615163619583715 149
1757572901093 27.490231093948335 150
1757572901157 27.366483120604375 151
1757572901219 27.24390081450183 152
1757572901280 27.122465690056863 153
1757572901370 27.002159650409066 154
1757572901453 26.882964977036945 155
1757572901527 26.764864319717272 156
1757572901606 26.647840686815076 157
1757572901694 26.5318774358914 158
1757572901777 26.416958264616593 159
1757572901856 26.30306720197737 160
1757572901933 26.190188599766437 161
1757572902016 26.078307124344086 162
1757572902108 25.96740774866125 163
1757572902182 25.85747574453443 164
1757572902253 25.748496675162926 165
1757572902325 25.640456387879507 166
1757572902397 25.53334100712571 167
1757572902476 25.42713692764367 168
1757572902554 25.3218308078764 169
1757572902635 25.21740956356908 170
1757572902718 25.113860361563912 171
1757572902794 25.011170613781697 172
1757572902869 24.90932797138328 173
1757572902949 24.808320319104578 174
1757572903027 24.708135769758908 175
1757572903113 24.608762658900783 176
1757572903219 24.5101895396454 177
1757572903326 24.412405177638398 178
1757572903402 24.31539854617073 179
1757572903484 24.21915882143344 180
1757572903555 24.123675377907663 181
1757572903629 24.028937783885105 182
1757572903705 23.934935797114626 183
1757572903772 23.841659360570524 184
1757572903842 23.749098598338502 185
1757572903910 23.65724381161529 186
1757572903976 23.56608547481812 187
1757572904046 23.475614231800417 188
1757572904116 23.38582089217014 189
1757572904186 23.296696427707396 190
1757572904256 23.208231968878074 191
1757572904326 23.12041880144035 192
1757572904391 23.03324836314106 193
1757572904478 22.946712240498957 194
1757572904543 22.86080216567222 195
1757572904609 22.77551001340727 196
1757572904680 22.690827798066575 197
1757572904749 22.6067476707327 198
1757572904814 22.52326191638636 199
1757572904880 22.440362951156107 200
1757572904947 22.358043319637353 201
1757572905009 22.2762956922787 202
1757572905073 22.195112862833348 203
1757572905136 22.114487745873774 204
1757572905202 22.034413374367574 205
1757572905266 21.95488289731266 206
1757572905330 21.875889577430147 207
1757572905392 21.79742678891295 208
1757572905456 21.719488015228706 209
1757572905524 21.642066846975165 210
1757572905587 21.565156979786703 211
1757572905664 21.488752212290272 212
1757572905735 21.41284644410951 213
1757572905798 21.337433673915484 214
1757572905861 21.262507997522793 215
1757572905924 21.188063606029743 216
1757572905987 21.114094784001214 217
1757572906051 21.04059590769322 218
1757572906115 20.967561443317777 219
1757572906180 20.894985945347006 220
1757572906245 20.82286405485555 221
1757572906310 20.751190497899955 222
1757572906372 20.679960083934205 223
1757572906438 20.609167704260347 224
1757572906509 20.538808330513284 225
1757572906576 20.468877013178773 226
1757572906639 20.399368880143683 227
1757572906755 20.33027913527788 228
1757572907007 20.261603057046543 229
1757572907168 20.19333599715243 230
1757572907415 20.125473379207133 231
1757572907577 20.05801069743058 232
1757572907668 19.990943515378124 233
1757572907845 19.924267464694395 234
1757572907977 19.857978243893385 235
1757572908097 19.792071617163874 236
1757572908184 19.726543413199806 237
1757572908258 19.661389524054766 238
1757572908334 19.596605904020105 239
1757572908402 19.532188568526042 240
1757572908472 19.468133593065193 241
1757572908554 19.40443711213799 242
1757572908625 19.341095318219452 243
1757572908698 19.278104460746697 244
1757572908769 19.215460845126906 245
1757572908846 19.15316083176499 246
1757572908915 19.091200835110673 247
1757572908983 19.029577322724425 248
1757572909054 18.96828681436186 249
1757572909122 18.907325881076165 250
1757572909191 18.84669114433803 251
1757572909258 18.786379275172845 252
1757572909328 18.726386993314616 253
1757572909396 18.666711066376262 254
1757572909464 18.607348309035974 255
1757572909530 18.548295582239184 256
1757572909603 18.489549792415822 257
1757572909677 18.431107890712525 258
1757572909743 18.37296687223947 259
1757572909809 18.315123775331465 260
1757572909882 18.257575680823035 261
1757572909947 18.200319711337116 262
1757572910010 18.143353030587168 263
1757572910074 18.086672842692288 264
1757572910149 18.030276391505154 265
1757572910214 17.97416095995243 266
1757572910278 17.91832386938741 267
1757572910346 17.86276247895464 268
1757572910417 17.807474184966267 269
1757572910482 17.752456420289803 270
1757572910548 17.697706653747137 271
1757572910624 17.643222389524528 272
1757572910694 17.58900116659338 273
1757572910760 17.53504055814146 274
1757572910829 17.48133817101452 275
1757572910903 17.42789164516794 276
1757572910967 17.374698653128306 277
1757572911031 17.321756899464642 278
1757572911097 17.269064120269135 279
1757572911162 17.216618082647162 280
1757572911226 17.164416584216404 281
1757572911293 17.112457452614873 282
1757572911365 17.060738545017703 283
1757572911433 17.00925774766249 284
1757572911499 16.95801297538304 285
1757572911564 16.907002171151294 286
1757572911643 16.85622330562739 287
1757572911711 16.80567437671757 288
1757572911775 16.75535340913986 289
1757572911843 16.705258453997352 290
1757572911914 16.655387588358906 291
1757572911978 16.60573891484719 292
1757572912045 16.55631056123385 293
1757572912112 16.50710068004174 294
1757572912180 16.45810744815399 295
1757572912247 16.409329066429883 296
1757572912314 16.360763759327313 297
1757572912381 16.312409774531773 298
1757572912452 16.264265382591695 299
1757572912518 16.21632887656008 300
1757572912584 16.168598571642224 301
1757572912662 16.12107280484951 302
1757572912733 16.073749934659038 303
1757572912799 16.026628340679146 304
1757572912868 15.979706423320549 305
1757572912943 15.932982603473098 306
1757572913010 15.886455322187986 307
1757572913078 15.840123040365375 308
1757572913145 15.793984238447267 309
1757572913212 15.748037416115574 310
1757572913280 15.702281091995275 311
1757572913348 15.656713803362553 312
1757572913418 15.611334105857848 313
1757572913487 15.566140573203713 314
1757572913554 15.521131796927417 315
1757572913625 15.476306386088146 316
1757572913699 15.431662967008808 317
1757572913768 15.387200183012263 318
1757572913833 15.342916694162003 319
1757572913904 15.298811177007087 320
1757572913978 15.254882324331357 321
1757572914044 15.211128844906769 322
1757572914113 15.167549463250882 323
1757572914186 15.124142919388273 324
1757572914251 15.080907968615973 325
1757572914319 15.037843381272717 326
1757572914385 14.994947942512022 327
1757572914453 14.952220452079024 328
1757572914524 14.909659724090929 329
1757572914591 14.867264586821126 330
1757572914668 14.825033882486801 331
1757572914737 14.782966467040074 332
1757572914804 14.74106120996251 333
1757572914869 14.699316994063011 334
1757572914942 14.657732715279016 335
1757572915015 14.61630728248094 336
1757572915081 14.575039617279796 337
1757572915152 14.533928653837926 338
1757572915222 14.492973338682864 339
1757572915291 14.452172630524185 340
1757572915356 14.41152550007332 341
1757572915423 14.37103092986632 342
1757572915494 14.33068791408946 343
1757572915566 14.290495458407692 344
1757572915636 14.250452579795857 345
1757572915720 14.210558306372612 346
1757572915789 14.170811677237053 347
1757572915858 14.131211742307968 348
1757572915925 14.091757562165656 349
1757572916000 14.05244820789634 350
1757572916073 14.013282760939001 351
1757572916141 13.974260312934746 352
1757572916213 13.935379965578564 353
1757572916284 13.896640830473423 354
1757572916354 13.85804202898677 355
1757572916420 13.819582692109249 356
1757572916491 13.78126196031575 357
1757572916563 13.743078983428626 358
1757572916629 13.7050329204831 359
1757572916709 13.667122939594822 360
1757572916777 13.629348217829541 361
1757572916843 13.59170794107484 362
1757572916914 13.554201303913903 363
1757572916984 13.516827509501296 364
1757572917059 13.479585769440725 365
1757572917130 13.442475303664708 366
1757572917200 13.405495340316167 367
1757572917267 13.36864511563189 368
1757572917336 13.331923873827849 369
1757572917404 13.295330866986287 370
1757572917471 13.258865354944637 371
1757572917542 13.222526605186163 372
1757572917618 13.186313892732315 373
1757572917688 13.150226500036815 374
1757572917769 13.11426371688136 375
1757572917839 13.078424840273009 376
1757572917909 13.042709174343134 377
1757572917976 13.007116030247994 378
1757572918053 12.971644726070862 379
1757572918125 12.93629458672565 380
1757572918195 12.90106494386208 381
1757572918263 12.86595513577232 382
1757572918333 12.830964507299079 383
1757572918403 12.796092409745135 384
1757572918469 12.761338200784266 385
1757572918551 12.72670124437359 386
1757572918653 12.692180910667249 387
1757572918750 12.657776575931429 388
1757572918832 12.62348762246073 389
1757572918911 12.589313438495804 390
1757572918987 12.555253418142264 391
1757572919073 12.521306961290898 392
1757572919150 12.487473473539072 393
1757572919223 12.45375236611335 394
1757572919301 12.42014305579333 395
1757572919379 12.386644964836657 396
1757572919460 12.353257520905156 397
1757572919540 12.319980156992166 398
1757572919630 12.286812311350923 399
1757572919713 12.253753427424098 400
1757572919813 12.22080295377439 401
1757572919899 12.187960344016199 402
1757572919990 12.155225056748328 403
1757572920119 12.122596555487748 404
1757572920204 12.090074308604343 405
1757572920287 12.057657789256679 406
1757572920366 12.02534647532874 407
1757572920461 11.99313984936765 408
1757572920534 11.961037398522294 409
1757572920608 11.929038614482959 410
1757572920732 11.897142993421813 411
1757572920966 11.865350035934338 412
1757572921390 11.833659246981634 413
1757572921598 11.802070135833615 414
1757572921799 11.770582216013032 415
1757572921925 11.739195005240404 416
1757572922028 11.70790802537972 417
1757572922131 11.676720802385 418
1757572922297 11.645632866247663 419
1757572922477 11.614643750944667 420
1757572922719 11.583752994387467 421
1757572922901 11.552960138371695 422
1757572923055 11.522264728527654 423
1757572923201 11.491666314271514 424
1757572923363 11.461164448757238 425
1757572923742 11.430758688829284 426
1757572923920 11.400448594975957 427
1757572924052 11.37023373128349 428
1757572924189 11.340113665390792 429
1757572924293 11.310087968444904 430
1757572924438 11.280156215057108 431
1757572924595 11.250317983259658 432
1757572924745 11.22057285446321 433
1757572924866 11.190920413414863 434
1757572924991 11.161360248156802 435
1757572925129 11.131891949985587 436
1757572925229 11.102515113412046 437
1757572925328 11.073229336121733 438
1757572925430 11.044034218936005 439
1757572925540 11.014929365773657 440
1757572925642 10.98591438361314 441
1757572925744 10.956988882455306 442
1757572925865 10.928152475286746 443
1757572926002 10.899404778043635 444
1757572926117 10.870745409576118 445
1757572926265 10.84217399161322 446
1757572926391 10.813690148728288 447
1757572926536 10.78529350830491 448
1757572926672 10.756983700503369 449
1757572926796 10.728760358227536 450
1757572926901 10.700623117092317 451
1757572927021 10.672571615391513 452
1757572927150 10.644605494066186 453
1757572927283 10.616724396673472 454
1757572927434 10.588927969355849 455
1757572927550 10.56121586081086 456
1757572927636 10.533587722261261 457
1757572927712 10.506043207425616 458
1757572927788 10.47858197248931 459
1757572927864 10.451203676075991 460
1757572927945 10.4239079792194 461
1757572928029 10.39669454533565 462
1757572928111 10.369563040195867 463
1757572928186 10.342513131899237 464
1757572928259 10.315544490846444 465
1757572928332 10.288656789713496 466
1757572928401 10.2618497034259 467
1757572928471 10.23512290913325 468
1757572928546 10.20847608618413 469
1757572928619 10.181908916101419 470
1757572928689 10.155421082557913 471
1757572928760 10.129012271352329 472
1757572928829 10.102682170385613 473
1757572928897 10.076430469637618 474
1757572928976 10.05025686114409 475
1757572929046 10.024161038974004 476
1757572929119 9.998142699207188 477
1757572929192 9.972201539912298 478
1757572929259 9.946337261125079 479
1757572929330 9.920549564826942 480
1757572929400 9.894838154923853 481
1757572929467 9.869202737225486 482
1757572929536 9.843643019424723 483
1757572929608 9.818158711077373 484
1757572929681 9.792749523582241 485
1757572929750 9.767415170161433 486
1757572929818 9.742155365840953 487
1757572929886 9.716969827431567 488
1757572929958 9.69185827350992 489
1757572930037 9.666820424399953 490
1757572930113 9.641856002154526 491
1757572930191 9.616964730537351 492
1757572930261 9.592146335005129 493
1757572930337 9.567400542689942 494
1757572930415 9.542727082381935 495
1757572930486 9.51812568451216 496
1757572930559 9.493596081135712 497
1757572930635 9.469138005915088 498
1757572930713 9.444751194103748 499
