1757492514202 173.31757489486893 0
1757492514252 171.30694557893926 1
1757492514309 167.15104249907537 2
1757492514372 173.3480209326666 3
1757492514422 162.86252078357882 4
1757492514469 170.96009406762028 5
1757492514517 171.2571062469364 6
1757492514565 174.8624996190606 7
1757492514621 168.88185139216688 8
1757492514672 170.21377490166194 9
1757492514729 173.73856739514227 10
1757492514778 172.25761227637577 11
1757492514828 169.54451767049662 12
1757492514879 169.6966534206533 13
1757492514927 172.32672860925607 14
1757492514973 166.5679970296649 15
1757492515020 173.99612887605167 16
1757492515069 166.4773463858056 17
1757492515117 166.1689209998242 18
1757492515164 166.94192279709512 19
1757492515216 169.963338473205 20
1757492515271 168.19451772274516 21
1757492515319 180.1411100951749 22
1757492515368 167.0326062871574 23
1757492515417 169.83889503218606 24
1757492515466 166.30091387451583 25
1757492515515 167.93173190903278 26
1757492515568 173.31843853683174 27
1757492515630 168.14526451975678 28
1757492515682 170.2220256284535 29
1757492515734 170.29258645709766 30
1757492515784 167.27749601675796 31
1757492515836 174.20798444415627 32
1757492515886 166.13339012473114 33
1757492515936 171.34326268683762 34
1757492515984 168.16629788127065 35
1757492516030 168.05622910443813 36
1757492516082 175.30563401430004 37
1757492516132 167.88453427468426 38
1757492516183 167.86093532384123 39
1757492516234 171.01992006082617 40
1757492516285 165.80697410603176 41
1757492516335 175.05568725906483 42
1757492516384 168.53233183604007 43
1757492516438 169.48171881527233 44
1757492516488 168.17779908734738 45
1757492516535 168.49542107209706 46
1757492516582 165.4784689344659 47
1757492516639 170.6584028413849 48
1757492516702 172.67804944608625 49
1757492516751 169.03207068670463 50
1757492516799 168.6688621678464 51
1757492516847 171.72809539070514 52
1757492516896 173.5130337159629 53
1757492516947 167.75719691100525 54
1757492516998 172.78560453411225 55
1757492517050 169.76989445238863 56
1757492517100 169.0750525671018 57
1757492517150 171.64023604450833 58
1757492517200 170.2304085425741 59
1757492517252 172.7924155353097 60
1757492517304 169.2503914512897 61
1757492517357 171.27519518637803 62
1757492517411 169.851733183346 63
1757492517474 172.0251758010426 64
1757492517527 172.50746783794963 65
1757492517579 167.27038932331678 66
1757492517632 171.62099691772605 67
1757492517689 167.0875383229935 68
1757492517741 171.89361868412882 69
1757492517796 170.27066526978652 70
1757492517848 169.28395199319195 71
1757492517899 171.69923827416702 72
1757492517951 172.86163223334188 73
1757492518002 168.94004725071005 74
1757492518053 168.18494043232016 75
1757492518133 170.3425108258111 76
1757492518280 166.44860473497255 77
1757492518400 172.6737255156179 78
1757492518554 166.35457879934407 79
1757492518627 169.31256532615208 80
1757492518697 166.2942610097967 81
1757492518835 170.56225197908438 82
1757492518943 170.98814142738414 83
1757492519024 168.63444355164714 84
1757492519089 169.39702617048434 85
1757492519147 165.68902146550064 86
1757492519204 167.65924643325346 87
1757492519276 167.09035927791086 88
1757492519353 165.66183551245092 89
1757492519411 172.48016312440586 90
1757492519466 169.3745422328184 91
1757492519521 167.92608352242402 92
1757492519574 167.20662242516505 93
1757492519627 168.15064832478748 94
1757492519684 172.11809833094503 95
1757492519741 172.10979119418514 96
1757492519802 168.22116815642605 97
1757492519853 167.94076397349082 98
1757492519905 168.52568738671394 99
1757492519954 169.60556612619047 100
1757492520002 171.47536811328533 101
1757492520051 171.3579951143387 102
1757492520099 172.7278738266366 103
1757492520148 170.9097916397221 104
1757492520197 166.5395783531558 105
1757492520246 173.8060923729844 106
1757492520297 170.46965390736304 107
1757492520345 165.99595645934698 108
1757492520396 172.00876908627387 109
1757492520444 164.11954989815746 110
1757492520494 172.20637878098242 111
1757492520543 166.46558689436213 112
1757492520591 171.16322962672544 113
1757492520639 166.25001767028562 114
1757492520690 168.2827369501588 115
1757492520747 164.772882895015 116
1757492520796 168.03472861118158 117
1757492520846 169.03937782480693 118
1757492520899 170.80483571966673 119
1757492520949 167.39736787949917 120
1757492520998 170.05621313810826 121
1757492521049 170.9609285994959 122
1757492521097 168.95374258613606 123
1757492521144 169.25554398963746 124
1757492521191 173.66509300803295 125
1757492521239 172.20925093871153 126
1757492521286 169.71710167732 127
1757492521334 168.08143842077905 128
1757492521382 172.9775322850212 129
1757492521431 171.67593887599904 130
1757492521479 169.52776899879788 131
1757492521526 168.0225788960358 132
1757492521574 171.17685486443818 133
1757492521622 170.8837472145846 134
1757492521672 169.80563338000817 135
1757492521727 169.35021643208552 136
1757492521777 165.34914655946795 137
1757492521826 169.42860119232793 138
1757492521873 168.25588561792583 139
1757492521921 170.52411197090908 140
1757492521969 171.69034033034924 141
1757492522017 168.1184322957331 142
1757492522065 169.36060400970328 143
