1757328064424 2730.0095219457535 0
1757328064447 1.310527711126616e+18 1
1757328064470 2.6676518402808847e+32 2
1757328064493 5.430153410177207e+46 3
1757328064515 1.1053378710377126e+61 4
1757328064538 2.2499765970890194e+75 5
1757328064576 4.5799522662655123e+89 6
1757328064602 9.322747084751431e+103 7
1757328064627 1.897696922442179e+118 8
1757328064651 3.86286743242969e+132 9
1757328064675 7.86308109796736e+146 10
1757328064727 1.6005738077923786e+161 11
1757328064751 3.258056838372474e+175 12
1757328064792 6.631955558929509e+189 13
1757328064834 1.3499713699773028e+204 14
1757328064858 2.747941664513447e+218 15
1757328064898 5.593587804529444e+232 16
1757328064945 1.1386058492810267e+247 17
1757328065004 2.317695413607666e+261 18
1757328065031 4.717797676562073e+275 19
1757328065055 9.603339069618664e+289 20
1757328065079 1.9548129786114331e+304 21
1757328065102 inf 22
