1757479051925 19.5973403653597 0
1757479051980 10.442031264988348 1
1757479052032 11.164200171478356 2
1757479052096 6.108730225637002 3
1757479052199 4.439875544952501 4
1757479052261 2.301390803054878 5
1757479052313 1.877992433234483 6
1757479052375 2.0440216887022573 7
1757479052435 0.9262285890865803 8
1757479052488 0.7827833031146442 9
1757479052550 0.6081706475227753 10
1757479052613 0.4814961862348553 11
1757479052689 0.6135045672136443 12
1757479052763 0.21968317306150995 13
1757479052837 0.2040364995018932 14
1757479052894 0.25869425416647174 15
1757479052967 0.1862674291577993 16
1757479053023 0.1966052280898617 17
1757479053082 0.1064378728153944 18
1757479053134 0.1625703513281544 19
1757479053186 0.11032424885450272 20
1757479053248 0.09044415749693252 21
1757479053328 0.15396909733364253 22
1757479053386 0.12674225396885333 23
1757479053467 0.12090708002697005 24
1757479053533 0.14344603530748384 25
1757479053582 0.10874644454167863 26
1757479053631 0.10216117018907937 27
1757479053716 0.13652552994173126 28
1757479053803 0.12968509513050497 29
1757479053863 0.10230303045779111 30
1757479053919 0.08243153718867054 31
1757479053961 0.08257719993517891 32
1757479054038 0.11102448480551548 33
1757479054110 0.08840812378651873 34
1757479054176 0.13108599081020136 35
1757479054228 0.10283881858068607 36
1757479054307 0.08738405294878351 37
1757479054352 0.12713898149964692 38
1757479054403 0.12025027452772932 39
1757479054464 0.11409983956528692 40
1757479054515 0.12203753198091581 41
1757479054570 0.1414479952559447 42
1757479054637 0.12014137865228679 43
1757479054692 0.08953449547026687 44
1757479054741 0.0727711709754585 45
1757479054796 0.11464752744289479 46
1757479054862 0.11878881041111422 47
1757479054994 0.09425688640775634 48
1757479055094 0.19722766393157432 49
1757479055174 0.10726649879350378 50
1757479055274 0.13188314297610376 51
1757479055356 0.14691970837979895 52
1757479055427 0.13834306966076151 53
1757479055511 0.1156644363409577 54
1757479055579 0.07447704847979318 55
1757479055635 0.17529073731101952 56
1757479055694 0.13663669651581029 57
1757479055751 0.15650916782290006 58
1757479055822 0.1260928531010843 59
1757479055908 0.08711471772270395 60
1757479055979 0.15080779553537638 61
1757479056022 0.059645459815016934 62
1757479056076 0.0669663353554445 63
1757479056146 0.12101603161951424 64
1757479056194 0.1190269861443482 65
1757479056244 0.11100698419704162 66
1757479056289 0.164485733425668 67
1757479056337 0.10499232753511557 68
1757479056388 0.11320830856608179 69
1757479056461 0.11358336359385218 70
1757479056534 0.06533531155650674 71
1757479056615 0.07183149570106319 72
1757479056685 0.07782122119583874 73
1757479056755 0.12234657842653941 74
1757479056823 0.16326707654098524 75
1757479056927 0.11346078666542035 76
1757479056990 0.08661087923103203 77
1757479057048 0.11652762386743123 78
1757479057104 0.08681527066494728 79
1757479057170 0.13369204673478252 80
1757479057230 0.1091947813933905 81
1757479057292 0.11895587875926383 82
1757479057367 0.1170500562072799 83
1757479057450 0.08015041257522167 84
1757479057535 0.1182463303609812 85
1757479057587 0.21725939951547663 86
1757479057638 0.14402519545844708 87
1757479057705 0.09934051995581487 88
1757479057776 0.09165196472469343 89
1757479057835 0.04769262599775365 90
1757479057908 0.07991971547638752 91
1757479057985 0.11478729513863428 92
1757479058053 0.13903895688232498 93
1757479058128 0.14612065337741592 94
1757479058184 0.11178104443011118 95
1757479058254 0.12553915859985704 96
1757479058317 0.09387561699463338 97
1757479058359 0.11434388088023197 98
1757479058425 0.09634553324732208 99
1757479058496 0.1500915138793652 100
1757479058569 0.08757258025070697 101
1757479058628 0.14163309330197882 102
1757479058713 0.11018816607422963 103
1757479058776 0.11029827492620269 104
1757479058844 0.12586138344096104 105
1757479058908 0.12331583722692928 106
1757479058976 0.1366407894700049 107
1757479059038 0.09867919973334226 108
1757479059091 0.09620207242407829 109
1757479059140 0.08738514800986508 110
1757479059192 0.09458066543401586 111
1757479059268 0.1029673730011559 112
1757479059322 0.14510356611252348 113
1757479059408 0.13700867387607038 114
1757479059494 0.1174514002377241 115
1757479059568 0.12947614260654067 116
1757479059638 0.12080436668615427 117
1757479059687 0.1384737366290441 118
1757479059777 0.10750953636868095 119
1757479059853 0.18005640066516848 120
1757479059916 0.09696134971192834 121
1757479059973 0.13077408890131334 122
1757479060041 0.0728009428791434 123
1757479060088 0.162822567252364 124
1757479060145 0.10990713801407234 125
1757479060216 0.17188661937713476 126
1757479060264 0.24029883841224273 127
1757479060312 0.09561742833226332 128
1757479060357 0.09792403050564379 129
1757479060404 0.2018781940175855 130
1757479060449 0.09145060201030643 131
1757479060504 0.16821540465837995 132
1757479060638 0.12351731279525757 133
1757479060813 0.12640839403726936 134
1757479060932 0.07858182576332899 135
1757479061013 0.1327701533757345 136
1757479061112 0.09267175369941506 137
1757479061153 0.08284329872452051 138
1757479061232 0.1498302222922948 139
1757479061342 0.14054625981665927 140
1757479061404 0.10784974460475966 141
1757479061465 0.1481121709711562 142
1757479061528 0.06607330838782091 143
1757479061600 0.11791188353009541 144
1757479061656 0.14577406229235482 145
1757479061737 0.0709442157278034 146
1757479061831 0.10738407378100999 147
1757479061877 0.12140681411194443 148
1757479061933 0.10572921597257477 149
1757479061989 0.10715511209384491 150
1757479062034 0.1519655677396939 151
1757479062096 0.12561235721038394 152
1757479062184 0.0655999166160885 153
1757479062282 0.0825171630803974 154
1757479062372 0.13570025274328773 155
1757479062462 0.104430531289587 156
1757479062517 0.10610367128194785 157
1757479062605 0.1076375955574221 158
1757479062675 0.10344386245597181 159
1757479062746 0.22440778981986564 160
1757479062820 0.09377441357539736 161
1757479062902 0.09476218411248657 162
1757479062949 0.09167750617680744 163
1757479062997 0.07181386406734722 164
1757479063099 0.11746198091028665 165
1757479063164 0.12212174224175786 166
1757479063219 0.08531338043547713 167
1757479063284 0.08312067321570304 168
1757479063344 0.10445867942345814 169
1757479063412 0.09211777051940574 170
1757479063504 0.11782922386653326 171
1757479063579 0.13377035111045668 172
1757479063678 0.10115769094633104 173
1757479063764 0.1300440466625908 174
1757479063826 0.21167388047439956 175
1757479063923 0.11936011088359025 176
1757479063981 0.10256768488091199 177
1757479064056 0.13824930434652252 178
1757479064125 0.08546171602133182 179
1757479064206 0.08428079290656709 180
1757479064275 0.08885167207186707 181
1757479064334 0.09193710895265501 182
1757479064394 0.11722770335728014 183
1757479064461 0.1349164114959111 184
1757479064549 0.11334963102026456 185
1757479064616 0.13602298786248507 186
1757479064692 0.12240390131490701 187
1757479064749 0.10824959877306314 188
1757479064801 0.12478272330409326 189
1757479064866 0.0979820590308252 190
1757479064947 0.1659430601590274 191
1757479065017 0.11545835688750061 192
1757479065071 0.09624426166120288 193
1757479065138 0.09400884978123447 194
1757479065206 0.08215243383896523 195
1757479065265 0.05902107513158758 196
1757479065344 0.1341825793134882 197
1757479065435 0.1265176581917083 198
1757479065495 0.06431083009995464 199
1757479065568 0.11970651230675729 200
1757479065633 0.11868166678526906 201
1757479065739 0.14612454280268214 202
1757479065813 0.11024327664385208 203
1757479065899 0.08047392797065622 204
1757479065953 0.12809384646524102 205
1757479066020 0.09781567587552858 206
1757479066070 0.07081416451626939 207
1757479066143 0.09290165462028788 208
1757479066191 0.22048620477169553 209
1757479066250 0.16518512199400584 210
1757479066305 0.08800219191338075 211
1757479066354 0.07712232509075907 212
1757479066403 0.08871931502693958 213
1757479066451 0.09792688806977795 214
1757479066496 0.13397266049174641 215
1757479066580 0.10165565458503617 216
1757479066743 0.1776612288598535 217
1757479066863 0.10693463845348397 218
1757479066971 0.09661261332813781 219
1757479067029 0.09157050775069144 220
1757479067125 0.10537481364507158 221
1757479067193 0.1369605273675776 222
1757479067279 0.1662415504549684 223
1757479067369 0.07722333186546114 224
1757479067440 0.12845909140639897 225
1757479067523 0.06850796784843605 226
1757479067581 0.10657166042947057 227
1757479067654 0.12794522000790554 228
1757479067718 0.09346450400388555 229
1757479067789 0.12756224709289055 230
1757479067843 0.1325828667685901 231
1757479067907 0.11846044056188598 232
1757479067966 0.09967022216173681 233
1757479068034 0.18218479306414007 234
1757479068115 0.08125286466536155 235
1757479068198 0.13648245791346883 236
1757479068263 0.15571537095267904 237
1757479068328 0.14389866056579692 238
1757479068396 0.1450647275789659 239
1757479068459 0.135097732828809 240
1757479068521 0.08794175931794807 241
1757479068584 0.12482841182062945 242
1757479068637 0.07040115812416939 243
1757479068706 0.08321788557430683 244
1757479068770 0.056403134919065644 245
1757479068838 0.13383667994357537 246
1757479068893 0.14673766063299482 247
1757479068957 0.09921728107316255 248
1757479069024 0.07333447253024217 249
1757479069076 0.10097809833125773 250
1757479069166 0.11326447886949725 251
1757479069213 0.09863448033660178 252
1757479069276 0.17719751821348279 253
1757479069397 0.10900088816742982 254
1757479069479 0.10232739888003872 255
1757479069565 0.10451612111292427 256
1757479069631 0.11652868133075969 257
1757479069727 0.10262516726589935 258
1757479069819 0.18764757274368335 259
1757479069914 0.09529450048059487 260
1757479069979 0.10040205424353889 261
1757479070037 0.10440965730999238 262
1757479070112 0.10439378603372522 263
1757479070178 0.08013929793543853 264
1757479070254 0.10357257537025666 265
1757479070323 0.08771411481169664 266
1757479070412 0.1169908706427932 267
1757479070468 0.0883958176210887 268
1757479070533 0.07880615325478668 269
1757479070595 0.11083127836918476 270
1757479070656 0.10099335271989927 271
1757479070703 0.15292101472280029 272
1757479070782 0.12118091298866865 273
1757479070840 0.13431364993185294 274
1757479070917 0.10042596880817664 275
1757479070996 0.1290687160691111 276
1757479071068 0.0908752908043673 277
1757479071117 0.0900403648262261 278
1757479071189 0.07009860009018692 279
1757479071269 0.15849066108644677 280
1757479071359 0.1763268145324946 281
1757479071434 0.08895780797128178 282
1757479071497 0.09524871855147665 283
1757479071558 0.07937430074020045 284
1757479071634 0.1018457329973464 285
1757479071703 0.08909642921998598 286
1757479071760 0.12656549324561145 287
1757479071810 0.17235837349149585 288
1757479071884 0.09264028250070015 289
1757479071970 0.09608593173001675 290
1757479072046 0.09660655805002409 291
1757479072092 0.1598316579618458 292
1757479072137 0.14331948006775913 293
1757479072185 0.11599413402984522 294
1757479072231 0.11753710273353497 295
1757479072278 0.09317746346702023 296
1757479072411 0.14646470180523433 297
1757479072558 0.2559395336125066 298
1757479072646 0.180300181880661 299
1757479072697 0.08341126512695786 300
1757479072762 0.11235260162419665 301
1757479072856 0.12216898300278388 302
1757479072920 0.12548086962724772 303
1757479072985 0.11299353773466213 304
1757479073061 0.10073157060600468 305
1757479073136 0.09913679883447517 306
1757479073199 0.09874910913062111 307
1757479073295 0.09881191886094451 308
1757479073362 0.0892366223445549 309
1757479073426 0.07176615561294286 310
1757479073496 0.09685058171404333 311
1757479073560 0.11086309440400192 312
1757479073609 0.13703872510057502 313
1757479073699 0.15086368658808982 314
1757479073764 0.1307000572023782 315
1757479073845 0.07360493129176712 316
1757479073932 0.10468932082996099 317
1757479074012 0.10486047848631515 318
1757479074064 0.123995227033107 319
1757479074136 0.12989500314814 320
1757479074206 0.10852647146451573 321
1757479074269 0.11830532873291069 322
1757479074324 0.12129157525887986 323
1757479074378 0.10069105893026807 324
1757479074444 0.08764478585882299 325
1757479074510 0.13951818743213948 326
1757479074565 0.07866572856472998 327
1757479074620 0.08881288120331197 328
1757479074677 0.15746846174767914 329
1757479074731 0.08776806500378308 330
1757479074800 0.09078810720448972 331
1757479074880 0.08331854826124124 332
1757479074940 0.1043777871647959 333
1757479075008 0.11666322544932974 334
1757479075111 0.08830136051918196 335
1757479075181 0.09238167992539054 336
1757479075256 0.19098937798636428 337
1757479075325 0.11467983315816407 338
1757479075399 0.117622872891177 339
1757479075465 0.13645497605405876 340
1757479075583 0.10487315089716459 341
1757479075667 0.14949331507959535 342
1757479075741 0.05625726507719906 343
1757479075826 0.0678343691441079 344
1757479075927 0.09202496343152428 345
1757479076033 0.1078065094784788 346
1757479076116 0.09536232597391021 347
1757479076187 0.1615836005720577 348
1757479076251 0.10724692999152445 349
1757479076312 0.11117144166802911 350
1757479076395 0.1071598476897456 351
1757479076469 0.08210715886579752 352
1757479076528 0.08221800284244801 353
1757479076598 0.10864127410826298 354
1757479076657 0.21331639437439062 355
1757479076723 0.10341748153294834 356
1757479076812 0.13468396428945673 357
1757479076881 0.12545815974690283 358
1757479076939 0.13219773995748135 359
1757479077022 0.0935256808205784 360
1757479077104 0.11139763941348488 361
1757479077165 0.15519618947823696 362
1757479077225 0.14303250989206268 363
1757479077295 0.11952498058749508 364
1757479077359 0.09238670861746068 365
1757479077448 0.11280396873836322 366
1757479077516 0.13097652552710684 367
1757479077570 0.07210015147644759 368
1757479077628 0.12071394702862885 369
1757479077680 0.07613309793337185 370
1757479077763 0.13607169729344035 371
1757479077889 0.09775632480566121 372
1757479078006 0.11687563275383166 373
1757479078136 0.13170312179766186 374
1757479078256 0.13925648335325302 375
1757479078342 0.10427069207643043 376
1757479078399 0.09088424611923815 377
1757479078484 0.09060342273570829 378
1757479078598 0.1280590015711873 379
1757479078673 0.07186735161180786 380
1757479078722 0.07272020417757037 381
1757479078769 0.09788339961424614 382
1757479078818 0.07098954548478635 383
1757479078867 0.12243386945297391 384
1757479078917 0.06327818295314276 385
1757479078966 0.1009571482132724 386
1757479079015 0.07734706984096029 387
1757479079064 0.10192988186602156 388
1757479079114 0.1308792511560624 389
1757479079168 0.13122651702260313 390
1757479079220 0.09616454669875117 391
1757479079270 0.11801287076145513 392
1757479079318 0.15684596687095112 393
1757479079367 0.17586257005538142 394
1757479079416 0.08373683344246156 395
1757479079465 0.11091572668374106 396
1757479079514 0.09539289487132618 397
1757479079564 0.1410385652956615 398
1757479079615 0.08648808211087153 399
1757479079665 0.11439454106561725 400
1757479079719 0.14326373005231696 401
1757479079769 0.12378378800160206 402
1757479079819 0.11505055746651613 403
1757479079868 0.0908917989208941 404
1757479079918 0.14398676617465261 405
1757479079967 0.14322007722939623 406
1757479080018 0.10088124642318294 407
1757479080066 0.10608753949191242 408
1757479080117 0.13544744884307772 409
1757479080167 0.07053990068587503 410
1757479080222 0.12278012652963709 411
1757479080271 0.10726791633404888 412
1757479080321 0.09057451087257527 413
1757479080372 0.11099261464397957 414
1757479080422 0.10759609131961022 415
1757479080471 0.11491494303301697 416
1757479080521 0.10706368579279743 417
1757479080581 0.07056833125968663 418
1757479080633 0.1682804475643535 419
1757479080679 0.07676791291589088 420
1757479080732 0.1311180492527016 421
1757479080783 0.10771922995442118 422
1757479080832 0.1369838281723598 423
1757479080882 0.11502210489207619 424
1757479080933 0.1539787150483936 425
1757479080984 0.13768875916827394 426
1757479081033 0.11247152847821476 427
1757479081083 0.08761875725909316 428
1757479081133 0.09491794172372812 429
1757479081185 0.15178653175817455 430
1757479081240 0.14487706520735733 431
1757479081289 0.12018753615638818 432
1757479081340 0.0651279280850516 433
1757479081390 0.13770424777332638 434
1757479081441 0.12319939499998651 435
1757479081491 0.09361258440840939 436
1757479081542 0.114473755246505 437
1757479081620 0.09774783383136364 438
1757479081672 0.1248939825644215 439
1757479081724 0.1247191035924658 440
1757479081781 0.09560753133321387 441
1757479081830 0.1073092637952909 442
1757479081879 0.13501814822127967 443
1757479081932 0.09127452162774238 444
1757479081982 0.17595256027249265 445
1757479082035 0.11450545092897246 446
1757479082114 0.11331535560472906 447
1757479082169 0.14298299627674235 448
1757479082220 0.11447361715293625 449
1757479082275 0.11562974945864556 450
1757479082326 0.06292061349034823 451
1757479082376 0.13606433057092374 452
1757479082426 0.1143265520394302 453
1757479082477 0.053904708247831924 454
1757479082527 0.1070712878507584 455
1757479082576 0.07770822011143591 456
1757479082635 0.1094975054880935 457
1757479082686 0.12351535746156261 458
1757479082736 0.12974666257817455 459
1757479082791 0.07078192303202692 460
1757479082843 0.10919819409327054 461
1757479082894 0.13239237821092334 462
1757479082944 0.11109557320438963 463
1757479082995 0.1049162800110878 464
1757479083045 0.14514431443520567 465
1757479083096 0.08057927553411723 466
1757479083271 0.12146280026016461 467
1757479083387 0.07724494644341513 468
1757479083487 0.15100325326848918 469
1757479083608 0.0931777677287838 470
1757479083668 0.188417375222408 471
1757479083724 0.06355199250178746 472
1757479083788 0.07864751318708882 473
1757479083889 0.13368249398692347 474
1757479083959 0.08296145952306949 475
1757479084026 0.09615716582841316 476
1757479084098 0.18605972062330833 477
1757479084169 0.10032129645829448 478
1757479084259 0.1251600315704595 479
1757479084365 0.09765729753589023 480
1757479084435 0.07987370948241532 481
1757479084502 0.10738576349556796 482
1757479084555 0.136527227103041 483
1757479084630 0.15534806350754554 484
1757479084692 0.11547988145793939 485
1757479084754 0.11454215178747527 486
1757479084834 0.0799917629408064 487
1757479084934 0.12550727045723803 488
1757479085014 0.1619426161387673 489
1757479085079 0.1276369482634909 490
1757479085166 0.13299441044326873 491
1757479085248 0.06897937054238455 492
1757479085324 0.1058950787947327 493
1757479085403 0.060326731605416344 494
1757479085475 0.17173312772902039 495
1757479085540 0.13843052188390972 496
1757479085608 0.084910301728391 497
1757479085674 0.12200017755269325 498
1757479085736 0.14811617760430487 499
