1757491732744 96.14591603212274 0
1757491732790 52.779426733249295 1
1757491732837 46.948756480492996 2
1757491732888 39.94034772783849 3
1757491732940 45.250382111421196 4
1757491732985 34.60046637042655 5
1757491733035 32.019521431336535 6
1757491733092 30.77824403070906 7
1757491733142 32.90646025916764 8
1757491733196 51.79214879463785 9
1757491733247 43.01592876857291 10
1757491733324 20.887920634660208 11
1757491733379 23.316882352604026 12
1757491733428 39.88751658628153 13
1757491733475 26.03073574332106 14
1757491733521 21.985069170654196 15
1757491733569 17.92803099512402 16
1757491733614 19.348599386904976 17
1757491733660 20.037103936467616 18
1757491733706 16.68217613433082 19
1757491733756 18.06449040041669 20
1757491733804 18.74727347625138 21
1757491733866 12.460237048629606 22
1757491733916 16.48944443435316 23
1757491733972 21.02591282690936 24
1757491734023 13.529386515955034 25
1757491734078 11.585292290215099 26
1757491734132 11.214111297852718 27
1757491734192 15.535147337080423 28
1757491734247 22.937134816791712 29
1757491734300 16.286293115537116 30
1757491734374 14.750812712469648 31
1757491734431 14.983812707790158 32
1757491734485 14.56450860207201 33
1757491734634 12.756412673368468 34
1757491734686 11.879235791785726 35
1757491734753 14.247202289214322 36
1757491734805 12.186907461539207 37
1757491734859 11.339266859446527 38
1757491734936 13.119955708643133 39
1757491734992 11.264824377411509 40
1757491735082 9.191296681107962 41
1757491735153 10.32065230184025 42
1757491735212 10.146869001986493 43
1757491735270 16.783545575585524 44
1757491735324 11.906004945415654 45
1757491735417 11.008366219286776 46
1757491735482 10.879406650217286 47
1757491735539 10.760452936503205 48
1757491735597 8.75806690643104 49
1757491735682 9.21416601439128 50
1757491735751 8.337097373775785 51
1757491735807 8.189448259127682 52
1757491735928 9.869216168491178 53
1757491736071 9.945489372272355 54
1757491736225 8.376493666275183 55
1757491736294 7.151650525133405 56
1757491736414 9.100379856713914 57
1757491736535 9.548368346981315 58
1757491736632 9.718804546070162 59
1757491736718 17.266641091711453 60
1757491736802 9.04191393338889 61
1757491736871 9.355751769731077 62
1757491736979 8.119954974109584 63
1757491737060 8.796421589956253 64
1757491737171 9.728719475725148 65
1757491737273 6.305523676542343 66
1757491737361 9.093207288170879 67
1757491737440 8.722897698343177 68
1757491737513 10.310954425540373 69
1757491737593 8.953579265752719 70
1757491737681 14.571914938911815 71
1757491737769 12.244151391170751 72
1757491737878 9.106833495140236 73
1757491737990 8.517412409044715 74
1757491738053 5.188649288312998 75
1757491738140 8.238444398462603 76
1757491738299 13.36771062984644 77
1757491738374 8.684182413978391 78
1757491738449 6.728420723707643 79
1757491738532 8.236380275867951 80
1757491738610 8.555888853563816 81
1757491738694 6.17148378837351 82
1757491738781 9.848743690304223 83
1757491738872 6.7957876156596795 84
1757491738950 7.614936276637217 85
1757491739028 9.768759865703402 86
1757491739113 11.913824146393475 87
1757491739204 7.338163299092012 88
1757491739322 7.670803450757785 89
1757491739395 7.815516926393292 90
1757491739477 7.448611049531547 91
1757491739570 7.2153776366543845 92
1757491739669 9.184279655433317 93
1757491739770 6.9760144756506515 94
1757491739859 7.203980307496837 95
1757491739946 7.0084960607304 96
1757491740035 8.292221052926477 97
1757491740133 6.893971096849974 98
1757491740219 7.862952405220891 99
1757491740292 12.270729710030707 100
1757491740387 8.516427576246038 101
1757491740480 13.092295180085813 102
1757491740552 6.28905769052595 103
1757491740643 7.347770059730279 104
1757491740716 9.134169592397981 105
1757491740813 12.648875684933358 106
1757491740892 7.040182830180361 107
1757491740973 4.5736998534838715 108
1757491741060 9.906128644284635 109
1757491741136 6.744354870113219 110
1757491741210 7.856985966343814 111
1757491741293 7.423163744451643 112
1757491741366 6.300055645565415 113
1757491741446 8.09744998884542 114
1757491741546 6.925651531499166 115
1757491741637 8.81905551652787 116
1757491741728 7.045212936606586 117
1757491741836 7.637020218589769 118
1757491741954 7.82194198819207 119
1757491742079 6.203553193992 120
1757491742196 5.892591626263993 121
1757491742309 8.865075286969388 122
1757491742390 4.9461103384993494 123
1757491742537 7.8915670179870565 124
1757491742645 5.384965212530706 125
1757491742757 6.2214079481712 126
1757491742847 6.139550359926205 127
1757491742944 6.2601724322908225 128
1757491743072 7.307171675714028 129
1757491743199 6.770607912627696 130
1757491743337 7.082263068149793 131
1757491743425 7.949421172522311 132
1757491743484 7.023340624836958 133
1757491743543 7.172237947884405 134
1757491743602 8.592420965054874 135
1757491743658 11.99992293954441 136
1757491743714 5.744449963258898 137
1757491743771 7.417568962808459 138
1757491743826 7.025366990525252 139
1757491743880 5.307985521775014 140
1757491743933 6.463001866925659 141
1757491743986 7.324438006717272 142
1757491744038 5.7443841049729505 143
1757491744089 5.236540405502071 144
