1757487758828 28.705951655230667 0
1757487758867 16.184258909459214 1
1757487758906 10.626879744267837 2
1757487758945 8.68513280119444 3
1757487758986 4.42157257720657 4
1757487759030 3.014569060098508 5
1757487759074 3.3248993356198775 6
1757487759116 1.9606029658474453 7
1757487759157 1.1554767097638232 8
1757487759199 0.8624298691955667 9
1757487759241 0.6523280069633838 10
1757487759287 0.4774094225926657 11
1757487759327 0.39852710500755717 12
1757487759372 0.354385146998072 13
1757487759417 0.24234671438064365 14
1757487759457 0.2654400748946433 15
1757487759499 0.21830800253830596 16
1757487759539 0.17232276927673007 17
1757487759598 0.11718502972274931 18
1757487759661 0.14628452159957073 19
1757487759720 0.10603308819419077 20
1757487759777 0.1390180698451098 21
1757487759851 0.10393802975622304 22
1757487759910 0.14911656634684115 23
1757487759955 0.12432875232059354 24
1757487760000 0.11617750592355747 25
1757487760044 0.099294384527143 26
1757487760088 0.06626808092436047 27
1757487760132 0.13734613971247542 28
1757487760176 0.10463160300648859 29
1757487760219 0.0855497394830604 30
1757487760266 0.11362628455264866 31
1757487760310 0.07630533159456557 32
1757487760354 0.17037092266311687 33
1757487760398 0.17527030534393487 34
1757487760441 0.08549543319084241 35
1757487760483 0.09674415962451384 36
1757487760524 0.0747557181673023 37
1757487760567 0.10844892850936307 38
1757487760615 0.1226015768265744 39
1757487760657 0.12124810794611247 40
1757487760704 0.13430527139085263 41
1757487760755 0.11853809634921089 42
1757487760799 0.1373370146960741 43
1757487760845 0.08947817682302485 44
1757487760887 0.10250919111951708 45
1757487760931 0.12807170195664794 46
1757487760972 0.17863222083731076 47
1757487761015 0.12349259380124547 48
1757487761056 0.13454006968270493 49
1757487761099 0.12118580941035272 50
1757487761141 0.100621001476967 51
1757487761182 0.1407579918855734 52
1757487761224 0.12210683583524609 53
1757487761268 0.19641576031190408 54
1757487761311 0.062021423135120886 55
1757487761352 0.0902684914498667 56
1757487761395 0.11315133101122896 57
1757487761438 0.09917825008242662 58
1757487761483 0.06281133782336516 59
1757487761524 0.10122084874899753 60
1757487761566 0.11242340657437594 61
1757487761608 0.08591138551596499 62
1757487761658 0.0930651723651841 63
1757487761700 0.10821219537506797 64
1757487761741 0.13327678084876893 65
1757487761785 0.12974257719712262 66
1757487761827 0.1166876562710274 67
1757487761869 0.10694264833668042 68
1757487761910 0.09966107990145603 69
1757487761953 0.11334807783281367 70
1757487761995 0.18181053445041673 71
1757487762037 0.12304242673372981 72
1757487762079 0.17455352047232542 73
1757487762123 0.11495579692067363 74
1757487762167 0.17040715381447538 75
1757487762209 0.1494423815099054 76
1757487762250 0.14477170252888596 77
1757487762293 0.10791333102553113 78
1757487762335 0.16206055931032498 79
1757487762378 0.08427255614983961 80
1757487762418 0.13160325709880288 81
1757487762462 0.09322299523562255 82
1757487762507 0.118474686740178 83
1757487762548 0.1253961843979981 84
1757487762591 0.09895670329937951 85
1757487762639 0.11868748096962105 86
1757487762689 0.14882882635363728 87
1757487762735 0.08637077528193235 88
1757487762834 0.05966717705459199 89
1757487762931 0.1052013717686403 90
1757487763036 0.08267277314666495 91
1757487763094 0.1209912024185615 92
1757487763147 0.12269018323422014 93
1757487763233 0.11986392152420103 94
1757487763359 0.10347127424526897 95
1757487763450 0.06736449095834833 96
1757487763496 0.12274829829603195 97
1757487763540 0.0771971881673461 98
1757487763587 0.1674349681590514 99
1757487763631 0.10617143007683262 100
1757487763686 0.11142325771042594 101
1757487763731 0.14942262438221987 102
1757487763778 0.09020151437710833 103
1757487763824 0.1021027443805099 104
1757487763867 0.13051241226390647 105
1757487763911 0.11984604506590693 106
1757487763956 0.07647648012684305 107
1757487763998 0.10063827180123319 108
1757487764041 0.09224971768057248 109
1757487764084 0.11515545889537701 110
1757487764128 0.08142269468950226 111
1757487764186 0.07199844297018598 112
1757487764247 0.08381716254905064 113
1757487764303 0.09934579783222236 114
1757487764360 0.11020215638020545 115
1757487764428 0.1468028862373254 116
1757487764474 0.14028732854869108 117
1757487764521 0.09309301539383855 118
1757487764566 0.13442938937110008 119
1757487764612 0.1470924100581038 120
1757487764657 0.12869362261509945 121
1757487764711 0.1133627805815956 122
1757487764756 0.13423285484077868 123
1757487764803 0.10607411448736245 124
1757487764851 0.09850587073431283 125
1757487764899 0.16340839496089876 126
1757487764943 0.11009546836469955 127
1757487764987 0.07740837800823461 128
1757487765030 0.06671313361733698 129
1757487765076 0.10773442182181298 130
1757487765119 0.10420775308224581 131
1757487765163 0.09124477892561317 132
1757487765207 0.15878723713993156 133
1757487765252 0.0969670301274697 134
1757487765297 0.06944332120334662 135
1757487765344 0.12057511285840891 136
1757487765389 0.06872015729451572 137
1757487765437 0.17539028550602098 138
1757487765481 0.19979865999387544 139
1757487765527 0.10897722255153273 140
1757487765576 0.0926392016606057 141
1757487765624 0.08178016409486999 142
1757487765669 0.10756446515665849 143
1757487765723 0.11221266596974752 144
1757487765769 0.1264811106064768 145
1757487765816 0.13782093630254552 146
1757487765862 0.10679194062901802 147
1757487765907 0.13578552339684266 148
1757487765951 0.12307512494846627 149
1757487765999 0.12709063433561849 150
1757487766046 0.13208050967243787 151
1757487766090 0.15714329101357002 152
1757487766135 0.08926924775385903 153
1757487766181 0.10163823177194853 154
1757487766227 0.11660077427132214 155
1757487766272 0.13165951540213755 156
1757487766316 0.1303053053405993 157
1757487766362 0.12417305031405955 158
1757487766408 0.11454962763548276 159
1757487766451 0.10553637311631173 160
1757487766494 0.08826639536183184 161
1757487766539 0.09738493683663157 162
1757487766583 0.10688366401587596 163
1757487766627 0.15023752699889165 164
1757487766669 0.12404162084087876 165
1757487766718 0.14550497924699293 166
1757487766769 0.07748089034954521 167
1757487766815 0.10665729693184732 168
1757487766859 0.09480556655096445 169
1757487766905 0.14184422199778116 170
1757487766949 0.07789293556755195 171
1757487766993 0.11186262622919271 172
1757487767037 0.14888245734218664 173
1757487767082 0.10168475402032065 174
1757487767126 0.11179587792282604 175
1757487767170 0.14776330807257537 176
1757487767215 0.13878814339033488 177
1757487767259 0.07475145612677665 178
1757487767304 0.10469765042756311 179
1757487767349 0.09458635649302825 180
1757487767396 0.09688998126028271 181
1757487767439 0.11816286512947324 182
1757487767483 0.08671369081333404 183
1757487767527 0.10329127739015688 184
1757487767576 0.09165226000888597 185
1757487767630 0.13438066569104123 186
1757487767679 0.06814577204186588 187
1757487767740 0.10035964631091557 188
1757487767792 0.11417899945372222 189
1757487767839 0.09223273680973983 190
1757487767887 0.11534090366783811 191
1757487767933 0.15070871112486464 192
1757487767980 0.25268499106354275 193
1757487768038 0.11153428136519514 194
1757487768156 0.10061424602085557 195
1757487768271 0.1237202372079122 196
1757487768383 0.15033782453648764 197
1757487768455 0.08641980408707528 198
1757487768519 0.12342073933841166 199
1757487768618 0.09383912832056282 200
1757487768756 0.16451467350129917 201
1757487768826 0.12742003550165518 202
1757487768914 0.12646224866039252 203
1757487768976 0.08070099829722287 204
1757487769029 0.1028221029715175 205
1757487769080 0.06503906139730954 206
1757487769132 0.11135588509710247 207
1757487769183 0.08678201109098589 208
1757487769233 0.10775104702454467 209
1757487769282 0.12344170849617121 210
1757487769334 0.0882929181597555 211
1757487769383 0.15599147657056087 212
1757487769431 0.10427878432730012 213
1757487769480 0.08583776158034084 214
1757487769529 0.11448158894810968 215
1757487769583 0.14574250083312348 216
1757487769639 0.11717307164530456 217
1757487769688 0.09276752796705645 218
1757487769738 0.13656670394040568 219
1757487769806 0.10113084358227283 220
1757487769891 0.12454367433741838 221
1757487769943 0.13635668920854674 222
1757487769995 0.07539381858492368 223
1757487770044 0.11172360625849823 224
1757487770094 0.07632440949614872 225
1757487770143 0.10111753510756256 226
1757487770193 0.10922492410388683 227
1757487770243 0.11306472818485276 228
1757487770292 0.09619252668924949 229
1757487770343 0.13204408507944287 230
1757487770396 0.17311073706741106 231
1757487770444 0.16428773228733856 232
1757487770493 0.19005688338430765 233
1757487770539 0.1229154614218432 234
1757487770588 0.11668632838595368 235
1757487770635 0.11822792945201126 236
1757487770683 0.1019937306422547 237
1757487770729 0.09064322272353582 238
1757487770825 0.09393452893486531 239
1757487770887 0.15060088831651727 240
1757487770945 0.11191887282348364 241
1757487770995 0.11626016412773149 242
1757487771045 0.12616393679781016 243
1757487771093 0.16755315232450393 244
1757487771140 0.13866791810196957 245
1757487771189 0.12433237952002497 246
1757487771236 0.11416590221950566 247
1757487771284 0.1351337719706244 248
1757487771334 0.18994260216307368 249
1757487771383 0.1067173603103501 250
1757487771430 0.10326411114528822 251
1757487771478 0.09308817614590331 252
1757487771527 0.13976481866108803 253
1757487771579 0.06955722468773659 254
1757487771627 0.10395339577657256 255
1757487771673 0.08625298437537976 256
1757487771719 0.10693319115777154 257
1757487771766 0.132951050269301 258
1757487771814 0.1515243126319779 259
1757487771870 0.1826104786353419 260
1757487771923 0.13257216097132282 261
1757487771971 0.13184191870090153 262
1757487772018 0.07478702222156636 263
1757487772065 0.0907718318319778 264
1757487772112 0.1190546043547568 265
1757487772159 0.17249486994998137 266
1757487772204 0.111500227776767 267
1757487772252 0.09566742963828549 268
1757487772300 0.12375409332404808 269
1757487772348 0.12084515589603527 270
1757487772396 0.09947389412768567 271
1757487772445 0.11103390125900829 272
1757487772495 0.10124024946692327 273
1757487772543 0.11672540467338834 274
1757487772595 0.09212609357290093 275
1757487772645 0.1275737663285268 276
1757487772696 0.16932717866960006 277
1757487772743 0.1121228454533775 278
1757487772791 0.10386597101196517 279
1757487772847 0.22566125211106672 280
1757487772896 0.10644538745869798 281
1757487772948 0.12874079670465502 282
1757487772998 0.13431998192962635 283
1757487773047 0.10075386858606913 284
1757487773094 0.17354971699130853 285
1757487773144 0.0819525099664924 286
1757487773192 0.0803729612203447 287
1757487773270 0.11669193535377187 288
1757487773334 0.15186509047204585 289
1757487773387 0.1473411215698847 290
1757487773442 0.09920324328256455 291
1757487773520 0.09615540268154893 292
1757487773573 0.14194146648383046 293
1757487773625 0.12121710888100827 294
1757487773676 0.10058257941666406 295
1757487773727 0.1039939597082279 296
1757487773777 0.10706244324004695 297
1757487773893 0.10734938617957893 298
1757487774035 0.09219058357731975 299
1757487774173 0.10757820281912653 300
1757487774285 0.11431956218725912 301
1757487774382 0.11449780086012505 302
1757487774477 0.10459912492531574 303
1757487774544 0.17774026590921618 304
1757487774641 0.13098783701256372 305
1757487774731 0.08012870754545932 306
1757487774831 0.09123118358760451 307
1757487774902 0.12164842191695985 308
1757487774987 0.09869130832804764 309
1757487775065 0.10541472457018468 310
1757487775198 0.14741256823261029 311
1757487775285 0.12314331794737732 312
1757487775347 0.14391904771766043 313
1757487775431 0.07915428995250438 314
1757487775503 0.11043615742105199 315
1757487775568 0.08786563992508106 316
1757487775658 0.06110701315568931 317
1757487775743 0.07776336687137353 318
1757487775843 0.13787911776262354 319
1757487775940 0.07547023512288652 320
1757487776024 0.07352330023506866 321
1757487776117 0.12797259261062807 322
1757487776198 0.08069766626322605 323
1757487776281 0.11051299916927658 324
1757487776367 0.14419060114072293 325
1757487776442 0.11175619110595579 326
1757487776530 0.10708513884182944 327
1757487776612 0.10453118131072592 328
1757487776694 0.10370014831962042 329
1757487776875 0.09300890253017066 330
1757487776957 0.0911205055553655 331
1757487777033 0.08302609479535922 332
1757487777151 0.08476798484374375 333
1757487777218 0.12487583148789974 334
1757487777298 0.1335032868689224 335
1757487777385 0.10893964746394538 336
1757487777485 0.14854269672958834 337
1757487777580 0.1333790079417974 338
1757487777676 0.09464194893094072 339
1757487777766 0.1702843766741212 340
1757487777872 0.15568383913752137 341
1757487777994 0.07905608777644765 342
1757487778091 0.1623987915092395 343
1757487778201 0.10462726329695732 344
1757487778303 0.08797921381208354 345
1757487778383 0.14372799513733986 346
1757487778478 0.09371522754103677 347
1757487778568 0.1366901710110245 348
1757487778637 0.08897688981250783 349
1757487778710 0.14719736263180633 350
1757487778805 0.12687265134448703 351
1757487778893 0.05601847160109473 352
1757487778983 0.10628315455568672 353
1757487779069 0.10056176273255364 354
1757487779130 0.1312925773528854 355
1757487779205 0.10920640371086289 356
1757487779307 0.1440382452458576 357
1757487779378 0.10086588566493693 358
1757487779454 0.1527623091509961 359
1757487779553 0.08550371582650938 360
1757487779652 0.0971200746604949 361
1757487779736 0.12217784754526471 362
1757487779817 0.1796102137986544 363
1757487779878 0.0787888131627329 364
1757487779957 0.09578468630093663 365
1757487780023 0.089006019165475 366
1757487780090 0.1392372855040827 367
1757487780155 0.15385511470386756 368
1757487780219 0.10565000468492204 369
1757487780302 0.15423463846955007 370
1757487780397 0.07198092214692334 371
1757487780454 0.12285097417020785 372
1757487780509 0.09535161557672354 373
1757487780564 0.15046227008714502 374
1757487780617 0.11987421337858374 375
1757487780669 0.11786852745894957 376
1757487780721 0.0629714242609195 377
1757487780775 0.15496780674023267 378
1757487780930 0.121841174393609 379
1757487781116 0.12159790287848628 380
1757487781250 0.09479592546554767 381
1757487781339 0.11407615249156997 382
1757487781438 0.07662531479888145 383
1757487781555 0.0918541560183096 384
1757487781641 0.1278196021756356 385
1757487781735 0.1333529615422584 386
1757487781853 0.13438802532299762 387
1757487781931 0.09271034114462294 388
1757487782020 0.12092897013416593 389
1757487782098 0.12254856715895766 390
1757487782163 0.10711254570253127 391
1757487782240 0.07593508292076137 392
1757487782306 0.14838432252134767 393
1757487782404 0.1731629084654432 394
1757487782534 0.09869753693173883 395
1757487782665 0.15240045548947115 396
1757487782773 0.11335827287154139 397
1757487782858 0.10599107288708431 398
1757487782935 0.0886724959417953 399
1757487783043 0.09427022110065997 400
1757487783116 0.0737697419219459 401
1757487783191 0.0780998681472153 402
1757487783270 0.1269414682199053 403
1757487783343 0.09473921370300022 404
1757487783415 0.125459006222529 405
1757487783497 0.07515539816298007 406
1757487783574 0.09561680744867236 407
1757487783659 0.11186364299265636 408
1757487783760 0.16096984651438895 409
1757487783831 0.10291617226553805 410
1757487783913 0.1139424617795039 411
1757487784003 0.09805791900956445 412
1757487784088 0.11494537722514528 413
1757487784183 0.07594715578265583 414
1757487784265 0.14807772191854893 415
1757487784348 0.12196944122889708 416
1757487784438 0.10818719587783787 417
1757487784522 0.10422386849629069 418
1757487784597 0.10463231330107303 419
1757487784687 0.09762784158564125 420
1757487784777 0.1022440579025454 421
1757487784867 0.0742448331710513 422
1757487784957 0.10545246663543367 423
1757487785053 0.11730588288541767 424
1757487785128 0.09675702172563691 425
1757487785229 0.08774471876330533 426
1757487785305 0.1594883859721852 427
1757487785380 0.12728343927307528 428
1757487785466 0.17198689871220005 429
1757487785577 0.13742460547725985 430
1757487785663 0.08659502521571359 431
1757487785766 0.10035664238588123 432
1757487785846 0.08073401004414246 433
1757487785923 0.09739920991657963 434
1757487786032 0.13620348780796923 435
1757487786126 0.07689660984435506 436
1757487786207 0.14540532551358215 437
1757487786293 0.12643726105781716 438
1757487786354 0.10466249662767946 439
1757487786444 0.08944781970518251 440
1757487786576 0.1764217621464294 441
1757487786638 0.12488589869773901 442
1757487786694 0.08462687436311281 443
1757487786749 0.14649059662365924 444
1757487786803 0.08941897496535275 445
1757487786858 0.14117083505483227 446
1757487786912 0.09751774540378517 447
1757487786965 0.11003113316969854 448
1757487787020 0.09795302745912425 449
1757487787076 0.1180405149081808 450
1757487787162 0.11789764340499538 451
1757487787225 0.0946673903825859 452
1757487787299 0.148797807071441 453
1757487787386 0.14187961163579943 454
1757487787451 0.0938199212345872 455
1757487787508 0.1366930747440687 456
1757487787563 0.15408872232947657 457
1757487787618 0.08525186746376906 458
1757487787672 0.10786253072032993 459
1757487787727 0.09859540902098836 460
1757487787780 0.13084569934203827 461
1757487787833 0.08906092258881824 462
1757487787885 0.10891213427896486 463
1757487787936 0.08119218227760171 464
1757487788036 0.09361223997721263 465
1757487788193 0.11045119026504911 466
1757487788306 0.06665918842654389 467
1757487788361 0.1417587587816142 468
1757487788457 0.08343527626703301 469
1757487788545 0.11828238179975704 470
1757487788619 0.08754237757655325 471
1757487788694 0.16335413567787335 472
1757487788779 0.12151938624576772 473
1757487788849 0.1651346695478966 474
1757487788939 0.1109620526450477 475
1757487789022 0.08701860972190285 476
1757487789099 0.12183802898228234 477
1757487789167 0.061658914318103226 478
1757487789233 0.14778121333029431 479
1757487789298 0.09096678537093598 480
1757487789367 0.11208985288712844 481
1757487789459 0.13747730547622605 482
1757487789574 0.10554540578755282 483
1757487789661 0.10017334591639826 484
1757487789740 0.10663027499280431 485
1757487789822 0.10331095831103908 486
1757487789908 0.17096892598297028 487
1757487789987 0.12688149854215372 488
1757487790053 0.10453426324935668 489
1757487790149 0.12644781091493937 490
1757487790219 0.12468114050737233 491
1757487790287 0.14859583701287885 492
1757487790355 0.0708986259903529 493
1757487790424 0.10614388821452532 494
1757487790520 0.11580333330001208 495
1757487790610 0.10928315318413463 496
1757487790677 0.0994945692052328 497
1757487790779 0.13456623535427975 498
1757487790884 0.0785699220123269 499
