1757428486267 183.41786079504428 0
1757428486443 169.43270884114116 1
1757428486553 162.80430574343657 2
1757428486645 156.40037662044708 3
1757428486774 150.21802986808024 4
1757428486872 144.2522978979711 5
1757428486996 138.49889848657455 6
1757428487133 132.95405291423688 7
1757428487228 127.61442653004647 8
1757428487328 122.47707592340029 9
1757428487412 117.53940202536954 10
1757428487502 112.7991089068822 11
1757428487585 108.25416752425453 12
1757428487655 103.90278382576813 13
1757428487735 99.7433706955004 14
1757428487800 95.77452327394133 15
1757428487877 91.99499724994162 16
1757428487958 88.40368976704973 17
1757428488039 84.9996226300117 18
1757428488123 81.78192753482526 19
1757428488210 78.74983307886724 20
1757428488298 75.90265333678285 21
1757428488385 73.23977781351357 22
1757428488472 70.7606626084581 23
1757428488573 68.4656048025366 24
1757428488664 66.37757174077394 25
1757428488778 64.4072360962121 26
1757428489506 62.551969570239386 27
1757428489619 60.81046707234126 28
1757428489691 59.17532563305569 29
1757428489761 57.64482268306405 30
1757428489823 56.24379483651609 31
1757428489886 54.92187502950838 32
1757428489941 53.687189136918526 33
1757428489996 52.53095734449246 34
1757428490058 51.42599825660959 35
1757428490119 50.366504071978135 36
1757428490188 49.34671831880713 37
1757428490274 48.36215096965115 38
1757428490324 47.40966378724038 39
1757428490380 46.486626071165894 40
1757428490430 45.59111900302902 41
1757428490505 44.721537153794806 42
1757428490587 43.87665357583991 43
1757428490666 43.05544220458339 44
1757428490737 42.257087991125765 45
1757428490811 41.48090539998404 46
1757428490868 40.726332205295904 47
1757428490921 39.992890230996544 48
1757428490984 39.28017657963259 49
1757428491051 38.58784361660513 50
1757428491126 37.9155915929434 51
1757428491176 37.26315783211993 52
1757428491237 36.630311351336786 53
1757428491299 36.01684669144117 54
1757428491351 35.42258020077984 55
1757428491433 34.84734633451182 56
1757428491483 34.29099512924362 57
1757428491555 33.753389880417785 58
1757428491616 33.23440542022723 59
1757428491741 32.733926597476916 60
1757428491866 32.25184708497568 61
1757428491942 31.805182855333772 62
1757428491992 31.379184883049707 63
1757428492045 30.970665166830692 64
1757428492137 30.577777440904267 65
1757428492232 30.198147547736024 66
1757428492326 29.83029671177654 67
1757428492447 29.472590624263844 68
1757428492549 29.123877984720373 69
1757428492637 28.783010991781467 70
1757428492746 28.449116518653074 71
1757428492820 28.121376914587618 72
1757428492910 27.799140645741925 73
1757428493005 27.481820170810042 74
1757428493084 27.16893425543082 75
1757428493170 26.860058724723473 76
1757428493235 26.55484055627292 77
1757428493318 26.252972914969188 78
1757428493384 25.954198130894603 79
1757428493498 25.658294224306893 80
1757428493588 25.365073901525648 81
1757428493677 25.07437676524066 82
1757428493782 24.786067199215974 83
1757428493866 24.50002956165306 84
1757428493936 24.216166038979388 85
1757428494030 23.93439351424695 86
1757428494111 23.65464173790645 87
1757428494185 23.376851203372492 88
1757428494286 23.100971697447257 89
1757428494355 22.826960819100123 90
1757428494454 22.55478287209585 91
1757428494535 22.284407814340057 92
1757428494617 22.0158104290719 93
1757428494683 21.74896957217584 94
1757428494766 21.48386755954095 95
1757428494844 21.220489625113565 96
1757428494943 20.958823471805964 97
1757428495042 20.698858880603836 98
1757428495102 20.440587383435545 99
1757428495173 20.184001981384807 100
1757428495275 19.92909690770292 101
1757428495365 19.675867425135323 102
1757428495445 19.424309655164667 103
1757428495546 19.17442043278685 104
1757428495623 18.926197184198514 105
1757428495718 18.67963782328041 106
1757428495812 18.434740664583074 107
1757428495896 18.1915043500436 108
1757428495980 17.94992778759371 109
1757428496049 17.710010099736614 110
1757428496137 17.471750580678297 111
1757428496232 17.235148660653934 112
1757428496329 17.00020387638739 113
1757428496415 16.766915846711953 114
1757428496502 16.535284252566175 115
1757428496574 16.30530882066603 116
1757428496733 16.076989310276787 117
1757428497412 15.850325502581445 118
1757428497548 15.625317192225763 119
1757428497661 15.401964180677703 120
1757428497761 15.180266271097455 121
1757428497849 14.960223264458019 122
1757428497914 14.741834956697856 123
1757428497978 14.52510113671981 124
1757428498029 14.31002158508023 125
1757428498085 14.096596073236414 126
1757428498142 13.884824363241755 127
1757428498259 13.674706207795756 128
1757428498362 13.466241350571392 129
1757428498423 13.259429526755126 130
1757428498506 13.054270463745954 131
1757428498566 12.850763881969105 132
1757428498611 12.648909495767905 133
1757428498657 12.448707014344043 134
1757428498705 12.250156142721947 135
1757428498747 12.053256582717854 136
1757428498789 11.858008033898061 137
1757428498833 11.664410194514167 138
1757428498887 11.47246276240591 139
1757428498929 11.282165435864545 140
1757428498971 11.09351791445159 141
1757428499012 10.906519899769341 142
1757428499053 10.721171096180925 143
1757428499092 10.537471211478666 144
1757428499132 10.35541995750041 145
1757428499171 10.17501705069413 146
1757428499212 9.996262212631743 147
1757428499252 9.819155170473415 148
1757428499295 9.643695657383997 149
1757428499332 9.469883412903497 150
1757428499373 9.297718183273618 151
1757428499412 9.127199721722576 152
1757428499453 8.95832778871038 153
1757428499495 8.791102152136933 154
1757428499536 8.625522587515167 155
1757428499577 8.461588878111508 156
1757428499616 8.299300815055885 157
1757428499658 8.138658197423409 158
1757428499697 7.979660832289856 159
1757428499739 7.822308534762938 160
1757428499780 7.666601127991281 161
1757428499822 7.512538443152992 162
1757428499860 7.360120319425499 163
1757428499911 7.209346603938392 164
1757428499950 7.060217151710778 165
1757428499990 6.912731825574659 166
1757428500031 6.766890496085692 167
1757428500073 6.622693041422684 168
1757428500111 6.480139347276971 169
1757428500150 6.339229306732883 170
1757428500189 6.199962820140319 171
1757428500260 6.062339794980435 172
1757428500323 5.926360145725362 173
1757428500407 5.792023793692781 174
1757428500486 5.659330666896196 175
1757428500560 5.528280699891558 176
1757428500619 5.398873833620978 177
1757428500686 5.271110015254101 178
1757428500742 5.144989198027748 179
1757428500795 5.0205113410842666 180
1757428500854 4.8976764093091845 181
1757428500917 4.77734794091103 182
1757428500967 4.66142547763294 183
1757428501021 4.548524553103452 184
1757428501081 4.4385768970481445 185
1757428501203 4.33149462749415 186
1757428501311 4.227194991834076 187
1757428501425 4.125598071525248 188
1757428501545 4.026627156943632 189
1757428501680 3.930208247430739 190
1757428501770 3.8362699986410447 191
1757428501872 3.7447434961976964 192
1757428501977 3.655562145546394 193
1757428502126 3.568661531149138 194
1757428502266 3.4839793120367197 195
1757428502359 3.401455117383789 196
1757428502452 3.3210304570376463 197
1757428502540 3.2426486374166665 198
1757428502613 3.1662546856203706 199
1757428502685 3.091795278847325 200
1757428502762 3.0192186792950295 201
1757428502837 2.948474673421408 202
1757428502907 2.8795145152523496 203
1757428502991 2.8122908731646854 204
1757428503066 2.7467577798123104 205
1757428503132 2.6828705848397187 206
1757428503209 2.62058591011563 207
1757428503276 2.559861607239847 208
1757428503346 2.5006567171194938 209
1757428503414 2.442931431434114 210
1757428503490 2.3866470558348154 211
1757428503553 2.33176597474133 212
1757428503616 2.278251617618144 213
1757428503678 2.2260684266247543 214
1757428503740 2.175181825547287 215
1757428503798 2.1255581899290195 216
1757428503859 2.0771648183261453 217
1757428503915 2.029969904622728 218
1757428503981 1.9839425113453328 219
1757428504042 1.9390525439234845 220
1757428504100 1.895270725847022 221
1757428504156 1.8525685746756837 222
1757428504213 1.8109183788600227 223
1757428504277 1.7702931753360314 224
1757428504337 1.7306667278587244 225
1757428504395 1.692013506042512 226
1757428504455 1.6543086650784635 227
1757428504604 1.6175280261005398 228
1757428505123 1.58164805717473 229
1757428505194 1.546645854886608 230
1757428505256 1.5124991265043137 231
1757428505314 1.4791861726952293 232
1757428505369 1.4466858707758916 233
1757428505423 1.4149776584757041 234
1757428505473 1.3840415181960408 235
1757428505523 1.3538579617472397 236
1757428505573 1.3244080155468239 237
1757428505620 1.2956732062630674 238
1757428505669 1.2676355468887264 239
1757428505717 1.2402775232304633 240
1757428505764 1.213582080800052 241
1757428505810 1.1875326120941068 242
1757428505856 1.1621129442495584 243
1757428505901 1.137307327062646 244
1757428505946 1.113100421359682 245
1757428506000 1.0894772877082797 246
1757428506046 1.0664233754581656 247
1757428506101 1.0439245121011307 248
1757428506144 1.021966892940026 249
1757428506190 1.0005370710571095 250
1757428506232 0.9796219475723591 251
1757428506275 0.959208762182745 252
1757428506317 0.9392850839737482 253
1757428506361 0.9198388024946957 254
1757428506404 0.9008581190898307 255
1757428506452 0.8823315384772447 256
1757428506495 0.8642478605681031 257
1757428506539 0.8465961725188771 258
1757428506583 0.829365841009459 259
1757428506726 0.8125465047403589 260
1757428506851 0.7961280671423487 261
1757428506940 0.7801006892921672 262
1757428507040 0.7644547830280969 263
1757428507110 0.7491810042594181 264
1757428507158 0.7342702464639612 265
1757428507249 0.7197136343681376 266
1757428507330 0.7055025178040242 267
1757428507384 0.6916284657382634 268
1757428507449 0.6780832604676632 269
1757428507525 0.6648588919765974 270
1757428507584 0.651947552451427 271
1757428507658 0.6393416309473148 272
1757428507736 0.6270337082029739 273
1757428507803 0.615016551599003 274
1757428507867 0.6032831102556061 275
1757428507934 0.591826510265643 276
1757428507984 0.5806400500590524 277
1757428508042 0.5697171958948295 278
1757428508107 0.559051577476861 279
1757428508184 0.5486369836900232 280
1757428508302 0.5384673584530612 281
1757428508420 0.528536796684882 282
1757428508534 0.518839540380991 283
1757428508638 0.5093699747968992 284
1757428508747 0.5001226247354276 285
1757428508835 0.4910921509349409 286
1757428508914 0.4822733465555922 287
1757428509002 0.4736611337608115 288
1757428509084 0.4652505603912961 289
1757428509170 0.4570367967288748 290
1757428509246 0.4490151323476855 291
1757428509327 0.4411809730501971 292
1757428509418 0.43352983788565536 293
1757428509506 0.4260573562486307 294
1757428509603 0.4187592650553979 295
1757428509702 0.41163140599594894 296
1757428509825 0.4046697228595227 297
1757428509939 0.39787025893155636 298
1757428510039 0.3912291544600813 299
1757428510129 0.38474264418959886 300
1757428510240 0.3784070549605474 301
1757428510336 0.3722188033725334 302
1757428510430 0.3661743935095428 303
1757428510547 0.3602704147254009 304
1757428510705 0.35450353948781604 305
1757428510841 0.3488705212793599 306
1757428510950 0.3433681925538295 307
1757428511109 0.3379934627464335 308
1757428511245 0.3327433163363228 309
1757428511361 0.3276148109600297 310
1757428511457 0.322605075574388 311
1757428511540 0.3177113086675997 312
1757428511636 0.3129307765170985 313
1757428511735 0.30826081149294055 314
1757428511875 0.3036988104054715 315
1757428511982 0.2992422328960576 316
1757428512063 0.29488859986969534 317
1757428512160 0.29063549196836663 318
1757428512224 0.286480548084033 319
1757428512292 0.2824214639101699 320
1757428512350 0.27845599053081416 321
1757428512411 0.2745819330460975 322
1757428512478 0.2707971492332757 323
1757428512547 0.2670995482422978 324
1757428512609 0.26348708932498033 325
1757428513088 0.25995778059687635 326
1757428513245 0.2565096778309621 327
1757428513316 0.2531408832822856 328
1757428513380 0.24984954454274183 329
1757428513437 0.24663385342516847 330
1757428513493 0.24349204487597612 331
1757428513546 0.2404223959155509 332
1757428513601 0.23742322460568285 333
1757428513652 0.23449288904330604 334
1757428513702 0.23162978637984202 335
1757428513753 0.2288323518654716 336
1757428513803 0.2260990579176682 337
1757428513851 0.22342841321334916 338
1757428513899 0.22081896180402513 339
1757428513947 0.21826928225332937 340
1757428513993 0.21577798679634402 341
1757428514040 0.21334372052014267 342
1757428514089 0.21096516056499418 343
1757428514138 0.20864101534567864 344
1757428514183 0.206370023792394 345
1757428514228 0.20415095461073196 346
1757428514282 0.20198260556022768 347
1757428514330 0.1998638027509977 348
1757428514376 0.19779339995798634 349
1757428514422 0.19577027795237412 350
1757428514467 0.19379334384968105 351
1757428514513 0.19186153047415275 352
1757428514560 0.18997379573898598 353
1757428514607 0.18812912204199686 354
1757428514653 0.18632651567631897 355
1757428514700 0.18456500625575414 356
1757428514746 0.1828436461543856 357
1757428514791 0.1811615099600919 358
1757428514836 0.17951769394160297 359
1757428514885 0.17791131552874223 360
1757428514931 0.17634151280552451 361
1757428514977 0.17480744401577258 362
1757428515023 0.1733082870809347 363
1757428515069 0.17184323912978622 364
1757428515115 0.17041151603971658 365
1757428515160 0.16901235198929881 366
1757428515207 0.167644999021858 367
1757428515252 0.16630872661975585 368
1757428515308 0.16500282128911822 369
1757428515439 0.16372658615474087 370
1757428515560 0.1624793405649137 371
1757428515651 0.1612604197059106 372
1757428515786 0.16006917422590156 373
1757428515860 0.1589049698680475 374
1757428515937 0.1577671871125444 375
1757428515989 0.1566552208273926 376
1757428516059 0.1555684799276676 377
1757428516145 0.15450638704308234 378
1757428516241 0.15346837819362738 379
1757428516346 0.15245390247308918 380
1757428516438 0.15146242174024835 381
1757428516527 0.15049341031755897 382
1757428516623 0.14954635469713304 383
1757428516709 0.14862075325383362 384
1757428516794 0.14771611596530965 385
1757428516859 0.14683196413879313 386
1757428516926 0.1459678301444899 387
1757428516990 0.14512325715540242 388
1757428517052 0.14429779889342167 389
1757428517115 0.1434910193815332 390
1757428517177 0.14270249270198523 391
1757428517241 0.14193180276027043 392
1757428517303 0.1411785430547772 393
1757428517376 0.14044231645196953 394
1757428517434 0.1397227349669603 395
1757428517493 0.13901941954934022 396
1757428517550 0.13833199987414013 397
1757428517605 0.13766011413778972 398
1757428517662 0.13700340885896042 399
1757428517722 0.1363615386841617 400
1757428517805 0.13573416619798304 401
1757428517872 0.13512096173786095 402
1757428517940 0.13452160321326068 403
1757428518032 0.13393577592916808 404
1757428518102 0.13336317241378243 405
1757428518172 0.13280349225030688 406
1757428518242 0.1322564419127404 407
1757428518314 0.13172173460556766 408
1757428518400 0.13119909010725664 409
1757428518471 0.13068823461746745 410
1757428518541 0.13018890060788507 411
1757428518611 0.1297008266765836 412
1757428518689 0.12922375740584108 413
1757428518761 0.12875744322331648 414
1757428518845 0.1283016402665102 415
1757428518916 0.12785611025042645 416
1757428518996 0.1274206203383606 417
1757428519080 0.12699494301573713 418
1757428519151 0.12657885596692095 419
1757428519244 0.12617214195493345 420
1757428519314 0.12577458870400182 421
1757428519387 0.1253859887848735 422
1757428519461 0.12500613950282677 423
1757428519531 0.12463484278831712 424
1757428519597 0.12427190509019222 425
1757428519762 0.12391713727141306 426
1757428519923 0.12357035450722535 427
1757428520060 0.12323137618571782 428
1757428520249 0.12290002581071216 429
1757428520340 0.12257613090692832 430
1757428520657 0.12225952292737029 431
1757428521152 0.12195003716288114 432
1757428521300 0.12164751265381032 433
1757428521422 0.12135179210375122 434
1757428521511 0.12106272179528793 435
1757428521579 0.12078015150771633 436
1757428521650 0.12050393443667981 437
1757428521709 0.12023392711568445 438
1757428521766 0.11996998933944181 439
1757428521822 0.11971198408899916 440
1757428521876 0.11945977745861308 441
1757428521930 0.11921323858432581 442
1757428521981 0.11897223957420527 443
1757428522033 0.11873665544020436 444
1757428522083 0.11850636403160804 445
1757428522138 0.1182812459700243 446
1757428522189 0.11806118458588667 447
1757428522239 0.11784606585642923 448
1757428522286 0.11763577834510262 449
1757428522335 0.11743021314239402 450
1757428522383 0.11722926380801978 451
1757428522432 0.11703282631445723 452
1757428522487 0.11684079899178411 453
1757428522539 0.1166530824737959 454
1757428522587 0.1164695796453699 455
1757428522683 0.11629019559104681 456
1757428522784 0.11611483754480022 457
1757428522839 0.1159434148409692 458
1757428522904 0.11577583886632312 459
1757428522977 0.1156120230132321 460
1757428523033 0.11545188263392259 461
1757428523084 0.11529533499578312 462
1757428523136 0.11514229923770619 463
1757428523186 0.11499269632743253 464
1757428523237 0.11484644901988135 465
1757428523286 0.11470348181643833 466
1757428523337 0.11456372092518353 467
1757428523386 0.11442709422203297 468
1757428523436 0.11429353121277497 469
1757428523484 0.1141629629959811 470
1757428523545 0.11403532222676675 471
1757428523595 0.11391054308138955 472
1757428523649 0.11378856122265621 473
1757428523699 0.11366931376612739 474
1757428523748 0.11355273924709797 475
1757428523798 0.11343877758833379 476
1757428523847 0.11332737006855036 477
1757428523895 0.11321845929161464 478
1757428523943 0.11311198915645143 479
1757428523990 0.11300790482764074 480
1757428524061 0.11290615270669001 481
1757428524155 0.11280668040396233 482
1757428524259 0.1127094367112486 483
1757428524349 0.11261437157496797 484
1757428524439 0.11252143606998045 485
1757428524504 0.11243058237400091 486
1757428524567 0.11234176374259515 487
1757428524627 0.11225493448475081 488
1757428524686 0.11217004993900431 489
1757428524743 0.1120870664501148 490
1757428524802 0.11200594134627097 491
1757428524904 0.11192663291681687 492
1757428525032 0.11184910039048854 493
1757428525147 0.11177330391414597 494
1757428525244 0.11169920453199063 495
1757428525407 0.11162676416525727 496
1757428525554 0.11155594559236894 497
1757428525626 0.1114867124295442 498
1757428525746 0.11141902911184721 499
