1757494734904 0.10112379361125405 0
1757494735004 0.10573504593318071 1
1757494735110 1.2078319149900127 2
1757494735209 0.01154036432840882 3
1757494735346 0.11178122501850866 4
1757494735460 0.002683914378923606 5
1757494735559 0.001517135585316623 6
1757494735663 0.005587837658414871 7
1757494735811 0.182396400299066 8
1757494735925 0.05101777188626968 9
1757494736024 0.32299781066120864 10
1757494736122 0.13592441188508433 11
1757494736221 0.4036320299575278 12
1757494736321 0.30129449125514607 13
1757494736413 0.060279060572610774 14
1757494736509 1.288723754504143 15
1757494736601 0.43089688785177666 16
1757494736694 0.015465644307192569 17
1757494736787 0.0045267273486540765 18
1757494736882 0.004077378112199077 19
1757494736987 0.05079709836707938 20
1757494737083 0.0007482167055159559 21
1757494737174 0.46511753379779625 22
1757494737266 0.06010821944749217 23
1757494737358 0.011545437843062823 24
1757494737452 0.031145091800544256 25
1757494737550 0.24448784324272752 26
1757494737648 0.2652616390609729 27
1757494737745 0.42418016839926237 28
1757494737844 0.20079375754432136 29
1757494737935 0.0007796131869667699 30
1757494738036 0.003898624458239251 31
1757494738129 0.04647727459673465 32
1757494738221 0.013487632431783384 33
1757494738316 0.048597444235173974 34
1757494738410 0.022996255801295173 35
1757494738505 0.376426460947911 36
1757494738597 0.7078959609861479 37
1757494738689 0.021211290275923278 38
1757494738781 0.03519853153800126 39
1757494738872 0.13565996012506112 40
1757494738964 0.07920017800790694 41
1757494739061 0.6378188517816687 42
1757494739160 0.21467122446320194 43
1757494739337 0.039542204855873356 44
1757494739487 0.02909620268974349 45
1757494739605 0.31361278725731767 46
1757494739748 0.08881960071712804 47
1757494739920 0.946696196334385 48
1757494740071 0.07556865353060595 49
1757494740198 0.21008297426300357 50
1757494740306 0.16347933353934616 51
1757494740398 0.25420115921525205 52
1757494740501 0.28534769218146433 53
1757494740598 0.015595877532741123 54
1757494740693 0.19734427201010663 55
1757494740780 1.6278174421731555 56
1757494740874 0.2874144968387589 57
1757494740967 0.06727536521836525 58
1757494741074 0.27401107852514456 59
1757494741168 0.06216732263115516 60
1757494741262 0.2656827092048716 61
1757494741357 0.032002365572422226 62
1757494741447 0.037838288640801056 63
1757494741539 0.5708959212598005 64
1757494741633 0.042196637011731035 65
1757494741731 0.0012408383954863435 66
1757494741825 0.07299138643840428 67
1757494741915 0.05077878872761959 68
1757494742005 0.10032586922432435 69
1757494742102 0.12223568135841366 70
1757494742191 0.02756033091677342 71
1757494742280 0.31411535762098164 72
1757494742371 0.14562384547169033 73
1757494742457 0.14520107103544316 74
1757494742548 0.0064868662989103435 75
1757494742641 0.027352831726876185 76
1757494742733 0.05082663134515942 77
1757494742841 0.5269742026950921 78
1757494742943 0.03322147183398351 79
1757494743039 0.025246956291600828 80
1757494743164 0.11675891177244783 81
1757494743277 0.06941516354290662 82
1757494743389 0.11436386115743993 83
1757494743495 0.0029350779160588897 84
1757494743594 0.004437536827856076 85
1757494743694 0.12242281219980909 86
1757494743788 0.06715040000990295 87
1757494743885 0.02793488347049745 88
1757494743982 0.2419638064890694 89
1757494744089 0.0015479141577387718 90
1757494744185 0.0034609163113034293 91
1757494744278 0.21502351387994215 92
1757494744375 0.09772708727956944 93
1757494744466 0.027253559164880682 94
1757494744555 0.06486369076476663 95
1757494744644 0.17339174535812743 96
1757494744735 0.2508134612480201 97
1757494744823 0.13728105781560931 98
1757494744916 0.29893408226296114 99
1757494744999 0.08462721341314103 100
1757494745106 0.0009270445117954324 101
1757494745237 0.31113636767574626 102
1757494745334 0.13057299232136965 103
1757494745429 0.45858331996322377 104
1757494745525 0.13382192822135158 105
1757494745619 0.2535385866811371 106
1757494745710 0.13063110321726396 107
1757494745801 0.021169012049983806 108
1757494745892 0.19686935174896136 109
1757494745977 0.06095326015732186 110
1757494746066 0.023900316748214877 111
1757494746165 0.5587854928055027 112
1757494746255 0.04481473646633075 113
1757494746355 0.07055255034256357 114
1757494746516 0.0729268915144122 115
1757494746650 0.0006911471164291794 116
1757494746753 0.3473409774605563 117
1757494746891 0.3745080455905293 118
1757494747046 0.16485934467017416 119
1757494747160 0.3073207704406518 120
1757494747261 1.3419092529776746 121
1757494747358 0.058600943692368686 122
1757494747460 0.4231645448493537 123
1757494747560 0.123727522910577 124
1757494747670 0.10164065083664968 125
1757494747772 0.24304857697326346 126
1757494747875 0.3424016441228808 127
1757494747973 0.12684157246058184 128
1757494748071 0.21708928125934848 129
1757494748171 0.22612353116289985 130
1757494748268 0.03080772938066179 131
1757494748366 0.004658844821623614 132
1757494748461 0.0006141346866154904 133
1757494748557 0.08199064161579843 134
1757494748652 0.036802584099223594 135
1757494748744 0.04661884090435149 136
1757494748836 0.03069259697814377 137
1757494748929 0.08670207141620356 138
1757494749020 0.0027589296138170174 139
1757494749122 0.06349232026489687 140
1757494749224 0.2947348795172751 141
1757494749318 0.022744744554199052 142
1757494749410 0.011975189946339565 143
1757494749495 0.02446208238002838 144
1757494749587 0.36269190926524364 145
1757494749684 0.0006333967332996098 146
1757494749775 0.003929661194527476 147
1757494749863 0.04677559098375716 148
1757494749957 0.5309560379644175 149
1757494750050 0.2934773181440642 150
1757494750143 0.03298927703553844 151
1757494750259 0.02015429848795848 152
1757494750364 0.2551802401569347 153
1757494750464 0.05568748558413511 154
1757494750559 0.008223100902842709 155
1757494750687 0.010457286332371833 156
1757494750790 0.6169160448214636 157
1757494750884 0.12043516558132986 158
1757494750981 0.11372761244032689 159
1757494751078 0.5894840384916503 160
1757494751179 0.061996261947445994 161
1757494751286 0.0007782584266324792 162
1757494751380 0.08546894828901769 163
1757494751473 0.008024912918958887 164
1757494751563 0.7407620161151637 165
1757494751654 0.012925438714109368 166
1757494751746 0.021610695427736533 167
1757494751839 0.14774925977602157 168
1757494751930 0.022148895002389566 169
1757494752022 0.4668154054587253 170
1757494752113 0.0618397028227722 171
1757494752212 0.2039252447125633 172
1757494752307 0.1645394124726696 173
1757494752395 0.13299732588982335 174
1757494752486 7.89546619324958e-05 175
1757494752576 0.07252896046639697 176
1757494752669 0.15611026580333248 177
1757494752760 0.0885376814584659 178
1757494752853 0.24267935700790816 179
1757494752947 0.11738945613445917 180
1757494753038 0.00919991007805002 181
1757494753132 0.029217267412423874 182
1757494753243 0.003411717244732089 183
1757494753337 0.0038928477128630126 184
1757494753438 0.15649667616786864 185
1757494753619 0.02843109272889847 186
1757494753761 0.21450147678967194 187
1757494753873 0.03144069813359752 188
1757494754067 0.5139390768122338 189
1757494754180 0.017102893814128207 190
1757494754286 0.03145785470450812 191
1757494754385 0.10538673906177382 192
1757494754487 0.06408944228841633 193
1757494754584 0.23281400883264552 194
1757494754681 0.056451829871334167 195
1757494754778 0.15498655582778048 196
1757494754875 0.010360570832434133 197
1757494754974 0.07868111918005286 198
1757494755072 0.03676385844281022 199
1757494755165 0.04599669006377671 200
1757494755255 0.1621792572078009 201
1757494755361 0.11877315011070018 202
1757494755457 0.0005408888752592775 203
1757494755543 0.007790851811900049 204
1757494755637 0.04159849752107156 205
1757494755729 0.07527455797166381 206
1757494755823 0.060947801175156226 207
1757494755916 0.07289481691073106 208
1757494756010 0.4931268497911364 209
1757494756102 0.3695075058507776 210
1757494756195 0.002375490438716098 211
1757494756285 0.05405904371767903 212
1757494756386 0.08474450668493709 213
1757494756481 0.28664931768138197 214
1757494756575 0.0015488982674956165 215
1757494756669 0.31708454269106195 216
1757494756761 0.02661193571325647 217
1757494756855 0.002259351683826062 218
1757494756948 0.27236248911879113 219
1757494757044 0.11409271479202575 220
1757494757136 0.06722398559092216 221
1757494757226 0.09763432559934675 222
1757494757319 0.40393466789042537 223
1757494757413 0.056198255390047296 224
1757494757508 0.00044879609285880306 225
1757494757601 0.17448262240605544 226
1757494757715 0.037785728779956104 227
1757494757811 0.0022854688943001206 228
1757494757902 0.07400249997055144 229
1757494758010 0.31903967366610236 230
1757494758127 0.0075353934160942975 231
1757494758219 0.15962901170479982 232
1757494758315 1.2094907185575031e-05 233
1757494758419 0.40199025599113475 234
1757494758516 0.14726741246629071 235
1757494758611 0.016045189495777126 236
1757494758699 0.14029861353206494 237
1757494758793 0.8018045860128991 238
1757494758887 0.002942194467195765 239
1757494758981 0.003965830418512825 240
1757494759075 0.18340177873393482 241
1757494759162 0.3858416163525087 242
1757494759259 0.08549661877402384 243
1757494759355 0.029195125785816015 244
1757494759453 0.0168847593950487 245
1757494759552 0.19014191887439427 246
1757494759648 0.01413732634793162 247
1757494759745 0.21036157140241685 248
1757494759842 0.07367549948987784 249
1757494759931 0.03872944656563048 250
1757494760029 0.29925750602121565 251
1757494760123 0.015049903863865078 252
1757494760211 0.042419576029309215 253
1757494760320 0.021864427876577025 254
1757494760513 0.00011251154841466724 255
1757494760733 0.7152153667542426 256
1757494760876 0.0016366252693672404 257
1757494761065 0.012855635210700062 258
1757494761216 0.26498680341557684 259
1757494761444 0.003602837888739658 260
1757494761565 0.06220305599194053 261
1757494761682 0.04323095149010759 262
1757494761794 0.0761740069042169 263
1757494761895 0.015013614880630024 264
1757494762000 0.0474778123857255 265
1757494762103 0.22237082459667598 266
1757494762204 0.052522731322546416 267
1757494762304 0.013676830954455073 268
1757494762402 0.3003601054092255 269
1757494762499 0.25111869829000044 270
1757494762596 3.1202908590869374 271
1757494762692 0.22787015344625156 272
1757494762788 0.5931844950686521 273
1757494762878 0.04199630691467489 274
1757494762973 0.14697493186958435 275
1757494763070 0.027732959588726395 276
1757494763166 0.2922671118835618 277
1757494763263 0.005915412132719871 278
1757494763361 0.12559213147809364 279
1757494763468 0.6149415719961384 280
1757494763568 0.00034156401955182813 281
1757494763657 0.44822167899256915 282
1757494763744 0.3217493927102739 283
1757494763838 0.006128330727381985 284
1757494763933 0.006306259755608171 285
1757494764029 0.00842298598360125 286
1757494764124 0.0013164602722751523 287
1757494764218 0.006248872288729389 288
1757494764304 0.09278781547041492 289
1757494764466 0.001492783562838405 290
1757494764587 0.007565869320111719 291
1757494764683 0.00923864519891772 292
1757494764787 0.03270707708585616 293
1757494764887 0.010758027584007294 294
1757494764984 0.03170330908774017 295
1757494765100 0.0011431210318194006 296
1757494765200 0.0611817468784427 297
1757494765300 0.04756728492541156 298
1757494765407 0.0031555912782643826 299
1757494765554 0.02376655763576749 300
1757494765663 0.17239074454960468 301
1757494765767 0.05359284550218922 302
1757494765869 0.12993623172843852 303
1757494765970 0.003751087641494098 304
1757494766072 0.07520846492405185 305
1757494766172 0.0813117775980053 306
1757494766266 0.06278986329166493 307
1757494766368 0.45848231352319374 308
1757494766472 0.00012663681036146872 309
1757494766573 0.16899251368998763 310
1757494766670 0.16615576689933934 311
1757494766766 0.1773617498350836 312
1757494766861 0.0004398974628673333 313
1757494766956 0.0718558182572509 314
1757494767052 0.4265781235339153 315
1757494767147 1.724763381326606 316
1757494767244 0.00016572337999501047 317
1757494767341 0.1430795482407104 318
1757494767437 0.2716984374577146 319
1757494767536 0.04008472216421927 320
1757494767632 0.03978098318648601 321
1757494767723 0.005636286643191208 322
1757494767819 0.006329177911752983 323
1757494767917 0.15724871133885934 324
1757494768013 0.06311204848265609 325
1757494768110 0.017300831850522978 326
1757494768202 0.04362292655330179 327
1757494768301 0.06111046644800519 328
1757494768410 0.08280740301466454 329
1757494768527 0.03308303043988375 330
1757494768713 0.039869921724124964 331
1757494768881 0.06408087902069615 332
1757494768983 0.01831075018851381 333
1757494769175 0.0411203899819392 334
1757494769320 0.20755412711794433 335
1757494769530 0.10084719333520072 336
1757494769696 0.04690946587690336 337
1757494769812 0.004839702733503866 338
1757494769932 0.44944963023794143 339
1757494770045 0.006376934343680301 340
1757494770157 0.008450593590802713 341
1757494770264 0.10546186496790255 342
1757494770372 0.09002641662561439 343
1757494770485 0.1974224150233461 344
1757494770588 0.10877202477921147 345
1757494770696 0.0013230428514243134 346
1757494770801 0.22679396247565783 347
1757494770908 0.05138921548485466 348
1757494771015 0.08049142343011081 349
1757494771122 0.3682717529468247 350
1757494771219 0.02202339612896105 351
1757494771323 0.03767539423903264 352
1757494771431 0.04200704463331425 353
1757494771542 0.1294245299062657 354
1757494771656 0.015698275437602438 355
1757494771756 0.05101275434920911 356
1757494771854 0.04439381101547148 357
1757494771976 0.018438955019106435 358
1757494772092 0.07252971048731889 359
1757494772197 0.2336994608105279 360
1757494772304 0.12925699187642703 361
1757494772415 0.09903153699441034 362
1757494772529 0.43084803612501893 363
1757494772676 0.1122774816392167 364
1757494772793 0.07945548764588058 365
1757494772906 0.014594604966374953 366
1757494773048 0.19402228649711464 367
1757494773172 0.4139381707424439 368
1757494773282 0.49971303948104967 369
1757494773388 0.001568016823778445 370
1757494773492 0.22274154780403876 371
1757494773589 0.005107072116354583 372
1757494773698 0.00035220182551729863 373
1757494773800 0.08846494648489335 374
1757494773902 0.17806144180764466 375
1757494774001 0.0713661802646031 376
1757494774107 0.09403323705399148 377
1757494774206 0.008980345521327728 378
1757494774309 0.004437607049229001 379
1757494774416 0.00033461560011064994 380
1757494774515 0.01979951013329613 381
1757494774615 0.051271274111515414 382
1757494774714 0.11325223239073066 383
1757494774812 0.03857985458724235 384
1757494774911 0.17725174348732697 385
1757494775009 0.12359880678784055 386
1757494775107 0.22464640266491445 387
1757494775208 0.30749791737340304 388
1757494775309 0.03963549026235419 389
1757494775407 0.09485366714721163 390
1757494775508 0.014854456778426159 391
1757494775608 0.13302329745464975 392
1757494775707 0.00022422203824455024 393
1757494775806 0.16123446419420825 394
1757494775904 0.04638474079310335 395
1757494775996 0.004717729091149344 396
1757494776086 0.07873149533120347 397
1757494776181 0.007934155747842831 398
1757494776275 0.000733635085907649 399
1757494776370 0.0005221739096147467 400
1757494776468 0.14392198693064792 401
1757494776567 0.003949440177081936 402
1757494776703 0.4710850867686834 403
1757494776943 0.07292009643203327 404
1757494777103 0.15914445623096762 405
1757494777240 0.004710203441457195 406
1757494777437 0.6042108807323948 407
1757494777551 0.053291720693172964 408
1757494777658 0.004161269526746887 409
1757494777760 0.034538482551719804 410
1757494777864 0.033922674182328943 411
1757494777962 0.00170712204808823 412
1757494778066 0.1742888388487931 413
1757494778160 0.030591327352213146 414
1757494778260 0.33216035036737457 415
1757494778359 0.19597387945721143 416
1757494778460 0.08411576735080402 417
1757494778561 0.3717162024628814 418
1757494778659 0.0036801039383828962 419
1757494778763 0.41152351071122756 420
1757494778860 0.3710501593336248 421
1757494778955 0.02481800180187876 422
1757494779057 0.4940517243416638 423
1757494779155 0.06545789487806174 424
1757494779256 2.727241536193622 425
1757494779355 0.11144412078683975 426
1757494779449 0.02938771077173536 427
1757494779545 1.9493557587193358 428
1757494779644 0.1798499293645626 429
1757494779742 0.110167887496054 430
1757494779838 0.011532417607680208 431
1757494779938 0.026400568339423468 432
1757494780047 0.08817904026189906 433
1757494780173 0.0062201141512965375 434
1757494780281 0.008265587173018134 435
1757494780392 0.07356870314908025 436
1757494780518 0.0025741201573994156 437
1757494780626 0.0004683474177685731 438
1757494780734 0.0045013958339824665 439
1757494780842 0.0307284698306332 440
1757494780947 3.4900891653792897e-06 441
1757494781050 0.8002957373635808 442
1757494781148 0.07176895961558838 443
1757494781245 3.589156270413506 444
1757494781338 0.8065618240973471 445
1757494781432 0.22963496502202838 446
1757494781531 0.06758093123076209 447
1757494781626 0.0974097166950044 448
1757494781723 0.04196533441381894 449
1757494781827 0.10652910222385091 450
1757494781923 0.002909075859509791 451
1757494782021 1.5906222520832447 452
1757494782162 0.1905012316292984 453
1757494782345 0.012939356738388174 454
1757494782486 0.2813040927374402 455
1757494782623 0.29817501319647666 456
1757494782767 5.230825518255131 457
1757494782926 0.10606327302743322 458
1757494783050 0.23816074475723106 459
1757494783166 0.18424137086770967 460
1757494783278 0.09515540418397701 461
1757494783392 0.9577842268338567 462
1757494783500 0.16105369182564644 463
1757494783610 0.1788889119324997 464
1757494783717 0.0012911273886453529 465
1757494783832 0.0027664944335266716 466
1757494783963 0.16618109415249302 467
1757494784092 0.02687120951865163 468
1757494784239 0.03539815824839404 469
1757494784354 0.09234365601960133 470
1757494784465 0.13535210953954283 471
1757494784571 0.14105728639567297 472
1757494784703 0.08803329541046466 473
1757494784924 0.0006500421615942752 474
1757494785045 0.0723136326214602 475
1757494785190 0.010961275381962716 476
1757494785393 0.0069220444031254285 477
1757494785559 0.08536799846100675 478
1757494785679 0.19496106200749697 479
1757494785792 0.00011606971861104966 480
1757494785915 0.1074729509119549 481
1757494786024 0.30496238758285443 482
1757494786124 0.02734328639852142 483
1757494786230 0.004701421258026067 484
1757494786337 0.35808111199547715 485
1757494786438 0.07777162331113768 486
1757494786533 0.022229901936715 487
1757494786633 0.020272766423371696 488
1757494786733 0.035137736682400854 489
1757494786840 0.08737491670878955 490
1757494786940 0.006573421751036603 491
1757494787041 0.028523158094018758 492
1757494787143 0.003070184221746769 493
1757494787245 0.009024498142306847 494
1757494787345 0.16257163223931825 495
1757494787446 0.7521497991638142 496
1757494787554 0.07470145304246247 497
1757494787662 0.14408071766586497 498
1757494787758 0.12265084420625112 499
