1757320252020 162.39697278693066 0
1757320252091 40549.47538014946 1
1757320252120 58347318.74385965 2
1757320252176 81352929192.17618 3
1757320252221 113478345419860.7 4
1757320252295 1.58288819060557e+17 5
1757320252347 2.207941271261338e+20 6
1757320252416 3.079816174580787e+23 7
1757320252470 4.295978245801828e+26 8
1757320252516 5.9923800779800434e+29 9
1757320252574 8.358659412221954e+32 10
1757320252663 1.1659338403160515e+36 11
1757320252800 1.6263394079754335e+39 12
1757320252878 2.2685505630550236e+42 13
1757320252979 3.164358947400614e+45 14
1757320253054 4.413905385696892e+48 15
1757320253115 6.15687445000137e+51 16
1757320253159 8.588109549406366e+54 17
1757320253250 1.197939412790667e+58 18
1757320253277 1.6709833851810123e+61 19
1757320253300 2.330823615733995e+64 20
1757320253380 3.2512224692615826e+67 21
1757320253455 4.5350696952255984e+70 22
1757320253526 6.325884289679086e+73 23
1757320253580 8.823858228361375e+76 24
1757320253632 1.230823557131029e+80 25
1757320253675 1.71685286592598e+83 26
1757320253699 2.394806100485172e+86 27
1757320253722 3.340470446096033e+89 28
1757320253748 4.659560036606019e+92 29
1757320253821 6.499533549266951e+95 30
1757320253897 9.066078347778265e+98 31
1757320253978 1.2646103906537136e+102 32
1757320254003 1.7639814910062467e+105 33
1757320254048 2.460544942228518e+108 34
1757320254070 3.432168332601215e+111 35
1757320254120 4.787467711376842e+114 36
1757320254202 6.677949583581456e+117 37
1757320254277 9.314947552519505e+120 38
1757320254336 1.2993246927098595e+124 39
1757320254359 1.8124038246774e+127 40
1757320254394 2.528088354000646e+130 41
1757320254419 3.5263833802443526e+133 42
1757320254444 4.918886527357667e+136 43
1757320254466 6.861263243403848e+139 44
1757320254490 9.570648363903922e+142 45
1757320254514 1.3349919228584417e+146 46
1757320254538 1.8621553800042875e+149 47
1757320254562 2.5974858723145903e+152 48
1757320254586 3.623184686585278e+155 49
1757320254609 5.053912867448358e+158 50
1757320254634 7.04960897144676e+161 51
1757320254659 9.83336831356847e+164 52
1757320254683 1.371638239538384e+168 53
1757320254770 1.9132726449063553e+171 54
1757320254816 2.6687883934899085e+174 55
1757320254842 3.722643245952571e+177 56
1757320254865 5.19264576031614e+180 57
1757320254918 7.243124900954499e+183 58
1757320255024 1.0103300081003974e+187 59
1757320255051 1.4092905192531455e+190 60
1757320255136 1.96579310891797e+193 61
1757320255183 2.742048210980148e+196 62
1757320255242 3.8248320015110838e+199 63
1757320255268 5.33518695302371e+202 64
1757320255375 7.441952957010684e+205 65
1757320255429 1.0380641634867513e+209 66
1757320255487 1.447976376282143e+212 67
1757320255541 2.019755290683364e+215 68
1757320255618 2.8173190537250486e+218 69
1757320255702 3.929825898758615e+221 70
1757320255780 5.48164098565073e+224 71
1757320255835 7.646238960626169e+227 72
1757320255875 1.0665596378172375e+231 73
1757320255936 1.4877241829330426e+234 74
1757320256031 2.0751987662063153e+237 75
1757320256084 2.8946561255555203e+240 76
1757320256113 4.03770194049115e+243 77
1757320256153 5.63211526796375e+246 78
1757320256241 7.856132735684783e+249 79
1757320256313 1.0958373297464785e+253 80
1757320256425 1.528563090350106e+256 81
1757320256516 2.132164197875257e+259 82
1757320256596 2.9741161456801684e+262 83
1757320256646 4.148539243276882e+265 84
1757320256674 5.786720158190865e+268 85
1757320256744 8.071788218824256e+271 86
1757320256778 1.1259187116095073e+275 87
1757320256879 1.5705230498937317e+278 88
1757320256958 2.190693364285211e+281 89
1757320257053 3.055757390283436e+284 90
1757320257084 4.262419095480555e+287 91
1757320257108 5.94556904395872e+290 92
1757320257132 8.293363572334233e+293 93
1757320257156 1.1568258451696435e+297 94
1757320257223 1.6136348351068432e+300 95
1757320257300 2.2508291908783003e+303 96
1757320257371 inf 97
