1757435047937 158.8995535208802 0
1757435047985 144.47902827465182 1
1757435048033 138.81953984176343 2
1757435048091 133.26517780774384 3
1757435048142 128.14386011652832 4
1757435048188 123.39728086752041 5
1757435048231 118.99437790802716 6
1757435048274 114.90492932377816 7
1757435048324 111.1016271240395 8
1757435048369 107.55970861754118 9
1757435048419 104.25671676159358 10
1757435048463 101.17227915470005 11
1757435048506 98.28790867538773 12
1757435048549 95.58682341034803 13
1757435048593 93.05378400770992 14
1757435048634 90.67494675929048 15
1757435048677 88.43773088182672 16
1757435048723 86.33069861636 17
1757435048769 84.34344689959038 18
1757435048817 82.46650948251771 19
1757435048859 80.69126848132404 20
1757435048901 79.00987444438975 21
1757435048943 77.41517410861478 22
1757435048984 75.90064509878329 23
1757435049026 74.46033689641258 24
1757435049067 73.0888174701374 25
1757435049109 71.78112501888546 26
1757435049153 70.53272433253213 27
1757435049194 69.33946732293764 28
1757435049237 68.19755732178517 29
1757435049280 67.10351678090636 30
1757435049327 66.05415804622041 31
1757435049367 65.04682552722825 32
1757435049408 64.0784363971816 33
1757435049447 63.14665377895896 34
1757435049488 62.24948744083746 35
1757435049528 61.38443229143516 36
1757435049568 60.54970101510322 37
1757435049610 59.74351950512779 38
1757435049652 58.964249341725164 39
1757435049694 58.210376882103226 40
1757435049741 57.48050220136974 41
1757435049782 56.77332923775215 42
1757435049825 56.0876568398071 43
1757435049867 55.42237064159575 44
1757435049908 54.77643568620039 45
1757435049948 54.14888972637738 46
1757435049989 53.53883713798031 47
1757435050031 52.94544338800304 48
1757435050072 52.367930004701975 49
1757435050112 51.80557000232091 50
1757435050153 51.25768371751484 51
1757435050193 50.723635018697045 52
1757435050235 50.20282785326248 53
1757435050275 49.69470310100564 54
1757435050316 49.198735705091856 55
1757435050357 48.71443205468516 56
1757435050397 48.24132759581574 57
1757435050435 47.7789846493084 58
1757435050475 47.32699041661638 59
1757435050516 46.88495515623116 60
1757435050559 46.45251051498931 61
1757435050598 46.029308000088086 62
1757435050653 45.615017578968256 63
1757435050695 45.20932639543952 64
1757435050745 44.81193759152358 65
1757435050785 44.42256922548359 66
1757435050827 44.040953277406366 67
1757435050868 43.666834734516335 68
1757435050911 43.29997074913264 69
1757435050950 42.940129862845694 70
1757435050988 42.587091291087646 71
1757435051033 42.24064426281491 72
1757435051074 41.90058741051035 73
1757435051116 41.56672820615708 74
1757435051157 41.23888243923665 75
1757435051198 40.91687373316766 76
1757435051245 40.600533096929645 77
1757435051409 40.28969850891392 78
1757435051488 39.98421453031276 79
1757435051590 39.683931945601806 80
1757435051643 39.388707427891184 81
1757435051689 39.09840322712097 82
1757435051766 38.81288687925755 83
1757435051904 38.532030934811644 84
1757435051979 38.25571270514733 85
1757435052038 37.98381402518662 86
1757435052104 37.716221031235975 87
1757435052149 37.45282395277256 88
1757435052194 37.19351691712823 89
1757435052239 36.938197766100906 90
1757435052285 36.68676788360611 91
1757435052330 36.43913203355617 92
1757435052378 36.19519820722376 93
1757435052421 35.954877479408275 94
1757435052464 35.71808387278012 95
1757435052506 35.48473422982975 96
1757435052549 35.25474809189473 97
1757435052591 35.0280475847812 98
1757435052633 34.80455731053443 99
1757435052679 34.5842042449492 100
1757435052721 34.3669176404424 101
1757435052774 34.15262893394013 102
1757435052818 33.941271659458224 103
1757435052864 33.73278136507984 104
1757435052908 33.527095534056045 105
1757435052950 33.3241535097759 106
1757435052993 33.12389642437131 107
1757435053037 32.92626713073926 108
1757435053081 32.73121013777934 109
1757435053124 32.53867154865947 110
1757435053166 32.34859900193558 111
1757435053207 32.160941615363335 112
1757435053249 31.97564993225103 113
1757435053289 31.792675870213287 114
1757435053331 31.611972672194298 115
1757435053375 31.433494859638472 116
1757435053415 31.257198187693945 117
1757435053457 31.08303960234216 118
1757435053498 30.910977199353372 119
1757435053539 30.74097018497425 120
1757435053580 30.572978838259754 121
1757435053622 30.406964474966585 122
1757435053663 30.242889412930815 123
1757435053705 30.080716938856742 124
1757435053745 29.920411276448416 125
1757435053796 29.761937555819276 126
1757435053840 29.605261784119026 127
1757435053883 29.450350817320395 128
1757435053923 29.297172333111586 129
1757435053976 29.145694804843366 130
1757435054020 28.995887476482334 131
1757435054063 28.84772033852473 132
1757435054105 28.70116410482754 133
1757435054146 28.556190190315885 134
1757435054189 28.412770689527846 135
1757435054231 28.27087835596007 136
1757435054273 28.130486582179024 137
1757435054314 27.99156938066494 138
1757435054357 27.85410136535687 139
1757435054400 27.71805773386897 140
1757435054441 27.58341425034958 141
1757435054483 27.45014722895606 142
1757435054523 27.31823351791959 143
1757435054567 27.187650484175506 144
1757435054611 27.058375998535766 145
1757435054652 26.93038842138135 146
1757435054694 26.80366658885334 147
1757435054736 26.678189799522524 148
1757435054779 26.553937801518178 149
1757435054829 26.430890780097684 150
1757435054872 26.309029345639306 151
1757435054914 26.188334522041494 152
1757435054959 26.06878773551248 153
1757435055005 25.950370803735133 154
1757435055055 25.833065925392113 155
1757435055105 25.71685567003754 156
1757435055150 25.60172296830175 157
1757435055197 25.487651102416255 158
1757435055240 25.374623697046726 159
1757435055284 25.26262471042225 160
1757435055328 25.1516384257496 161
1757435055377 25.041649442901804 162
1757435055422 24.932642670370697 163
1757435055466 24.824603317473603 164
1757435055516 24.717516886804642 165
1757435055562 24.61136916692168 166
1757435055609 24.50614622526016 167
1757435055653 24.401834401265557 168
1757435055698 24.29842029973645 169
1757435055746 24.195890784370466 170
1757435055881 24.094232971505917 171
1757435056002 23.993434224051953 172
1757435056122 23.89348214560049 173
1757435056180 23.794364574713487 174
1757435056229 23.696069579379238 175
1757435056304 23.598585451631806 176
1757435056425 23.501900702327767 177
1757435056522 23.4060040560748 178
1757435056590 23.31088444630684 179
1757435056660 23.21653101050061 180
1757435056709 23.122933085528757 181
1757435056758 23.03008020314489 182
1757435056806 22.937962085595828 183
1757435056862 22.846568641357003 184
1757435056912 22.755889960986604 185
1757435056960 22.665916313094552 186
1757435057008 22.5766381404225 187
1757435057054 22.488046056031003 188
1757435057101 22.400130839590442 189
1757435057148 22.31288343377219 190
1757435057193 22.226294940736704 191
1757435057239 22.14035661871547 192
1757435057285 22.055059878683558 193
1757435057330 21.970396281120074 194
1757435057376 21.886357532853463 195
1757435057421 21.802935483989092 196
1757435057469 21.720122124916404 197
1757435057516 21.637909583393157 198
1757435057563 21.55629012170422 199
1757435057609 21.47525613389277 200
1757435057655 21.394800143061413 201
1757435057700 21.314914798741185 202
1757435057747 21.23559287432629 203
1757435057794 21.1568272645726 204
1757435057839 21.078610983157866 205
1757435057894 21.000937160301863 206
1757435057939 20.923799040444596 207
1757435057987 20.84718997998087 208
1757435058034 20.771103445049466 209
1757435058081 20.695533009375325 210
1757435058132 20.6205104131198 211
1757435058186 20.54597187006133 212
1757435058232 20.471930634822776 213
1757435058279 20.39838062308256 214
1757435058326 20.32531591575249 215
1757435058372 20.252730689513335 216
1757435058417 20.18061921490174 217
1757435058464 20.108975854530044 218
1757435058511 20.037795061341523 219
1757435058558 19.96707137690533 220
1757435058604 19.89679942974983 221
1757435058651 19.826973933733292 222
1757435058699 19.757589686450896 223
1757435058743 19.688641567677056 224
1757435058787 19.62012453784209 225
1757435058831 19.55203363654233 226
1757435058875 19.484363981082716 227
1757435058928 19.417110765051095 228
1757435058973 19.350269256923248 229
1757435059019 19.283834798698052 230
1757435059064 19.217802804561675 231
1757435059110 19.152168759580317 232
1757435059154 19.086928218420663 233
1757435059198 19.022076804097217 234
1757435059243 18.95761020674606 235
1757435059287 18.893524182424123 236
1757435059332 18.829814551933485 237
1757435059376 18.766477199669982 238
1757435059423 18.703508072495566 239
1757435059468 18.640903178633767 240
1757435059514 18.57865858658773 241
1757435059559 18.516770424080295 242
1757435059605 18.455234877015467 243
1757435059663 18.39404818846089 244
1757435059710 18.333206657650706 245
1757435059758 18.27270663900841 246
1757435059805 18.212544541189086 247
1757435059849 18.152716826140733 248
1757435059893 18.09322000818406 249
1757435059949 18.034050653110445 250
1757435059996 17.975205377297534 251
1757435060041 17.91668084684216 252
1757435060086 17.85847377671006 253
1757435060151 17.80058092990221 254
1757435060370 17.74299911663708 255
1757435060613 17.685725193548762 256
1757435060762 17.62875606290045 257
1757435060889 17.57208867181292 258
1757435061011 17.5157200115077 259
1757435061133 17.459647116564675 260
1757435061253 17.403867064193633 261
1757435061355 17.348376973519635 262
1757435061427 17.293174004881774 263
1757435061536 17.238255359145075 264
1757435061627 17.18361827702525 265
1757435061696 17.12926003842603 266
1757435061765 17.075177961788793 267
1757435061827 17.021369403454234 268
1757435061888 16.9678317570358 269
1757435061964 16.914562452804677 270
1757435062030 16.861558957086025 271
1757435062091 16.808818771666314 272
1757435062151 16.756339433211398 273
1757435062211 16.704118512695263 274
1757435062276 16.652153614839065 275
1757435062335 16.60044237756038 276
1757435062396 16.548982471432346 277
1757435062459 16.49777159915261 278
1757435062533 16.446807495021723 279
1757435062619 16.396087924430965 280
1757435062685 16.345610683359297 281
1757435062744 16.29537359787925 282
1757435062803 16.245374523671657 283
1757435062856 16.195611345548965 284
1757435062910 16.146081976986995 285
1757435062976 16.096784359664973 286
1757435063031 16.047716463013703 287
1757435063081 15.998876283771633 288
1757435063132 15.950261845548754 289
1757435063185 15.901871198398132 290
1757435063237 15.853702418394917 291
1757435063288 15.80575360722273 292
1757435063339 15.758022891767204 293
1757435063390 15.710508423716627 294
1757435063438 15.663208379169511 295
1757435063488 15.616120958248915 296
1757435063542 15.5692443847235 297
1757435063598 15.52257690563505 298
1757435063653 15.476116790932466 299
1757435063706 15.42986233311199 300
1757435063758 15.383811846863663 301
1757435063812 15.337963668723813 302
1757435063863 15.292316156733445 303
1757435063911 15.246867690102551 304
1757435063961 15.201616668880051 305
1757435064013 15.156561513629399 306
1757435064061 15.111700665109687 307
1757435064111 15.06703258396218 308
1757435064159 15.022555750402095 309
1757435064208 14.97826866391568 310
1757435064257 14.934169842962332 311
1757435064308 14.890257824681786 312
1757435064357 14.8465311646062 313
1757435064404 14.802988436377108 314
1757435064451 14.759628231467094 315
1757435064497 14.716449158906158 316
1757435064543 14.673449845012655 317
1757435064591 14.630628933128712 318
1757435064638 14.587985083360095 319
1757435064685 14.545516972320389 320
1757435064732 14.503223292879442 321
1757435064781 14.461102753915997 322
1757435064828 14.41915408007443 323
1757435064876 14.377376011525529 324
1757435064922 14.33576730373121 325
1757435064970 14.294326727213168 326
1757435065022 14.253053067325306 327
1757435065069 14.211945124029967 328
1757435065117 14.171001711677812 329
1757435065167 14.130221658791337 330
1757435065214 14.089603807851976 331
1757435065266 14.049147015090664 332
1757435065315 14.008850150281864 333
1757435065363 13.968712096540948 334
1757435065410 13.928731750124925 335
1757435065470 13.888908020236386 336
1757435065529 13.849239828830703 337
1757435065576 13.80972611042633 338
1757435065624 13.770365811918227 339
1757435065671 13.73115789239431 340
1757435065726 13.692101322954876 341
1757435065880 13.653195086535002 342
1757435065989 13.61443817772976 343
1757435066091 13.575829602622353 344
1757435066156 13.53736837861496 345
1757435066219 13.499053534262352 346
1757435066305 13.46088410910822 347
1757435066441 13.422859153524085 348
1757435066526 13.384977728550874 349
1757435066598 13.34723890574302 350
1757435066660 13.309641767015064 351
1757435066713 13.27218540449074 352
1757435066767 13.234868920354494 353
1757435066817 13.197691426705356 354
1757435066867 13.160652045413208 355
1757435066918 13.123749907977297 356
1757435066971 13.08698415538705 357
1757435067030 13.050353937985134 358
1757435067081 13.013858415332642 359
1757435067132 12.977496756076512 360
1757435067182 12.941268137818984 361
1757435067233 12.905171746989193 362
1757435067283 12.869206778716798 363
1757435067334 12.833372436707592 364
1757435067384 12.797667933121138 365
1757435067434 12.762092488450296 366
1757435067484 12.726645331402711 367
1757435067534 12.691325698784146 368
1757435067582 12.656132835383675 369
1757435067631 12.621065993860704 370
1757435067680 12.58612443463376 371
1757435067729 12.551307425771046 372
1757435067777 12.51661424288274 373
1757435067825 12.482044169014946 374
1757435067872 12.447596494545387 375
1757435067922 12.413270517080658 376
1757435067970 12.379065541355184 377
1757435068019 12.344980879131677 378
1757435068072 12.311015849103237 379
1757435068121 12.277169776796931 380
1757435068169 12.243441994478918 381
1757435068218 12.209831841061025 382
1757435068267 12.176338662008831 383
1757435068315 12.142961809251158 384
1757435068364 12.109700641090983 385
1757435068412 12.076554522117743 386
1757435068462 12.043522823120975 387
1757435068512 12.010604921005394 388
1757435068561 11.97780019870717 389
1757435068609 11.945108045111605 390
1757435068658 11.912527854972035 391
1757435068707 11.880059028830015 392
1757435068755 11.847700972936732 393
1757435068804 11.81545309917566 394
1757435068853 11.783314824986359 395
1757435068901 11.75128557328952 396
1757435068950 11.719364772413103 397
1757435068999 11.687551856019688 398
1757435069055 11.65584626303487 399
1757435069108 11.624247437576821 400
1757435069157 11.592754828886905 401
1757435069207 11.561367891261353 402
1757435069255 11.530086083984028 403
1757435069305 11.498908871260179 404
1757435069354 11.467835722151237 405
1757435069405 11.436866110510612 406
1757435069454 11.405999514920438 407
1757435069503 11.375235418629357 408
1757435069553 11.344573309491176 409
1757435069612 11.314012679904506 410
1757435069687 11.283553026753319 411
1757435069741 11.253193851348406 412
1757435069792 11.222934659369718 413
1757435069845 11.192774960809592 414
1757435069896 11.16271426991685 415
1757435069946 11.132752105141721 416
1757435069997 11.102887989081648 417
1757435070048 11.073121448427838 418
1757435070107 11.043452013912711 419
1757435070187 11.013879220258072 420
1757435070349 10.984402606124114 421
1757435070455 10.95502171405916 422
1757435070531 10.925736090450181 423
1757435070593 10.896545285474048 424
1757435070674 10.867448853049543 425
1757435070826 10.83844635079005 426
1757435070913 10.809537339956997 427
1757435070976 10.780721385413974 428
1757435071053 10.75199805558154 429
1757435071108 10.723366922392715 430
1757435071162 10.694827561249141 431
1757435071218 10.666379550977888 432
1757435071275 10.63802247378891 433
1757435071330 10.609755915233134 434
1757435071382 10.581579464161173 435
1757435071435 10.553492712682663 436
1757435071488 10.525495256126174 437
1757435071540 10.497586692999775 438
1757435071600 10.469766624952118 439
1757435071659 10.442034656734144 440
1757435071711 10.414390396161329 441
1757435071762 10.38683345407653 442
1757435071815 10.359363444313294 443
1757435071868 10.331979983659823 444
1757435071920 10.304682691823382 445
1757435071973 10.277471191395252 446
1757435072025 10.25034510781624 447
1757435072076 10.223304069342632 448
1757435072136 10.196347707012674 449
1757435072186 10.169475654613573 450
1757435072236 10.142687548648935 451
1757435072286 10.11598302830669 452
1757435072336 10.089361735427527 453
1757435072385 10.062823314473702 454
1757435072436 10.03636741249841 455
1757435072486 10.009993679115508 456
1757435072537 9.98370176646973 457
1757435072587 9.957491329207315 458
1757435072637 9.931362024447084 459
1757435072688 9.905313511751885 460
1757435072738 9.879345453100516 461
1757435072788 9.85345751286001 462
1757435072838 9.827649357758308 463
1757435072889 9.801920656857396 464
1757435072939 9.776271081526732 465
1757435072991 9.750700305417134 466
1757435073042 9.725208004435002 467
1757435073093 9.69979385671692 468
1757435073153 9.674457542604609 469
1757435073204 9.649198744620282 470
1757435073256 9.624017147442272 471
1757435073306 9.598912437881099 472
1757435073355 9.573884304855795 473
1757435073407 9.548932439370628 474
1757435073457 9.524056534492118 475
1757435073508 9.499256285326389 476
1757435073560 9.474531388996857 477
1757435073610 9.4498815446222 478
1757435073660 9.425306453294683 479
1757435073710 9.400805818058732 480
1757435073761 9.376379343889893 481
1757435073812 9.352026737673965 482
1757435073863 9.327747708186559 483
1757435073913 9.303541966072855 484
1757435073964 9.279409223827654 485
1757435074015 9.25534919577574 486
1757435074065 9.231361598052493 487
1757435074115 9.207446148584781 488
1757435074177 9.183602567072102 489
1757435074226 9.159830574968003 490
1757435074277 9.136129895461764 491
1757435074328 9.112500253460299 492
1757435074379 9.088941375570366 493
1757435074430 9.065452990080951 494
1757435074480 9.042034826945956 495
1757435074531 9.018686617767095 496
1757435074582 8.995408095777025 497
1757435074681 8.97219899582272 498
1757435074835 8.949059054349068 499
