1757341124314 168.95902706247023 0
1757341124337 68.69557443517299 1
1757341124364 81.53864818174046 2
1757341124387 55.831942038796456 3
1757341124412 55.41140342569458 4
1757341124437 45.78479009637608 5
1757341124462 43.444350702027286 6
1757341124486 38.87736672519174 7
1757341124512 36.61079412273017 8
1757341124538 33.91737413287247 9
1757341124565 32.04279571343894 10
1757341124589 30.179437283482667 11
1757341124616 28.664200346989375 12
1757341124642 27.244124714303084 13
1757341124666 26.005569051520038 14
1757341124690 24.860996975929613 15
1757341124714 23.82879165208378 16
1757341124738 22.873691873378892 17
1757341124762 21.996451383949005 18
1757341124786 21.18005723785034 19
1757341124810 20.42132399920364 20
1757341124835 19.710608519869815 21
1757341124859 19.044370183259474 22
1757341124885 18.41648719921908 23
1757341124909 17.823894064630544 24
1757341124934 17.262420942145646 25
1757341124958 16.729580181116685 26
1757341124983 16.222403963381804 27
1757341125007 15.738910879409822 28
1757341125031 15.276923795692873 29
1757341125056 14.834869185517036 30
1757341125081 14.411111712304631 31
1757341125118 14.004397251306973 32
1757341125143 13.613471922049476 33
1757341125171 13.23732908810904 34
1757341125197 12.874988865853851 35
1757341125223 12.525635741175519 36
1757341125248 12.18848989267868 37
1757341125273 11.862883450204555 38
1757341125297 11.548184813835682 39
1757341125322 11.24384049390212 40
1757341125346 10.949330222186925 41
1757341125372 10.664189553191294 42
1757341125397 10.387982974999167 43
1757341125422 10.12031582720891 44
1757341125446 9.860818001381858 45
1757341125471 9.609149985454394 46
1757341125499 9.364992840581582 47
1757341125525 9.128051063323397 48
1757341125549 8.898046315406399 49
1757341125574 8.67471859896088 50
1757341125600 8.457822254114907 51
1757341125627 8.24712626973926 52
1757341125652 8.04241166877384 53
1757341125678 7.8434714004271795 54
1757341125712 7.650108587293199 55
1757341125755 7.462136235796368 56
1757341125782 7.2793760276571975 57
1757341125817 7.101657970360494 58
1757341125845 6.928819539113552 59
1757341125872 6.760705326767492 60
1757341125898 6.597166416264648 61
1757341125924 6.438060056337994 62
1757341125950 6.283249189005754 63
1757341125975 6.132602160339083 64
1757341126001 5.985992354755435 65
1757341126027 5.843297941814773 66
1757341126070 5.704401585874973 67
1757341126116 5.569190226165016 68
1757341126154 5.437554840912425 69
1757341126179 5.309390256604039 70
1757341126205 5.184594952419214 71
1757341126230 5.063070894410655 72
1757341126256 4.944723370438404 73
1757341126283 4.829460845341587 74
1757341126309 4.717194819448511 75
1757341126335 4.607839701335004 76
1757341126361 4.501312684923597 77
1757341126387 4.397533636974601 78
1757341126412 4.296424989114826 79
1757341126438 4.197911637712267 80
1757341126464 4.101920848100675 81
1757341126489 4.008382164922324 82
1757341126515 3.917227326471521 83
1757341126542 3.8283901839490073 84
1757341126568 3.7418066243210046 85
1757341126593 3.6574144972200253 86
1757341126620 3.575153545062516 87
1757341126645 3.494965336564118 88
1757341126671 3.416793203116247 89
1757341126697 3.3405821780693845 90
1757341126723 3.2662789385624467 91
1757341126749 3.1938317498751014 92
1757341126774 3.1231904120511826 93
1757341126800 3.0543062087381063 94
1757341126825 2.9871318580592745 95
1757341126851 2.9216214654519725 96
1757341126878 2.857730478332416 97
1757341126904 2.7954156425181504 98
1757341126930 2.734634960299441 99
1757341126958 2.6753476500923754 100
1757341126988 2.617514107586118 101
1757341127013 2.5610958683217433 102
1757341127039 2.506171139329617 103
1757341127065 2.452518566443572 104
1757341127093 2.4001727827912496 105
1757341127120 2.349092678375717 106
1757341127156 2.299249746079119 107
1757341127183 2.250608254291676 108
1757341127211 2.203139596035375 109
1757341127237 2.15681134281843 110
1757341127263 2.1115954843613736 111
1757341127291 2.0674621435422593 112
1757341127317 2.0243842893518207 113
1757341127343 1.9823341245857604 114
1757341127369 1.9412857779922112 115
1757341127396 1.9012132250050158 116
1757341127422 1.8620918219562845 117
1757341127449 1.823897106233242 118
1757341127479 1.786605667370374 119
1757341127505 1.7501944517696475 120
1757341127532 1.7146412543113208 121
1757341127558 1.679924312713799 122
1757341127585 1.6460225821867371 123
1757341127611 1.6129154962204266 124
1757341127639 1.5805831173772904 125
1757341127666 1.5490059938736906 126
1757341127693 1.5181652398200476 127
1757341127720 1.488042447089241 128
1757341127746 1.4586197255203932 129
1757341127772 1.429879646836525 130
1757341127799 1.4018052622683967 131
1757341127825 1.374380065181067 132
1757341127852 1.3475879960944603 133
1757341127879 1.3214134163513942 134
1757341127906 1.2958411062280135 135
1757341127932 1.2708562452281862 136
1757341127959 1.2464444065245812 137
1757341127986 1.2225915413295427 138
1757341128012 1.1992839715041699 139
1757341128039 1.1765083765260413 140
1757341128066 1.1542517853010819 141
1757341128092 1.132501564863147 142
1757341128119 1.1112454119649904 143
1757341128156 1.09047134299815 144
1757341128183 1.0701676856778854 145
1757341128210 1.050323069875509 146
1757341128237 1.0309264195634664 147
1757341128263 1.011966944370044 148
1757341128290 0.993434131866585 149
1757341128317 0.9753177397229602 150
1757341128343 0.9576077883716649 151
1757341128371 0.9402945536825107 152
1757341128397 0.9233685600121038 153
1757341128424 0.9068205733400891 154
1757341128451 0.8906415946982351 155
1757341128478 0.8748228537249219 156
1757341128505 0.8593558024606771 157
1757341128532 0.8442321092865235 158
1757341128559 0.8294436530692004 159
1757341128586 0.8149825174547971 160
1757341128612 0.8008409853454392 161
1757341128640 0.7870115335235212 162
1757341128668 0.7734868274413955 163
1757341128694 0.7602597161543049 164
1757341128722 0.7473232274049991 165
1757341128750 0.7346705628455714 166
1757341128777 0.722295093399646 167
1757341128805 0.7101903547549944 168
1757341128833 0.6983500429867995 169
1757341128859 0.6867680103043478 170
1757341128887 0.6754382609197845 171
1757341128915 0.6643549470333794 172
1757341128943 0.6535123649331238 173
1757341128971 0.6429049512041424 174
1757341128998 0.6325272790453706 175
1757341129026 0.6225481431496447 176
1757341129054 0.6126938031616668 177
1757341129081 0.6030594478214767 178
1757341129109 0.5936268116391412 179
1757341129138 0.5844022304975833 180
1757341129179 0.5753721801972684 181
1757341129207 0.5665388583466131 182
1757341129234 0.5578926270637721 183
1757341129262 0.5494330475722016 184
1757341129289 0.5411528955200196 185
1757341129317 0.5330502764522911 186
1757341129345 0.5251194416495926 187
1757341129372 0.5173577388800122 188
1757341129404 0.5097603444164925 189
1757341129437 0.5023242467546851 190
1757341129472 0.4950452260966869 191
1757341129508 0.48792013645749044 192
1757341129541 0.4809451737846499 193
1757341129575 0.47411718274745135 194
1757341129610 0.46743266348092716 195
1757341129645 0.4608885195040585 196
1757341129682 0.4544814877806414 197
1757341129716 0.4482085664511696 198
1757341129751 0.4420666875018597 199
1757341129785 0.43605296108390557 200
1757341129821 0.4301644872356489 201
1757341129857 0.4243984951563808 202
1757341129892 0.4187522346422576 203
1757341129926 0.4132230552135867 204
1757341129962 0.40780834326172805 205
1757341129998 0.4025055667523293 206
1757341130033 0.39731223859828785 207
1757341130069 0.3922259416742173 208
1757341130103 0.38724430724908376 209
1757341130140 0.382365028752283 210
1757341130186 0.37758584886598917 211
1757341130222 0.37290456687672263 212
1757341130257 0.36831903075861777 213
1757341130295 0.3638271408782034 214
1757341130331 0.3594268449647704 215
1757341130366 0.3551161397524383 216
1757341130400 0.35089306763060957 217
1757341130436 0.3467557171293532 218
1757341130473 0.3427022205568691 219
1757341130506 0.3387307538458489 220
1757341130541 0.3348395347794587 221
1757341130577 0.33102682249391346 222
1757341130615 0.3272909160633533 223
1757341130650 0.3236301538265353 224
1757341130692 0.32004291219781583 225
1757341130729 0.3165276049129778 226
1757341130766 0.31308268198910755 227
1757341130802 0.309706628942884 228
1757341130836 0.3063979658540461 229
1757341130872 0.30315524658566995 230
1757341130909 0.29997705792425683 231
1757341130953 0.2968620188179446 232
1757341130992 0.2938087795768281 233
1757341131114 0.2908160211373247 234
1757341131231 0.28788245431244874 235
1757341131323 0.2850068190861848 236
1757341131407 0.2821878839069955 237
1757341131558 0.27942444501360364 238
1757341131625 0.27671532576709523 239
1757341131711 0.2740593760081499 240
1757341131783 0.2714554714243507 241
1757341131838 0.26890251293816736 242
1757341131919 0.26639942610682715 243
1757341132016 0.26394516053998374 244
1757341132083 0.2615386893299845 245
1757341132113 0.25917900849796577 246
1757341132162 0.2568651364526568 247
1757341132203 0.2545961134635917 248
1757341132239 0.2523710011467935 249
1757341132271 0.25018888196377653 250
1757341132304 0.24804885873262814 251
1757341132359 0.2459500541515061 252
1757341132435 0.24389161033373008 253
1757341132546 0.24187268835453998 254
1757341132615 0.2398924678089201 255
1757341132664 0.2379501463804203 256
1757341132715 0.23604493942051946 257
1757341132793 0.23417607953837996 258
1757341132869 0.23234281620062516 259
1757341132919 0.23054441534095219 260
1757341132992 0.22878015897926807 261
1757341133054 0.22704934485014258 262
1757341133127 0.22535128604030621 263
1757341133193 0.22368531063498096 264
1757341133278 0.22205076137279842 265
1757341133347 0.22044699530909512 266
1757341133414 0.21887338348736632 267
1757341133520 0.21732931061866292 268
1757341133577 0.21581417476873677 269
1757341133627 0.21432738705272836 270
1757341133697 0.21286837133720843 271
1757341133749 0.21143656394938343 272
1757341133824 0.2100314133932837 273
1757341133897 0.2086523800727543 274
1757341133942 0.2072989360210837 275
1757341134005 0.20597056463708543 276
1757341134057 0.20466676042749096 277
1757341134113 0.2033870287554759 278
1757341134169 0.20213088559517672 279
1757341134235 0.20089785729204046 280
1757341134278 0.19968748032886527 281
1757341134327 0.19849930109738517 282
1757341134377 0.19733287567526217 283
1757341134427 0.19618776960835313 284
1757341134476 0.19506355769811284 285
1757341134530 0.1939598237940152 286
1757341134637 0.19287616059085358 287
1757341134778 0.1918121694308162 288
1757341134874 0.19076746011020465 289
1757341135002 0.1897416506906855 290
1757341135102 0.18873436731496576 291
1757341135133 0.18774524402677625 292
1757341135173 0.18677392259506334 293
1757341135207 0.1858200523422823 294
1757341135262 0.18488328997668999 295
1757341135345 0.1839632994285445 296
1757341135402 0.18305975169010746 297
1757341135502 0.18217232465936548 298
1757341135550 0.18130070298737322 299
1757341135629 0.18044457792913132 300
1757341135700 0.17960364719791513 301
1757341135776 0.1787776148229683 302
1757341135841 0.17796619101048053 303
1757341135908 0.17716909200776787 304
1757341136001 0.1763860399705838 305
1757341136099 0.17561676283347652 306
1757341136170 0.17486099418312764 307
1757341136241 0.17411847313459508 308
1757341136314 0.1733889442103911 309
1757341136383 0.17267215722232987 310
1757341136474 0.17196786715607543 311
1757341136546 0.17127583405832525 312
1757341136636 0.17059582292656938 313
1757341136745 0.16992760360136086 314
1757341136797 0.1692709506610354 315
1757341136831 0.16862564331883106 316
1757341136900 0.16799146532233578 317
1757341137036 0.16736820485522544 318
1757341137139 0.16675565444122042 319
1757341137241 0.16615361085022293 320
1757341137312 0.1655618750065729 321
1757341137347 0.16498025189937798 322
1757341137383 0.16440855049486475 323
1757341137418 0.16384658365071186 324
1757341137451 0.16329416803230493 325
1757341137488 0.1627511240308792 326
1757341137523 0.16221727568350258 327
1757341137576 0.16169245059485235 328
1757341137667 0.16117647986074812 329
1757341137721 0.16066919799339607 330
1757341137790 0.1601704428483108 331
1757341137853 0.15968005555286593 332
1757341137937 0.15919788043644345 333
1757341137996 0.1587237649621407 334
1757341138060 0.15825755966000174 335
1757341138097 0.15779911806173352 336
1757341138185 0.15734829663687677 337
1757341138326 0.15690495473039268 338
1757341138361 0.15646895450163983 339
1757341138393 0.15604016086470038 340
1757341138424 0.1556184414300329 341
1757341138455 0.15520366644741537 342
1757341138486 0.15479570875015045 343
1757341138517 0.15439444370050337 344
1757341138548 0.1539997491363464 345
1757341138579 0.1536115053189787 346
1757341138612 0.15322959488209806 347
1757341138644 0.15285390278189304 348
1757341138674 0.15248431624823858 349
1757341138706 0.15212072473695745 350
1757341138736 0.15176301988313512 351
1757341138767 0.1514110954554582 352
1757341138799 0.1510648473115509 353
1757341138834 0.15072417335429356 354
1757341138865 0.15038897348909339 355
1757341138896 0.15005914958209177 356
1757341138928 0.14973460541928377 357
1757341138958 0.14941524666652886 358
1757341138998 0.1491009808304343 359
1757341139054 0.1487917172200911 360
1757341139106 0.14848736690964107 361
1757341139143 0.14818784270165974 362
1757341139185 0.14789305909133377 363
1757341139235 0.14760293223141585 364
1757341139285 0.1473173798979407 365
1757341139352 0.14703632145668163 366
1757341139405 0.14675967783033747 367
1757341139456 0.14648737146642504 368
1757341139504 0.14621932630586806 369
1757341139556 0.14595484470990955 370
1757341139609 0.1456975106679222 371
1757341139661 0.14543831954153597 372
1757341139705 0.14519126275199762 373
1757341139754 0.1449382005565671 374
1757341139807 0.14469998149852484 375
1757341139857 0.1444536190528456 376
1757341139925 0.14422332148860667 377
1757341139977 0.1439838680235864 378
1757341140076 0.14376088981870466 379
1757341140152 0.1435283534052157 380
1757341140234 0.1433122711869128 381
1757341140298 0.14308654971880386 382
1757341140375 0.1428770435032387 383
1757341140450 0.14265797641117184 384
1757341140539 0.14245478693955432 385
1757341140599 0.14224218459124546 386
1757341140661 0.14204508904230245 387
1757341140723 0.14183874934619767 388
1757341140782 0.14164754747896588 389
1757341140843 0.14144726515606668 390
1757341140904 0.14126504684172453 391
1757341140971 0.1410711002037613 392
1757341141030 0.14088716490171516 393
1757341141091 0.1407016403750235 394
1757341141160 0.1405283558818763 395
1757341141228 0.1403468929238603 396
1757341141290 0.14017157953635795 397
1757341141352 0.1399980039842285 398
1757341141415 0.13983433503029527 399
1757341141475 0.13966355745409795 400
1757341141537 0.13949718904155392 401
1757341141596 0.13933415167861607 402
1757341141658 0.13917991318964343 403
1757341141718 0.13901882927868656 404
1757341141780 0.13886742610428165 405
1757341141841 0.13871256997616152 406
1757341141904 0.13855734747521864 407
1757341141979 0.1384096516743291 408
1757341142146 0.13826783458263428 409
1757341142313 0.13812051334581446 410
1757341142391 0.13798150675382478 411
1757341142444 0.13783970736142795 412
1757341142504 0.13770349122207504 413
1757341142618 0.1375664640835765 414
1757341142685 0.13743340784787042 415
1757341142751 0.1372924922316458 416
1757341142816 0.13716547337468818 417
1757341142902 0.13703984041197892 418
1757341143015 0.13691101738497743 419
1757341143087 0.1367883110422131 420
1757341143165 0.13666399933139928 421
1757341143272 0.13654391113073444 422
1757341143354 0.13642358909208585 423
1757341143452 0.1363063585160554 424
1757341143525 0.136189659467656 425
1757341143576 0.13607538691038018 426
1757341143639 0.13596206556100623 427
1757341143702 0.13585077194952 428
1757341143769 0.13574065199867758 429
1757341143807 0.1356323136346981 430
1757341143868 0.13552525880324648 431
1757341143956 0.13541982716384326 432
1757341144006 0.1353157248203197 433
1757341144041 0.13521313793448714 434
1757341144078 0.1351118897778823 435
1757341144126 0.13501207877009447 436
1757341144211 0.13491359551582507 437
1757341144304 0.1348164883673138 438
1757341144366 0.13472068671174303 439
1757341144465 0.1346262104197631 440
1757341144550 0.1345330113030554 441
1757341144587 0.1344410931175742 442
1757341144638 0.13435042072636133 443
1757341144753 0.1342609888550437 444
1757341144795 0.13417277004621223 445
1757341144888 0.1340857540524135 446
1757341144975 0.13399991801604394 447
1757341145037 0.1339152490389842 448
1757341145105 0.1338317270965109 449
1757341145205 0.13374933796789246 450
1757341145269 0.13366806344617552 451
1757341145316 0.13358788874600735 452
1757341145402 0.13350879689352182 453
1757341145465 0.13343077296981948 454
1757341145517 0.13335380089577775 455
1757341145564 0.13327786586245696 456
1757341145611 0.1332029524880342 457
1757341145683 0.13312904620935728 458
1757341145735 0.133056132224989 459
1757341145812 0.1329841962915133 460
1757341145877 0.13291322411694692 461
1757341145937 0.13284320181596404 462
1757341146002 0.1327741155613201 463
1757341146049 0.13270595184362916 464
1757341146099 0.1326386972705969 465
1757341146150 0.13257233871479912 466
1757341146227 0.13250686319758845 467
1757341146285 0.1324422579726952 468
1757341146359 0.1323785104586394 469
1757341146460 0.13231560828555514 470
1757341146507 0.1322535392553935 471
1757341146558 0.1321922913676775 472
1757341146616 0.13213185279562883 473
1757341146687 0.1320722118998571 474
1757341146755 0.13201335721361648 475
1757341146825 0.13195527744959046 476
1757341146876 0.13189796149039051 477
1757341146938 0.1318413983913964 478
1757341147073 0.13178557737427268 479
1757341147221 0.13173048782756208 480
1757341147289 0.13167611930194653 481
1757341147348 0.13162246150957305 482
1757341147406 0.131569504320329 483
1757341147482 0.1315172377604621 484
1757341147540 0.13146565200945715 485
1757341147604 0.13141473739826784 486
1757341147683 0.13136448440656318 487
1757341147764 0.13131488366075966 488
1757341147841 0.13126592593149716 489
1757341147916 0.1312176021315793 490
1757341147994 0.13116990331360717 491
1757341148072 0.13112282066788855 492
1757341148133 0.13107634552018388 493
1757341148179 0.13103046932962317 494
1757341148239 0.13098518368653977 495
1757341148309 0.13094048031041475 496
1757341148373 0.13089635104778574 497
1757341148453 0.13085278787023105 498
1757341148548 0.13080978287234468 499
