1757573091171 156.2937606989224 0
1757573091237 141.42218572644478 1
1757573091321 135.52720739042073 2
1757573091390 129.7526880770297 3
1757573091455 124.40969142026633 4
1757573091519 119.4493503206284 5
1757573091587 114.84149342766294 6
1757573091654 110.5578007199721 7
1757573091723 106.57233098642145 8
1757573091792 102.86129170775436 9
1757573091901 99.402860378559 10
1757573091979 96.17701941473445 11
1757573092059 93.1654050127906 12
1757573092147 90.35116871741488 13
1757573092224 87.71885062981004 14
1757573092309 85.25426327608577 15
1757573092383 82.94438523780565 16
1757573092458 80.77726372247464 17
1757573092538 78.74192532106022 18
1757573092622 76.82829426310397 19
1757573092702 75.027117538092 20
1757573092777 73.32989630496411 21
1757573092850 71.72882306036614 22
1757573092927 70.21672408086725 23
1757573093007 68.78700669521625 24
1757573093105 67.43361098012264 25
1757573093196 66.15096550730219 26
1757573093275 64.93394680089459 27
1757573093354 63.7778421930835 28
1757573093438 62.67831579205013 29
1757573093517 61.63137730047537 30
1757573093598 60.633353444859445 31
1757573093713 59.68086179612128 32
1757573093837 58.770786780433035 33
1757573093936 57.90025769617746 34
1757573094015 57.066628568422054 35
1757573094094 56.26745968650262 36
1757573094194 55.50050068331121 37
1757573094275 54.763675026789365 38
1757573094348 54.055065805030395 39
1757573094418 53.37290269637848 40
1757573094488 52.71555002505486 41
1757573094560 52.081495811213486 42
1757573094630 51.46934173199507 43
1757573094702 50.877793917169335 44
1757573094774 50.305654509384176 45
1757573094843 49.75181392492795 46
1757573094910 49.21524375630256 47
1757573094983 48.69499026284242 48
1757573095050 48.19016840013544 49
1757573095120 47.699956343142986 50
1757573095194 47.22359046170738 51
1757573095266 46.76036071060815 52
1757573095336 46.30960639950799 53
1757573095406 45.87071231104197 54
1757573095473 45.44310513797014 55
1757573095538 45.02625021275675 56
1757573095604 44.61964850517552 57
1757573095671 44.22283386558956 58
1757573095740 43.835370493430354 59
1757573095808 43.456850612118465 60
1757573095871 43.08689233324254 61
1757573095936 42.725137694254244 62
1757573096001 42.37125085525674 63
1757573096063 42.02491644167344 64
1757573096129 41.68583802069087 65
1757573096197 41.35373670038381 66
1757573096266 41.02834984135946 67
1757573096333 40.70942987160873 68
1757573096396 40.39674319603117 69
1757573096459 40.090069192814745 70
1757573096529 39.78919928950469 71
1757573096592 39.49393611219511 72
1757573096655 39.20409270182509 73
1757573096717 38.91949179206394 74
1757573096787 38.639965143730194 75
1757573096852 38.36535293111087 76
1757573096916 38.09550317593365 77
1757573096979 37.83027122509834 78
1757573097045 37.569519268598526 79
1757573097109 37.313115894360934 80
1757573097179 37.0609356770023 81
1757573097247 36.81285879775268 82
1757573097318 36.56877069302281 83
1757573097384 36.328561729301896 84
1757573097456 36.092126902264475 85
1757573097524 35.85936555814029 86
1757573097592 35.630181135562346 87
1757573097657 35.40448092625556 88
1757573097723 35.18217585306393 89
1757573097790 34.96318026393784 90
1757573097869 34.74741174061667 91
1757573097934 34.53479092084585 92
1757573098006 34.32524133306323 93
1757573098076 34.118689242576544 94
1757573098141 33.91506350833424 95
1757573098211 33.71429544946538 96
1757573098278 33.51631872083137 97
1757573098349 33.32106919689439 98
1757573098413 33.12848486326375 99
1757573098476 32.938505715333314 100
1757573098543 32.75107366347087 101
1757573098607 32.566132444263765 102
1757573098672 32.38362753736533 103
1757573098740 32.20350608752318 104
1757573098805 32.02571683140424 105
1757573098880 31.850210028862136 106
1757573098947 31.676937398321133 107
1757573099011 31.505852055976444 108
1757573099075 31.336908458534985 109
1757573099142 31.17006234924226 110
1757573099215 31.005270706961237 111
1757573099284 30.842491698087574 112
1757573099355 30.681684631102396 113
1757573099421 30.52280991357944 114
1757573099494 30.365829011477572 115
1757573099558 30.210704410562872 116
1757573099637 30.057399579816497 117
1757573099703 29.905878936695547 118
1757573099767 29.75610781412441 119
1757573099833 29.60805242910324 120
1757573099912 29.461679852829036 121
1757573099978 29.316957982232495 122
1757573100058 29.1738555128411 123
1757573100143 29.032341912885652 124
1757573100213 28.89238739857349 125
1757573100291 28.753962910457396 126
1757573100361 28.61704009083428 127
1757573100433 28.4815912621126 128
1757573100522 28.347589406091778 129
1757573100590 28.215008144101116 130
1757573100711 28.08382171794913 131
1757573100786 27.95400497163813 132
1757573100875 27.82553333380155 133
1757573100960 27.69838280082477 134
1757573101028 27.572529920612837 135
1757573101118 27.44795177697093 136
1757573101189 27.32462597456559 137
1757573101363 27.202530624437202 138
1757573101485 27.081644330035832 139
1757573101568 26.96194617375446 140
1757573101642 26.843415703935396 141
1757573101717 26.72603292232718 142
1757573101812 26.60977827197056 143
1757573101900 26.49463262549372 144
1757573101991 26.38057727379791 145
1757573102071 26.267593915116034 146
1757573102147 26.15566464442745 147
1757573102221 26.04477194321372 148
1757573102303 25.934898669540317 149
1757573102376 25.826028048450848 150
1757573102474 25.718143662660484 151
1757573102552 25.61122944353657 152
1757573102628 25.505269662354564 153
1757573102702 25.400248921818545 154
1757573102772 25.296152147835855 155
1757573102865 25.192964581535932 156
1757573102979 25.090671771524224 157
1757573103065 24.989259566362147 158
1757573103157 24.888714107264875 159
1757573103234 24.78902182100881 160
1757573103319 24.690169413041364 161
1757573103394 24.59214386078565 162
1757573103469 24.49493240713334 163
1757573103551 24.398522554119058 164
1757573103632 24.30290205677016 165
1757573103716 24.20805891712587 166
1757573103796 24.113981378420053 167
1757573103871 24.020657919422305 168
1757573103949 23.928077248932066 169
1757573104290 23.83622830042072 170
1757573104528 23.7451002268171 171
1757573104734 23.654682395431603 172
1757573104866 23.564964383014694 173
1757573105008 23.475935970945542 174
1757573105181 23.38758714054668 175
1757573105370 23.299908068520946 176
1757573105625 23.212889122506823 177
1757573105725 23.12652085674873 178
1757573105809 23.040794007878716 179
1757573105889 22.955699490806236 180
1757573105986 22.871228394712904 181
1757573106064 22.787371979149025 182
1757573106207 22.704121670229 183
1757573106330 22.621469056922706 184
1757573106414 22.539405887440093 185
1757573106489 22.45792406570637 186
1757573106565 22.377015647925102 187
1757573106638 22.29667283922682 188
1757573106715 22.216887990400707 189
1757573106790 22.137653594707054 190
1757573106862 22.058962284768118 191
1757573106934 21.980806829535425 192
1757573107004 21.90318013133122 193
1757573107121 21.826075222962086 194
1757573107349 21.74948526490283 195
1757573107451 21.673403542548566 196
1757573107535 21.597823463533352 197
1757573107617 21.522738555113413 198
1757573107693 21.44814246161328 199
1757573107766 21.374028941933172 200
1757573107847 21.300391867116016 201
1757573107922 21.227225217972403 202
1757573107994 21.154523082762072 203
1757573108067 21.082279654930396 204
1757573108144 21.010489230898344 205
1757573108218 20.939146207904702 206
1757573108288 20.86824508189894 207
1757573108363 20.79778044548362 208
1757573108441 20.727746985904997 209
1757573108510 20.658139483090437 210
1757573108582 20.58895280773169 211
1757573108655 20.52018191941261 212
1757573108727 20.451821864780317 213
1757573108797 20.38386777575863 214
1757573108872 20.316314867802724 215
1757573108942 20.249158438193945 216
1757573109013 20.182393864373786 217
1757573109080 20.11601660231597 218
1757573109174 20.050022184935788 219
1757573109294 19.98440622053564 220
1757573109446 19.91916439128595 221
1757573109544 19.85429245174053 222
1757573109650 19.789786227385562 223
1757573109746 19.72564161322128 224
1757573109840 19.661854572375695 225
1757573109952 19.5984211347494 226
1757573110058 19.53533739569077 227
1757573110171 19.472599514700814 228
1757573110275 19.410203714166933 229
1757573110372 19.348146278124833 230
1757573110498 19.28642355104798 231
1757573110591 19.225031936663864 232
1757573110685 19.163967896796432 233
1757573110779 19.103227950234064 234
1757573110868 19.042808671622456 235
1757573110969 18.982706690381832 236
1757573111066 18.922918689647833 237
1757573111163 18.863441405235612 238
1757573111256 18.804271624626477 239
1757573111356 18.74540618597657 240
1757573111497 18.686841977147132 241
1757573111660 18.628575934755695 242
1757573111766 18.5706050432478 243
1757573111864 18.51292633398875 244
1757573111950 18.455536884374865 245
1757573112043 18.398433816963795 246
1757573112131 18.341614298623536 247
1757573112212 18.285075539699502 248
1757573112292 18.22881479319945 249
1757573112375 18.172829353995677 250
1757573112448 18.117116558044145 251
1757573112539 18.06167378162017 252
1757573112613 18.006498440570226 253
1757573112688 17.95158798957947 254
1757573112759 17.896939921454752 255
1757573112836 17.84255176642258 256
1757573112909 17.788421091441826 257
1757573112979 17.73454549953073 258
1757573113066 17.68092262910798 259
1757573113213 17.62755015334741 260
1757573113289 17.574425779546168 261
1757573113369 17.52154724850585 262
1757573113445 17.468912333926475 263
1757573113535 17.416518841812923 264
1757573113620 17.36436460989353 265
1757573113716 17.31244750705066 266
1757573113793 17.260765432762856 267
1757573113866 17.209316316558418 268
1757573113946 17.158098117480062 269
1757573114026 17.107108823560498 270
1757573114115 17.056346451308585 271
1757573114196 17.00580904520587 272
1757573114276 16.95549467721334 273
1757573114351 16.90540144628803 274
1757573114439 16.855527477909376 275
1757573114515 16.80587092361502 276
1757573114603 16.75642996054593 277
1757573114680 16.70720279100054 278
1757573114762 16.658187641997813 279
1757573114836 16.609382764848917 280
1757573114909 16.56078643473742 281
1757573114985 16.512396950307767 282
1757573115071 16.464212633261866 283
1757573115150 16.416231827963596 284
1757573115224 16.368452901051096 285
1757573115298 16.320874241056615 286
1757573115371 16.273494258033782 287
1757573115448 16.22631138319222 288
1757573115522 16.17932406853911 289
1757573115609 16.132530786527855 290
1757573115683 16.085930029713463 291
1757573115758 16.039520310414577 292
1757573115828 15.99330016038207 293
1757573115898 15.947268130473962 294
1757573115969 15.901422790336595 295
1757573116039 15.85576272809187 296
1757573116108 15.810286550030515 297
1757573116186 15.764992880311137 298
1757573116257 15.71988036066503 299
1757573116325 15.674947650106562 300
1757573116394 15.630193424649029 301
1757573116465 15.58561637702591 302
1757573116533 15.54121521641733 303
1757573116612 15.496988668181682 304
1757573116686 15.452935473592287 305
1757573116755 15.409054389578957 306
1757573116824 15.36534418847441 307
1757573116890 15.321803657765367 308
1757573116956 15.278431599848327 309
1757573117022 15.23522683178982 310
1757573117088 15.192188185091124 311
1757573117159 15.149314505457312 312
1757573117226 15.106604652570557 313
1757573117294 15.064057499867605 314
1757573117360 15.021671934321317 315
1757573117427 14.979446856226215 316
1757573117498 14.937381178987952 317
1757573117563 14.8954738289166 318
1757573117639 14.8537237450237 319
1757573117713 14.812129878823 320
1757573117783 14.770691194134788 321
1757573117850 14.729406666893766 322
1757573117916 14.688275284960378 323
1757573117982 14.647296047935544 324
1757573118049 14.606467966978709 325
1757573118117 14.565790064629132 326
1757573118196 14.525261374630402 327
1757573118265 14.484880941758052 328
1757573118334 14.444647821650255 329
1757573118400 14.404561080641525 330
1757573118469 14.364619795599348 331
1757573118537 14.324823053763723 332
1757573118604 14.285169952589513 333
1757573118680 14.245659599591583 334
1757573118775 14.206291112192645 335
1757573118858 14.167063617573799 336
1757573118930 14.127976252527635 337
1757573119019 14.089028163313957 338
1757573119092 14.05021850551798 339
1757573119165 14.011546443911 340
1757573119241 13.973011152313505 341
1757573119312 13.934611813460618 342
1757573119389 13.896347618869875 343
1757573119465 13.85821776871131 344
1757573119542 13.820221471679735 345
1757573119612 13.782357944869243 346
1757573119695 13.744626413649835 347
1757573119769 13.707026111546186 348
1757573119839 13.669556280118444 349
1757573119910 13.6322161688451 350
1757573119981 13.595005035007803 351
1757573120051 13.557922143578184 352
1757573120120 13.52096676710652 353
1757573120190 13.484138185612371 354
1757573120267 13.447435686476968 355
1757573120343 13.410858564337488 356
1757573120412 13.374406120983053 357
1757573120491 13.3380776652525 358
1757573120657 13.301872512933857 359
1757573120820 13.265789986665466 360
1757573121044 13.229829415838815 361
1757573121238 13.193990136502928 362
1757573121353 13.158271491270364 363
1757573121455 13.122672829224783 364
1757573121645 13.087193505830019 365
1757573121782 13.051832882840678 366
1757573121901 13.01659032821418 367
1757573121982 12.98146521602426 368
1757573122061 12.946456926375914 369
1757573122143 12.911564845321683 370
1757573122220 12.876788364779351 371
1757573122296 12.842126882450971 372
1757573122382 12.8075798017432 373
1757573122459 12.773146531688946 374
1757573122537 12.738826486870263 375
1757573122612 12.704619087342529 376
1757573122701 12.670523758559808 377
1757573122787 12.636539931301453 378
1757573122868 12.60266704159986 379
1757573122941 12.568904530669402 380
1757573123012 12.535251844836516 381
1757573123086 12.501708435470858 382
1757573123158 12.468273758917624 383
1757573123233 12.434947276430888 384
1757573123305 12.401728454108072 385
1757573123383 12.368616762825374 386
1757573123457 12.335611678174294 387
1757573123530 12.302712680399132 388
1757573123604 12.269919254335456 389
1757573123675 12.237230889349595 390
1757573123758 12.204647079279031 391
1757573123836 12.172167322373756 392
1757573123914 12.139791121238543 393
1757573123985 12.107517982776125 394
1757573124054 12.07534741813125 395
1757573124125 12.043278942635634 396
1757573124196 12.011312075753754 397
1757573124266 11.979446341029469 398
1757573124335 11.947681266033513 399
1757573124412 11.916016382311758 400
1757573124483 11.884451225334313 401
1757573124552 11.852985334445385 402
1757573124624 11.821618252813922 403
1757573124696 11.790349527385002 404
1757573124774 11.75917870883202 405
1757573124859 11.728105351509521 406
1757573124940 11.697129013406856 407
1757573125015 11.666249256102446 408
1757573125086 11.63546564471883 409
1757573125157 11.604777747878346 410
1757573125228 11.574185137659514 411
1757573125301 11.543687389554037 412
1757573125371 11.513284082424533 413
1757573125446 11.482974798462816 414
1757573125519 11.452759123148867 415
1757573125589 11.422636645210424 416
1757573125661 11.392606956583121 417
1757573125737 11.36266965237131 418
1757573125816 11.3328243308094 419
1757573125887 11.303070593223827 420
1757573125964 11.273408043995545 421
1757573126035 11.243836290523118 422
1757573126112 11.214354943186345 423
1757573126197 11.18496361531041 424
1757573126271 11.155661923130593 425
1757573126343 11.126449485757492 426
1757573126417 11.097325925142755 427
1757573126494 11.068290866045324 428
1757573126564 11.039343935998174 429
1757573126644 11.01048476527554 430
1757573126719 10.981712986860636 431
1757573126796 10.953028236413836 432
1757573126876 10.924430152241325 433
1757573126953 10.895918375264207 434
1757573127077 10.867492548988075 435
1757573127163 10.83915231947299 436
1757573127259 10.810897335303972 437
1757573127343 10.782727247561816 438
1757573127433 10.754641709794413 439
1757573127531 10.726640377988453 440
1757573127622 10.69872291054154 441
1757573127708 10.670888968234724 442
1757573127800 10.6431382142054 443
1757573127893 10.615470313920612 444
1757573127980 10.587884935150756 445
1757573128076 10.560381747943637 446
1757573128210 10.532960424598903 447
1757573128346 10.505620639642846 448
1757573128449 10.478362069803573 449
1757573128563 10.451184393986509 450
1757573128657 10.424087293250249 451
1757573128752 10.397070450782799 452
1757573128870 10.370133551878073 453
1757573128994 10.343276283912795 454
1757573129135 10.31649833632369 455
1757573129253 10.289799400585002 456
1757573129348 10.26317917018634 457
1757573129520 10.236637340610814 458
1757573129622 10.210173609313493 459
1757573129706 10.183787675700163 460
1757573129799 10.157479241106389 461
1757573129888 10.131248008776831 462
1757573129973 10.105093683844904 463
1757573130055 10.079015973312696 464
1757573130143 10.05301458603113 465
1757573130221 10.027089232680453 466
1757573130296 10.00123962575099 467
1757573130373 9.975465479524104 468
1757573130476 9.94976651005351 469
1757573130562 9.924142435146766 470
1757573130666 9.898592974347059 471
1757573130745 9.873117848915236 472
1757573130824 9.847716781812064 473
1757573130916 9.822389497680758 474
1757573130997 9.797135722829736 475
1757573131076 9.771955185215587 476
1757573131161 9.746847614426303 477
1757573131238 9.721812741664728 478
1757573131315 9.696850299732212 479
1757573131399 9.67196002301253 480
1757573131485 9.647141647455964 481
1757573131574 9.622394910563626 482
1757573131667 9.597719551372009 483
1757573131749 9.573115310437709 484
1757573131825 9.54858192982238 485
1757573131914 9.524119153077871 486
1757573132007 9.499726725231572 487
1757573132090 9.475404392771965 488
1757573132167 9.451151903634333 489
1757573132246 9.426969007186695 490
1757573132318 9.402855454215908 491
1757573132393 9.378810996913959 492
1757573132467 9.35483538886443 493
1757573132542 9.330928385029162 494
1757573132618 9.307089741735062 495
1757573132690 9.283319216661104 496
1757573132773 9.259616568825503 497
1757573132846 9.235981558573055 498
1757573133049 9.212413947562627 499
