1757508882830 169.25484662757714 0
1757508882888 152.79465950345158 1
1757508882947 138.9889886287489 2
1757508883013 127.36326352299754 3
1757508883076 117.53006539580667 4
1757508883139 109.17298758583033 5
1757508883203 102.03349401124032 6
1757508883260 95.90021802303666 7
1757508883317 90.60024782570272 8
1757508883376 85.99202908445432 9
1757508883433 81.95958407154075 10
1757508883490 78.40780264286573 11
1757508883547 75.25860586270038 12
1757508883608 72.44782014699317 13
1757508883665 69.92262995233418 14
1757508883723 67.63950158183872 15
1757508883780 65.56249065588305 16
1757508883838 63.66186205501814 17
1757508883896 61.91296437646435 18
1757508883953 60.2953117174818 19
1757508884011 58.791834366901604 20
1757508884068 57.388267123159125 21
1757508884130 56.07264976682375 22
1757508884202 54.83491894489509 23
1757508884262 53.66657457407426 24
1757508884321 52.56040700443818 25
1757508884379 51.510273736606045 26
1757508884437 50.51091656296682 27
1757508884494 49.55781169503952 28
1757508884551 48.647046816353445 29
1757508884610 47.77522012179263 30
1757508884669 46.93935731770452 31
1757508884733 46.13684330093388 32
1757508884840 45.36536584081587 33
1757508884989 44.62286908169106 34
1757508885100 43.90751508556453 35
1757508885191 43.21765196211208 36
1757508885255 42.55178740017069 37
1757508885378 41.908566632398546 38
1757508885486 41.28675404211584 39
1757508885565 40.68521776590659 40
1757508885627 40.10291676344643 41
1757508885686 39.538889922170604 42
1757508885744 38.99224684283609 43
1757508885804 38.46216001604222 44
1757508885862 37.947858152026015 45
1757508885923 37.448620468716136 46
1757508885985 36.963771777884574 47
1757508886044 36.492678237720796 48
1757508886105 36.03474366344356 49
1757508886166 35.58940630661955 50
1757508886242 35.156136029454736 51
1757508886324 34.734431813099434 52
1757508886397 34.32381954948064 53
1757508886474 33.923850074765774 54
1757508886560 33.53409740961705 55
1757508886637 33.154157177193525 56
1757508886705 32.78364517462993 57
1757508886773 32.42219607765199 58
1757508886844 32.069462261231955 59
1757508886920 31.725112721867287 60
1757508886992 31.388832089283987 61
1757508887069 31.06031971720491 62
1757508887140 30.739288844351357 63
1757508887213 30.425465818118575 64
1757508887295 30.118589374427422 65
1757508887356 29.818409968143104 66
1757508887417 29.524689149197073 67
1757508887481 29.23719898017596 68
1757508887541 28.955721491670477 69
1757508887603 28.68004817212647 70
1757508887671 28.409979489321195 71
1757508887740 28.145324440913647 72
1757508887804 27.885900131796372 73
1757508887872 27.63153137621605 74
1757508887943 27.382050322837163 75
1757508888013 27.137296101102674 76
1757508888081 26.897114487402067 77
1757508888151 26.6613575896941 78
1757508888230 26.429883549351505 79
1757508888332 26.20255625910155 80
1757508888421 25.97924509602971 81
1757508888492 25.759824668698066 82
1757508888560 25.54417457750406 83
1757508888625 25.332179187472924 84
1757508888693 25.12372741273681 85
1757508888761 24.918712512008675 86
1757508888827 24.717031894407835 87
1757508888891 24.518586935039423 88
1757508888958 24.32328279977059 89
1757508889021 24.131028278683882 90
1757508889083 23.94173562772237 91
1757508889150 23.75532041807285 92
1757508889216 23.571701392862106 93
1757508889281 23.39080033076838 94
1757508889345 23.21254191617452 95
1757508889408 23.03685361551269 96
1757508889471 22.86366555947123 97
1757508889534 22.69291043075449 98
1757508889598 22.52452335710449 99
1757508889660 22.358441809310534 100
1757508889722 22.19460550394885 101
1757508889782 22.032956310609006 102
1757508889843 21.873438163378122 103
1757508889902 21.715996976366608 104
1757508889962 21.560580563071365 105
1757508890023 21.407138559384 106
1757508890082 21.25562235006198 107
1757508890141 21.105984998490996 108
1757508890204 20.95818117957592 109
1757508890263 20.812167115606844 110
1757508890332 20.667900514954777 111
1757508890390 20.525340513459543 112
1757508890450 20.384447618379674 113
1757508890508 20.245183654781062 114
1757508890566 20.107511714247565 115
1757508890628 19.97139610580309 116
1757508890688 19.83680230894015 117
1757508890754 19.703696928655564 118
1757508890817 19.572047652399185 119
1757508890878 19.441823208845996 120
1757508890962 19.312993328407043 121
1757508891048 19.18552870539844 122
1757508891114 19.059400961792214 123
1757508891178 18.934582612476312 124
1757508891251 18.811047031954903 125
1757508891324 18.688768422423443 126
1757508891383 18.56772178315635 127
1757508891443 18.447882881148043 128
1757508891505 18.329228222951215 129
1757508891565 18.211735027658786 130
1757508891624 18.09538120097874 131
1757508891684 17.980145310353397 132
1757508891746 17.8660065610771 133
1757508891806 17.7529447733685 134
1757508891865 17.64094036035568 135
1757508891928 17.529974306934346 136
1757508891987 17.420028149461395 137
1757508892046 17.311083956247593 138
1757508892107 17.20312430881513 139
1757508892171 17.096132283887307 140
1757508892238 16.99009143607911 141
1757508892305 16.884985781258887 142
1757508892379 16.780799780552798 143
1757508892438 16.677518324964918 144
1757508892498 16.57512672058721 145
1757508892558 16.47361067437464 146
1757508892618 16.372956280462 147
1757508892684 16.2731500069999 148
1757508892745 16.174178683488552 149
1757508892806 16.0760294885888 150
1757508892868 15.978689938390868 151
1757508892929 15.882147875122154 152
1757508892990 15.78639145627617 153
1757508893061 15.691409144145574 154
1757508893137 15.597189695742973 155
1757508893265 15.503722153093934 156
1757508893340 15.410995833887196 157
1757508893404 15.319000322467923 158
1757508893469 15.227725461160253 159
1757508893538 15.137161341906141 160
1757508893599 15.04729829820796 161
1757508893659 14.95812689736294 162
1757508893720 14.869637932977945 163
1757508893785 14.78182241775364 164
1757508893846 14.694671576527574 165
1757508893905 14.608176839566058 166
1757508893966 14.522329836095292 167
1757508894032 14.437122388062422 168
1757508894093 14.352546504117717 169
1757508894155 14.268594373809425 170
1757508894216 14.185258361983095 171
1757508894276 14.102531003377669 172
1757508894338 14.020404997410784 173
1757508894416 13.938873203146187 174
1757508894476 13.857928634436362 175
1757508894537 13.777564455233746 176
1757508894599 13.697773975064283 177
1757508894660 13.618550644657155 178
1757508894720 13.53988805172494 179
1757508894781 13.461779916888556 180
1757508894847 13.38422008974164 181
1757508894909 13.307202545049218 182
1757508894973 13.230721379075668 183
1757508895034 13.154770806037288 184
1757508895094 13.07934515467486 185
1757508895154 13.004438864941822 186
1757508895216 12.930046484803842 187
1757508895275 12.856162667145759 188
1757508895336 12.78278216678195 189
1757508895406 12.709899837566425 190
1757508895466 12.637510629599067 191
1757508895528 12.565609586524465 192
1757508895589 12.494191842920154 193
1757508895765 12.423252621770922 194
1757508895855 12.352787232026225 195
1757508895929 12.282791066237657 196
1757508896034 12.213259598273726 197
1757508896101 12.14418838110909 198
1757508896166 12.07557304468571 199
1757508896230 12.007409293843319 200
1757508896294 11.939692906316825 201
1757508896360 11.872419730798255 202
1757508896433 11.805585685060977 203
1757508896500 11.739186754144058 204
1757508896564 11.673218988594638 205
1757508896626 11.60767850276631 206
1757508896689 11.542561473171553 207
1757508896752 11.477864136886359 208
1757508896813 11.413582790005224 209
1757508896876 11.34971378614483 210
1757508896940 11.28625353499466 211
1757508897002 11.223198500912988 212
1757508897063 11.16054520156668 213
1757508897125 11.09829020661332 214
1757508897186 11.036430136424187 215
1757508897248 10.9749616608467 216
1757508897308 10.91388149800506 217
1757508897372 10.85318641313765 218
1757508897443 10.792873217470124 219
1757508897576 10.732938767122828 220
1757508897740 10.673379962051516 221
1757508897865 10.614193745020154 222
1757508897965 10.555377100604787 223
1757508898049 10.496927054227436 224
1757508898198 10.438840671218962 225
1757508898315 10.381115055910007 226
1757508898388 10.323747350749029 227
1757508898462 10.266734735446576 228
1757508898527 10.210074426144844 229
1757508898590 10.153763674611803 230
1757508898654 10.097799767459005 231
1757508898719 10.042180025382278 232
1757508898784 9.986901802424628 233
1757508898846 9.931962485260572 234
1757508898912 9.87735949250119 235
1757508898974 9.823090274019266 236
1757508899035 9.769152310293817 237
1757508899097 9.715543111773417 238
1757508899158 9.66226021825769 239
1757508899220 9.609301198296379 240
1757508899282 9.556663648605433 241
1757508899345 9.504345193499558 242
1757508899408 9.452343484340716 243
1757508899477 9.400656199002043 244
1757508899541 9.349281041346691 245
1757508899602 9.298215740721153 246
1757508899665 9.247458051462548 247
1757508899729 9.197005752419482 248
1757508899792 9.146856646486018 249
1757508899854 9.09700856014836 250
1757508899918 9.047459343043826 251
1757508899981 8.998206867531746 252
1757508900045 8.949249028275897 253
1757508900107 8.900583741838133 254
1757508900170 8.852208946282817 255
1757508900231 8.804122600791759 256
1757508900294 8.756322685289307 257
1757508900359 8.708807200077313 258
1757508900422 8.661574165479607 259
1757508900494 8.614621621495735 260
1757508900557 8.567947627463656 261
1757508900619 8.521550261731127 262
1757508900681 8.475427621335506 263
1757508900742 8.429577821691705 264
1757508900803 8.383998996288074 265
1757508900864 8.338689296389923 266
1757508900929 8.293646890750532 267
1757508900993 8.248869965329312 268
1757508901055 8.204356723017005 269
1757508901116 8.160105383367638 270
1757508901180 8.116114182337064 271
1757508901246 8.072381372027904 272
1757508901307 8.028905220440617 273
1757508901372 7.985684011230652 274
1757508901435 7.942716043471372 275
1757508901509 7.899999631422641 276
1757508901572 7.857533104304902 277
1757508901636 7.8153148060785895 278
1757508901699 7.77334309522867 279
1757508901762 7.7316163445542445 280
1757508901826 7.690132940962978 281
1757508901889 7.648891285270275 282
1757508901952 7.607889792003046 283
1757508902014 7.567126889207916 284
1757508902075 7.526601018263767 285
1757508902137 7.486310633698462 286
1757508902199 7.4462542030096985 287
1757508902260 7.406430206489765 288
1757508902321 7.366837137054183 289
1757508902383 7.327473500074086 290
1757508902446 7.28833781321222 291
1757508902512 7.249428606262492 292
1757508902573 7.210744420992934 293
1757508902675 7.17228381099202 294
1757508902749 7.134045341518199 295
1757508902825 7.096027589352606 296
1757508902909 7.058229142654828 297
1757508902989 7.0206486008216356 298
1757508903063 6.983284574348644 299
1757508903148 6.9461356846947435 300
1757508903230 6.909200564149317 301
1757508903306 6.872477855702089 302
1757508903386 6.835966212915583 303
1757508903476 6.799664299800095 304
1757508903564 6.763570790691127 305
1757508903637 6.7276843701292055 306
1757508903711 6.692003732742023 307
1757508903781 6.656527583128841 308
1757508903847 6.621254635747099 309
1757508903918 6.586183614801145 310
1757508903992 6.551313254133117 311
1757508904065 6.516642297115759 312
1757508904137 6.482169496547309 313
1757508904216 6.4478936145482635 314
1757508904293 6.4138134224600325 315
1757508904371 6.379927700745414 316
1757508904451 6.346235238890879 317
1757508904532 6.312734835310555 318
1757508904626 6.27942529725194 319
1757508904729 6.2463054407032415 320
1757508904813 6.213374090302323 321
1757508904886 6.180630079247242 322
1757508904964 6.148072249208286 323
1757508905035 6.11569945024152 324
1757508905103 6.083510540703781 325
1757508905171 6.051504387169096 326
1757508905241 6.019679864346467 327
1757508905309 5.9880358549990245 328
1757508905378 5.956571249864491 329
1757508905450 5.925284947576931 330
1757508905517 5.894175854589742 331
1757508905591 5.863242885099884 332
1757508905657 5.83248496097331 333
1757508905724 5.8019010116715455 334
1757508905790 5.771489974179421 335
1757508905856 5.7412507929339 336
1757508905920 5.711182419754021 337
1757508905985 5.68128381377188 338
1757508906051 5.65155394136465 339
1757508906115 5.621991776087632 340
1757508906179 5.592596298608281 341
1757508906245 5.563366496641196 342
1757508906311 5.534301364884084 343
1757508906376 5.505399904954599 344
1757508906440 5.476661125328151 345
1757508906506 5.448084041276543 346
1757508906573 5.419667674807495 347
1757508906637 5.391411054605027 348
1757508906704 5.3633132159706465 349
1757508906769 5.3353732007653605 350
1757508906833 5.30759005735248 351
1757508906898 5.279962840541186 352
1757508906963 5.252490611530878 353
1757508907032 5.225172437856248 354
1757508907098 5.198007393333085 355
1757508907163 5.170994558004801 356
1757508907229 5.144133018089639 357
1757508907291 5.117421865928583 358
1757508907355 5.0908601999339345 359
1757508907420 5.064447124538521 360
1757508907484 5.038181750145576 361
1757508907548 5.012063193079243 362
1757508907614 4.986090575535695 363
1757508907676 4.960263025534834 364
1757508907741 4.934579676872643 365
1757508907809 4.90903966907405 366
1757508907873 4.8836421473464195 367
1757508907941 4.85838626253357 368
1757508908008 4.833271171070351 369
1757508908074 4.808296034937768 370
1757508908139 4.783460021618611 371
1757508908207 4.75876230405362 372
1757508908272 4.734202060598186 373
1757508908339 4.709778474979464 374
1757508908411 4.685490736254087 375
1757508908479 4.6613380387662815 376
1757508908546 4.637319582106495 377
1757508908623 4.613434571070465 378
1757508908691 4.589682215618755 379
1757508908758 4.566061730836749 380
1757508908828 4.542572336895053 381
1757508908895 4.519213259010384 382
1757508908964 4.495983727406808 383
1757508909036 4.472882977277473 384
1757508909103 4.449910248746706 385
1757508909171 4.427064786832512 386
1757508909240 4.4043458414095005 387
1757508909305 4.381752667172169 388
1757508909373 4.359284523598594 389
1757508909440 4.336940674914489 390
1757508909510 4.314720390057627 391
1757508909577 4.292622942642652 392
1757508909653 4.270647610926203 393
1757508909720 4.248793677772453 394
1757508909793 4.227060430618951 395
1757508909970 4.2054471614428195 396
1757508910124 4.183953166727281 397
1757508910262 4.162577747428542 398
1757508910345 4.141320208942971 399
1757508910448 4.120179861074608 400
1757508910609 4.09915601800302 401
1757508910741 4.078247998251418 402
1757508910906 4.057455124655118 403
1757508910985 4.036776724330291 404
1757508911062 4.016212128643011 405
1757508911134 3.995760673178602 406
1757508911205 3.975421697711276 407
1757508911274 3.9551945461740394 408
1757508911343 3.935078566628908 409
1757508911414 3.915073111237371 410
1757508911483 3.895177536231143 411
1757508911560 3.875391201883196 412
1757508911629 3.855713472479026 413
1757508911709 3.8361437162882184 414
1757508911776 3.816681305536233 415
1757508911843 3.797325616376484 416
1757508911915 3.778076028862642 417
1757508911985 3.7589319269211847 418
1757508912066 3.739892698324225 419
1757508912137 3.720957734662522 420
1757508912206 3.702126431318799 421
1757508912272 3.683398187441241 422
1757508912341 3.6647724059172466 423
1757508912410 3.6462484933474077 424
1757508912476 3.627825860019724 425
1757508912542 3.609503919884018 426
1757508912610 3.5912820905265943 427
1757508912684 3.573159793145096 428
1757508912751 3.5551364525235876 429
1757508912818 3.5372114970078594 430
1757508912884 3.519384358480909 431
1757508912951 3.501654472338665 432
1757508913019 3.4840212774658976 433
1757508913091 3.4664842162123306 434
1757508913157 3.4490427343689625 435
1757508913224 3.431696281144564 436
1757508913291 3.4144443091424055 437
1757508913357 3.3972862743371364 438
1757508913424 3.3802216360518837 439
1757508913492 3.363249856935528 440
1757508913556 3.346370402940164 441
1757508913622 3.329582743298748 442
1757508913692 3.312886350502929 443
1757508913759 3.2962807002810464 444
1757508913826 3.2797652715763266 445
1757508913893 3.2633395465252284 446
1757508913960 3.247003010435993 447
1757508914026 3.2307551517673314 448
1757508914092 3.214595462107318 449
1757508914159 3.198523436152411 450
1757508914225 3.1825385716866808 451
1757508914291 3.166640369561169 452
1757508914360 3.150828333673425 453
1757508914427 3.135101970947212 454
1757508914493 3.1194607913123393 455
1757508914560 3.103904307684696 456
1757508914628 3.0884320359464015 457
1757508914696 3.073043494926138 458
1757508914768 3.0577382063796117 459
1757508914834 3.0425156949701884 460
1757508914901 3.027375488249656 461
1757508914969 3.0123171166391476 462
1757508915035 2.9973401134102104 463
1757508915104 2.982444014666012 464
1757508915171 2.967628359322702 465
1757508915238 2.9528926890909037 466
1757508915304 2.9382365484573407 467
1757508915371 2.9236594846666284 468
1757508915439 2.909161047703177 469
1757508915505 2.8947407902732394 470
1757508915573 2.880398267787097 471
1757508915640 2.866133038341378 472
1757508915706 2.8519446627015026 473
1757508915772 2.8378327042842595 474
1757508915841 2.8237967291405304 475
1757508915906 2.8098363059381106 476
1757508915971 2.795951005944683 477
1757508916038 2.7821404030109074 478
1757508916103 2.768404073553636 479
1757508916168 2.7547415965392505 480
1757508916234 2.7411525534671313 481
1757508916299 2.727636528353227 482
1757508916364 2.714193107713777 483
1757508916435 2.7008218805491127 484
1757508916515 2.687522438327612 485
1757508916580 2.6742943749697523 486
1757508916648 2.661137286832282 487
1757508916713 2.648050772692503 488
1757508916785 2.63503443373269 489
1757508916853 2.622087873524581 490
1757508916921 2.609210698014022 491
1757508916989 2.5964025155056882 492
1757508917057 2.5836629366479413 493
1757508917125 2.5709915744177785 494
1757508917191 2.5583880441058984 495
1757508917258 2.5458519633018644 496
1757508917326 2.53338295187938 497
1757508917394 2.5209806319816774 498
1757508917461 2.5086446280069947 499
