1757507756039 33.19259232696867 0
1757507756153 25.22254692536428 1
1757507756311 16.969730681353298 2
1757507756407 14.6730724879173 3
1757507756562 11.66026471042956 4
1757507756720 11.184929437228725 5
1757507756793 7.857953542262301 6
1757507756865 5.344190334017767 7
1757507756930 5.907503119885017 8
1757507756996 4.630037803318436 9
1757507757061 3.1590410406023026 10
1757507757128 3.281705535280293 11
1757507757197 3.2810768210927086 12
1757507757259 1.7988020165587102 13
1757507757321 1.936729930718449 14
1757507757393 1.4086978601088418 15
1757507757457 1.258119544141517 16
1757507757517 1.230139572972844 17
1757507757578 1.0763241977140794 18
1757507757638 1.0392539546061415 19
1757507757700 0.7909234028518366 20
1757507757761 0.48820147450021595 21
1757507757822 0.5089218657672111 22
1757507757881 0.981934484652372 23
1757507757941 0.47431693354406307 24
1757507758002 0.4648367344568129 25
1757507758063 0.3821777642760727 26
1757507758123 0.5758919406042873 27
1757507758189 0.21956902375653528 28
1757507758255 0.2056985946805414 29
1757507758316 0.28469587599566765 30
1757507758376 0.22266748257030358 31
1757507758442 0.18141864326879034 32
1757507758505 0.1879202870641655 33
1757507758564 0.29315205264064387 34
1757507758621 0.10305333414501157 35
1757507758682 0.11455490785135541 36
1757507758743 0.13589826093466187 37
1757507758801 0.14567775064813834 38
1757507758862 0.14049019722804165 39
1757507758921 0.16655554080217677 40
1757507758979 0.16425337557542893 41
1757507759037 0.10796335558028612 42
1757507759093 0.10430152077089072 43
1757507759150 0.14556241654281046 44
1757507759208 0.13392211094757941 45
1757507759269 0.16001004822291 46
1757507759329 0.12420601060682945 47
1757507759386 0.11855639419614021 48
1757507759447 0.11254804330035888 49
1757507759506 0.08962191560963795 50
1757507759563 0.08647345566345681 51
1757507759619 0.1292594518472683 52
1757507759675 0.13522383958542178 53
1757507759736 0.14708198886404963 54
1757507759792 0.10675097405767824 55
1757507759849 0.09241230122184936 56
1757507759905 0.11781185915341286 57
1757507759962 0.13551007433805862 58
1757507760018 0.07659645178694692 59
1757507760074 0.08719565635858169 60
1757507760132 0.09621761305894345 61
1757507760188 0.08549015307135117 62
1757507760247 0.06721690194050507 63
1757507760306 0.10426780778323093 64
1757507760365 0.08750044891491378 65
1757507760421 0.10373512394848328 66
1757507760477 0.10320512441545145 67
1757507760536 0.15653711502455345 68
1757507760591 0.10211109512941431 69
1757507760649 0.09590157744986551 70
1757507760708 0.08438997429713957 71
1757507760769 0.08661523666504424 72
1757507760827 0.10082856492333471 73
1757507760885 0.12602537097801966 74
1757507760946 0.11456411181470542 75
1757507761003 0.12675977222299936 76
1757507761061 0.13549757924662822 77
1757507761119 0.09698782647452227 78
1757507761179 0.1128829585249349 79
1757507761238 0.12164828963798106 80
1757507761297 0.0844750987362488 81
1757507761356 0.09440407880845895 82
1757507761415 0.12932152606546443 83
1757507761480 0.09911852799837444 84
1757507761539 0.09640307961199072 85
1757507761599 0.11969262479604681 86
1757507761657 0.11173196855012908 87
1757507761717 0.105245390072698 88
1757507761782 0.07576284627573705 89
1757507761841 0.13251745607238566 90
1757507761903 0.10636194092056367 91
1757507761962 0.08688597214425664 92
1757507762023 0.11881533683135803 93
1757507762088 0.0824042875280412 94
1757507762151 0.12916291590109552 95
1757507762215 0.1008161874515398 96
1757507762276 0.1085985860350328 97
1757507762336 0.11936515928408224 98
1757507762395 0.11625039770902428 99
1757507762465 0.11935191315793774 100
1757507762526 0.17427524068156888 101
1757507762584 0.0941408923662241 102
1757507762647 0.12725951648099912 103
1757507762742 0.09079282416128885 104
1757507762810 0.13779253428466864 105
1757507762885 0.11973174952607568 106
1757507762956 0.08505228505427974 107
1757507763022 0.06700621491622115 108
1757507763085 0.1352179086533373 109
1757507763160 0.12112352335863812 110
1757507763228 0.1077865132639637 111
1757507763302 0.10003427812766795 112
1757507763377 0.11566305745905492 113
1757507763449 0.117816995376051 114
1757507763530 0.12269352606951951 115
1757507763597 0.14117983150568544 116
1757507763664 0.07189016320402895 117
1757507763726 0.07539982596014445 118
1757507763790 0.11258147699846481 119
1757507763853 0.08550649374155157 120
1757507763915 0.11546707953476754 121
1757507763976 0.07780232451167256 122
1757507764041 0.11325830259436369 123
1757507764107 0.10642845024860327 124
1757507764173 0.09312436221577809 125
1757507764239 0.12645849955441146 126
1757507764311 0.1214955244260012 127
1757507764383 0.11052592361315748 128
1757507764478 0.08743272997526635 129
1757507764583 0.10393725804743432 130
1757507764650 0.08886404933660792 131
1757507764721 0.10871907409841404 132
1757507764788 0.12767948632370818 133
1757507764852 0.23725838418321318 134
1757507764917 0.13196228546152292 135
1757507764981 0.09608616512662244 136
1757507765044 0.13582517860670743 137
1757507765107 0.12062265642036794 138
1757507765170 0.08685958414264511 139
1757507765233 0.12479965102836472 140
1757507765298 0.10080347877298974 141
1757507765360 0.14300470778429653 142
1757507765421 0.1984513054811817 143
1757507765482 0.09239386980939307 144
1757507765549 0.08906413012320429 145
1757507765609 0.09497594904385871 146
1757507765676 0.10588297011418568 147
1757507765739 0.10016449388566585 148
1757507765802 0.1414311708456081 149
1757507765861 0.10282572046352291 150
1757507765925 0.08151688930170134 151
1757507765985 0.11809603569557474 152
1757507766057 0.14368403346573808 153
1757507766120 0.10440296933485366 154
1757507766195 0.07431712664723548 155
1757507766278 0.08949554350862005 156
1757507766436 0.08431623391318999 157
1757507766509 0.08269388871610786 158
1757507766583 0.14608790270553734 159
1757507766647 0.11110682772497842 160
1757507766717 0.11836934681606297 161
1757507766782 0.10661094008524474 162
1757507766846 0.12118277808014183 163
1757507766910 0.11094715823320267 164
1757507766978 0.1264857141351605 165
1757507767042 0.10800413764724907 166
1757507767103 0.06633193622443778 167
1757507767166 0.11923031533679028 168
1757507767230 0.07641459471411159 169
1757507767289 0.0929421779947288 170
1757507767350 0.10149979734751269 171
1757507767410 0.16293250545110513 172
1757507767470 0.1793277336328385 173
1757507767529 0.16287100366593768 174
1757507767600 0.09125737606522949 175
1757507767658 0.14117713042229565 176
1757507767718 0.08342463029071938 177
1757507767851 0.11131916745341991 178
1757507768007 0.1281607956727633 179
1757507768151 0.08846015190808464 180
1757507768328 0.10828816123684533 181
1757507768419 0.10494978047117592 182
1757507768533 0.09519976210667963 183
1757507768676 0.198631414010818 184
1757507768816 0.07850208536842597 185
1757507768918 0.18741483555361027 186
1757507768987 0.11180465450641523 187
1757507769052 0.09997905305495458 188
1757507769116 0.08737577021227892 189
1757507769183 0.07856700668331805 190
1757507769252 0.11955609450130233 191
1757507769318 0.09801519983188917 192
1757507769384 0.11363124233817469 193
1757507769448 0.08064630738901099 194
1757507769510 0.23987393322457073 195
1757507769573 0.14121077300526533 196
1757507769645 0.09657814989048034 197
1757507769710 0.12329724852746538 198
1757507769773 0.07454107553991644 199
1757507769834 0.15072722625134552 200
1757507769894 0.1567438970899049 201
1757507769954 0.21165464980579451 202
1757507770014 0.16923530580993662 203
1757507770073 0.1307299312995351 204
1757507770133 0.11790009610093898 205
1757507770195 0.15191586828228257 206
1757507770257 0.09565188795716432 207
1757507770316 0.084639840770537 208
1757507770376 0.11115265411013049 209
1757507770436 0.07105318892141876 210
1757507770499 0.16490073021336718 211
1757507770560 0.16193305376899256 212
1757507770628 0.09633876907547208 213
1757507770693 0.08706764351944107 214
1757507770753 0.15076087818390782 215
1757507770814 0.08570089121241582 216
1757507770876 0.12043599247612861 217
1757507770935 0.06589719650727713 218
1757507770995 0.10095903921940817 219
1757507771056 0.14352866530300082 220
1757507771117 0.11419771955441656 221
1757507771178 0.16833447028772094 222
1757507771238 0.06697644649999872 223
1757507771298 0.12900448633610562 224
1757507771356 0.17439097474077936 225
1757507771416 0.11087264629876063 226
1757507771475 0.13824355351727982 227
1757507771534 0.12594640281750555 228
1757507771594 0.0720326903624533 229
1757507771655 0.16298037677401528 230
1757507771718 0.2150494754815578 231
1757507771777 0.12050469800683879 232
1757507771837 0.08453114863347012 233
1757507771898 0.13390563581121448 234
1757507771957 0.11359835494744969 235
1757507772016 0.08645015196257326 236
1757507772077 0.08797254445008991 237
1757507772139 0.13450760338338558 238
1757507772202 0.06162224065849389 239
1757507772264 0.16168827814445938 240
1757507772330 0.07626913293553929 241
1757507772392 0.0889033355320047 242
1757507772453 0.09674525535931346 243
1757507772514 0.07338115366721024 244
1757507772578 0.06394899783200146 245
1757507772635 0.0999280317473139 246
1757507772708 0.08360882239005256 247
1757507772773 0.12326724544241012 248
1757507772839 0.13489049534749242 249
1757507772902 0.15087866490863636 250
1757507772966 0.08093041459888793 251
1757507773033 0.10924536852990034 252
1757507773097 0.10168623290548666 253
1757507773161 0.09502820235376619 254
1757507773226 0.12658790793700805 255
1757507773288 0.1692558139760841 256
1757507773350 0.06230650235255324 257
1757507773414 0.14491376972180528 258
1757507773477 0.09179351287013558 259
1757507773538 0.10261118579146922 260
1757507773604 0.0881686935180664 261
1757507773669 0.09656848455514382 262
1757507773741 0.0787225901244133 263
1757507773807 0.1350635335327254 264
1757507773870 0.06550548709849068 265
1757507773933 0.1152286570513883 266
1757507773994 0.10116720505826197 267
1757507774059 0.10714184615197404 268
1757507774121 0.10632146035020056 269
1757507774185 0.09201337046204593 270
1757507774250 0.1546691158789405 271
1757507774314 0.13429251541743273 272
1757507774380 0.06539905131683872 273
1757507774444 0.14900270957473882 274
1757507774506 0.12728064042177378 275
1757507774567 0.13122988353035447 276
1757507774630 0.11581343962344774 277
1757507774703 0.12953090532157566 278
1757507774771 0.09022986494121125 279
1757507774834 0.12991084438322412 280
1757507774900 0.12126727317971174 281
1757507774962 0.12590210518710512 282
1757507775025 0.09236936788504625 283
1757507775088 0.11385210478019998 284
1757507775150 0.104856391710708 285
1757507775214 0.08283987800235827 286
1757507775280 0.08197855544302701 287
1757507775344 0.1849132727053874 288
1757507775409 0.06023738532662035 289
1757507775475 0.15060299435327737 290
1757507775540 0.15526531435674093 291
1757507775605 0.08946289205473827 292
1757507775667 0.2425915180131781 293
1757507775742 0.12272858300848329 294
1757507775806 0.11191656944880647 295
1757507775870 0.0842691730311554 296
1757507775948 0.09816304514671054 297
1757507776012 0.14315532542291892 298
1757507776073 0.14222719629414932 299
1757507776138 0.11413466402116988 300
1757507776202 0.13212276423879518 301
1757507776268 0.08414229606473007 302
1757507776336 0.1329633121773915 303
1757507776400 0.10266601272402535 304
1757507776463 0.10945839635800914 305
1757507776527 0.06658348751150601 306
1757507776599 0.12483676433075291 307
1757507776662 0.1215577766941693 308
1757507776726 0.10015571776749417 309
1757507776796 0.17628722060915278 310
1757507776861 0.10899379517222008 311
1757507776934 0.11712978598282942 312
1757507777000 0.13487273066638414 313
1757507777064 0.13922384684306585 314
1757507777131 0.08959819019466243 315
1757507777195 0.07509319015127362 316
1757507777261 0.10376829647693732 317
1757507777323 0.13539303319192966 318
1757507777387 0.10345095969496416 319
1757507777453 0.05806995597334023 320
1757507777516 0.13349684663472786 321
1757507777581 0.05732768001905053 322
1757507777647 0.14414731572460934 323
1757507777711 0.10064281507273508 324
1757507777784 0.07632931478921474 325
1757507777916 0.09083553393771293 326
1757507778017 0.17510151293009404 327
1757507778137 0.10100607117185646 328
1757507778261 0.08441707930472546 329
1757507778339 0.13283123612196837 330
1757507778416 0.08282664944960537 331
1757507778486 0.16156763552165196 332
1757507778568 0.08808831296595747 333
1757507778643 0.10465090410986694 334
1757507778721 0.13224593292722855 335
1757507778813 0.09709738351528596 336
1757507778894 0.1301606851034406 337
1757507778970 0.17363861423172208 338
1757507779045 0.10284627028878175 339
1757507779122 0.10649827482206371 340
1757507779198 0.09576259473308531 341
1757507779267 0.0762459886154911 342
1757507779337 0.08336016713977536 343
1757507779404 0.12809462096178645 344
1757507779478 0.09502623302321432 345
1757507779553 0.13943810246894664 346
1757507779627 0.08549207508800431 347
1757507779714 0.11077253413273758 348
1757507779799 0.11688499487555903 349
1757507779879 0.0827175157030054 350
1757507779958 0.14853117028917948 351
1757507780041 0.10678482059938321 352
1757507780198 0.10640244104177783 353
1757507780368 0.16048720668473682 354
1757507780531 0.09746692413849457 355
1757507780677 0.06448578121007413 356
1757507780781 0.1488282310521256 357
1757507780877 0.07253876472778402 358
1757507781035 0.09356701206640627 359
1757507781157 0.10610434998687103 360
1757507781238 0.1323296587807893 361
1757507781309 0.1006102402403738 362
1757507781383 0.15515142070287016 363
1757507781454 0.09172998707087794 364
1757507781521 0.11009622822433889 365
1757507781590 0.08936185113372896 366
1757507781665 0.14649128856271812 367
1757507781740 0.12075906365614748 368
1757507781812 0.11386534150879034 369
1757507781896 0.18761516907413944 370
1757507781969 0.11401862475812907 371
1757507782041 0.07518104942551036 372
1757507782108 0.0843596799251 373
1757507782182 0.0719858935690955 374
1757507782249 0.1126796131286422 375
1757507782315 0.08816124478224165 376
1757507782382 0.1827343133470126 377
1757507782447 0.12483093470272842 378
1757507782509 0.11883788578296657 379
1757507782573 0.0963749927100208 380
1757507782644 0.08614696728384559 381
1757507782732 0.13081710475446987 382
1757507782806 0.11666214810857628 383
1757507782884 0.04985873020583496 384
1757507782953 0.08555650313769181 385
1757507783032 0.07789214608428617 386
1757507783100 0.07203826341677444 387
1757507783178 0.10989049807651857 388
1757507783246 0.11253155681415601 389
1757507783312 0.09026968523095341 390
1757507783379 0.12440375527400215 391
1757507783448 0.12410575282889992 392
1757507783520 0.06669529835887142 393
1757507783593 0.10417028859540045 394
1757507783662 0.08071658885896522 395
1757507783728 0.11460891640982074 396
1757507783801 0.1705965289517949 397
1757507783878 0.11546378809136788 398
1757507783955 0.17640298118025807 399
1757507784020 0.08624804299296862 400
1757507784089 0.13635352764782413 401
1757507784157 0.12094551968877038 402
1757507784221 0.12248533003353619 403
1757507784291 0.06254450869438417 404
1757507784356 0.06645108007217182 405
1757507784421 0.16332178187750077 406
1757507784486 0.09561022080679342 407
1757507784553 0.07017450381175876 408
1757507784617 0.14775204964437652 409
1757507784688 0.1036153107490423 410
1757507784758 0.06888306596823672 411
1757507784822 0.07922616376060222 412
1757507784889 0.12994036699098266 413
1757507784965 0.1087338837874886 414
1757507785033 0.06999037591264366 415
1757507785098 0.17046157852477753 416
1757507785166 0.09322600679282093 417
1757507785232 0.16549300761578228 418
1757507785298 0.06868113154882788 419
1757507785363 0.11607904670097119 420
1757507785431 0.13559446646742157 421
1757507785495 0.115721995713165 422
1757507785559 0.13841620056974926 423
1757507785626 0.11568545913450883 424
1757507785704 0.08489724790838982 425
1757507785775 0.16629854661267388 426
1757507785842 0.1300029507736811 427
1757507785908 0.07673183591184725 428
1757507785984 0.16968036040035428 429
1757507786050 0.09576576099274851 430
1757507786115 0.11324986640167177 431
1757507786181 0.12136440696350557 432
1757507786250 0.1707957542312735 433
1757507786317 0.087950446885761 434
1757507786382 0.1387838007522806 435
1757507786448 0.13984091180555033 436
1757507786515 0.14330731100440133 437
1757507786581 0.1414182244933332 438
1757507786647 0.1301537933159018 439
1757507786714 0.09710745837106823 440
1757507786780 0.12476313992480169 441
1757507786856 0.10579927345449695 442
1757507786926 0.11539892453481888 443
1757507787001 0.1342468195397829 444
1757507787081 0.12760538276336136 445
1757507787149 0.11866831253196337 446
1757507787216 0.11222043449887055 447
1757507787281 0.09157876217947164 448
1757507787349 0.12247634828522243 449
1757507787416 0.0928001176597183 450
1757507787484 0.09658012542594104 451
1757507787552 0.10179929864367904 452
1757507787619 0.18299974370187932 453
1757507787688 0.16283193559512588 454
1757507787755 0.09733977578903968 455
1757507787821 0.08109158274842573 456
1757507787888 0.1241063560693903 457
1757507787957 0.12495986200704638 458
1757507788033 0.10862433115014077 459
1757507788102 0.12513098274394988 460
1757507788168 0.11699847962130243 461
1757507788237 0.07617409138342275 462
1757507788304 0.14855119488975232 463
1757507788382 0.08802326877913576 464
1757507788452 0.07532565273784354 465
1757507788520 0.12346455606137759 466
1757507788587 0.08311288862518566 467
1757507788653 0.09283195132424638 468
1757507788723 0.08439166522452098 469
1757507788791 0.1015145481615739 470
1757507788860 0.10572256907708101 471
1757507788926 0.10928977157348585 472
1757507789000 0.18555198028862815 473
1757507789067 0.08749593459331236 474
1757507789135 0.06750783823479928 475
1757507789202 0.10925460640326361 476
1757507789269 0.09437022925732186 477
1757507789336 0.09749604054419984 478
1757507789402 0.07947554596038613 479
1757507789469 0.11030467642711501 480
1757507789534 0.09019221202151738 481
1757507789601 0.1610391044279235 482
1757507789667 0.12005303416688577 483
1757507789735 0.09340600620367656 484
1757507789801 0.059151620473210965 485
1757507789868 0.13251861736841192 486
1757507789933 0.10792039382216741 487
1757507790006 0.13430965735817055 488
1757507790073 0.13452346229823264 489
1757507790138 0.13771254292841797 490
1757507790203 0.08222700739920703 491
1757507790271 0.1598878693662081 492
1757507790339 0.12231856277487872 493
1757507790406 0.14824175675976672 494
1757507790472 0.12371501738374095 495
1757507790537 0.15025054256089213 496
1757507790603 0.11032866384982014 497
1757507790669 0.09585860833692694 498
1757507790736 0.0990832804693093 499
