1757502092731 39.85933082318988 0
1757502092784 35.02341654883795 1
1757502092834 20.70975144269688 2
1757502092886 21.265610066213053 3
1757502092946 10.189879021211937 4
1757502093002 15.89464591342282 5
1757502093053 10.070840066422189 6
1757502093106 5.863805047536191 7
1757502093159 9.83805786147593 8
1757502093210 5.459106229119185 9
1757502093263 3.2025846543453342 10
1757502093318 3.7198850784744115 11
1757502093371 7.5578980701912055 12
1757502093422 5.102256774602051 13
1757502093479 2.1304707119318858 14
1757502093564 3.4145807905131567 15
1757502093625 1.9290002514911462 16
1757502093679 2.8447963107878578 17
1757502093738 2.0140845689414015 18
1757502093798 3.017566209852189 19
1757502093855 1.5859848247045185 20
1757502093910 1.5129029224627608 21
1757502093966 1.8130606510938247 22
1757502094021 1.5737916369955787 23
1757502094071 1.6501629808644804 24
1757502094125 1.6054775752949542 25
1757502094179 1.892471373901363 26
1757502094232 1.8237483246512969 27
1757502094283 1.1613377303927506 28
1757502094339 1.2724628941646499 29
1757502094392 1.1990415933969198 30
1757502094449 1.4034135797419218 31
1757502094503 1.1612220370175987 32
1757502094568 0.8919111234649794 33
1757502094623 2.3403937118526486 34
1757502094676 1.29781638973114 35
1757502094732 1.6036543877830765 36
1757502094786 1.542171290207409 37
1757502094839 1.1445684781579837 38
1757502094891 0.8687202662898411 39
1757502094943 1.2343030135998188 40
1757502094998 1.200090145668948 41
1757502095051 1.3341936983918592 42
1757502095102 1.2189243449032388 43
1757502095154 0.8589343275736223 44
1757502095206 1.3945257896204932 45
1757502095259 0.9694530775338825 46
1757502095315 1.1969031725306136 47
1757502095369 1.2388960495388883 48
1757502095422 1.3367616393646546 49
1757502095475 0.9018104614517359 50
1757502095528 0.8331895453280631 51
1757502095590 1.5846801389496645 52
1757502095643 0.8768747903859296 53
1757502095695 1.2842938175328165 54
1757502095748 0.8058951732827432 55
1757502095803 1.0855992530172114 56
1757502095855 0.9905006339912203 57
1757502095906 1.3657573158130891 58
1757502095959 1.018158755993416 59
1757502096013 1.284692261079528 60
1757502096066 0.7646509855559168 61
1757502096121 0.7471444191517337 62
1757502096174 0.7760852557777723 63
1757502096226 0.9324725233532429 64
1757502096280 0.9598047336425095 65
1757502096332 0.925962214764805 66
1757502096386 1.0772242315635538 67
1757502096438 0.7361242179904333 68
1757502096492 0.9661772545232967 69
1757502096548 1.0866918058962922 70
1757502096613 2.0226835288605147 71
1757502096665 0.999222374893211 72
1757502096718 0.9038417345261924 73
1757502096772 1.0149040083790974 74
1757502096824 1.0670268585801015 75
1757502096876 1.4286273892725332 76
1757502096928 1.1955313352812191 77
1757502096981 1.243717544898061 78
1757502097036 1.0349383766878173 79
1757502097090 1.0739088403131531 80
1757502097146 1.5298957150448456 81
1757502097201 0.9528556808615855 82
1757502097256 0.9293710076201492 83
1757502097312 0.9158826957240936 84
1757502097375 1.061156523738914 85
1757502097430 5.70297381412202 86
1757502097485 1.3100347008950937 87
1757502097543 1.0614773097353967 88
1757502097594 1.52774744174343 89
1757502097656 0.9060483672697709 90
1757502097708 0.8605709541310994 91
1757502097763 1.0952570320339572 92
1757502097816 1.1896412117044028 93
1757502097869 1.1607002484109796 94
1757502097924 1.01477244313018 95
1757502097980 0.728109584411491 96
1757502098035 0.785794268124827 97
1757502098088 1.488709607079387 98
1757502098145 1.36758769295481 99
1757502098199 0.9613979264756423 100
1757502098252 1.265346810034527 101
1757502098329 0.9177643169714705 102
1757502098460 1.2020451041052178 103
1757502098580 1.3212609420516164 104
1757502098670 1.3296937050633657 105
1757502098737 1.03470869488291 106
1757502098800 1.1937662943061713 107
1757502098931 1.0760546077963102 108
1757502099018 1.0614990844207486 109
1757502099090 1.5355973411117256 110
1757502099147 0.9780370019689956 111
1757502099201 0.9710102400263354 112
1757502099256 1.0156987912528002 113
1757502099311 0.8036283739769334 114
1757502099368 1.1005573732864902 115
1757502099425 1.7469087050729004 116
1757502099488 1.132062612953489 117
1757502099549 1.7780306110526498 118
1757502099608 1.36240474350292 119
1757502099669 1.0536782797667055 120
1757502099736 1.4035172008113692 121
1757502099813 1.2684291773466623 122
1757502099874 0.8306646413930621 123
1757502099933 0.981221176314377 124
1757502099990 0.9643036298064429 125
1757502100052 0.8936064749569658 126
1757502100108 1.141740913768203 127
1757502100165 1.0139588974761584 128
1757502100220 1.5518742476936902 129
1757502100292 0.8787143751943294 130
1757502100367 1.0235702628039558 131
1757502100448 1.0515415778332768 132
1757502100511 1.1656471919321962 133
1757502100573 0.9084021104915219 134
1757502100629 1.1023149713760456 135
1757502100694 1.1881251580026777 136
1757502100814 0.9106559987877999 137
1757502100880 1.447120240510704 138
1757502100945 1.0189584425734857 139
1757502101008 1.0443867103729458 140
1757502101065 1.0001340930476736 141
1757502101122 1.127742187627729 142
1757502101181 0.9529563908579792 143
1757502101238 1.075001944238911 144
1757502101294 1.1658046593615594 145
1757502101354 1.1474988641265425 146
1757502101413 1.2231144280768749 147
1757502101475 0.7776026905924568 148
1757502101534 1.2108649587791245 149
1757502101594 1.019362870050806 150
1757502101661 1.3312600152522693 151
1757502101725 0.813260230818149 152
1757502101782 0.8625996531837368 153
1757502101842 0.9740652737723329 154
1757502101898 0.9259910705255664 155
1757502101955 1.2093823456624762 156
1757502102014 0.9649582459548967 157
1757502102074 0.8634747443635497 158
1757502102132 1.0199299424422337 159
1757502102201 1.0767934116994105 160
1757502102259 1.0932562971394066 161
1757502102316 0.993103399172731 162
1757502102379 0.972010794821145 163
1757502102440 1.0449511163935268 164
1757502102499 1.4315984994201323 165
1757502102558 0.8738466168341928 166
1757502102616 1.3616103749596578 167
1757502102673 0.9006232652299354 168
1757502102740 1.1005074883418091 169
1757502102797 1.0493016196941125 170
1757502102854 0.8951252576949149 171
1757502102928 1.169442358958737 172
1757502103004 1.3392862581289282 173
1757502103072 1.0195670496197011 174
1757502103139 0.8231676506295695 175
1757502103203 1.3622715632859441 176
1757502103264 0.9345388329112566 177
1757502103334 0.6532971254682446 178
1757502103406 1.1527361032872834 179
1757502103477 0.9395747336472833 180
1757502103543 1.2331919194128815 181
1757502103608 0.7947322597729667 182
1757502103669 1.1854539601156036 183
1757502103737 1.2361651259430961 184
1757502103798 1.1185810389366597 185
1757502103858 1.191760681564677 186
1757502103916 1.1236597856374573 187
1757502103973 0.8532437205146972 188
1757502104030 1.0537606741857448 189
1757502104088 1.534250235564691 190
1757502104145 0.8807940211358614 191
1757502104203 0.9960768213579339 192
1757502104261 0.8916376558634691 193
1757502104321 0.9933701449261395 194
1757502104382 0.8454149501918445 195
1757502104441 1.4356665694547428 196
1757502104499 0.989808741935831 197
1757502104555 1.0715150814686976 198
1757502104612 1.127459151548959 199
1757502104668 1.354902498306031 200
1757502104733 1.5331663907349302 201
1757502104795 1.0094553258976426 202
1757502104855 0.842246280277793 203
1757502104916 1.5365978501953133 204
1757502104977 1.2777239046388293 205
1757502105038 1.1222540066823306 206
1757502105096 0.8924897501166601 207
1757502105154 1.2948985835979616 208
1757502105211 0.9741432739151917 209
1757502105267 1.0756306834314757 210
1757502105326 0.9636614443188045 211
1757502105386 1.2011047611338859 212
1757502105444 0.8776354540877321 213
1757502105502 0.9811485299921237 214
1757502105561 1.050204436638131 215
1757502105618 0.9950405641508515 216
1757502105676 0.9980853601352084 217
1757502105769 1.10351286794114 218
1757502105865 1.1325070548082392 219
1757502105925 0.9678134950535545 220
1757502105985 1.754700553305466 221
1757502106043 0.9496850570294615 222
1757502106101 0.9185543880959454 223
1757502106159 0.9379831984561033 224
1757502106216 1.2542363608119091 225
1757502106276 0.810568613373783 226
1757502106385 0.8227306939090412 227
1757502106449 1.0254376781131964 228
1757502106511 0.967402194240701 229
1757502106570 0.9738753907608451 230
1757502106630 1.5381887122113513 231
1757502106689 5.3159199673298145 232
1757502106749 1.1276460897650054 233
1757502106820 1.3609145627713544 234
1757502106882 1.1148556485370889 235
1757502106941 0.8242335120415063 236
1757502106999 1.0251531157322997 237
1757502107060 1.006941756997293 238
1757502107118 1.0464470265922123 239
1757502107177 1.0137932483347722 240
1757502107236 1.1107255854656173 241
1757502107293 1.0007976753813435 242
1757502107353 1.1060500525989714 243
1757502107414 1.1078099155951593 244
1757502107475 1.1221720161036772 245
1757502107534 0.9511962083584112 246
1757502107594 1.241250225070196 247
1757502107653 0.9203230447188373 248
1757502107710 1.2261277644572333 249
1757502107769 1.2499526729446555 250
1757502107836 1.0479921434475987 251
1757502107895 0.9152459846778528 252
1757502107953 0.7878448074787755 253
1757502108013 1.4926960421635804 254
1757502108071 1.1616820596646575 255
1757502108130 0.821967570227651 256
1757502108190 1.538768761914715 257
1757502108249 1.0421438149634783 258
1757502108306 0.9958694039583093 259
1757502108363 6.229337269428326 260
1757502108423 1.28956856968623 261
1757502108560 1.0618273281370294 262
1757502108732 1.471961245658205 263
1757502108861 0.8060849880702111 264
1757502108973 0.9231673940807041 265
1757502109083 0.8969560623606232 266
1757502109146 1.8796332823802346 267
1757502109246 1.514607341471543 268
1757502109398 5.592267993656898 269
1757502109493 0.9220137187262633 270
1757502109560 1.381940491933992 271
1757502109621 1.0342191372379568 272
1757502109682 1.2477577331146918 273
1757502109741 0.9699823363057307 274
1757502109803 1.0970652468578472 275
1757502109875 0.8805224711550073 276
1757502109934 0.8694373778039624 277
1757502109995 1.2399574707542127 278
1757502110054 0.985364062911751 279
1757502110112 1.6212643623336118 280
1757502110172 1.4960665198306213 281
1757502110254 1.1087472120478905 282
1757502110326 1.2654992896059332 283
1757502110396 1.3830769390038227 284
1757502110467 1.0567875621858445 285
1757502110534 1.1940608768740777 286
1757502110597 1.4367890517500503 287
1757502110711 1.2414063076240547 288
1757502110793 1.1024161316558858 289
1757502110865 0.7896479797247512 290
1757502110927 1.0876581731318475 291
1757502110986 1.1682507204362151 292
1757502111047 0.9639489991531403 293
1757502111118 0.7885733587733937 294
1757502111207 0.7978851395801988 295
1757502111271 0.865407095541228 296
1757502111332 1.243202277076073 297
1757502111394 1.1201517168342159 298
1757502111454 1.3424175562106633 299
1757502111516 1.5627717093574127 300
1757502111578 1.3040145220678432 301
1757502111640 1.112577949165813 302
1757502111700 1.045708041411761 303
1757502111759 0.8560180719938979 304
1757502111820 0.7012044797022833 305
1757502111894 1.1524331510429522 306
1757502111957 5.558729974331331 307
1757502112018 1.1364275113235613 308
1757502112081 0.9895330389778555 309
1757502112140 1.1506893958149051 310
1757502112204 0.9881618819365058 311
1757502112264 1.0230683466014017 312
1757502112323 1.028037778472491 313
1757502112384 0.9504212347922366 314
1757502112453 1.2188784061862739 315
1757502112513 1.1643602822387957 316
1757502112571 0.8206699587050793 317
1757502112634 0.8288237653688421 318
1757502112704 0.9072128863873123 319
1757502112764 1.4985771272550192 320
1757502112826 0.9997544973508216 321
1757502112889 1.2033792351620238 322
1757502112955 1.377287796503301 323
1757502113016 1.489751936938268 324
1757502113078 0.8996357467655363 325
1757502113139 0.8062540205579563 326
1757502113198 1.5481818850818079 327
1757502113257 1.8009601669404505 328
1757502113319 0.9540607580784023 329
1757502113378 1.3072694986106752 330
1757502113438 0.9089092874859697 331
1757502113498 0.8757874933852772 332
1757502113558 0.9774889206027391 333
1757502113619 1.0839489384032264 334
1757502113678 1.150486939782234 335
1757502113750 1.1721642758123059 336
1757502113811 1.3845617947241438 337
1757502113873 1.0624527234513539 338
1757502113942 1.0135980287742656 339
1757502114004 1.4854231247292384 340
1757502114065 1.2892627283993425 341
1757502114123 1.716640676035302 342
1757502114183 0.9136442550898614 343
1757502114244 0.9527587575413168 344
1757502114305 0.8767830394049402 345
1757502114366 0.9086596837474027 346
1757502114429 0.9641917017707176 347
1757502114490 1.0145776444968915 348
1757502114550 0.8784854714282329 349
1757502114611 1.014434989991467 350
1757502114673 1.1214695969174584 351
1757502114733 2.6851154318461017 352
1757502114792 1.5469865832370222 353
1757502114853 1.279799034043943 354
1757502114915 1.1183171246972297 355
1757502114985 0.9552776606437762 356
1757502115046 1.1056503338058576 357
1757502115107 0.9123455361851854 358
1757502115166 1.1700302685626085 359
1757502115227 0.8458329050529406 360
1757502115287 0.8289894558439745 361
1757502115350 1.116956294633381 362
1757502115412 0.7841589790775918 363
1757502115474 1.2064905165980364 364
1757502115540 1.1845494862906276 365
1757502115604 1.1055168643198312 366
1757502115665 1.153753565552645 367
1757502115725 0.9829397627729891 368
1757502115785 1.3105038904841877 369
1757502115846 1.3195809901761577 370
1757502115908 1.0551157060107197 371
1757502115981 0.9441767718083272 372
1757502116042 1.5782943606456876 373
1757502116105 1.2476053511923038 374
1757502116172 1.179445409729905 375
1757502116233 1.1845864619326256 376
1757502116294 1.03819273583989 377
1757502116357 1.3901546800965474 378
1757502116420 1.0622821566133975 379
1757502116483 1.038632326812166 380
1757502116544 1.1978280482838535 381
1757502116607 1.0306453925980184 382
1757502116668 1.2346115131391346 383
1757502116729 1.1860275475718411 384
1757502116790 0.8675565984803214 385
1757502116855 0.9822115851415054 386
1757502116921 0.9729036858753468 387
1757502116993 1.0197129507548015 388
1757502117056 0.870324551172557 389
1757502117118 0.946411573123312 390
1757502117180 1.110782033354717 391
1757502117243 0.9675666703767054 392
1757502117305 0.9723266267353712 393
1757502117367 0.8763190589219032 394
1757502117430 1.0629015548183818 395
1757502117492 1.0090485327027783 396
1757502117552 1.0262839386723839 397
1757502117615 0.9862286626910582 398
1757502117684 0.9047683000446686 399
1757502117745 0.6702214634779342 400
1757502117820 0.9110961145083833 401
1757502117883 0.9910439940436624 402
1757502117948 1.0756789107289244 403
1757502118018 1.1889638309081807 404
1757502118082 1.546673710783054 405
1757502118143 1.0503492613801935 406
1757502118204 1.0533703148650904 407
1757502118267 1.2152367136039723 408
1757502118329 0.9412421390757673 409
1757502118388 1.2226901245544635 410
1757502118453 0.9211449150916357 411
1757502118515 1.6246249073374153 412
1757502118576 0.9643423697853705 413
1757502118638 0.8958872353779532 414
1757502118701 1.0897030018347642 415
1757502118763 1.3056749720198733 416
1757502118825 1.7021604583928125 417
1757502118888 1.0945755678553086 418
1757502118951 1.0343046454825187 419
