1757508171435 91.95745093819302 0
1757508171491 58.36749608419438 1
1757508171550 50.91644247486308 2
1757508171612 32.824379393145655 3
1757508171678 24.495981505403766 4
1757508171739 33.89586128332849 5
1757508171797 31.32928982928185 6
1757508171858 23.905980843739233 7
1757508171915 21.421133891488243 8
1757508171975 28.384632975444838 9
1757508172035 18.46514610137312 10
1757508172095 20.946767051856778 11
1757508172154 20.722692613476145 12
1757508172229 18.127709351159815 13
1757508172310 25.648304926608063 14
1757508172381 18.928331981431107 15
1757508172496 22.32756721289344 16
1757508172571 11.264631518283592 17
1757508172658 13.191478695637542 18
1757508172741 13.294265856177796 19
1757508172818 14.13126457622828 20
1757508172891 13.310147630307151 21
1757508172976 10.966700939458619 22
1757508173058 7.632408832081871 23
1757508173133 10.006878135968408 24
1757508173222 12.939359123325024 25
1757508173315 12.633560175616857 26
1757508173397 12.694276567628798 27
1757508173476 10.241091593936815 28
1757508173555 6.877956967556958 29
1757508173625 8.34544809005053 30
1757508173701 8.972797386807203 31
1757508173770 45.42729568032328 32
1757508173846 6.907459931533685 33
1757508173920 5.780409663954671 34
1757508173992 5.092463862868027 35
1757508174085 7.288894622881238 36
1757508174163 7.888427780811095 37
1757508174237 6.360892984348782 38
1757508174315 7.077538421463471 39
1757508174389 5.937119652455629 40
1757508174465 6.105337180676778 41
1757508174544 5.5359014861121 42
1757508174637 6.404777230440554 43
1757508174717 4.292116901799874 44
1757508174786 5.147771006815322 45
1757508174848 3.668249765346133 46
1757508174916 6.242446181289734 47
1757508174979 4.764656548013568 48
1757508175051 5.161793824911428 49
1757508175114 3.511778424565161 50
1757508175190 4.8619581572070345 51
1757508175252 3.4022041816126865 52
1757508175314 3.059519128430609 53
1757508175377 4.052417668648643 54
1757508175450 3.417434875092391 55
1757508175511 2.332276191125932 56
1757508175575 2.116205786070929 57
1757508175635 2.947164077579291 58
1757508175711 2.3501116552145636 59
1757508175769 2.790747027319765 60
1757508175832 2.809080425748539 61
1757508175891 2.294222278148833 62
1757508175950 2.8528774023297223 63
1757508176010 2.1836878116619203 64
1757508176076 1.9687813698600618 65
1757508176134 1.9182323620197166 66
1757508176192 2.000057249052479 67
1757508176252 1.9895600515990526 68
1757508176324 2.860561402730072 69
1757508176381 2.8471195223753765 70
1757508176438 1.3995481499923557 71
1757508176495 1.8073784431303022 72
1757508176552 1.9371683972343223 73
1757508176608 1.651411411044772 74
1757508176666 2.021803814432616 75
1757508176725 0.9773295820628051 76
1757508176783 1.7857374543812992 77
1757508176842 2.455626416226566 78
1757508176899 1.3924623027034047 79
1757508176956 1.401177672825895 80
1757508177014 1.2603846326612664 81
1757508177080 2.2317400113413757 82
1757508177137 1.4946868105764564 83
1757508177196 0.910544625106974 84
1757508177255 0.8463017941078819 85
1757508177314 0.9318503236952861 86
1757508177373 0.8979540037122549 87
1757508177432 0.9358239794869356 88
1757508177494 1.0745555172629562 89
1757508177554 0.9695309560411186 90
1757508177613 1.2237857616773045 91
1757508177673 0.7859922379722685 92
1757508177734 0.9204506680887042 93
1757508177800 0.6291422374915011 94
1757508177869 0.6117056430446538 95
1757508177956 1.2436043700967716 96
1757508178018 0.7931518747957835 97
1757508178077 0.5034211360131656 98
1757508178145 0.623917924730243 99
1757508178204 0.5506496810876197 100
1757508178268 0.4812226998605027 101
1757508178331 0.7406633527210198 102
1757508178396 0.6781289803148638 103
1757508178458 0.6059299216744375 104
1757508178524 0.4968712670957525 105
1757508178585 0.635677380768407 106
1757508178644 0.5829635120181484 107
1757508178703 0.6350949644946897 108
1757508178770 0.49215112401491556 109
1757508178830 0.3800340620859354 110
1757508178889 0.3691058342223665 111
1757508178949 0.7784763462273334 112
1757508179010 0.5615761489158734 113
1757508179066 0.5520473673909345 114
1757508179133 0.42613468674627886 115
1757508179191 0.5455150801720402 116
1757508179253 0.5400934151832749 117
1757508179312 0.4336615597418017 118
1757508179373 0.4377070657380718 119
1757508179432 0.4463420906850268 120
1757508179493 0.332240212574906 121
1757508179553 0.39693268814532684 122
1757508179612 0.5217271521750982 123
1757508179680 0.42877700392652973 124
1757508179948 0.22925956678625223 125
1757508180170 0.48542761885282387 126
1757508180335 0.33125125765681396 127
1757508180476 0.26649607692243643 128
1757508180610 0.312799333411162 129
1757508180707 0.22926695267937716 130
1757508180802 0.3498407177606137 131
1757508180967 0.33321984199826055 132
1757508181077 0.2501418780490103 133
1757508181155 0.23603137677169614 134
1757508181222 0.22515336974896946 135
1757508181290 0.2891247322594451 136
1757508181357 0.2639238076571552 137
1757508181420 0.28907609559030945 138
1757508181484 0.29553848827943274 139
1757508181550 0.2647505069246314 140
1757508181622 0.20598124361989145 141
1757508181694 0.17333874687421139 142
1757508181768 0.16256742429703436 143
1757508181882 0.2631505465807889 144
1757508181953 0.25719416222077346 145
1757508182018 0.1841588717754463 146
1757508182084 0.18094092427041125 147
1757508182149 0.19900665698548703 148
1757508182223 0.15031685755573465 149
1757508182287 0.18819512232362498 150
1757508182353 0.1918583461548922 151
1757508182416 0.14806032020268559 152
1757508182477 0.2746797589329421 153
1757508182539 0.18284828129647307 154
1757508182601 0.15966941817809405 155
1757508182661 0.1663436266881083 156
1757508182723 0.16233097168564217 157
1757508182784 0.15816432706421601 158
1757508182845 0.22501355780173923 159
1757508182907 0.15747094840489456 160
1757508182970 0.25134186181318635 161
1757508183030 0.20883473522855203 162
1757508183091 0.1785380632040888 163
1757508183154 0.17781074724597992 164
1757508183223 0.1630648129544475 165
1757508183284 0.1570508247174966 166
1757508183346 0.2634266215050657 167
1757508183409 0.12240804617479721 168
1757508183469 0.13991454036869244 169
1757508183528 0.13936830960435342 170
1757508183588 0.5057578936436128 171
1757508183650 0.16897239417095156 172
1757508183712 0.07977677687940277 173
1757508183773 0.16319911145898278 174
1757508183834 0.1600624277059495 175
1757508183897 0.13320873551115633 176
1757508183958 0.12978389062150686 177
1757508184018 0.13046994425954592 178
1757508184078 0.12333604387292346 179
1757508184142 0.1198562050299389 180
1757508184215 0.1601429094025471 181
1757508184280 0.1335606055131841 182
1757508184343 0.2538907239455608 183
1757508184404 0.14105793825311438 184
1757508184463 0.13949312508290854 185
1757508184526 0.16581247977068883 186
1757508184587 0.1155792136857962 187
1757508184648 0.17314308251500726 188
1757508184708 0.1557992586437348 189
1757508184770 0.11657648629342925 190
1757508184830 0.14490951696602422 191
1757508184891 0.12149452436050834 192
1757508184953 0.10922731400918019 193
1757508185014 0.10980613634469268 194
1757508185074 0.09673434987222027 195
1757508185135 0.1097408422282968 196
1757508185197 0.06961420556021435 197
1757508185267 0.12974670002875124 198
1757508185328 0.1001581969004561 199
1757508185390 0.11379103904717915 200
1757508185450 0.12697834491194224 201
1757508185509 0.10555406090787887 202
1757508185571 0.09657943202558346 203
1757508185631 0.10192770282189977 204
1757508185701 0.11963092993220473 205
1757508185764 0.13781479754768727 206
1757508185824 0.1052544581608391 207
1757508185883 0.10697562490620781 208
1757508185945 0.11929086361732986 209
1757508186008 0.07696204732556214 210
1757508186071 0.09278238918088011 211
1757508186132 0.15517473204640406 212
1757508186195 0.13027793579321037 213
1757508186264 0.07493004913012935 214
1757508186325 0.09393766336067931 215
1757508186386 0.13358564862452402 216
1757508186449 0.1368036405218766 217
1757508186510 0.1563153208408656 218
1757508186570 0.0829499886743351 219
1757508186630 0.10971234450278289 220
1757508186690 0.11459822125014417 221
1757508186752 0.1682774742978276 222
1757508186813 0.08284854834566636 223
1757508186873 0.0878218225156036 224
1757508186943 0.12147720635809184 225
1757508187007 0.11300406238612681 226
1757508187067 0.11468950638272643 227
1757508187131 0.11428859595475896 228
1757508187196 0.11330237480052359 229
1757508187270 0.13209669538671745 230
1757508187334 0.16441723911539036 231
1757508187396 0.11589056863427655 232
1757508187461 0.1432131529456728 233
1757508187524 0.13769955233395234 234
1757508187585 0.08543939423727238 235
1757508187648 0.1387524685873844 236
1757508187709 0.10180751050325443 237
1757508187772 0.1175681419280753 238
1757508187835 0.1160796791939948 239
1757508187897 0.10649917214861468 240
1757508187961 0.10711999346600098 241
1757508188024 0.10634335583010136 242
1757508188089 0.10292189327296483 243
1757508188152 0.1332008749069887 244
1757508188214 0.10777408935347423 245
1757508188285 0.10136072867188466 246
1757508188348 0.10188433114111826 247
1757508188445 0.11120856152381917 248
1757508188531 0.10342498650967506 249
1757508188607 0.0978473333163427 250
1757508188682 0.12164616453683592 251
1757508188760 0.134879448469623 252
1757508188850 0.09685545613982086 253
1757508188932 0.11802698650354174 254
1757508189012 0.08784307446853053 255
1757508189093 0.10962101632243522 256
1757508189175 0.12648969326888063 257
1757508189251 0.09673005281934793 258
1757508189335 0.09066776655458818 259
1757508189413 0.12492446512609034 260
1757508189495 0.16519116557589872 261
1757508189561 0.09181584005097333 262
1757508189625 0.12379705634755804 263
1757508189692 0.10031430992673022 264
1757508189760 0.06035482697707622 265
1757508189829 0.12678852653260905 266
1757508189899 0.10564765914130002 267
1757508189972 0.07358745933105396 268
1757508190052 0.08698469926971004 269
1757508190127 0.19141642668565562 270
1757508190201 0.11414693420389978 271
1757508190274 0.10786261572115588 272
1757508190362 0.10505264712843 273
1757508190458 0.09432393390364707 274
1757508190564 0.09804260655247075 275
1757508190639 0.06272441319378885 276
1757508190710 0.11996494719773611 277
1757508190780 0.1362931299351322 278
1757508190850 0.07862320473547009 279
1757508190916 0.10922452771920822 280
1757508190986 0.14563963239654446 281
1757508191053 0.10515926213433462 282
1757508191124 0.11316354040260101 283
1757508191190 0.15196650751948745 284
1757508191258 0.1316286466239177 285
