1757509475773 166.90433127729642 0
1757509475831 166.8059571137666 1
1757509475890 166.72440112769993 2
1757509475952 166.6429061657304 3
1757509476012 166.56147982065937 4
1757509476072 166.48012202202963 5
1757509476132 166.3988327032431 6
1757509476191 166.3176117977677 7
1757509476250 166.23645923913935 8
1757509476307 166.155374960962 9
1757509476364 166.07435889690734 10
1757509476424 165.99341098071488 11
1757509476483 165.91253114619192 12
1757509476541 165.83171932721325 13
1757509476598 165.75097545772135 14
1757509476660 165.6702994717261 15
1757509476727 165.589691303305 16
1757509476785 165.50915088660264 17
1757509476845 165.42867815583108 18
1757509476905 165.34827304526962 19
1757509476964 165.26793548926454 20
1757509477027 165.1876654222294 21
1757509477087 165.10746277864462 22
1757509477175 165.02732749305764 23
1757509477239 164.94725950008268 24
1757509477311 164.8672587344009 25
1757509477376 164.78732513076017 26
1757509477442 164.7074586239748 27
1757509477502 164.62765914892594 28
1757509477561 164.54792664056117 29
1757509477620 164.46826103389458 30
1757509477680 164.38866226400646 31
1757509477748 164.30913026604372 32
1757509477809 164.22966497521924 33
1757509477869 164.15026632681213 34
1757509477938 164.07093425616773 35
1757509477999 163.99166869869737 36
1757509478060 163.9124695898782 37
1757509478122 163.83333686525356 38
1757509478182 163.75427046043225 39
1757509478241 163.67527031108924 40
1757509478301 163.59633635296487 41
1757509478362 163.51746852186523 42
1757509478423 163.438666753662 43
1757509478484 163.35993098429233 44
1757509478546 163.2812611497587 45
1757509478606 163.20265718612907 46
1757509478682 163.1241190295367 47
1757509478753 163.04564661617985 48
1757509478813 162.96723988232222 49
1757509478884 162.88889876429235 50
1757509478946 162.8106231984839 51
1757509479010 162.73241312135556 52
1757509479071 162.65426846943072 53
1757509479156 162.57618917929776 54
1757509479217 162.49817518760955 55
1757509479277 162.42022643108393 56
1757509479359 162.34234284650316 57
1757509479420 162.26452437071413 58
1757509479479 162.18677094062815 59
1757509479539 162.10908249322088 60
1757509479613 162.03145896553252 61
1757509479672 161.9539002946673 62
1757509479753 161.87640641779387 63
1757509479812 161.79897727214484 64
1757509479874 161.72161279501702 65
1757509479937 161.64431292377114 66
1757509480000 161.56707759583185 67
1757509480077 161.48990674868784 68
1757509480137 161.41280031989137 69
1757509480212 161.33575824705866 70
1757509480272 161.25878046786943 71
1757509480331 161.18186692006705 72
1757509480391 161.10501754145852 73
1757509480453 161.02823226991418 74
1757509480527 160.9515110433679 75
1757509480609 160.8748537998168 76
1757509480677 160.7982604773213 77
1757509480752 160.7217310140051 78
1757509480832 160.6452653480548 79
1757509480899 160.56886341772045 80
1757509480964 160.49252516131483 81
1757509481024 160.4162505172138 82
1757509481087 160.34003942385593 83
1757509481154 160.26389181974292 84
1757509481216 160.1878076434389 85
1757509481388 160.11178683357082 86
1757509481509 160.03582932882824 87
1757509481621 159.95993506796333 88
1757509481712 159.88410398979062 89
1757509481829 159.80833603318717 90
1757509482022 159.7326311370924 91
1757509482185 159.6569892405079 92
1757509482264 159.58141028249767 93
1757509482325 159.5058942021877 94
1757509482388 159.43044093876622 95
1757509482448 159.35505043148336 96
1757509482511 159.2797226196514 97
1757509482573 159.2044574426443 98
1757509482633 159.12925483989807 99
1757509482697 159.05411475091032 100
1757509482763 158.97903711524054 101
1757509482832 158.90402187250973 102
1757509482894 158.8290689624005 103
1757509482959 158.75417832465712 104
1757509483021 158.67934989908505 105
1757509483082 158.6045836255514 106
1757509483145 158.5298794439844 107
1757509483208 158.4552372943738 108
1757509483269 158.3806571167702 109
1757509483330 158.30613885128568 110
1757509483394 158.23168243809315 111
1757509483455 158.15728781742664 112
1757509483528 158.08295492958118 113
1757509483594 158.00868371491242 114
1757509483654 157.93447411383718 115
1757509483716 157.8603260668328 116
1757509483779 157.7862395144374 117
1757509483848 157.71221439724968 118
1757509483910 157.63825065592894 119
1757509483972 157.56434823119494 120
1757509484032 157.490507063828 121
1757509484093 157.41672709466863 122
1757509484155 157.34300826461785 123
1757509484217 157.26935051463673 124
1757509484278 157.1957537857467 125
1757509484339 157.12221801902916 126
1757509484402 157.0487431556258 127
1757509484463 156.97532913673805 128
1757509484524 156.90197590362743 129
1757509484586 156.82868339761526 130
1757509484646 156.75545156008275 131
1757509484708 156.68228033247084 132
1757509484770 156.60916965628007 133
1757509484842 156.53611947307078 134
1757509484904 156.4631297244627 135
1757509484970 156.3902003521351 136
1757509485032 156.31733129782677 137
1757509485096 156.24452250333584 138
1757509485159 156.1717739105197 139
1757509485221 156.09908546129506 140
1757509485286 156.02645709763786 141
1757509485349 155.95388876158296 142
1757509485414 155.88138039522462 143
1757509485476 155.80893194071584 144
1757509485538 155.73654334026864 145
1757509485602 155.66421453615402 146
1757509485665 155.59194547070163 147
1757509485728 155.51973608630004 148
1757509485791 155.44758632539643 149
1757509485862 155.37549613049669 150
1757509485923 155.3034654441652 151
1757509485993 155.23149420902493 152
1757509486065 155.1595823677573 153
1757509486126 155.0877298631021 154
1757509486189 155.0159366378575 155
1757509486253 154.94420263487987 156
1757509486316 154.87252779708376 157
1757509486380 154.80091206744214 158
1757509486442 154.7293553889858 159
1757509486505 154.65785770480358 160
1757509486568 154.5864189580424 161
1757509486631 154.51503909190706 162
1757509486694 154.44371804966022 163
1757509486758 154.37245577462232 164
1757509486822 154.3012522101715 165
1757509486950 154.2301072997436 166
1757509487038 154.15902098683205 167
1757509487103 154.08799321498788 168
1757509487166 154.01702392781957 169
1757509487228 153.946113068993 170
1757509487295 153.87526058223156 171
1757509487359 153.8044664113158 172
1757509487425 153.73373050008354 173
1757509487487 153.66305279242988 174
1757509487550 153.592433232307 175
1757509487612 153.52187176372414 176
1757509487674 153.4513683307476 177
1757509487738 153.38092287750058 178
1757509487802 153.3105353481632 179
1757509487868 153.24020568697247 180
1757509487939 153.16993383822205 181
1757509488007 153.09971974626245 182
1757509488071 153.02956335550076 183
1757509488133 152.95946461040066 184
1757509488197 152.8894234554825 185
1757509488259 152.81943983532295 186
1757509488323 152.74951369455516 187
1757509488387 152.67964497786872 188
1757509488460 152.60983363000935 189
1757509488523 152.54007959577928 190
1757509488588 152.47038282003663 191
1757509488650 152.40074324769594 192
1757509488713 152.33116082372757 193
1757509488776 152.26163549315808 194
1757509488841 152.19216720106985 195
1757509488915 152.1227558926013 196
1757509488981 152.05340151294658 197
1757509489044 151.98410400735557 198
1757509489107 151.91486332113405 199
1757509489170 151.8456793996433 200
1757509489235 151.77655218830031 201
1757509489297 151.70748163257758 202
1757509489363 151.63846767800317 203
1757509489428 151.56951027016038 204
1757509489493 151.5006093546881 205
1757509489556 151.43176487728044 206
1757509489620 151.3629767836868 207
1757509489683 151.29424501971175 208
1757509489746 151.22556953121503 209
1757509489812 151.15695026411143 210
1757509489879 151.08838716437086 211
1757509489951 151.01988017801807 212
1757509490014 150.9514292511329 213
1757509490076 150.88303432984995 214
1757509490139 150.81469536035854 215
1757509490203 150.74641228890286 216
1757509490266 150.6781850617818 217
1757509490332 150.61001362534878 218
1757509490397 150.54189792601187 219
1757509490460 150.47383791023364 220
1757509490524 150.4058335245311 221
1757509490588 150.33788471547567 222
1757509490652 150.26999142969316 223
1757509490715 150.20215361386363 224
1757509490779 150.1343712147214 225
1757509490842 150.06664417905495 226
1757509490908 149.99897245370684 227
1757509490998 149.9313559855738 228
1757509491070 149.86379472160655 229
1757509491134 149.79628860880962 230
1757509491198 149.7288375942416 231
1757509491259 149.66144162501493 232
1757509491323 149.5941006482956 233
1757509491387 149.52681461130365 234
1757509491450 149.45958346131263 235
1757509491515 149.39240714564968 236
1757509491579 149.32528561169553 237
1757509491642 149.25821880688446 238
1757509491706 149.1912066787042 239
1757509491769 149.12424917469576 240
1757509491834 149.0573462424537 241
1757509491898 148.99049782962558 242
1757509491969 148.92370388391242 243
1757509492032 148.85696435306838 244
1757509492096 148.79027918490064 245
1757509492160 148.72364832726956 246
1757509492230 148.65707172808837 247
1757509492293 148.59054933532343 248
1757509492360 148.52408109699377 249
1757509492425 148.45766696117147 250
1757509492489 148.39130687598134 251
1757509492554 148.32500078960084 252
1757509492619 148.25874865026012 253
1757509492681 148.1925504062421 254
1757509492746 148.1264060058822 255
1757509492811 148.06031539756813 256
1757509492874 147.9942785297404 257
1757509492938 147.9282953508918 258
1757509493012 147.86236580956728 259
1757509493078 147.79648985436435 260
1757509493145 147.73066743393267 261
1757509493209 147.66489849697405 262
1757509493273 147.59918299224248 263
1757509493399 147.53352086854392 264
1757509493549 147.46791207473657 265
1757509493682 147.40235655973035 266
1757509493756 147.3368542724872 267
1757509493856 147.27140516202104 268
1757509494006 147.20600917739742 269
1757509494109 147.14066626773374 270
1757509494175 147.07537638219907 271
1757509494239 147.0101394700141 272
1757509494304 146.94495548045117 273
1757509494368 146.87982436283417 274
1757509494440 146.8147460665384 275
1757509494507 146.74972054099058 276
1757509494574 146.68474773566888 277
1757509494666 146.61982760010287 278
1757509494730 146.5549600838732 279
1757509494795 146.4901451366118 280
1757509494870 146.4253827080019 281
1757509494935 146.36067274777767 282
1757509495009 146.2960152057244 283
1757509495075 146.23141003167842 284
1757509495152 146.16685717552699 285
1757509495217 146.10235658720825 286
1757509495283 146.03790821671117 287
1757509495346 145.9735120140756 288
1757509495412 145.90916792939205 289
1757509495493 145.8448759128017 290
1757509495559 145.7806359144965 291
1757509495626 145.7164478847188 292
1757509495691 145.65231177376162 293
1757509495769 145.58822753196839 294
1757509495833 145.524195109733 295
1757509495897 145.4602144574997 296
1757509495980 145.39628552576303 297
1757509496046 145.33240826506778 298
1757509496127 145.2685826260091 299
1757509496194 145.2048085592322 300
1757509496258 145.14108601543234 301
1757509496324 145.07741494535486 302
1757509496389 145.0137952997953 303
1757509496455 144.9502270295989 304
1757509496519 144.88671008566092 305
1757509496585 144.8232444189265 306
1757509496653 144.75982998039046 307
1757509496718 144.69646672109755 308
1757509496784 144.63315459214206 309
1757509496871 144.569893544668 310
1757509496941 144.50668352986892 311
1757509497013 144.443524498988 312
1757509497091 144.38041640331778 313
1757509497165 144.31735919420038 314
1757509497237 144.25435282302718 315
1757509497304 144.191397241239 316
1757509497369 144.12849240032585 317
1757509497435 144.0656382518271 318
1757509497501 144.00283474733115 319
1757509497564 143.94008183847563 320
1757509497631 143.87737947694723 321
1757509497696 143.81472761448165 322
1757509497759 143.75212620286362 323
1757509497826 143.6895751939267 324
1757509497893 143.6270745395534 325
1757509497959 143.56462419167505 326
1757509498023 143.50222410227175 327
1757509498097 143.43987422337233 328
1757509498168 143.37757450705425 329
1757509498242 143.31532490544365 330
1757509498326 143.2531253707152 331
1757509498392 143.1909758550921 332
1757509498457 143.128876310846 333
1757509498525 143.06682669029706 334
1757509498593 143.00482694581376 335
1757509498659 142.94287702981285 336
1757509498725 142.88097689475933 337
1757509498792 142.8191264931666 338
1757509498858 142.757325777596 339
1757509498924 142.69557470065723 340
1757509498990 142.63387321500778 341
1757509499059 142.57222127335342 342
1757509499133 142.51061882844772 343
1757509499203 142.44906583309222 344
1757509499273 142.3875622401364 345
1757509499343 142.3261080024774 346
1757509499413 142.26470307306033 347
1757509499480 142.20334740487792 348
1757509499547 142.14204095097048 349
1757509499616 142.0807836644261 350
1757509499684 142.01957549838033 351
1757509499749 141.95841640601634 352
1757509499819 141.8973063405647 353
1757509499885 141.83624525530345 354
1757509499952 141.77523310355795 355
1757509500023 141.71426983870091 356
1757509500100 141.65335541415237 357
1757509500169 141.59248978337948 358
1757509500240 141.5316728998968 359
1757509500307 141.4709047172656 360
1757509500373 141.41018518909473 361
1757509500442 141.34951426903973 362
1757509500510 141.28889191080322 363
1757509500576 141.2283180681348 364
1757509500647 141.16779269483087 365
1757509500714 141.10731574473473 366
1757509500783 141.04688717173644 367
1757509500853 140.98650692977282 368
1757509500919 140.9261749728274 369
1757509500986 140.86589125493026 370
1757509501054 140.80565573015815 371
1757509501131 140.74546835263433 372
1757509501203 140.68532907652866 373
1757509501272 140.62523785605728 374
1757509501339 140.56519464548285 375
1757509501407 140.5051993991143 376
1757509501475 140.44525207130704 377
1757509501541 140.38535261646243 378
1757509501609 140.32550098902837 379
1757509501684 140.26569714349864 380
1757509501758 140.20594103441337 381
1757509501826 140.1462326163586 382
1757509501893 140.08657184396634 383
1757509501964 140.0269586719148 384
1757509502035 139.96739305492784 385
1757509502104 139.90787494777538 386
1757509502180 139.8484043052731 387
1757509502251 139.78898108228248 388
1757509502320 139.72960523371069 389
1757509502388 139.67027671451058 390
1757509502456 139.6109954796807 391
1757509502523 139.55176148426514 392
1757509502590 139.49257468335352 393
1757509502659 139.433435032081 394
1757509502725 139.37434248562815 395
1757509502794 139.31529699922086 396
1757509502862 139.2562985281306 397
1757509502929 139.1973470276739 398
1757509503000 139.13844245321272 399
1757509503071 139.0795847601541 400
1757509503145 139.0207739039503 401
1757509503214 138.96200984009874 402
1757509503283 138.90329252414185 403
1757509503351 138.8446219116671 404
1757509503418 138.78599795830695 405
1757509503485 138.72742061973878 406
1757509503553 138.6688898516848 407
1757509503622 138.6104056099122 408
1757509503690 138.55196785023278 409
1757509503760 138.4935765285032 410
1757509503829 138.4352316006248 411
1757509503896 138.37693302254354 412
1757509503966 138.31868075025 413
1757509504034 138.2604747397793 414
1757509504101 138.20231494721114 415
1757509504172 138.1442013286696 416
1757509504241 138.08613384032319 417
1757509504309 138.02811243838485 418
1757509504376 137.9701370791118 419
1757509504445 137.91220771880555 420
1757509504513 137.85432431381184 421
1757509504580 137.79648682052064 422
1757509504649 137.738695195366 423
1757509504716 137.6809493948261 424
1757509504784 137.62324937542314 425
1757509504856 137.5655950937234 426
1757509504925 137.50798650633706 427
1757509504992 137.45042356991823 428
1757509505062 137.3929062411648 429
1757509505130 137.33543447681873 430
1757509505211 137.27800823366547 431
1757509505281 137.22062746853436 432
1757509505364 137.1632921382984 433
1757509505525 137.1060021998742 434
1757509505654 137.04875761022205 435
1757509505751 136.9915583263457 436
1757509505847 136.93440430529245 437
1757509506006 136.877295504153 438
1757509506107 136.82023188006158 439
1757509506177 136.7632133901957 440
1757509506248 136.70623999177616 441
1757509506316 136.64931164206723 442
1757509506385 136.59242829837615 443
1757509506455 136.53558991805357 444
1757509506522 136.47879645849315 445
1757509506591 136.42204787713175 446
1757509506663 136.3653441314492 447
1757509506736 136.3086851789684 448
1757509506806 136.2520709772552 449
1757509506874 136.19550148391835 450
1757509506946 136.13897665660946 451
1757509507015 136.0824964530231 452
1757509507084 136.02606083089645 453
1757509507154 135.9696697480096 454
1757509507224 135.9133231621852 455
1757509507294 135.85702103128864 456
1757509507363 135.80076331322786 457
1757509507433 135.7445499659535 458
1757509507501 135.68838094745854 459
1757509507571 135.6322562157785 460
1757509507642 135.5761757289915 461
1757509507711 135.52013944521778 462
1757509507780 135.46414732262008 463
1757509507850 135.4081993194035 464
1757509507919 135.35229539381524 465
1757509507987 135.29643550414482 466
1757509508057 135.2406196087239 467
1757509508128 135.1848476659263 468
1757509508204 135.12911963416786 469
1757509508274 135.07343547190652 470
1757509508340 135.01779513764217 471
1757509508411 134.96219858991668 472
1757509508480 134.90664578731383 473
1757509508549 134.85113668845932 474
1757509508652 134.7956712520205 475
1757509508723 134.74024943670668 476
1757509508795 134.68487120126883 477
1757509508868 134.6295365044996 478
1757509508939 134.57424530523335 479
1757509509008 134.51899756234596 480
1757509509081 134.46379323475492 481
1757509509154 134.40863228141924 482
1757509509232 134.35351466133943 483
1757509509305 134.29844033355738 484
1757509509375 134.2434092571564 485
1757509509449 134.18842139126113 486
1757509509521 134.13347669503756 487
1757509509591 134.0785751276929 488
1757509509666 134.02371664847553 489
1757509509737 133.9689012166751 490
1757509509808 133.91412879162243 491
1757509509878 133.85939933268926 492
1757509509949 133.8047127992885 493
1757509510019 133.75006915087405 494
1757509510088 133.6954683469408 495
1757509510160 133.64091034702446 496
1757509510239 133.58639511070172 497
1757509510314 133.53192259759007 498
1757509510386 133.47749276734777 499
