1757428831355 170.68118694148205 0
1757428831423 157.78633865717325 1
1757428831472 151.64584314625694 2
1757428831567 145.711051868298 3
1757428831651 139.98103441086323 4
1757428831701 134.45299347230477 5
1757428831788 129.12443615531407 6
1757428831849 123.99316640209882 7
1757428831912 119.05723798132712 8
1757428831983 114.31492623637311 9
1757428832070 109.76470164828521 10
1757428832160 105.4073640102903 11
1757428832246 101.23863079970802 12
1757428832317 97.26056829420426 13
1757428832409 93.46876115452476 14
1757428832474 89.86375483240666 15
1757428832566 86.444632410944 16
1757428832622 83.21070967744029 17
1757428832702 80.16136595738799 18
1757428832760 77.29604793664642 19
1757428832841 74.6142609929378 20
1757428833010 72.12234357679074 21
1757428833128 69.8327457698489 22
1757428833214 67.70362506314696 23
1757428833349 65.68761129641594 24
1757428833452 63.78271705153464 25
1757428833523 61.984905606717945 26
1757428833588 60.297118821127626 27
1757428833686 58.74149624084544 28
1757428833772 57.266457539140724 29
1757428833822 55.8660197518193 30
1757428833882 54.536293993447345 31
1757428833962 53.272010768556804 32
1757428834006 52.07161091341402 33
1757428834090 50.93236687789264 34
1757428834167 49.870712986478715 35
1757428834246 48.871793736647554 36
1757428834292 47.91777605877888 37
1757428834350 47.00365241537089 38
1757428834431 46.12477512806618 39
1757428834477 45.277401634682086 40
1757428834564 44.458843427827226 41
1757428834655 43.66686398743389 42
1757428834723 42.89980937891927 43
1757428834796 42.15632080982591 44
1757428834867 41.43536183437607 45
1757428834963 40.736085468434574 46
1757428835047 40.05782820182718 47
1757428835134 39.40004613304918 48
1757428835227 38.762302570674564 49
1757428835297 38.14423586022698 50
1757428835370 37.54554854151016 51
1757428835450 36.96599037929611 52
1757428835530 36.40535053589713 53
1757428835608 35.86344824768223 54
1757428835681 35.34012759370904 55
1757428835759 34.8352521906098 56
1757428835861 34.35458759145465 57
1757428835970 33.905099348648726 58
1757428836049 33.47469390041146 59
1757428836106 33.06103801033127 60
1757428836164 32.66212352866664 61
1757428836231 32.27584313060496 62
1757428836290 31.90069429013343 63
1757428836357 31.535194386241464 64
1757428836449 31.17821098640913 65
1757428836506 30.82868893593033 66
1757428836558 30.485786059734927 67
1757428836621 30.148744975057483 68
1757428836694 29.816944925201906 69
1757428836774 29.48983961224171 70
1757428836843 29.166974247740228 71
1757428836926 28.847953896448704 72
1757428836992 28.532446845896153 73
1757428837053 28.22016745642102 74
1757428837137 27.91087467126539 75
1757428837196 27.60436207380579 76
1757428837268 27.300455083241744 77
1757428837341 26.999004807308296 78
1757428837390 26.699885248885266 79
1757428837460 26.402989296480644 80
1757428837522 26.108226360641854 81
1757428837614 25.81551965266574 82
1757428837684 25.524804318517713 83
1757428837797 25.236025541275943 84
1757428837956 24.949137118598628 85
1757428838050 24.66410011681728 86
1757428838116 24.380881807551866 87
1757428838212 24.099454703527623 88
1757428838313 23.819795773032226 89
1757428838376 23.541885745610106 90
1757428838436 23.265708536319675 91
1757428838498 22.991250744779308 92
1757428838589 22.718501235670956 93
1757428838671 22.44745077738048 94
1757428838721 22.178091737886092 95
1757428838774 21.910417824587455 96
1757428838849 21.64442386492698 97
1757428838919 21.38010561968601 98
1757428838979 21.117459625570277 99
1757428839098 20.856483061843992 100
1757428839218 20.597173638067645 101
1757428839299 20.339529499407618 102
1757428839355 20.08354914716205 103
1757428839433 19.829231372051286 104
1757428839488 19.576575198464838 105
1757428839539 19.325579837930988 106
1757428839605 19.07624465045225 107
1757428839661 18.828569112466955 108
1757428839762 18.582552790432832 109
1757428839836 18.338195319140972 110
1757428839914 18.095496384023814 111
1757428840021 17.8544557068146 112
1757428840082 17.615073034021936 113
1757428840138 17.377348127756687 114
1757428840207 17.141280758522637 115
1757428840280 16.90687069963852 116
1757428840357 16.67411772301162 117
1757428840425 16.443021596024973 118
1757428840485 16.21358207933804 119
1757428840545 15.985798925431537 120
1757428840599 15.759671877754178 121
1757428840673 15.53520067035185 122
1757428840733 15.31238502787905 123
1757428840816 15.091224665909078 124
1757428840865 14.871719291473267 125
1757428840929 14.65386860377162 126
1757428841001 14.437672295007074 127
1757428841088 14.223130051304345 128
1757428841145 14.010241553681242 129
1757428841237 13.799006479046641 130
1757428841305 13.589424501204162 131
1757428841354 13.3814952918451 132
1757428841416 13.175218521517518 133
1757428841496 12.970593860561568 134
1757428841584 12.767620980003484 135
1757428841667 12.566299552402796 136
1757428841763 12.366629252648952 137
1757428841821 12.168609758705047 138
1757428841895 11.972240752297298 139
1757428841967 11.777521919549999 140
1757428842039 11.584452951566332 141
1757428842107 11.393033544956001 142
1757428842165 11.203263402311075 143
1757428842251 11.015142232631868 144
1757428842388 10.828669751704824 145
1757428842493 10.64384568243459 146
1757428842583 10.460669755132663 147
1757428842686 10.279141707764936 148
1757428842737 10.099261286160568 149
1757428842795 9.921028244184644 150
1757428842884 9.744442343876939 151
1757428842960 9.569724614993815 152
1757428843032 9.39653607355896 153
1757428843091 9.224954803190975 154
1757428843162 9.055039465272204 155
1757428843249 8.886740810018056 156
1757428843299 8.72009191623721 157
1757428843382 8.555071286021377 158
1757428843462 8.391693303795757 159
1757428843545 8.229948866636006 160
1757428843596 8.069844321663593 161
1757428843660 7.911375884616841 162
1757428843711 7.754546436624052 163
1757428843769 7.599354479582578 164
1757428843819 7.445801390902475 165
1757428843890 7.293886651839736 166
1757428843967 7.143610982218549 167
1757428844037 6.994974278570563 168
1757428844120 6.847976968893979 169
1757428844182 6.702619121761337 170
1757428844236 6.558901031945623 171
1757428844288 6.416822835576293 172
1757428844364 6.276384763392696 173
1757428844449 6.137586974594689 174
1757428844524 6.000429666453403 175
1757428844587 5.864913002665696 176
1757428844638 5.731037160876945 177
1757428844689 5.598802301864414 178
1757428844769 5.4682085902143065 179
1757428844857 5.339256181136038 180
1757428844927 5.211945229523333 181
1757428845001 5.086275884373882 182
1757428845072 4.962248292816547 183
1757428845155 4.839862597804337 184
1757428845227 4.721752337600455 185
1757428845327 4.607051549537891 186
1757428845381 4.495348210676591 187
1757428845444 4.3865534957180925 188
1757428845513 4.280585688102515 189
1757428845601 4.177361097094234 190
1757428845677 4.076803009134883 191
1757428845777 3.978835087131268 192
1757428845844 3.8833854779892176 193
1757428845923 3.7903836804750632 194
1757428845979 3.6997624068273036 195
1757428846052 3.611456059374349 196
1757428846130 3.5254015597997843 197
1757428846187 3.4415375858806665 198
1757428846286 3.3598049236102954 199
1757428846350 3.2801460685027033 200
1757428846488 3.2025053580732057 201
1757428846648 3.1268287505904366 202
1757428846750 3.053063857918327 203
1757428846885 2.981159812288029 204
1757428846974 2.9110672553453454 205
1757428847078 2.8427382498040537 206
1757428847138 2.7761262504997903 207
1757428847202 2.7111860398846837 208
1757428847288 2.6478736928341458 209
1757428847373 2.5861465255633833 210
1757428847433 2.5259630593899356 211
1757428847497 2.467282977796578 212
1757428847567 2.410067091334112 213
1757428847652 2.3542773000724933 214
1757428847706 2.2998765604587055 215
1757428847801 2.246828851648046 216
1757428847876 2.1950991445280175 217
1757428847939 2.144653371055698 218
1757428848010 2.0954583954062502 219
1757428848064 2.0474819857733864 220
1757428848117 2.000692787507149 221
1757428848183 1.9550602970143256 222
1757428848246 1.9105548367251888 223
1757428848306 1.8671475308333418 224
1757428848395 1.8248102819343435 225
1757428848485 1.7835157484065474 226
1757428848537 1.7432373225778384 227
1757428848614 1.703949109588962 228
1757428848678 1.665625906960171 229
1757428848756 1.6282431848057621 230
1757428848860 1.5917770666873392 231
1757428848925 1.5562043110678807 232
1757428848991 1.5215022933513334 233
1757428849059 1.4876489884793818 234
1757428849131 1.4546229540682794 235
1757428849210 1.4224033140629848 236
1757428849292 1.3909697428915975 237
1757428849367 1.360302450100836 238
1757428849435 1.3303821654564392 239
1757428849517 1.3011901244916027 240
1757428849622 1.2727080544884894 241
1757428849693 1.2449181608776985 242
1757428849765 1.2178031140418435 243
1757428849862 1.1913460365095911 244
1757428849954 1.16553049052735 245
1757428850080 1.140340465996142 246
1757428850188 1.115760368761836 247
1757428850274 1.0917750092472844 248
1757428850391 1.068369591415433 249
1757428850482 1.045529702052816 250
1757428850570 1.0232413003633198 251
1757428850642 1.001490707862424 252
1757428850710 0.9802645985624922 253
1757428850791 0.9595499894400634 254
1757428850884 0.9393342311763657 255
1757428850963 0.9196049991626125 256
1757428851049 0.9003502847619557 257
1757428851164 0.8815583868201893 258
1757428851311 0.8632179034176309 259
1757428851436 0.845317723854844 260
1757428851535 0.8278470208650976 261
1757428851589 0.810795243046705 262
1757428851656 0.7941521075086405 263
1757428851747 0.7779075927229815 264
1757428851821 0.7620519315780361 265
1757428851887 0.7465756046261002 266
1757428851958 0.731469333520095 267
1757428852044 0.7167240746334386 268
1757428852110 0.7023310128577314 269
1757428852187 0.6882815555729989 270
1757428852263 0.6745673267853886 271
1757428852337 0.6611801614274093 272
1757428852394 0.6481120998159153 273
1757428852462 0.6353553822632343 274
1757428852521 0.6229024438369469 275
1757428852574 0.61074590926398 276
1757428852640 0.5988785879748246 277
1757428852726 0.587293469283772 278
1757428852795 0.5759837177012732 279
1757428852877 0.5649426683745374 280
1757428852972 0.5541638226527157 281
1757428853051 0.5436408437730397 282
1757428853120 0.5333675526644553 283
1757428853194 0.523337923865367 284
1757428853262 0.5135460815522055 285
1757428853330 0.5039862956756741 286
1757428853404 0.49465297820157306 287
1757428853459 0.4859608762783414 288
1757428853515 0.4772538269843978 289
1757428853573 0.468764928121986 290
1757428853627 0.46046858678426333 291
1757428853687 0.4523736379388589 292
1757428853744 0.4444656223264676 293
1757428853806 0.43674664022607995 294
1757428853864 0.42920748394898534 295
1757428853934 0.4218469725211647 296
1757428854032 0.4146585683689602 297
1757428854087 0.407639618778256 298
1757428854157 0.4007849715404283 299
1757428854236 0.39409137541138967 300
1757428854323 0.3875544402442405 301
1757428854409 0.38117072882429753 302
1757428854489 0.3749363100744024 303
1757428854550 0.368847752196874 304
1757428854638 0.36290143375344786 305
1757428854714 0.35709401443815547 306
1757428854802 0.35142210652034334 307
1757428854875 0.34588249740305504 308
1757428854943 0.34047199239947157 309
1757428855028 0.33518751940584784 310
1757428855143 0.3300260531579077 311
1757428855273 0.32498466395298004 312
1757428855416 0.32006048068211457 313
1757428855542 0.31525071302696894 314
1757428855615 0.3105526329718716 315
1757428855725 0.305963584452582 316
1757428855783 0.3014809737010561 317
1757428855845 0.297102272983126 318
1757428855944 0.29282501518871695 319
1757428856024 0.28864679480835725 320
1757428856103 0.28456526458607795 321
1757428856168 0.28057813522817127 322
1757428856235 0.27668317307873647 323
1757428856314 0.27287819926736967 324
1757428856380 0.26916108791049853 325
1757428856478 0.2655297650311585 326
1757428856552 0.2619822070475654 327
1757428856607 0.2585164396208707 328
1757428856682 0.2551305363153486 329
1757428856736 0.25182261744600587 330
1757428856818 0.24859084885333516 331
1757428856877 0.2454334407828959 332
1757428856964 0.24234864674558654 333
1757428857042 0.23933476244257093 334
1757428857125 0.23639012469545476 335
1757428857210 0.233513110421176 336
1757428857283 0.2307021356229772 337
1757428857338 0.2279556544158244 338
1757428857422 0.22527215807228612 339
1757428857495 0.22265017409723095 340
1757428857552 0.2200882653243474 341
1757428857609 0.21758502903811008 342
1757428857667 0.2151390961175443 343
1757428857730 0.21274913020318462 344
1757428857793 0.21041382688518093 345
1757428857852 0.20813191291292288 346
1757428857913 0.20590214542491356 347
1757428857975 0.2037233111987863 348
1757428858037 0.2015942259205909 349
1757428858100 0.19951373347303 350
1757428858189 0.19748070524197733 351
1757428858276 0.19549403944087526 352
1757428858330 0.19355266045244862 353
1757428858403 0.19165551818731635 354
1757428858507 0.1898015874590017 355
1757428858598 0.18798986737491818 356
1757428858696 0.18621938074288422 357
1757428858771 0.1844891734927611 358
1757428858847 0.18279831411278655 359
1757428858909 0.18114589310023127 360
1757428859000 0.17953102242597355 361
1757428859085 0.1779528350126324 362
1757428859153 0.176410484225891 363
1757428859226 0.174903143378662 364
1757428859333 0.17343000524774868 365
1757428859531 0.17199028160267557 366
1757428859651 0.1705832027463603 367
1757428859730 0.16920801706731944 368
1757428859847 0.16786399060309848 369
1757428859966 0.1665504066146354 370
1757428860066 0.165266565171265 371
1757428860124 0.1640117827460888 372
1757428860204 0.16278539182143717 373
1757428860309 0.16158674050416194 374
1757428860399 0.16041519215049876 375
1757428860494 0.159270125000251 376
1757428860565 0.15815093182006004 377
1757428860650 0.1570570195555119 378
1757428860725 0.155987808991864 379
1757428860806 0.15494273442316206 380
1757428860880 0.1539212433295324 381
1757428860960 0.1529227960624379 382
1757428861017 0.15194686553769263 383
1757428861080 0.15099293693603702 384
1757428861138 0.15006050741107507 385
1757428861226 0.14914908580439154 386
1757428861305 0.14825819236765705 387
1757428861391 0.1473873584915506 388
1757428861498 0.14653612644131941 389
1757428861572 0.14570404909880788 390
1757428861628 0.14489068971079463 391
1757428861700 0.14409562164347162 392
1757428861773 0.14331842814291418 393
1757428861844 0.14255870210138694 394
1757428861920 0.14181604582933938 395
1757428861976 0.14109007083294547 396
1757428862051 0.14038039759704996 397
1757428862133 0.1396866553733825 398
1757428862220 0.13900848197390858 399
1757428862277 0.13831561202490883 400
1757428862344 0.13768468013710541 401
1757428862412 0.13705106204390427 402
1757428862489 0.13643212195169943 403
1757428862571 0.1358274665830617 404
1757428862661 0.13523599434337952 405
1757428862720 0.13465800057883037 406
1757428862792 0.1340927646637399 407
1757428862892 0.13354028512421778 408
1757428863002 0.13297165472959543 409
1757428863104 0.13245974236649166 410
1757428863207 0.13194334731621865 411
1757428863304 0.13143893199259332 412
1757428863398 0.13094618676652064 413
1757428863497 0.13046409693897132 414
1757428863591 0.12999299485401355 415
1757428863677 0.12953223167184263 416
1757428863783 0.12905447768882758 417
1757428863916 0.12862952663868646 418
1757428864111 0.1281988839232488 419
1757428864274 0.12777817315342863 420
1757428864359 0.12736728581830012 421
1757428864453 0.12696517248442618 422
1757428864587 0.1265722594954801 423
1757428864663 0.12616143578865532 424
1757428864725 0.12580061895967848 425
1757428864828 0.12543309792206048 426
1757428864915 0.12507414390088878 427
1757428864992 0.12472355714811884 428
1757428865063 0.12438043013623597 429
1757428865143 0.1240196096719922 430
1757428865232 0.12370586653632429 431
1757428865321 0.12338513639212437 432
1757428865398 0.12307175247924446 433
1757428865481 0.12276580523857691 434
1757428865539 0.12246625071170375 435
1757428865614 0.1221487060461095 436
1757428865688 0.12187618893903307 437
1757428865749 0.12159618401703948 438
1757428865813 0.12132257171746116 439
1757428865912 0.12105551528275038 440
1757428866013 0.12079397222141817 441
1757428866088 0.12051401666406149 442
1757428866159 0.12027753933468828 443
1757428866245 0.12003304317500257 444
1757428866320 0.11979412434598048 445
1757428866392 0.11956098666775125 446
1757428866466 0.11930889453027312 447
1757428866528 0.11909889071470295 448
1757428866612 0.11888042562895311 449
1757428866698 0.11866715165118367 450
1757428866757 0.1184589356332938 451
1757428866817 0.11823187851521753 452
1757428866876 0.11804536103002894 453
1757428866937 0.11785026002687042 454
1757428867012 0.11765977434720322 455
1757428867110 0.11747386422513766 456
1757428867171 0.11729174300857612 457
1757428867246 0.11709056398112734 458
1757428867338 0.11692919296366225 459
1757428867412 0.11675885355666878 460
1757428867511 0.11659240887721863 461
1757428867587 0.1164301180847174 462
1757428867686 0.1162481450900024 463
1757428867761 0.11610529565558314 464
1757428867851 0.11595303790120029 465
1757428867922 0.11580445628686659 466
1757428867993 0.11565949596647156 467
1757428868075 0.11549486258540399 468
1757428868166 0.11536841113128442 469
1757428868236 0.11523242261633607 470
1757428868322 0.11509970627867688 471
1757428868443 0.11494854109097057 472
1757428868601 0.11483342733574406 473
1757428868717 0.11471727400820073 474
1757428868771 0.11461506711584242 475
1757428868829 0.11448762656949642 476
1757428868938 0.11438028452296205 477
1757428869034 0.11426318801246035 478
1757428869100 0.11418703668366545 479
1757428869167 0.11406038214268202 480
1757428869260 0.11399072762846096 481
1757428869377 0.11384493497501497 482
1757428869486 0.11380689653767942 483
1757428869581 0.11370273891319625 484
1757428869660 0.11361831211662324 485
1757428869834 0.11352413412861806 486
1757428869943 0.11345064346598337 487
1757428870019 0.1133743613700442 488
1757428870096 0.11331583602990401 489
1757428870203 0.11324652582473163 490
1757428870308 0.113219629102063 491
1757428870420 0.11312143769814989 492
1757428870509 0.11309122720877011 493
1757428870592 0.11300883208799248 494
1757428870662 0.11299766823117373 495
1757428870752 0.11289345975104995 496
1757428870817 0.11289205323703919 497
1757428870881 0.11276328073086458 498
1757428870947 0.11277692516754055 499
