1757502020823 159.53578191625385 0
1757502020952 179.72358368946828 1
1757502021088 165.30339321929983 2
1757502021226 168.4014574147096 3
1757502021358 168.95308560829145 4
1757502021471 150.0460981194965 5
1757502021585 180.37622560486292 6
1757502021713 172.00964056150653 7
1757502021839 172.08920045300016 8
1757502021947 174.3693739038223 9
1757502022083 179.90969693574152 10
1757502022205 162.16302064501272 11
1757502022329 178.67618753008475 12
1757502022471 170.36068029688147 13
1757502022596 156.99266892212205 14
1757502022726 150.02882473808654 15
1757502022856 156.3354956286256 16
1757502023006 146.55870276790915 17
1757502023124 158.0650419429179 18
