1757402523959 169.28850267127677 0
1757402523987 169.18949275484377 1
1757402524013 169.14203669951038 2
1757402524038 169.09966667598752 3
1757402524063 169.06109154952836 4
1757402524088 169.02697288352778 5
1757402524115 168.9967235391985 6
1757402524140 168.96989825943314 7
1757402524165 168.94609961674297 8
1757402524190 168.92497707206877 9
1757402524215 168.90622115505226 10
1757402524242 168.88955863831578 11
1757402524280 168.87474826430866 12
1757402524308 168.86157697904514 13
1757402524335 168.84985661132527 14
1757402524361 168.83942094465698 15
1757402524387 168.83012313529065 16
1757402524413 168.82183343532444 17
1757402524701 168.81443718471633 18
1757402524735 168.80783304033875 19
1757402524761 168.80193141399423 20
1757402524786 168.79665309464994 21
1757402524811 168.7919280330834 22
1757402524837 168.78769426972218 23
1757402524862 168.78389698874088 24
1757402524887 168.78048768348694 25
1757402524914 168.77742342007767 26
1757402524939 168.77466618757117 27
1757402524964 168.77218232448746 28
1757402524988 168.76994201266749 29
1757402525013 168.76791883052618 30
1757402525038 168.7660893586939 31
1757402525063 168.76443283187197 32
1757402525088 168.7632408735404 33
1757402525114 168.7619851224888 34
