1757508662988 169.25484662757714 0
1757508663045 167.6938919828538 1
1757508663102 166.85659073980602 2
1757508663163 166.02311777393035 3
1757508663227 165.1966720168615 4
1757508663306 164.3771723760482 5
1757508663368 163.56455407637688 6
1757508663427 162.75875288845245 7
1757508663487 161.95970519909537 8
1757508663544 161.16734800501476 9
1757508663600 160.3816189069145 10
1757508663655 159.60245610365425 11
1757508663712 158.82979838646756 12
1757508663769 158.06358513323585 13
1757508663824 157.30375630281762 14
1757508663886 156.5502524294331 15
1757508663942 155.80301461710317 16
1757508663999 155.06198453414197 17
1757508664056 154.3271044077033 18
1757508664112 153.59831701837956 19
1757508664168 152.87556569485324 20
1757508664225 152.15879430860014 21
1757508664282 151.44794726864407 22
1757508664352 150.74296951636242 23
1757508664409 150.04380652034172 24
1757508664467 149.35040427128354 25
1757508664527 148.66270927695973 26
1757508664588 147.98066855721598 27
1757508664646 147.30422963902467 28
1757508664702 146.63334055158512 29
1757508664760 145.96794982147136 30
1757508664817 145.30800646782708 31
1757508664873 144.65345999760734 32
1757508664935 144.00426040086575 33
1757508664998 143.3603581460883 34
1757508665061 142.72170417557138 35
1757508665120 142.08824990084548 36
1757508665178 141.4599471981426 37
1757508665234 140.836748403908 38
1757508665292 140.21860631035537 39
1757508665358 139.60547416106476 40
1757508665417 138.99730564662374 41
1757508665473 138.39405490031035 42
1757508665532 137.79567649381804 43
1757508665588 137.20212543302205 44
1757508665644 136.61335715378684 45
1757508665705 136.02932751781407 46
1757508665764 135.44999280853102 47
1757508665826 134.87530972701848 48
1757508665883 134.3052353879785 49
1757508665941 133.73972731574108 50
1757508665998 133.17874344030923 51
1757508666060 132.6222420934431 52
1757508666119 132.0701820047812 53
1757508666175 131.52252229799987 54
1757508666232 130.97922248700962 55
1757508666289 130.4402424721883 56
1757508666356 129.90554253665107 57
1757508666414 129.37508334255628 58
1757508666472 128.8488259274471 59
1757508666543 128.32673170062878 60
1757508666731 127.80876243958086 61
1757508666875 127.29488028640426 62
1757508667015 126.78504774430264 63
1757508667098 126.27922767409804 64
1757508667179 125.77738329078016 65
1757508667314 125.27947816008906 66
1757508667433 124.78547619513101 67
1757508667555 124.29534165302721 68
1757508667753 123.8090391315947 69
1757508667822 123.32653356605984 70
1757508667889 122.84779022580318 71
1757508667956 122.37277471113624 72
1757508668018 121.90145295010933 73
1757508668087 121.43379119535024 74
1757508668151 120.96975602093367 75
1757508668216 120.50931431928105 76
1757508668279 120.05243329809014 77
1757508668344 119.59908047729459 78
1757508668418 119.14922368605295 79
1757508668481 118.70283105976664 80
1757508668541 118.259871037127 81
1757508668601 117.82031235719093 82
1757508668662 117.38412405648477 83
1757508668721 116.95127546613624 84
1757508668780 116.52173620903419 85
1757508668840 116.09547619701594 86
1757508668898 115.67246562808164 87
1757508668956 115.25267498363587 88
1757508669013 114.8360750257557 89
1757508669077 114.42263679448543 90
1757508669136 114.01233160515741 91
1757508669194 113.60513104573882 92
1757508669254 113.20100697420413 93
1757508669318 112.79993151593304 94
1757508669384 112.40187706113365 95
1757508669452 112.00681626229044 96
1757508669510 111.61472203163714 97
1757508669569 111.22556753865393 98
1757508669626 110.83932620758904 99
1757508669686 110.45597171500398 100
1757508669744 110.07547798734318 101
1757508669803 109.6978191985264 102
1757508669864 109.32296976756511 103
1757508669922 108.95090435620149 104
1757508669981 108.5815978665706 105
1757508670039 108.21502543888485 106
1757508670103 107.85116244914136 107
1757508670164 107.48998450685102 108
1757508670225 107.13146745278979 109
1757508670286 106.77558735677192 110
1757508670348 106.42232051544424 111
1757508670408 106.07164345010234 112
1757508670473 105.72353290452759 113
1757508670534 105.37796584284509 114
1757508670593 105.03491944740254 115
1757508670651 104.6943711166694 116
1757508670709 104.35629846315668 117
1757508670770 104.02067931135647 118
1757508670829 103.68749169570188 119
1757508670889 103.35671385854631 120
1757508670948 103.02832424816252 121
1757508671009 102.70230151676097 122
1757508671068 102.37862451852746 123
1757508671127 102.05727230767953 124
1757508671187 101.73822413654185 125
1757508671246 101.42145945364027 126
1757508671305 101.10695790181417 127
1757508671365 100.79469931634716 128
1757508671424 100.4846637231158 129
1757508671491 100.17683133675641 130
1757508671551 99.87118255884936 131
1757508671609 99.56769797612115 132
1757508671667 99.26635835866378 133
1757508671726 98.9671446581714 134
1757508671784 98.67003800619389 135
1757508671842 98.37501971240752 136
1757508671901 98.0820712629023 137
1757508671960 97.79117431848579 138
1757508672017 97.50231071300335 139
1757508672074 97.21546245167482 140
1757508672137 96.930611709447 141
1757508672196 96.64774082936233 142
1757508672254 96.36683232094319 143
1757508672313 96.08786885859183 144
1757508672374 95.81083328000597 145
1757508672431 95.53570858460945 146
1757508672498 95.26247793199826 147
1757508672558 94.99112464040145 148
1757508672615 94.72163218515718 149
1757508672673 94.4539841972031 150
1757508672735 94.18816446158183 151
1757508672793 93.92415691596042 152
1757508672854 93.6619456491645 153
1757508672916 93.40151489972628 154
1757508672976 93.14284905444698 155
1757508673036 92.88593264697272 156
1757508673096 92.63075035638455 157
1757508673157 92.37728700580197 158
1757508673226 92.12552756099987 159
1757508673351 91.87545712903894 160
1757508673435 91.62706095690939 161
1757508673511 91.38032443018764 162
1757508673574 91.13523307170603 163
1757508673635 90.89177254023552 164
1757508673698 90.64992862918096 165
1757508673758 90.40968726528904 166
1757508673818 90.17103450736874 167
1757508673914 89.93395654502423 168
1757508673992 89.69843969739976 169
1757508674072 89.46447041193701 170
1757508674151 89.23203526314425 171
1757508674226 89.00112095137744 172
1757508674301 88.77171430163308 173
1757508674378 88.54380226235286 174
1757508674456 88.31737190423964 175
1757508674546 88.09241041908517 176
1757508674624 87.86890511860882 177
1757508674703 87.64684343330777 178
1757508674776 87.4262129113182 179
1757508674846 87.20700121728754 180
1757508674916 86.98919613125756 181
1757508674987 86.77278554755829 182
1757508675057 86.55775747371267 183
1757508675120 86.34410002935171 184
1757508675187 86.1318014451401 185
1757508675258 85.92085006171239 186
1757508675328 85.71123432861917 187
1757508675400 85.50294280328374 188
1757508675476 85.2959641499686 189
1757508675561 85.09028713875205 190
1757508675632 84.88590064451463 191
1757508675704 84.68279364593546 192
1757508675785 84.48095522449809 193
1757508675877 84.28037456350611 194
1757508675968 84.08104094710826 195
1757508676041 83.88294375933276 196
1757508676110 83.68607248313128 197
1757508676184 83.49041669943192 198
1757508676251 83.29596608620135 199
1757508676316 83.10271041751614 200
1757508676388 82.91063956264291 201
1757508676459 82.7197434851275 202
1757508676529 82.53001224189276 203
1757508676595 82.34143598234525 204
1757508676661 82.15400494749045 205
1757508676725 81.9677094690565 206
1757508676790 81.78253996862648 207
1757508676856 81.598486956779 208
1757508676920 81.41554103223717 209
1757508676984 81.23369288102565 210
1757508677049 81.0529332756359 211
1757508677112 80.87325307419967 212
1757508677174 80.6946432196701 213
1757508677234 80.5170947390111 214
1757508677297 80.34059874239425 215
1757508677359 80.1651464224037 216
1757508677419 79.99072905324857 217
1757508677482 79.81733798998299 218
1757508677554 79.64496466773382 219
1757508677615 79.4736006009355 220
1757508677680 79.30323738257268 221
1757508677742 79.13386668342979 222
1757508677804 78.96548025134814 223
1757508677865 78.79806991049007 224
1757508677929 78.63162756061007 225
1757508677991 78.46614517633319 226
1757508678054 78.3016148064403 227
1757508678116 78.13802857316007 228
1757508678179 77.97537867146816 229
1757508678241 77.81365736839284 230
1757508678302 77.65285700232732 231
1757508678362 77.49296998234907 232
1757508678421 77.33398878754525 233
1757508678482 77.17590596634489 234
1757508678545 77.01871413585755 235
1757508678614 76.86240598121815 236
1757508678674 76.70697425493839 237
1757508678735 76.5524117762642 238
1757508678800 76.39871143053949 239
1757508678862 76.24586616857603 240
1757508678924 76.09386900602934 241
1757508678985 75.94271302278075 242
1757508679065 75.79239136232525 243
1757508679209 75.64289723116529 244
1757508679367 75.49422389821055 245
1757508679495 75.3463646941833 246
1757508679626 75.19931301102962 247
1757508679699 75.05306230133624 248
1757508679797 74.90760607775312 249
1757508679958 74.76293791242139 250
1757508680041 74.61905143640695 251
1757508680109 74.4759403391395 252
1757508680177 74.333598367857 253
1757508680250 74.19201932705548 254
1757508680315 74.05119707794393 255
1757508680379 73.91112553790498 256
1757508680445 73.77179867996011 257
1757508680510 73.6332105322406 258
1757508680573 73.49535517746313 259
1757508680645 73.35822675241074 260
1757508680707 73.2218194474186 261
1757508680770 73.08612750586491 262
1757508680833 72.95114522366644 263
1757508680895 72.81686694877932 264
1757508680957 72.6832870807042 265
1757508681019 72.55040006999646 266
1757508681082 72.41820041778112 267
1757508681147 72.28668267527233 268
1757508681211 72.1558414432975 269
1757508681278 72.02567137182612 270
1757508681344 71.8961671595029 271
1757508681408 71.76732355318565 272
1757508681469 71.63913534748751 273
1757508681534 71.51159738432355 274
1757508681597 71.38470455246171 275
1757508681669 71.25845178707823 276
1757508681734 71.13283406931716 277
1757508681797 71.00784642585425 278
1757508681858 70.88348392846495 279
1757508681922 70.7597416935967 280
1757508681987 70.63661488194504 281
1757508682050 70.51409869803423 282
1757508682113 70.39218838980162 283
1757508682178 70.27087924818596 284
1757508682243 70.15016660671992 285
1757508682306 70.03004584112637 286
1757508682369 69.91051236891852 287
1757508682431 69.79156164900405 288
1757508682494 69.67318918129295 289
1757508682556 69.5553905063091 290
1757508682618 69.4381612048056 291
1757508682685 69.32149689738401 292
1757508682748 69.20539324411685 293
1757508682811 69.08984594417412 294
1757508682872 68.97485073545317 295
1757508682934 68.86040339421227 296
1757508683000 68.74649973470754 297
1757508683062 68.63313560883363 298
1757508683123 68.52030690576754 299
1757508683186 68.4080095516161 300
1757508683248 68.29623950906685 301
1757508683309 68.18499277704196 302
1757508683371 68.07426539035598 303
1757508683434 67.9640534193764 304
1757508683495 67.85435296968778 305
1757508683556 67.74516018175899 306
1757508683618 67.63647123061368 307
1757508683686 67.52828232550387 308
1757508683748 67.42058970958674 309
1757508683811 67.31338965960448 310
1757508683874 67.20667848556727 311
1757508683937 67.1004525304392 312
1757508683999 66.99470816982736 313
1757508684062 66.88944181167378 314
1757508684124 66.7846498959504 315
1757508684186 66.68032889435695 316
1757508684254 66.57647531002175 317
1757508684316 66.47308567720533 318
1757508684381 66.37015656100704 319
1757508684446 66.26768455707419 320
1757508684511 66.16566629131438 321
1757508684575 66.06409841961022 322
1757508684641 65.962977627537 323
1757508684716 65.86230063008306 324
1757508684781 65.76206417137277 325
1757508684846 65.66226502439214 326
1757508684913 65.56289999071726 327
1757508684980 65.46396590024513 328
1757508685048 65.36545961092712 329
1757508685115 65.26737800850515 330
1757508685182 65.16971800625014 331
1757508685250 65.07247654470318 332
1757508685320 64.97565059141914 333
1757508685385 64.87923714071265 334
1757508685450 64.78323321340655 335
1757508685517 64.68763585658292 336
1757508685587 64.59244214333614 337
1757508685653 64.49764917252882 338
1757508685729 64.40325406854953 339
1757508685798 64.3092539810732 340
1757508685864 64.21564608482382 341
1757508685930 64.12242757933919 342
1757508685998 64.02959568873813 343
1757508686065 63.93714766148986 344
1757508686131 63.845080770185554 345
1757508686198 63.753392311312126 346
1757508686265 63.662079605028175 347
1757508686332 63.57113999494205 348
1757508686404 63.48057084789213 349
1757508686472 63.390369553729045 350
1757508686546 63.30053352510017 351
1757508686651 63.211060197236094 352
1757508686747 63.12194702773909 353
1757508686822 63.033191496373675 354
1757508686902 62.9447911048592 355
1757508686979 62.856743376664355 356
1757508687050 62.76904585680371 357
1757508687117 62.681696111636086 358
1757508687186 62.594691728665076 359
1757508687252 62.5080303163412 360
1757508687321 62.42170950386623 361
1757508687389 62.335726940999145 362
1757508687458 62.250080297864116 363
1757508687529 62.16476726476026 364
1757508687601 62.07978555197318 365
1757508687669 61.995132889588405 366
1757508687747 61.91080702730655 367
1757508687818 61.82680573426021 368
1757508687895 61.74312679883271 369
1757508687973 61.65976802847849 370
1757508688046 61.57672724954528 371
1757508688116 61.49400230709791 372
1757508688184 61.41159106474387 373
1757508688252 61.32949140446052 374
1757508688321 61.24770122642388 375
1757508688390 61.16621844883918 376
1757508688456 61.08504100777297 377
1757508688523 61.00416685698678 378
1757508688594 60.92359396777246 379
1757508688659 60.84332032878906 380
1757508688725 60.76334394590128 381
1757508688801 60.68366284201941 382
1757508688879 60.60427505694087 383
1757508688945 60.52517864719325 384
1757508689012 60.44637168587877 385
1757508689079 60.36785226252039 386
1757508689144 60.28961848290919 387
1757508689211 60.211668468953405 388
1757508689276 60.13400035852871 389
1757508689341 60.05661230533011 390
1757508689408 59.9795024787251 391
1757508689471 59.9026690636084 392
1757508689535 59.82611026025778 393
1757508689604 59.74982428419166 394
1757508689669 59.67380936602773 395
1757508689734 59.59806375134308 396
1757508689808 59.52258570053563 397
1757508689873 59.447373488686914 398
1757508689937 59.372425405426135 399
1757508690008 59.29773975479547 400
1757508690119 59.22331485511682 401
1757508690213 59.14914903885963 402
1757508690322 59.07524065251016 403
1757508690406 59.001588056441804 404
1757508690485 58.92818962478687 405
1757508690594 58.855043745309366 406
1757508690688 58.78214881927917 407
1757508690787 58.70950326134728 408
1757508690881 58.63710549942232 409
1757508690964 58.56495397454821 410
1757508691051 58.49304714078296 411
1757508691140 58.42138346507874 412
1757508691219 58.34996142716288 413
1757508691291 58.278779519420254 414
1757508691368 58.20783624677655 415
1757508691448 58.13713012658289 416
1757508691529 58.066659688501296 417
1757508691608 57.99642347439144 418
1757508691687 57.926420038198394 419
1757508691871 57.85664794584145 420
1757508692071 57.787105775104045 421
1757508692277 57.71779211552463 422
1757508692419 57.64870556828869 423
1757508692514 57.57984474612171 424
1757508692650 57.51120827318328 425
1757508692820 57.442794784962 426
1757508692925 57.37460292817159 427
1757508693011 57.3066313606479 428
1757508693086 57.23887875124685 429
1757508693162 57.171343779743474 430
1757508693235 57.10402513673175 431
1757508693306 57.036921523525564 432
1757508693378 56.9700316520605 433
1757508693452 56.90335424479655 434
1757508693523 56.83688803462186 435
1757508693593 56.77063176475727 436
1757508693662 56.704584188661805 437
1757508693729 56.63874406993913 438
1757508693802 56.57311018224478 439
1757508693872 56.50768130919435 440
1757508693939 56.442456244272506 441
1757508694006 56.37743379074292 442
1757508694073 56.312612761558995 443
1757508694139 56.24799197927549 444
1757508694204 56.18357027596096 445
1757508694269 56.11934649311101 446
1757508694338 56.05531948156241 447
1757508694409 55.99148810140799 448
1757508694474 55.92785122191239 449
1757508694542 55.86440772142852 450
1757508694607 55.80115648731496 451
1757508694671 55.73809641585391 452
1757508694741 55.675226412170225 453
1757508694811 55.612545390150935 454
1757508694887 55.55005227236568 455
1757508694957 55.48774598998789 456
1757508695026 55.42562548271667 457
1757508695093 55.36368969869938 458
1757508695162 55.30193759445515 459
1757508695233 55.240368134798814 460
1757508695300 55.17898029276588 461
1757508695368 55.11777304953794 462
1757508695442 55.05674539436898 463
1757508695510 54.99589632451229 464
1757508695578 54.93522484514808 465
1757508695648 54.87472996931179 466
1757508695716 54.814410717823115 467
1757508695785 54.75426611921562 468
1757508695855 54.69429520966709 469
1757508695933 54.63449703293052 470
1757508696003 54.57487064026569 471
1757508696075 54.51541509037155 472
1757508696145 54.456129449319064 473
1757508696215 54.397012790484816 474
1757508696284 54.338064194485156 475
1757508696353 54.27928274911103 476
1757508696426 54.220667549263425 477
1757508696495 54.162217696889286 478
1757508696565 54.10393230091835 479
1757508696633 54.045810477200206 480
1757508696702 53.987851348442206 481
1757508696772 53.93005404414785 482
1757508696842 53.87241770055585 483
1757508696919 53.814941460579576 484
1757508697069 53.75762447374729 485
1757508697188 53.70046589614285 486
1757508697264 53.64346489034692 487
1757508697370 53.58662062537886 488
1757508697440 53.52993227663902 489
1757508697512 53.473399025851734 490
1757508697586 53.417020061008685 491
1757508697658 53.36079457631292 492
1757508697729 53.30472177212339 493
1757508697799 53.24880085489998 494
1757508697871 53.19303103714897 495
1757508697951 53.137411537369225 496
1757508698022 53.081941579998684 497
1757508698093 53.02662039536143 498
1757508698165 52.971447219615314 499
