1757427771984 161.0424949987431 0
1757427772017 159.72284225282357 1
1757427772046 159.06638092138425 2
1757427772077 158.41213393438596 3
1757427772105 157.760109685745 4
1757427772132 157.11030656928614 5
1757427772160 156.4627230547149 6
1757427772191 155.8173576300748 7
1757427772223 155.1742088018579 8
1757427772251 154.53327509478746 9
1757427772288 153.8945550516055 10
1757427772315 153.25804723286234 11
1757427772346 152.62375021670903 12
1757427772373 151.99166259869176 13
1757427772399 151.3617829915487 14
1757427772428 150.73411002500958 15
1757427772452 150.108642345597 16
1757427772479 149.48537861643038 17
1757427772505 148.86431751703222 18
1757427772535 148.24545774313623 19
1757427772560 147.62879800649796 20
1757427772585 147.01451442479672 21
1757427772610 146.40263827521318 22
1757427772635 145.79309233187635 23
1757427772660 145.1858678482221 24
1757427772686 144.580955812662 25
1757427772711 143.9783473514298 26
1757427772736 143.37803372394865 27
1757427772760 142.780006320855 28
1757427772792 142.18425666203376 29
1757427772828 141.59077639468342 30
1757427772853 140.9995572914102 31
1757427772878 140.41059124835084 32
1757427772904 139.82387028332332 33
1757427772928 139.23938653400583 34
1757427772965 138.65713225614272 35
1757427772993 138.07709982177724 36
1757427773021 137.49928171751154 37
1757427773048 136.92367054279185 38
1757427773075 136.3502590082202 39
1757427773105 135.77903993389089 40
1757427773132 135.2100062477523 41
1757427773160 134.64315098399317 42
1757427773188 134.07846728145316 43
1757427773217 133.51594838205708 44
1757427773260 132.95558762927277 45
1757427773293 132.39737846659227 46
1757427773319 131.8413144360353 47
1757427773344 131.28738917667582 48
1757427773370 130.73559642319003 49
1757427773395 130.18593000442698 50
1757427773422 129.63838384199957 51
1757427773449 129.09295194889773 52
1757427773475 128.54962842812165 53
1757427773501 128.00840747133597 54
1757427773529 127.46928335754387 55
1757427773555 126.93225045178113 56
1757427773581 126.3973032038299 57
1757427773606 125.86443614695162 58
1757427773632 125.33364389663888 59
1757427773657 124.80492114938622 60
1757427773683 124.27826268147912 61
1757427773708 123.75366334780134 62
1757427773733 123.23111808065998 63
1757427773760 122.71062188862825 64
1757427773787 122.19216985540562 65
1757427773812 121.6757571386948 66
1757427773838 121.16137896909599 67
1757427773864 120.64903064901732 68
1757427773890 120.13870755160174 69
1757427773917 119.63040511967007 70
1757427773945 119.12411886467973 71
1757427773992 118.61984436569928 72
1757427774028 118.11757726839812 73
1757427774060 117.6173132840514 74
1757427774091 117.11904818855993 75
1757427774124 116.62277782148453 76
1757427774161 116.12849808509519 77
1757427774192 115.63620494343415 78
1757427774221 115.14589442139318 79
1757427774253 114.6575626038046 80
1757427774284 114.17120563454611 81
1757427774310 113.68681971565857 82
1757427774337 113.20440110647758 83
1757427774366 112.72394612277756 84
1757427774392 112.24545113592896 85
1757427774418 111.76891257206792 86
1757427774444 111.29432691127846 87
1757427774471 110.82169068678678 88
1757427774498 110.3510004841678 89
1757427774527 109.8822529405634 90
1757427774554 109.41544474391249 91
1757427774580 108.95057263219245 92
1757427774606 108.48763339267218 93
1757427774631 108.02662386117596 94
1757427774658 107.56754092135871 95
1757427774683 107.11038150399182 96
1757427774710 106.65514258625966 97
1757427774736 106.20182119106691 98
1757427774762 105.75041438635583 99
1757427774789 105.30091928443412 100
1757427774816 104.85333304131257 101
1757427774841 104.40765285605268 102
1757427774867 103.96387597012418 103
1757427774894 103.52199966677195 104
1757427774920 103.0820212703925 105
1757427774946 102.6439381459198 106
1757427774981 102.20774769822029 107
1757427775010 101.77344737149673 108
1757427775039 101.34103464870134 109
1757427775067 100.91050705095742 110
1757427775102 100.48186213698968 111
1757427775131 100.05509750256307 112
1757427775160 99.63021077993012 113
1757427775188 99.20719963728638 114
1757427775218 98.786061778234 115
1757427775246 98.36679494125353 116
1757427775275 97.94939689918334 117
1757427775313 97.53386545870701 118
1757427775341 97.12019845984824 119
1757427775369 96.70839377547345 120
1757427775397 96.29844931080162 121
1757427775425 95.89036300292166 122
1757427775453 95.48413282031689 123
1757427775492 95.07975676239651 124
1757427775520 94.67723285903429 125
1757427775549 94.27655917011391 126
1757427775576 93.87773378508135 127
1757427775615 93.48075482250364 128
1757427775642 93.0856204296346 129
1757427775672 92.69232878198657 130
1757427775710 92.30087808290905 131
1757427775738 91.91126656317321 132
1757427775765 91.52349248056281 133
1757427775794 91.13755411947118 134
1757427775820 90.75344979050425 135
1757427775848 90.37117783008944 136
1757427775877 89.99073660009036 137
1757427775904 89.6121244874274 138
1757427775932 89.23533990370382 139
1757427775962 88.8603812848375 140
1757427776001 88.4872470906982 141
1757427776031 88.11593580475015 142
1757427776060 87.74644593370003 143
1757427776088 87.37877600715021 144
1757427776115 87.01292457725708 145
1757427776142 86.64889021839464 146
1757427776170 86.28667152682287 147
1757427776197 85.92626712036122 148
1757427776224 85.56767563806689 149
1757427776255 85.21089573991803 150
1757427776288 84.85592610650144 151
1757427776325 84.50276543870515 152
1757427776376 84.15141245741535 153
1757427776408 83.8018659032181 154
1757427776439 83.45412453610523 155
1757427776468 83.10818713518488 156
1757427776496 82.76405249839608 157
1757427776528 82.4217194422278 158
1757427776561 82.08118680144202 159
1757427776592 81.74245342880107 160
1757427776620 81.40551819479901 161
1757427776648 81.07037998739686 162
1757427776678 80.73703771176189 163
1757427776707 80.4054902900109 164
1757427776735 80.07573666095705 165
1757427776762 79.74777577986072 166
1757427776790 79.42160661818396 167
1757427776818 79.09722816334853 168
1757427776846 78.77463941849774 169
1757427776873 78.45383940226165 170
1757427776900 78.13482714852579 171
1757427776928 77.81760170620342 172
1757427776955 77.50216213901119 173
1757427776983 77.18850752524787 174
1757427777019 76.87663695757678 175
1757427777048 76.5665495428111 176
1757427777078 76.25824440170267 177
1757427777107 75.95172066873361 178
1757427777134 75.64697749191139 179
1757427777162 75.34401403256668 180
1757427777190 75.04282946515421 181
1757427777217 74.74342297705697 182
1757427777245 74.44579376839273 183
1757427777272 74.14994105182392 184
1757427777301 73.85586405237007 185
1757427777329 73.56356200722318 186
1757427777358 73.27303416556582 187
1757427777385 72.98427978839177 188
1757427777413 72.69729814832962 189
1757427777440 72.41208852946865 190
1757427777468 72.12865022718769 191
1757427777496 71.84698254798603 192
1757427777523 71.5670848093174 193
1757427777552 71.28895633942601 194
1757427777580 71.0125964771851 195
1757427777608 70.73800457193812 196
1757427777636 70.46517998334187 197
1757427777664 70.19412208121238 198
1757427777693 69.92483024537285 199
1757427777720 69.65730386550385 200
1757427777748 69.39154234099581 201
1757427777776 69.1275450808037 202
1757427777805 68.86531150330383 203
1757427777833 68.60484103615288 204
1757427777861 68.34613311614875 205
1757427777889 68.08918718909392 206
1757427777917 67.83400270966033 207
1757427777945 67.58057914125676 208
1757427777973 67.32891595589777 209
1757427778003 67.07901263407486 210
1757427778031 66.83086866462935 211
1757427778060 66.58448354462735 212
1757427778089 66.3398567792364 213
1757427778117 66.09698788160405 214
1757427778145 65.85587637273817 215
1757427778173 65.6165217813891 216
1757427778202 65.37892364393355 217
1757427778230 65.14308150426017 218
1757427778258 64.90899491365685 219
1757427778288 64.67666343069968 220
1757427778316 64.44608662114356 221
1757427778345 64.2172640578145 222
1757427778373 63.99038514045149 223
1757427778403 63.76617671544849 224
1757427778431 63.544088201703666 225
1757427778460 63.32407536647338 226
1757427778488 63.106082779617545 227
1757427778517 62.890058433222904 228
1757427778546 62.675953152157966 229
1757427778576 62.46372044928955 230
1757427778605 62.25331637688647 231
1757427778633 62.044699386556054 232
1757427778662 61.83783019689626 233
1757427778690 61.632671668447706 234
1757427778719 61.42918868554338 235
1757427778747 61.22734804467564 236
1757427778776 61.02711834902143 237
1757427778805 60.82846990878638 238
1757427778836 60.63137464704675 239
1757427778865 60.435806010786614 240
1757427778894 60.24173888684353 241
1757427778924 60.049149522492385 242
1757427778954 59.8580154504116 243
1757427778983 59.66831541779016 244
1757427779013 59.48004142824182 245
1757427779043 59.29328133598136 246
1757427779074 59.10810903463496 247
1757427779103 58.92526581297544 248
1757427779132 58.74417494789953 249
1757427779161 58.56477625994218 250
1757427779191 58.3870003242344 251
1757427779219 58.21078303084071 252
1757427779250 58.0360647129621 253
1757427779279 57.8627898451381 254
1757427779308 57.69090674463508 255
1757427779350 57.52036729502703 256
1757427779395 57.35112668966312 257
1757427779440 57.183143193618186 258
1757427779482 57.01637792279571 259
1757427779522 56.850794638949544 260
1757427779564 56.68635955947953 261
1757427779606 56.5230411809379 262
1757427779645 56.36081011526026 263
1757427779686 56.199638937805304 264
1757427779726 56.039502046353974 265
1757427779768 55.880375530278776 266
1757427779809 55.72223704915178 267
1757427779848 55.56506572011156 268
1757427779888 55.408842013358665 269
1757427779950 55.253547655194346 270
1757427779997 55.09916553805924 271
1757427780056 54.945679637068224 272
1757427780113 54.793074932573056 273
1757427780166 54.641337338319005 274
1757427780216 54.490453634792125 275
1757427780267 54.340411407383364 276
1757427780318 54.19119898902212 277
1757427780364 54.04280540695721 278
1757427780405 53.89522033338623 279
1757427780446 53.74843403965566 280
1757427780488 53.60243735377438 281
1757427780530 53.457221621001246 282
1757427780574 53.312778667285386 283
1757427780628 53.16910076535269 284
1757427780671 53.02618060324816 285
1757427780713 52.88401125515619 286
1757427780754 52.74258615433462 287
1757427780800 52.601899068009736 288
1757427780851 52.46194407409046 289
1757427780917 52.322715539570304 290
1757427780964 52.18420810049507 291
1757427781005 52.04641664338286 292
1757427781059 51.909336287991664 293
1757427781102 51.77296237133655 294
1757427781142 51.6372904328664 295
1757427781182 51.502316200716 296
1757427781222 51.36803557895547 297
1757427781263 51.234444635765016 298
1757427781303 51.10153959246765 299
1757427781342 50.969316813357885 300
1757427781382 50.837772796268304 301
1757427781461 50.70690416382082 302
1757427781547 50.57670765531264 303
1757427781589 50.44718011919073 304
1757427781630 50.31831850607242 305
1757427781669 50.19011986227183 306
1757427781709 50.06258132379577 307
1757427781750 49.93570011077476 308
1757427781790 49.80947352229735 309
1757427781830 49.68389893161859 310
1757427781869 49.55897378171509 311
1757427781910 49.434695581161584 312
1757427781950 49.31106190030539 313
1757427781989 49.18807036771707 314
1757427782029 49.06571866689696 315
1757427782073 48.94400453321907 316
1757427782120 48.82292575109477 317
1757427782160 48.70248015134017 318
1757427782206 48.5826656087324 319
1757427782256 48.46348003974081 320
1757427782300 48.3449214004202 321
1757427782341 48.22698768445434 322
1757427782381 48.10967692133854 323
1757427782420 47.992987174691095 324
1757427782460 47.8769165406842 325
1757427782502 47.76146314658539 326
1757427782633 47.64662514940142 327
1757427782834 47.532400734616985 328
1757427782951 47.418788115021286 329
1757427783163 47.30578552961597 330
1757427783241 47.19339124259833 331
1757427783303 47.08160354241425 332
1757427783392 46.9704207408758 333
1757427783438 46.85984117233839 334
1757427783499 46.749863192933454 335
1757427783584 46.640485179852234 336
1757427783664 46.53170553067691 337
1757427783721 46.423522662755744 338
1757427783783 46.3159350126186 339
1757427783865 46.208941035430236 340
1757427783929 46.10290400108801 341
1757427784021 45.99782842966901 342
1757427784090 45.89358256143928 343
1757427784147 45.79014990150159 344
1757427784217 45.687512768531505 345
1757427784272 45.58565407675145 346
1757427784317 45.4845572837772 347
1757427784377 45.384206369508355 348
1757427784449 45.28458581557534 349
1757427784504 45.18568058584809 350
1757427784578 45.08747610792691 351
1757427784667 44.98995825555426 352
1757427784734 44.893113331890774 353
1757427784816 44.79692805360225 354
1757427784869 44.70138953570832 355
1757427784923 44.60648527714711 356
1757427784989 44.512203147012876 357
1757427785066 44.41853137142711 358
1757427785112 44.32545852100589 359
1757427785167 44.232973498889045 360
1757427785212 44.141065529298906 361
1757427785260 44.049724146598635 362
1757427785306 43.958939184822164 363
1757427785349 43.86870076764955 364
1757427785394 43.778999298803356 365
1757427785441 43.68982545284329 366
1757427785497 43.601170166337674 367
1757427785580 43.513024629391964 368
1757427785626 43.42538027751555 369
1757427785726 43.338228783809384 370
1757427785796 43.25156205145811 371
1757427785886 43.16537220651144 372
1757427785941 43.07965159094021 373
1757427786017 42.99439275595375 374
1757427786106 42.90958845556604 375
1757427786252 42.82523164039846 376
1757427786364 42.7413154517082 377
1757427786516 42.65783321563179 378
1757427786637 42.574778437633654 379
1757427786696 42.492144797150715 380
1757427786755 42.40992614242396 381
1757427786820 42.32811648550894 382
1757427786894 42.24670999745714 383
1757427786982 42.16570100366112 384
1757427787027 42.08508397935627 385
1757427787087 42.00485354527276 386
1757427787179 41.9250044634312 387
1757427787249 41.845531633076476 388
1757427787317 41.766430086743846 389
1757427787390 41.68769498645227 390
1757427787451 41.609321620019735 391
1757427787518 41.53130539749594 392
1757427787578 41.453641847707914 393
1757427787640 41.37632661491391 394
1757427787701 41.29935545556199 395
1757427787745 41.222724235148895 396
1757427787808 41.146428925176 397
1757427787853 41.070465600198304 398
1757427787919 40.9948304349636 399
1757427787991 40.91951970163817 400
1757427788082 40.84452976711626 401
1757427788179 40.76985709041022 402
1757427788243 40.695498220118644 403
1757427788290 40.62144979196963 404
1757427788356 40.54770852643688 405
1757427788427 40.47427122642593 406
1757427788539 40.40113477502829 407
1757427788598 40.32829613334127 408
1757427788642 40.25575233835115 409
1757427788709 40.1835005008779 410
1757427788767 40.11153780357919 411
1757427788829 40.03986149901195 412
1757427788873 39.96846890774954 413
1757427788917 39.89735741655287 414
1757427788980 39.82652447659367 415
1757427789042 39.7559676017283 416
1757427789122 39.685684366820574 417
1757427789185 39.61567240611202 418
1757427789232 39.54592941163813 419
1757427789302 39.476453131689276 420
1757427789378 39.407241369314725 421
1757427789480 39.33829198086872 422
1757427789630 39.269602874597105 423
1757427789744 39.20117200926347 424
1757427789836 39.132997392813486 425
1757427789906 39.06507708107644 426
1757427790027 38.99740917650269 427
1757427790107 38.92999182693622 428
1757427790188 38.86282322442089 429
1757427790246 38.79590160403994 430
1757427790293 38.72922524278721 431
1757427790340 38.66279245846945 432
1757427790412 38.59660160863892 433
1757427790482 38.53065108955508 434
1757427790554 38.46493933517484 435
1757427790631 38.39946481617034 436
1757427790691 38.33422603897358 437
1757427790747 38.26922154484714 438
1757427790791 38.20444990898015 439
1757427790872 38.139909739608896 440
1757427790954 38.07559967716125 441
1757427791024 38.0115183934245 442
1757427791097 37.94766459073546 443
1757427791184 37.88403700119278 444
1757427791250 37.82063438589036 445
1757427791295 37.757455534171626 446
1757427791355 37.69449926290382 447
1757427791425 37.63176441577193 448
1757427791485 37.569249862591604 449
1757427791548 37.506954498640575 450
1757427791609 37.44487724400804 451
1757427791677 37.38301704296152 452
1757427791736 37.321372863330716 453
1757427791783 37.25994369590792 454
1757427791895 37.19872855386438 455
1757427791965 37.13772647218238 456
1757427792036 37.07693650710249 457
1757427792120 37.01635773558558 458
1757427792178 36.95598925478911 459
1757427792241 36.89583018155752 460
1757427792302 36.83587965192616 461
1757427792401 36.7761368206383 462
1757427792491 36.71660086067521 463
1757427792566 36.65727096279851 464
1757427792630 36.598146335104836 465
1757427792711 36.53922620259226 466
1757427792779 36.48050980673814 467
1757427792861 36.421996405088315 468
1757427792916 36.363685270856976 469
1757427793050 36.305575692537325 470
1757427793201 36.24766697352231 471
1757427793295 36.189958431735555 472
1757427793378 36.13244939927193 473
1757427793459 36.075139222047596 474
1757427793584 36.01816616793261 475
1757427793669 35.96167263969451 476
1757427793787 35.90553876245671 477
1757427793865 35.849759690237555 478
1757427793953 35.794329412762316 479
1757427794025 35.739242085168485 480
1757427794096 35.684491996538945 481
1757427794233 35.63007356607551 482
1757427794332 35.57598133859322 483
1757427794469 35.52220998028948 484
1757427794544 35.468754274730536 485
1757427794647 35.41560911904272 486
1757427794739 35.36276952029407 487
1757427794801 35.310230592054275 488
1757427794936 35.257987551120614 489
1757427795042 35.20603571439958 490
1757427795082 35.15437049593365 491
1757427795179 35.1029874040644 492
1757427795261 35.05188203872297 493
1757427795335 35.00105008884027 494
1757427795416 34.950487329869134 495
1757427795483 34.90018962141206 496
1757427795583 34.850152904947805 497
1757427795660 34.80037320165116 498
1757427795724 34.750846610300435 499
