1757491532810 160.21125552555813 0
1757491532924 162.0286386620006 1
1757491533005 149.90089843634323 2
1757491533080 145.60937679123262 3
1757491533166 147.02224654801958 4
1757491533229 135.4944249855714 5
1757491533324 126.32341741139855 6
1757491533412 125.8399517038489 7
1757491533484 120.06500611890829 8
1757491533552 116.56835085495543 9
1757491533619 115.5263561281344 10
1757491533687 113.1656089766495 11
1757491533756 112.8137209268475 12
1757491533854 111.17651948304668 13
1757491533939 104.99875744202886 14
1757491534018 106.85457273523804 15
1757491534162 102.4478314001167 16
1757491534259 99.15380573996134 17
1757491534347 107.34847839318468 18
1757491534461 88.81062061511676 19
1757491534544 91.68669606588708 20
1757491534648 99.80001415289286 21
1757491534741 89.13829397725192 22
1757491534830 87.02788150030874 23
1757491534905 78.79247404970795 24
1757491534983 87.75313197174391 25
1757491535081 82.14502529998602 26
1757491535196 77.35561267587313 27
1757491535289 79.15970633208926 28
1757491535383 70.39262891295738 29
1757491535508 75.09115868771413 30
1757491535620 81.82211357313643 31
1757491535696 72.54955688415887 32
1757491535794 66.49165007330667 33
1757491535890 76.68194214138103 34
1757491535968 68.86620411850411 35
1757491536041 65.10882051539933 36
1757491536119 76.19748401647709 37
1757491536196 69.16795604221845 38
1757491536278 74.25048011464152 39
1757491536367 70.23528624427853 40
1757491536448 61.612999160567284 41
1757491536513 60.62641292811019 42
1757491536624 61.15282167104393 43
1757491536728 74.25816346070897 44
1757491536806 56.98762821707974 45
1757491536874 61.89738231550424 46
1757491536960 58.43532825306814 47
1757491537026 64.26283632831678 48
1757491537096 48.337677418954314 49
1757491537160 53.144097102038984 50
1757491537239 62.14749511997555 51
1757491537320 57.548818364447165 52
1757491537398 47.2182232103905 53
1757491537463 60.44062261032267 54
1757491537547 51.01083625275968 55
1757491537653 51.141446189760785 56
1757491537794 61.60238584922377 57
1757491537895 70.64538354214092 58
1757491537958 69.30448705697295 59
1757491538020 63.8509684601729 60
1757491538110 50.57143709640098 61
1757491538175 55.64166107924674 62
1757491538233 53.32822040390272 63
1757491538289 48.942017020403334 64
1757491538345 46.15672330480327 65
1757491538406 53.050687626971815 66
1757491538458 54.94756305377049 67
1757491538511 53.11388871666961 68
1757491538562 51.953648332437915 69
1757491538610 46.451092727124006 70
1757491538658 41.258257279904775 71
1757491538711 42.107314246475326 72
1757491538760 39.647227915442265 73
1757491538810 41.266474734032 74
1757491538858 46.66867653059203 75
1757491538909 45.67327507062538 76
1757491538957 56.05940186742185 77
1757491539003 38.06682848727166 78
1757491539048 38.72361704134243 79
1757491539096 40.92976805955961 80
1757491539144 45.21188262362356 81
1757491539192 39.514148961118444 82
1757491539240 39.160317719793845 83
1757491539288 39.57036195089151 84
1757491539390 35.07494211205251 85
1757491539540 37.27248271332432 86
1757491539695 37.96695573019254 87
1757491539779 47.340597554807566 88
1757491539854 43.95597940658006 89
1757491539931 38.742412652843036 90
1757491540071 44.82819886082242 91
1757491540152 34.96730636099614 92
1757491540233 38.780272791893815 93
1757491540284 36.342001410920595 94
1757491540336 48.79762084300932 95
1757491540386 39.24881126152528 96
1757491540443 40.02487577519514 97
1757491540495 45.01705732748184 98
1757491540547 42.88146749469728 99
1757491540597 39.7999123427636 100
1757491540648 29.5654729382198 101
1757491540701 40.45193032475302 102
1757491540751 42.80177579518571 103
1757491540799 35.026842634519 104
1757491540849 33.30895115094888 105
1757491540898 34.07578852700679 106
1757491540946 37.39939534428919 107
1757491540995 57.09564204876266 108
1757491541043 32.851903316495346 109
1757491541094 36.467529003392166 110
1757491541143 43.39346900571014 111
1757491541190 33.813659484504875 112
1757491541239 34.24419786324748 113
1757491541290 44.14046604261123 114
1757491541338 29.33926251954816 115
1757491541385 24.620824162647306 116
1757491541442 33.81989148862346 117
1757491541492 32.40351554755937 118
1757491541542 36.0786868079201 119
1757491541591 43.10684217451311 120
1757491541644 34.20767134284032 121
1757491541697 31.612258702625894 122
1757491541747 33.78108850829528 123
1757491541801 35.56945977180212 124
1757491541853 49.894549479280805 125
1757491541906 39.33042119700528 126
1757491541962 46.57589685273649 127
1757491542014 34.29869039062468 128
1757491542082 29.658785466252358 129
1757491542140 34.38846965703089 130
1757491542194 32.87611638758451 131
1757491542246 42.04785094176947 132
1757491542299 44.375877596609065 133
1757491542350 27.027171133199335 134
1757491542401 31.354035416826026 135
1757491542462 32.45696847584838 136
1757491542517 47.42606359594228 137
1757491542567 42.93552848793539 138
1757491542617 33.26277332264072 139
1757491542669 27.68100851107741 140
1757491542724 26.928119564679164 141
1757491542775 42.65245989033062 142
1757491542826 34.46795263846502 143
1757491542876 31.319903954853135 144
1757491542933 34.1167824558701 145
1757491543018 28.028536932075884 146
1757491543074 28.845366872562163 147
1757491543129 29.35074654058175 148
1757491543184 27.751852399546436 149
1757491543236 31.36681859404762 150
1757491543287 21.994532972539474 151
1757491543338 33.3999330250568 152
1757491543391 24.702548099731505 153
1757491543443 24.694902828447812 154
1757491543504 27.26881883184662 155
1757491543552 40.1884404729773 156
1757491543602 28.46542187833498 157
1757491543655 49.71190091139294 158
1757491543705 30.09283317007988 159
1757491543755 35.11475488608324 160
1757491543806 25.59996059946883 161
1757491543855 30.424524088085217 162
1757491543904 28.630904241750184 163
1757491543953 44.70447114127999 164
1757491544003 34.01692121883263 165
1757491544052 78.66102343047106 166
1757491544112 31.856661641821017 167
1757491544176 33.62070612867822 168
1757491544232 27.530752762875608 169
1757491544287 24.41722947856087 170
1757491544355 28.54643847618279 171
1757491544442 37.28460593531299 172
1757491544502 30.70636265118208 173
1757491544558 25.412647701857598 174
1757491544612 25.355484908067655 175
1757491544666 36.03611348523506 176
1757491544718 23.204062837724603 177
1757491544770 24.64469620445102 178
1757491544824 24.40122366342398 179
1757491544876 26.8491299254006 180
1757491544929 45.259095893344174 181
1757491544982 26.143519973253557 182
1757491545034 32.49415488914158 183
1757491545083 28.602184677423523 184
1757491545134 26.70007722064767 185
1757491545185 23.504362127882086 186
1757491545236 32.70238296681997 187
1757491545286 24.441178878635913 188
1757491545336 20.17287995806182 189
1757491545386 20.076739453642787 190
1757491545437 25.12824162148715 191
1757491545487 21.2729779530718 192
1757491545541 29.386883911338312 193
1757491545592 25.9217432018615 194
1757491545642 26.829762984793035 195
1757491545692 24.607205463687777 196
1757491545743 28.5992010527751 197
1757491545794 24.049209151366586 198
1757491545844 27.355956258543177 199
1757491545894 18.722384171534813 200
1757491545946 29.872812218182258 201
1757491545997 26.58434394384878 202
1757491546076 26.91937012746401 203
1757491546216 20.330007679264284 204
1757491546323 29.526817762461317 205
1757491546500 28.323624682542988 206
1757491546606 24.03604241823653 207
1757491546675 25.705541223961614 208
1757491546789 28.923469892198536 209
1757491546908 24.810196903233066 210
1757491547009 24.573878078467782 211
1757491547097 24.88027628227246 212
1757491547156 27.682347317545545 213
1757491547212 23.918437119392113 214
1757491547270 31.839192535449502 215
1757491547326 25.52744727435118 216
1757491547380 24.390206578369305 217
1757491547432 25.601673707465906 218
1757491547488 24.58091609428672 219
1757491547551 29.56667132572859 220
1757491547606 24.633511128944594 221
1757491547661 25.108961796457475 222
1757491547715 28.902917502418813 223
1757491547768 21.34848990513156 224
1757491547821 19.851804078415274 225
1757491547873 18.23124027041007 226
1757491547924 25.159783191050156 227
1757491547975 21.00736458444111 228
1757491548026 23.62345045874585 229
1757491548078 25.233151859539053 230
1757491548130 23.418643054725635 231
1757491548181 18.755473850783428 232
1757491548232 27.136687327607763 233
1757491548283 21.9317734808948 234
1757491548335 25.726129613281675 235
1757491548386 21.791862090739013 236
1757491548436 30.485034546948686 237
1757491548488 23.94963130363664 238
1757491548540 26.516857917156965 239
1757491548600 20.436975637930136 240
1757491548652 20.690158184388668 241
1757491548704 31.441911147446564 242
1757491548755 25.88133447874678 243
1757491548806 23.057350426166803 244
1757491548857 39.57417607568441 245
1757491548908 32.03983832916638 246
1757491548960 36.44404069509712 247
1757491549010 19.928025023874426 248
1757491549061 24.280349904119493 249
1757491549114 17.886904942238747 250
1757491549165 21.4041223347966 251
1757491549217 20.099184559230565 252
1757491549270 18.884966297791507 253
1757491549321 38.07975499425604 254
1757491549371 21.204879523097645 255
1757491549421 19.57033042194804 256
1757491549472 36.73233911681769 257
1757491549521 24.140212187453116 258
1757491549571 19.764420549287387 259
1757491549630 19.77375114560592 260
1757491549680 23.157054100867864 261
1757491549730 44.40775531440273 262
1757491549779 22.01731075616435 263
1757491549830 16.679384431793114 264
1757491549880 23.286015410782067 265
1757491549929 26.58003928315 266
1757491549979 25.828377362403753 267
1757491550030 19.923942674064886 268
1757491550079 30.038623703981745 269
1757491550156 25.171895722890564 270
1757491550209 22.246712848914523 271
1757491550262 23.624069001020747 272
1757491550314 23.148833146791286 273
1757491550367 26.97470179581903 274
1757491550446 21.09476203187113 275
1757491550501 21.738668560414762 276
1757491550555 20.60166188797498 277
1757491550617 22.995041341532765 278
1757491550690 22.696234575858977 279
1757491550750 37.92471398658183 280
1757491550805 24.891648102767622 281
1757491550859 16.65977835196688 282
1757491550913 19.818147079590386 283
1757491550966 19.46353118297257 284
1757491551017 22.75579108824101 285
1757491551070 22.243261989787623 286
1757491551124 19.30448006057198 287
1757491551177 18.485249154059947 288
1757491551229 17.550516574217166 289
1757491551282 14.599573654327662 290
1757491551342 24.670902486905817 291
1757491551394 23.522437380436386 292
1757491551447 24.675153242578375 293
1757491551500 18.312318937254243 294
1757491551563 24.508847650739835 295
1757491551626 37.36477428514692 296
1757491551680 18.550230741509644 297
1757491551733 22.494299500083866 298
1757491551786 18.175807009123364 299
1757491551839 21.294723666862684 300
1757491551891 22.710474586234508 301
1757491551945 21.441297370406385 302
1757491551997 20.061873186702666 303
1757491552050 20.935135735455756 304
1757491552103 22.54245589199481 305
1757491552158 20.21077365865226 306
1757491552211 22.43911884583225 307
1757491552265 20.830918529885505 308
1757491552318 20.357750183618773 309
1757491552371 34.05841692502535 310
1757491552424 38.256792388293015 311
1757491552475 23.254762367962382 312
1757491552528 24.703630840024783 313
1757491552580 18.97104858521865 314
1757491552645 22.18390847045208 315
1757491552699 20.714412862689272 316
1757491552752 20.918871546907067 317
1757491552858 18.63683689961252 318
1757491552963 16.416591819456883 319
1757491553075 19.967195889601612 320
1757491553134 21.259340653284326 321
1757491553214 17.011249480405876 322
1757491553351 20.72625120049991 323
1757491553451 22.249402377864158 324
1757491553520 26.385538223326375 325
1757491553577 19.63523472390091 326
1757491553632 19.470854649488473 327
1757491553698 40.841508935218805 328
1757491553756 15.96878973442199 329
1757491553809 20.032352631985294 330
1757491553863 24.715875502087886 331
1757491553917 19.19686915566506 332
1757491553973 21.754932448252422 333
1757491554025 17.068478627734418 334
1757491554079 22.829523911427497 335
1757491554132 26.024632238132057 336
1757491554187 29.227705755575524 337
1757491554241 23.017214754236516 338
1757491554295 17.152139508244556 339
1757491554348 20.267913847431434 340
1757491554403 24.28885659939981 341
1757491554457 19.441006175279664 342
1757491554510 20.916677969229443 343
1757491554566 13.255903978415256 344
1757491554619 20.70449167449155 345
1757491554683 19.287015594001954 346
1757491554738 37.74513832547958 347
1757491554793 20.606802339189006 348
1757491554846 18.888166839226447 349
1757491554900 19.259796748509505 350
1757491554956 23.402688316293194 351
1757491555010 18.768510911253472 352
1757491555064 17.704973278176688 353
1757491555117 23.149324216731742 354
1757491555172 14.789641143702005 355
1757491555226 13.316013813497174 356
1757491555280 15.819523867395139 357
1757491555333 19.993439498014425 358
1757491555389 19.4001440639181 359
1757491555446 17.857930389145302 360
1757491555501 19.522179767986998 361
1757491555557 19.44462405985139 362
1757491555612 17.899798845702417 363
1757491555666 19.661597230676115 364
1757491555728 29.473251881169574 365
1757491555782 18.140104667967645 366
1757491555834 17.704520122958556 367
1757491555887 17.870930644144536 368
1757491555940 15.559875202620823 369
1757491555998 18.32930896819575 370
1757491556051 14.406653837093769 371
1757491556105 18.35762666649642 372
1757491556159 21.02827071574227 373
1757491556214 15.007920637565226 374
1757491556266 32.84748783917686 375
1757491556319 17.000243530089776 376
1757491556373 29.126072017632506 377
1757491556427 18.048327309306604 378
1757491556481 18.774536616164394 379
1757491556534 30.245353493647613 380
1757491556589 16.797163776921806 381
1757491556641 14.673393610607283 382
1757491556723 16.410689987419047 383
1757491556784 15.886016200246074 384
1757491556840 30.772810327388346 385
1757491556896 16.77871916658569 386
1757491556962 19.338654544986063 387
1757491557034 21.301189406223568 388
1757491557092 17.811296814359892 389
1757491557149 27.02530805741502 390
1757491557204 22.043645145948673 391
1757491557260 16.03170403411284 392
1757491557315 17.44819978537562 393
1757491557371 21.864231626499542 394
1757491557426 19.865599547848294 395
1757491557485 20.294371541092286 396
1757491557540 16.493074554999087 397
1757491557596 14.177018243889018 398
1757491557653 17.967386406655848 399
1757491557707 18.033191169657425 400
1757491557773 15.766785315755682 401
1757491557829 28.508297871152937 402
1757491557885 33.929260372422554 403
1757491557940 17.27068462354079 404
1757491557997 11.354679437569692 405
1757491558053 17.084657682901682 406
1757491558108 24.325922106270568 407
1757491558164 13.15409292404552 408
1757491558219 14.588685094542194 409
1757491558275 15.997846199085382 410
1757491558331 20.5073113428297 411
1757491558388 16.697881636218487 412
1757491558444 15.459199536755024 413
1757491558502 21.138232975228714 414
1757491558558 16.208380964266876 415
1757491558613 16.920804729647397 416
1757491558669 14.703283594491408 417
1757491558724 14.817542996524404 418
1757491558790 15.397531644407968 419
1757491558848 18.127084059195806 420
1757491558907 16.518424957884957 421
1757491558967 14.494218667017444 422
1757491559023 19.149286563147353 423
1757491559081 20.731780094353198 424
1757491559135 17.129578691682152 425
1757491559191 21.285009643340942 426
1757491559246 24.762835063784255 427
1757491559388 28.447092910148438 428
1757491559512 32.0532080909224 429
1757491559621 16.09663989777323 430
1757491559678 14.464503542392421 431
1757491559772 17.295407181202492 432
1757491559910 23.59581991937576 433
1757491560003 16.994311973337563 434
1757491560116 19.420708912280706 435
1757491560179 16.37145562849175 436
1757491560244 14.842075167304005 437
1757491560308 17.9570557866835 438
1757491560369 12.753770079665484 439
1757491560428 13.27247622621538 440
1757491560489 15.404525602491391 441
1757491560551 12.48097701704058 442
1757491560610 15.70026515930609 443
1757491560670 15.755962992476052 444
1757491560730 16.997995946764224 445
1757491560794 15.471445222262147 446
1757491560852 14.197297344048406 447
1757491560909 16.508481922437685 448
1757491560968 13.624628312691684 449
1757491561025 24.986111242413187 450
1757491561082 19.931900922370275 451
1757491561139 24.790636297264637 452
1757491561196 13.453244998153835 453
1757491561252 14.269444122056711 454
1757491561310 17.336267671979858 455
1757491561366 19.63972983022645 456
1757491561428 17.74426660245471 457
1757491561485 16.270517472562616 458
1757491561544 19.545733736227298 459
1757491561601 15.241115254871337 460
1757491561659 19.22446941422504 461
1757491561728 14.281466197581372 462
1757491561793 14.371884203810657 463
1757491561852 16.016056893128354 464
1757491561909 13.311006935631589 465
1757491561968 12.922126599928719 466
1757491562030 25.148807427265407 467
1757491562087 17.543574866437023 468
1757491562144 12.437207915900553 469
1757491562203 19.790373857552478 470
1757491562259 15.745581927310221 471
1757491562315 14.923143906884164 472
1757491562374 16.629349215218046 473
1757491562431 12.408793790532277 474
1757491562488 12.378077073816433 475
1757491562545 12.472404162700661 476
1757491562604 17.721593746800455 477
1757491562662 16.510913849933118 478
1757491562719 15.227448387974242 479
1757491562777 13.696790914416184 480
1757491562840 18.220712591673067 481
1757491562895 13.66747094563624 482
1757491562951 17.85118641370462 483
1757491563036 19.433318057756455 484
1757491563095 15.093763715932885 485
1757491563152 18.02169467504887 486
1757491563223 27.22130679953297 487
1757491563298 18.816300361451507 488
1757491563356 14.175241475454817 489
1757491563413 9.228122520372517 490
1757491563472 14.063729924852874 491
1757491563532 12.91023511650549 492
1757491563591 16.34880165598923 493
1757491563650 15.265769346517487 494
1757491563708 14.446769035308668 495
1757491563766 12.65563020226343 496
1757491563835 14.870271438452155 497
1757491563895 16.27486871590501 498
1757491563954 16.24696020266404 499
