1757336105605 169.66717796737598 0
1757336105668 169.43573559115708 1
1757336105737 169.3533728217145 2
1757336105816 169.27273297636106 3
1757336105877 169.2015079605628 4
1757336105939 169.1381192656658 5
1757336105993 169.08170681417764 6
1757336106059 169.03147553005846 7
1757336106116 168.98672453561696 8
1757336106173 168.94683373650923 9
1757336106227 168.9112545466073 10
1757336106306 168.8795015365555 11
1757336106353 168.85114507603748 12
1757336106408 168.82580484006448 13
1757336106457 168.80314407778422 14
1757336106506 168.7828645535557 15
1757336106559 168.76470208084177 16
1757336106671 168.74842257892044 17
1757336106847 168.7338185907383 18
1757336106946 168.72070620755605 19
1757336107019 168.70892235248505 20
1757336107120 168.69832238069557 21
1757336107151 168.68877795907824 22
1757336107208 168.68017519254576 23
1757336107240 168.67241296804232 24
1757336107294 168.66540149074808 25
1757336107356 168.65906098997598 26
1757336107438 168.65332057491366 27
1757336107484 168.64811722270184 28
1757336107547 168.6433948834011 29
1757336107633 168.63910368821738 30
1757336107712 168.63519924895647 31
1757336107821 168.63164203809254 32
1757336107866 168.62839684007778 33
1757336107908 168.62543226562195 34
1757336107980 168.62272032163608 35
1757336108040 168.6202360303913 36
1757336108069 168.6179570921959 37
1757336108147 168.61586358655947 38
1757336108246 168.61393770739966 39
1757336108324 168.61216352836473 40
1757336108361 168.61052679480252 41
1757336108398 168.60901473930917 42
1757336108438 168.6076159181479 43
1757336108501 168.6063200661426 44
1757336108571 168.60511796792724 45
1757336108619 168.60400134368047 46
1757336108659 168.60296274768686 47
1757336108739 168.60199547826284 48
1757336108809 168.60109349774967 49
1757336108881 168.60025136142832 50
1757336108939 168.59946415434175 51
1757336108998 168.5987274351276 52
1757336109039 168.59803718606585 53
1757336109074 168.59738976863923 54
1757336109137 168.59678188398354 55
