1757433744231 169.184644418871 0
1757433744264 169.17425244762057 1
1757433744298 169.17005528470742 2
1757433744333 169.16587453959573 3
1757433744369 169.1617384301694 4
1757433744402 169.1576463257947 5
1757433744437 169.153597748212 6
1757433744472 169.1495922236959 7
1757433744507 169.14562928378544 8
1757433744542 169.14170846522046 9
1757433744575 169.1378293098825 10
1757433744610 169.13399136473694 11
1757433744662 169.13019418177544 12
1757433744698 169.12643731795913 13
1757433744732 169.12272033516263 14
1757433744766 169.11904280011828 15
1757433744800 169.11540428436163 16
1757433744907 169.11180436417695 17
