1757400551784 167.66551600518622 0
1757400551809 152.46452937130255 1
1757400551834 146.4333624614083 2
1757400551859 140.51721344819492 3
1757400551884 135.0368577422795 4
1757400551907 129.9422618651139 5
1757400551931 125.20291915234687 6
1757400551956 120.79019243270861 7
1757400551982 116.67788438179555 8
1757400552005 112.84199579651553 9
1757400552029 109.26053971549794 10
1757400552052 105.91336985915896 11
1757400552075 102.78202385300803 12
1757400552100 99.84957988554022 13
1757400552126 97.10052564991722 14
1757400552151 94.52063851385051 15
1757400552176 92.09687595307044 16
1757400552199 89.81727536672528 17
1757400552222 87.6708624688827 18
1757400552246 85.64756751960962 19
1757400552270 83.7381487224454 20
1757400552294 81.93412217297248 21
1757400552318 80.22769779609645 22
1757400552346 78.61172075800314 23
1757400552376 77.07961788295393 24
1757400552403 75.62534864547462 25
1757400552430 74.24336034540801 26
1757400552458 72.92854710704303 27
1757400552485 71.67621237437012 28
1757400552513 70.48203460269826 29
1757400552538 69.34203587262988 30
1757400552564 68.25255317593331 31
1757400552597 67.2102121443737 32
1757400552625 66.21190301222963 33
1757400552650 65.25475862120109 34
1757400552675 64.33613429284416 35
1757400552700 63.45358940868592 36
1757400552725 62.60487055189867 37
1757400552751 61.78789607695927 38
1757400552778 61.000741985185584 39
1757400552821 60.241628994523694 40
1757400552876 59.50891070153955 41
1757400552959 58.80106274232495 42
1757400552996 58.116672867031696 43
1757400553030 57.454431850063344 44
1757400553095 56.81312516464121 45
1757400553137 56.19162535657322 46
1757400553173 55.588885057641654 47
1757400553237 55.003930584132476 48
1757400553282 54.435856070697184 49
1757400553321 53.88381809400543 50
1757400553396 53.34703074454714 51
1757400553446 52.82476110850839 52
1757400553510 52.31632512490474 53
1757400553542 51.821083786135276 54
1757400553570 51.338439652843995 55
1757400553598 50.8678336564655 56
1757400553627 50.40874216510768 57
1757400553655 49.96067429050488 58
1757400553689 49.523169415677735 59
1757400553757 49.09579492467424 60
1757400553799 48.678144117357135 61
1757400553851 48.26983429365577 62
1757400553890 47.870504993029556 63
1757400553928 47.47981637610522 64
1757400553969 47.09744773656095 65
1757400554012 46.72309613234583 66
1757400554044 46.356475126251766 67
1757400554076 45.9973136267045 68
1757400554106 45.6453548204159 69
1757400554145 45.30035518925058 70
1757400554182 44.962083604308255 71
1757400554237 44.6303204908173 72
1757400554278 44.30485705797787 73
1757400554332 43.985494588388754 74
1757400554370 43.67204378214724 75
1757400554405 43.3643241511251 76
1757400554439 43.06216345930501 77
1757400554471 42.765397205407574 78
1757400554498 42.47386814435824 79
1757400554526 42.18742584443279 80
1757400554557 41.9059262771865 81
1757400554618 41.62923143751545 82
1757400554650 41.35720899142007 83
1757400554687 41.0897319492454 84
1757400554719 40.826678362358294 85
1757400554748 40.56793104139214 86
1757400554774 40.313377294345884 87
1757400554802 40.06290868296629 88
1757400554829 39.81642079597344 89
1757400554859 39.57381303780868 90
1757400554887 39.334988431693446 91
1757400554916 39.099853435887944 92
1757400554946 38.86831777212973 93
1757400554975 38.6402942653166 94
1757400555007 38.415698693574676 95
1757400555038 38.19444964792319 96
1757400555070 37.976468400811484 97
1757400555112 37.76167878286308 98
1757400555202 37.55000706721566 99
1757400555244 37.341381860894884 100
1757400555273 37.13573400270593 101
1757400555304 36.93299646716762 102
1757400555335 36.73310427405247 103
1757400555365 36.53599440313054 104
1757400555394 36.341605713747256 105
1757400555424 36.14987886889455 106
1757400555452 35.9607562634614 107
1757400555481 35.7741819563748 108
1757400555508 35.59010160636463 109
1757400555534 35.408462411106505 110
1757400555560 35.22921304951614 111
1757400555585 35.052303626985626 112
1757400555611 34.87768562336877 113
1757400555637 34.70531184353657 114
1757400555662 34.535136370338165 115
1757400555688 34.367114519814514 116
1757400555714 34.20120279852367 117
1757400555739 34.03735886284696 118
1757400555765 33.87554148015508 119
1757400555791 33.71571049172179 120
1757400555816 33.55782677728136 121
1757400555843 33.401852221133154 122
1757400555870 33.24774967970362 123
1757400555896 33.09548295048262 124
1757400555921 32.94501674225665 125
1757400555947 32.796316646566716 126
1757400555972 32.64934911032413 127
1757400555998 32.50408140952159 128
1757400556024 32.36048162398131 129
1757400556050 32.21851861308593 130
1757400556076 32.078161992441515 131
1757400556101 31.93938211142509 132
1757400556127 31.802150031572587 133
1757400556154 31.66643750576561 134
1757400556180 31.532216958178164 135
1757400556206 31.399461464947024 136
1757400556240 31.26814473553148 137
1757400556266 31.138241094730517 138
1757400556291 31.009725465327154 139
1757400556318 30.882573351331704 140
1757400556343 30.756760821797315 141
1757400556370 30.632264495182532 142
1757400556397 30.50906152423738 143
1757400556423 30.38712958139048 144
1757400556448 30.266446844616187 145
1757400556474 30.146991983761804 146
1757400556500 30.028744147315965 147
1757400556525 29.911682949600436 148
1757400556551 29.795788458368296 149
1757400556577 29.681041182792633 150
1757400556603 29.5674220618304 151
1757400556629 29.454912452947077 152
1757400556655 29.343494121188417 153
1757400556681 29.233149228586175 154
1757400556707 29.123860323885463 155
1757400556734 29.01561033258188 156
1757400556760 28.90838254725718 157
1757400556786 28.80216061820267 158
1757400556812 28.69692854432016 159
1757400556840 28.592670664290615 160
1757400556866 28.4893716480012 161
1757400556893 28.387016488221747 162
1757400556919 28.28559049252211 163
1757400556946 28.185079275422158 164
1757400556980 28.085468750766672 165
1757400557013 27.986745124317505 166
1757400557041 27.888894886555896 167
1757400557083 27.791904805687935 168
1757400557115 27.695761920846657 169
1757400557151 27.60045353548425 170
1757400557181 27.50596721094836 171
1757400724246 27.41229076023662 172
1757400724282 27.319412241923562 173
1757400724316 27.227319954254774 174
1757400724352 27.13600242940275 175
1757400724391 27.04544842787962 176
1757400724427 26.95564693310171 177
1757400724460 26.866587146101494 178
1757400724499 26.778258480382128 179
1757400724530 26.69065055691042 180
1757400724560 26.603753199244057 181
1757400724590 26.517556428788843 182
1757400724628 26.43205046018228 183
1757400724658 26.347225696799494 184
1757400724693 26.26307272637809 185
1757400724723 26.17958231675821 186
1757400724758 26.096745411734485 187
1757400724792 26.014553127016722 188
1757400724827 25.9329967462958 189
1757400724858 25.85206771741218 190
1757400724902 25.77175764862359 191
1757400724931 25.692058304969382 192
1757400724963 25.612961604728536 193
1757400724992 25.534459615968757 194
1757400725021 25.456544553184 195
1757400725050 25.379208774017993 196
1757400725077 25.302444776071116 197
1757400725105 25.226245193788536 198
1757400725133 25.150602795427115 199
1757400725160 25.07551048009895 200
1757400725188 25.00096127488941 201
1757400725215 24.92694833204753 202
1757400725244 24.85346492624682 203
1757400725272 24.780504451914485 204
1757400725310 24.708060420627163 205
1757400725339 24.636126458571372 206
1757400725366 24.56469630406688 207
1757400725393 24.493763805151197 208
1757400725432 24.42332291722367 209
1757400725464 24.353367700747377 210
1757400725497 24.283892319007407 211
1757400725534 24.214891035923852 212
1757400725578 24.146358213918138 213
1757400725616 24.078288311831184 214
1757400725650 24.010675882892055 215
1757400725682 23.943515572735702 216
1757400725719 23.87680211746845 217
1757400725785 23.810530341780087 218
1757400725813 23.74469515710112 219
1757400725844 23.679291559804177 220
1757400725872 23.614314629448245 221
1757400725899 23.54975952706472 222
1757400725927 23.48562149348408 223
1757400725954 23.421895847702146 224
1757400725981 23.358577985284896 225
1757400726009 23.295663376810833 226
1757400726036 23.23314756634986 227
1757400726064 23.171026169977814 228
1757400726092 23.10929487432561 229
1757400726120 23.047949435162227 230
1757400726151 22.986985676010526 231
1757400726182 22.926399486795162 232
1757400726212 22.866186822521698 233
1757400726243 22.806343701986123 234
1757400726274 22.746866206514063 235
1757400726315 22.68775047872879 236
1757400726346 22.62899272134747 237
1757400726374 22.570589196004708 238
1757400726402 22.512536222102952 239
1757400726429 22.45483017568888 240
1757400726457 22.397467488355154 241
1757400726485 22.340444646166986 242
1757400726513 22.28375818861277 243
1757400726540 22.227404707578266 244
1757400726568 22.171380846343734 245
1757400726597 22.115683298603372 246
1757400726625 22.060308807506562 247
1757400726652 22.00525416472043 248
1757400726680 21.950516209513065 249
1757400726708 21.89609182785699 250
1757400726736 21.841977951552323 251
1757400726764 21.788171557369196 252
1757400726792 21.734669666208898 253
1757400726819 21.68146934228335 254
1757400726849 21.628567692312373 255
1757400726876 21.575961864738435 256
1757400726905 21.523649048958305 257
1757400726932 21.471626474571373 258
1757400726960 21.41989141064406 259
1757400726989 21.36844116499003 260
1757400727017 21.31727308346585 261
1757400727045 21.26638454928161 262
1757400727073 21.215772982326236 263
1757400727102 21.165435838507143 264
1757400727130 21.115370609103827 265
1757400727158 21.06557482013511 266
1757400727187 21.016046031739684 267
1757400727216 20.966781837569712 268
1757400727246 20.917779864197026 269
1757400727275 20.86903777053179 270
1757400727303 20.820553247253265 271
1757400727333 20.772324016252313 272
1757400727362 20.72434783008552 273
1757400727394 20.676622471440552 274
1757400727423 20.629145752612494 275
1757400727451 20.581915514991003 276
1757400727479 20.534929628557876 277
1757400727508 20.488185991394943 278
1757400727536 20.441682529201913 279
1757400727564 20.395417194824088 280
1757400727593 20.349387967789564 281
1757400727622 20.3035928538558 282
1757400727650 20.258029884565335 283
1757400727679 20.21269711681039 284
1757400727708 20.16759263240625 285
1757400727736 20.122714537673033 286
1757400727765 20.078060963025965 287
1757400727793 20.03363006257363 288
1757400727822 19.989420013724278 289
1757400727852 19.945429016799856 290
1757400727881 19.90165529465766 291
1757400727911 19.858097092319394 292
1757400727940 19.81475267660755 293
1757400727968 19.771620335788803 294
1757400727996 19.7286983792244 295
1757400728025 19.685985137027387 296
1757400728053 19.643478959726373 297
1757400728082 19.601178217935846 298
1757400728114 19.559081302032858 299
1757400728149 19.517186621839876 300
1757400728186 19.475492606313725 301
1757400728225 19.43399770324049 302
1757400728261 19.39270037893623 303
1757400728296 19.35159911795332 304
1757400728347 19.310692422792457 305
1757400728388 19.26997881362001 306
1757400728427 19.229456827990788 307
1757400728465 19.189125020575922 308
1757400728505 19.14898196289593 309
1757400728544 19.10902624305873 310
1757400728583 19.069256465502537 311
1757400728623 19.02967125074357 312
1757400728662 18.99026923512838 313
1757400728702 18.951049070590823 314
1757400728740 18.912009424413455 315
1757400728778 18.873148978993374 316
1757400728818 18.834466431612302 317
1757400728858 18.79596049421089 318
1757400728897 18.757629893167184 319
1757400728933 18.71947336907905 320
1757400728971 18.68148967655057 321
1757400729010 18.64367758398236 322
1757400729054 18.606035873365574 323
1757400729117 18.56856334007971 324
1757400729158 18.53125879269397 325
1757400729198 18.494121052772226 326
1757400729238 18.457148954681447 327
1757400729275 18.420341345403546 328
1757400729316 18.383697084350555 329
1757400729364 18.347215043183102 330
1757400729407 18.310894105632048 331
1757400729444 18.274733167323326 332
1757400729483 18.238731135605807 333
1757400729522 18.202886929382203 334
1757400729563 18.167199478942937 335
1757400729621 18.131667725802902 336
1757400729661 18.096290622541026 337
1757400729702 18.061067132642695 338
1757400729741 18.025996230344802 339
1757400729781 17.991076900483595 340
1757400729821 17.956308138344966 341
1757400729857 17.921688949517534 342
1757400729897 17.887218349748046 343
1757400729936 17.852895364799345 344
1757400729977 17.818719030310724 345
1757400730016 17.7846883916607 346
1757400730055 17.75080250383205 347
1757400730096 17.717060431279144 348
1757400730163 17.683461247797567 349
1757400730287 17.650004036395853 350
1757400730406 17.6166878891694 351
1757400730531 17.58351190717656 352
1757400730602 17.55047520031668 353
1757400730711 17.517576887210236 354
1757400730746 17.484816095080987 355
1757400730784 17.452191959640004 356
1757400730854 17.419703624971675 357
1757400730931 17.387350243421558 358
1757400730980 17.35513097548608 359
1757400731054 17.32304498970407 360
1757400731138 17.291091462550003 361
1757400731191 17.25926957832906 362
1757400731241 17.22757852907385 363
1757400731273 17.196017514442794 364
1757400731335 17.164585741620215 365
1757400731403 17.133282425217953 366
1757400731474 17.102106787178663 367
1757400731572 17.071058056680574 368
1757400731655 17.040135470043825 369
1757400731708 17.00933827063831 370
1757400731822 16.97866570879294 371
1757400731884 16.948117041706382 372
1757400731919 16.91769153335923 373
1757400731973 16.887388454427523 374
1757400732073 16.857207082197636 375
1757400732109 16.827146700482565 376
1757400732162 16.797206599539447 377
1757400732194 16.76738607598843 378
1757400732270 16.73768443273277 379
1757400732344 16.70810097888023 380
1757400732424 16.678635029665625 381
1757400732459 16.649285906374637 382
1757400732518 16.62005293626876 383
1757400732569 16.59093545251144 384
1757400732633 16.561932794095323 385
1757400732685 16.53304430577063 386
1757400732812 16.50426933797466 387
1757400732889 16.475607246762294 388
1757400733003 16.447057393737655 389
1757400733093 16.418619145986728 390
1757400733169 16.39029187601104 391
1757400733271 16.362074961662348 392
1757400733363 16.333967786078276 393
1757400733460 16.305969737618984 394
1757400733536 16.27808020980472 395
1757400733625 16.250298601254357 396
1757400733679 16.222624315624802 397
1757400733803 16.195056761551385 398
1757400733853 16.167595352589046 399
1757400733947 16.14023950715447 400
1757400734038 16.112988648468992 401
1757400734076 16.085842204502462 402
1757400734199 16.05879960791784 403
1757400734281 16.03186029601663 404
1757400734379 16.005023710685144 405
1757400734433 15.978289298341512 406
1757400734471 15.951656509883497 407
1757400734537 15.925124800637054 408
1757400734604 15.89869363030562 409
1757400734639 15.872362462920192 410
1757400734671 15.846130766790049 411
1757400734712 15.819998014454256 412
1757400734749 15.793963682633839 413
1757400734814 15.768027252184597 414
1757400734960 15.742188208050699 415
1757400734994 15.716446039218834 416
1757400735026 15.690800238673074 417
1757400735057 15.665250303350371 418
1757400735089 15.639795734096651 419
1757400735121 15.61443603562359 420
1757400735152 15.589170716465942 421
1757400735184 15.5639992889395 422
1757400735215 15.538921269099617 423
1757400735247 15.513936176700364 424
1757400735279 15.489043535154192 425
1757400735311 15.464242871492203 426
1757400735343 15.439533716324943 427
1757400735375 15.41491560380377 428
1757400735406 15.390388071582727 429
1757400735446 15.365950660780953 430
1757400735478 15.341602915945629 431
1757400735510 15.317344385015382 432
1757400735542 15.29317461928426 433
1757400735574 15.269093173366144 434
1757400735606 15.245099605159673 435
1757400735637 15.22119347581362 436
1757400735668 15.197374349692792 437
1757400735700 15.173641794344316 438
1757400735731 15.149995380464446 439
1757400735762 15.12643468186578 440
1757400735795 15.102959275444926 441
1757400735835 15.079568741150622 442
1757400735888 15.05626266195224 443
1757400735924 15.033040623808747 444
1757400735962 15.009902215638059 445
1757400735998 14.98684702928683 446
1757400736031 14.96387465950059 447
1757400736066 14.940984703894337 448
1757400736106 14.918176762923466 449
1757400736170 14.895450439855116 450
1757400736204 14.872805340739868 451
1757400736236 14.850241074383838 452
1757400736268 14.827757252321097 453
1757400736301 14.805353488786503 454
1757400736333 14.78302940068883 455
1757400736366 14.760784607584293 456
1757400736398 14.738618731650371 457
1757400736429 14.716531397660017 458
1757400736472 14.694522232956142 459
1757400736505 14.672590867426479 460
1757400736538 14.650736933478758 461
1757400736570 14.628960066016138 462
1757400736601 14.607259902413066 463
1757400736633 14.585636082491318 464
1757400736665 14.564088248496445 465
1757400736697 14.542616045074455 466
1757400736729 14.521219119248812 467
1757400736761 14.499897120397735 468
1757400736793 14.47864970023174 469
1757400736826 14.457476512771517 470
1757400736858 14.436377214326054 471
1757400736890 14.415351463471014 472
1757400736922 14.394398921027447 473
1757400736954 14.373519250040681 474
1757400736986 14.352712115759534 475
1757400737017 14.331977185615768 476
1757400737050 14.311314129203783 477
1757400737083 14.290722618260578 478
1757400737115 14.270202326645947 479
1757400737147 14.249752930322899 480
1757400737179 14.229374107338373 481
1757400737211 14.209065537804118 482
1757400737264 14.188826903877857 483
1757400737299 14.16865788974464 484
1757400737337 14.148558181598458 485
1757400737372 14.12852746762406 486
1757400737404 14.108565437978973 487
1757400737437 14.088671784775766 488
1757400737478 14.06884620206452 489
1757400737513 14.049088385815487 490
1757400737546 14.029398033901966 491
1757400737579 14.009774846083397 492
1757400737612 13.990218523988634 493
1757400737644 13.970728771099424 494
1757400737677 13.951305292734075 495
1757400737710 13.93194779603132 496
1757400737743 13.912655989934393 497
1757400737776 13.893429585175237 498
1757400737809 13.87426829425893 499
