1757435654579 206.27069594354137 0
1757435654635 183.34957123842702 1
1757435654698 174.52545979859747 2
1757435654764 165.8540541628185 3
1757435654820 157.94689026326452 4
1757435654867 150.7781064266435 5
1757435654929 144.0869455567195 6
1757435654974 137.91292602850908 7
1757435655029 132.20760817094006 8
1757435655084 126.93078011255231 9
1757435655153 122.04562967394723 10
1757435655260 117.51863456447279 11
1757435655321 113.31925600335083 12
1757435655376 109.41967021440514 13
1757435655454 105.79452374713638 14
1757435655526 102.42071098222738 15
1757435655592 99.27717178241137 16
1757435655652 96.34470746170203 17
1757435655776 93.6058134106519 18
1757435655874 91.04452686638453 19
1757435655964 88.64628845342368 20
1757435656083 86.39781624614714 21
1757435656175 84.28699121715348 22
1757435656266 82.30275303897761 23
1757435656325 80.4350053003661 24
1757435656376 78.67452928357336 25
1757435656442 77.01290552664507 26
1757435656536 75.44244246511572 27
1757435656613 73.9561115116051 28
1757435656683 72.54748799003691 29
1757435656749 71.21069739414766 30
1757435656824 69.94036648808954 31
1757435656900 68.73157881069389 32
1757435656954 67.57983418474655 33
1757435657026 66.48101186880014 34
1757435657101 65.43133702193312 35
1757435657191 64.42735018176506 36
1757435657244 63.4658794832209 37
1757435657314 62.544015370251024 38
1757435657359 61.65908757518436 39
1757435657417 60.80864416082097 40
1757435657475 59.99043243894502 41
1757435657526 59.202381595827056 42
1757435657578 58.44258687063899 43
1757435657628 57.70929514666613 44
1757435657704 57.00089182789414 45
1757435657801 56.31588888508984 46
1757435657848 55.65291396598903 47
1757435657915 55.01070047374601 48
1757435657973 54.388078526475184 49
1757435658035 53.783966718603914 50
1757435658095 53.197364611929025 51
1757435658159 52.62734589079126 52
1757435658225 52.07305212171349 53
1757435658283 51.53368706324091 54
1757435658332 51.00851147662592 55
1757435658406 50.50155223007077 56
1757435658473 50.00503486628621 57
1757435658531 49.520751691689064 58
1757435658581 49.048142090078855 59
1757435658630 48.58668487881083 60
1757435658679 48.135894758053446 61
1757435658731 47.69531815141254 62
1757435658783 47.26453074803178 63
1757435658849 46.843135170599744 64
1757435658930 46.4307588492713 65
1757435658978 46.0270520782695 66
1757435659034 45.631686239191765 67
1757435659110 45.24435217621628 68
1757435659191 44.864758709749445 69
1757435659279 44.492631276264156 70
1757435659370 44.12771068317855 71
1757435659432 43.769751968626025 72
1757435659522 43.41852335687737 73
1757435659581 43.07380530100442 74
1757435659656 42.73538960512749 75
1757435659736 42.403078619274375 76
1757435659790 42.07668450050241 77
1757435659860 41.756028534502086 78
1757435659922 41.44094051241665 79
1757435660005 41.13125815808227 80
1757435660060 40.82682660132004 81
1757435660129 40.527497893300286 82
1757435660192 40.233130560353175 83
1757435660262 39.943589192921834 84
1757435660327 39.65874406664712 85
1757435660386 39.378470792839686 86
1757435660473 39.1026499958382 87
1757435660540 38.8311670149731 88
1757435660591 38.56391162905632 89
1757435660658 38.30077780150137 90
1757435660721 38.04166344434345 91
1757435660799 37.786470199582645 92
1757435660921 37.53510323640998 93
1757435661046 37.28747106300322 94
1757435661175 37.043485351692986 95
1757435661269 36.80306077640481 96
1757435661340 36.56611486137727 97
1757435661411 36.33256784024369 98
1757435661493 36.10234252464292 99
1757435661566 35.87536418159752 100
1757435661615 35.651560418962525 101
1757435661687 35.43086107830815 102
1757435661749 35.213198134653716 103
1757435661837 34.99850560252056 104
1757435661906 34.78671944781579 105
1757435661981 34.57777750510107 106
1757435662040 34.37161939983759 107
1757435662101 34.16818647523302 108
1757435662158 33.967421723347265 109
1757435662232 33.76926972014279 110
1757435662342 33.57367656419103 111
1757435662440 33.38058981877046 112
1757435662513 33.18995845711322 113
1757435662596 33.00173281057771 114
1757435662694 32.81586451954196 115
1757435662753 32.6323064868297 116
1757435662830 32.451012833495774 117
1757435662902 32.27193885681179 118
1757435662968 32.09504099030509 119
1757435663050 31.920276765716057 120
1757435663120 31.74760477674921 121
1757435663174 31.576984644503113 122
1757435663230 31.408376984473247 123
1757435663329 31.241743375029824 124
1757435663403 31.077046327280183 125
1757435663459 30.91424925623206 126
1757435663520 30.753316453180357 127
1757435663571 30.594213059245714 128
1757435663627 30.436905039998518 129
1757435663684 30.281359161106554 130
1757435663756 30.12754296494949 131
1757435663842 29.975424748146573 132
1757435663893 29.824973539948587 133
1757435663960 29.676159081447913 134
1757435664029 29.528951805563945 135
1757435664120 29.383322817763958 136
1757435664188 29.239243877482252 137
1757435664264 29.096687380202916 138
1757435664327 28.9556263401735 139
1757435664405 28.816034373719557 140
1757435664470 28.677885683131382 141
1757435664546 28.541155041096427 142
1757435664623 28.40581777565239 143
1757435664684 28.271849755637493 144
1757435664748 28.139227376615956 145
1757435664841 28.00792754725793 146
1757435664924 27.87792767615429 147
1757435664985 27.74920565904812 148
1757435665056 27.621739866465248 149
1757435665119 27.49550913172774 150
1757435665189 27.370492739334722 151
1757435665248 27.24667041369597 152
1757435665315 27.1240223082044 153
1757435665412 27.00252899463437 154
1757435665490 26.88217145285336 155
1757435665567 26.762931060835193 156
1757435665631 26.64478958496363 157
1757435665684 26.52772917061571 158
1757435665753 26.41173233301465 159
1757435665831 26.2967819483427 160
1757435665901 26.182861245104714 161
1757435665954 26.069953795733753 162
1757435666015 25.95804350843033 163
1757435666120 25.84711461922728 164
1757435666208 25.73715168427262 165
1757435666341 25.628139572323246 166
1757435666442 25.520063457442273 167
1757435666520 25.41290881189351 168
1757435666574 25.306661399226613 169
1757435666649 25.201307267546756 170
1757435666732 25.096832742962984 171
1757435666817 24.993224423209572 172
1757435666882 24.890469171434976 173
1757435666958 24.788554110153182 174
1757435667027 24.68746661535241 175
1757435667111 24.587194310756406 176
1757435667164 24.487725062233686 177
1757435667288 24.389046972350204 178
1757435667369 24.291148375061283 179
1757435667445 24.194017830538503 180
1757435667517 24.09764412012773 181
1757435667572 24.002016241434333 182
1757435667626 23.90712340353192 183
1757435667690 23.812955022290993 184
1757435667743 23.719500715824136 185
1757435667803 23.6267503000443 186
1757435667870 23.534693784333033 187
1757435667953 23.443321367315587 188
1757435668052 23.35262343273974 189
1757435668110 23.262590545455623 190
1757435668163 23.173213447493584 191
1757435668240 23.08448305423741 192
1757435668321 22.9963904506904 193
1757435668393 22.908926887831512 194
1757435668472 22.822083779059327 195
1757435668552 22.735852696721363 196
1757435668643 22.650225368726332 197
1757435668719 22.565193675237346 198
1757435668779 22.480749645443602 199
1757435668836 22.39688545440872 200
1757435668894 22.313593419993456 201
1757435668957 22.23086599985103 202
1757435669027 22.148695788492965 203
1757435669114 22.067075514423728 204
1757435669189 21.985998037342245 205
1757435669246 21.905456345408673 206
1757435669316 21.825443552574587 207
1757435669400 21.745952895975062 208
1757435669485 21.66697773338101 209
1757435669570 21.58851154071012 210
1757435669653 21.510547909595086 211
1757435669755 21.433080545007513 212
1757435669826 21.356103262936102 213
1757435669914 21.27960998811781 214
1757435669986 21.203594751820514 215
1757435670055 21.128051689676024 216
1757435670141 21.052975039562096 217
1757435670199 20.978359139532134 218
1757435670288 20.90419842579163 219
1757435670363 20.83048743071988 220
1757435670442 20.757220780936088 221
1757435670508 20.684393195408614 222
1757435670569 20.611999483606372 223
1757435670646 20.540034543691295 224
1757435670726 20.468493360750887 225
1757435670788 20.397371005069846 226
1757435670847 20.326662630439902 227
1757435670908 20.2563634725067 228
1757435670987 20.186468847153176 229
1757435671058 20.116974148918203 230
1757435671132 20.04787484944992 231
1757435671258 19.97916649599265 232
1757435671383 19.910844709906893 233
1757435671470 19.842905185221326 234
1757435671624 19.77534368721624 235
1757435671732 19.708156051037516 236
1757435671804 19.64133818034056 237
1757435671873 19.57488604596336 238
1757435671981 19.50879568462803 239
1757435672063 19.44306319767016 240
1757435672125 19.377684749795353 241
1757435672212 19.312656567862202 242
1757435672277 19.247974939691264 243
1757435672360 19.183636212899202 244
1757435672444 19.1196367937577 245
1757435672524 19.05597314607647 246
1757435672577 18.99264179010986 247
1757435672650 18.92963930148639 248
1757435672706 18.866962310160826 249
1757435672791 18.804607499388254 250
1757435672845 18.742571604719522 251
1757435672902 18.680851413017713 252
1757435672963 18.619443761495056 253
1757435673050 18.558345536769917 254
1757435673138 18.49755367394328 255
1757435673224 18.437065155694373 256
1757435673306 18.376877011394996 257
1757435673387 18.316986316242065 258
1757435673460 18.25739019040802 259
1757435673531 18.198085798208698 260
1757435673613 18.139070347288207 261
1757435673676 18.080341087820525 262
1757435673732 18.021895311727338 263
1757435673798 17.96373035191184 264
1757435673854 17.905843581508115 265
1757435673912 17.848232413145737 266
1757435673971 17.790894298229233 267
1757435674029 17.73382672623215 268
1757435674089 17.67702722400534 269
1757435674149 17.62049335509917 270
1757435674221 17.564222719099362 271
1757435674309 17.508212950976123 272
1757435674364 17.452461720446326 273
1757435674431 17.396966731348446 274
1757435674503 17.34172572102992 275
1757435674585 17.286736459746738 276
1757435674649 17.231996750074924 277
1757435674754 17.177504426333726 278
1757435674870 17.12325735402021 279
1757435674952 17.069253429255 280
1757435675034 17.015490578238943 281
1757435675102 16.961966756720543 282
1757435675171 16.90867994947376 283
1757435675248 16.855628169786122 284
1757435675329 16.802809458956798 285
1757435675413 16.750221885804546 286
1757435675479 16.697863546185186 287
1757435675569 16.64573256251855 288
1757435675641 16.593827083324534 289
1757435675714 16.54214528276822 290
1757435675794 16.490685360213796 291
1757435675875 16.439445539787073 292
1757435675933 16.388424069946474 293
1757435675999 16.33761922306226 294
1757435676082 16.28702929500388 295
1757435676147 16.23665260473524 296
1757435676217 16.186487493917678 297
1757435676291 16.136532326520626 298
1757435676378 16.086785488439613 299
1757435676486 16.037245387121626 300
1757435676574 15.987910451197564 301
1757435676686 15.938779130121688 302
1757435676776 15.88984989381791 303
1757435676874 15.841121232332787 304
1757435676926 15.792591655495052 305
1757435676980 15.744259692581613 306
1757435677070 15.696123891989822 307
1757435677159 15.648182820915897 308
1757435677231 15.600435065039436 309
1757435677302 15.55287922821376 310
1757435677384 15.505513932162154 311
1757435677440 15.458337816179721 312
1757435677542 15.411349536840817 313
1757435677626 15.364547767711933 314
1757435677684 15.317931199069942 315
1757435677764 15.271498537625543 316
1757435677822 15.225248506251852 317
1757435677911 15.179179843718023 318
1757435678002 15.133291304427804 319
1757435678087 15.087581658162856 320
1757435678170 15.042049689830886 321
1757435678261 14.996694199218371 322
1757435678339 14.951514000747808 323
1757435678406 14.906507923239456 324
1757435678481 14.861674809677412 325
1757435678553 14.817013516979975 326
1757435678628 14.772522915774205 327
1757435678690 14.728201890174587 328
1757435678762 14.68404933756572 329
1757435678851 14.640064168388957 330
1757435678933 14.596245305932925 331
1757435678993 14.55259168612784 332
1757435679056 14.509102257343516 333
1757435679119 14.465775980191072 334
1757435679183 14.422611827328154 335
1757435679261 14.379608783267726 336
1757435679359 14.336765844190248 337
1757435679416 14.294082017759276 338
1757435679486 14.251556322940317 339
1757435679572 14.20918778982297 340
1757435679655 14.166975459446205 341
1757435679752 14.124918383626813 342
1757435679830 14.083015624790864 343
1757435679919 14.041266255808194 344
1757435680004 13.999669359829811 345
1757435680107 13.958224030128225 346
1757435680179 13.916929369940553 347
1757435680261 13.875784492314457 348
1757435680330 13.834788519956746 349
1757435680423 13.793940585084712 350
1757435680493 13.753239829280023 351
1757435680580 13.712685403345244 352
1757435680658 13.672276467162822 353
1757435680724 13.632012189556596 354
1757435680798 13.591891748155701 355
1757435680887 13.55191432926085 356
1757435680956 13.51207912771299 357
1757435681055 13.472385346764195 358
1757435681164 13.432832197950853 359
1757435681235 13.393418900969039 360
1757435681316 13.354144683552027 361
1757435681394 13.315008781350008 362
1757435681465 13.276010437811768 363
1757435681523 13.237148904068547 364
1757435681632 13.19842343881979 365
1757435681778 13.159833308220934 366
1757435681907 13.121377785773117 367
1757435681986 13.08305615221475 368
1757435682056 13.044867695415007 369
1757435682262 13.006811710269101 370
1757435682407 12.968887498595349 371
1757435682550 12.93109436903403 372
1757435682675 12.893431636947946 373
1757435682786 12.855898624324686 374
1757435682889 12.818494659680558 375
1757435683001 12.781219077966133 376
1757435683079 12.744071220473446 377
1757435683172 12.707050434744687 378
1757435683251 12.670156074482517 379
1757435683315 12.63338749946187 380
1757435683410 12.596744075443238 381
1757435683474 12.560225174087405 382
1757435683544 12.523830172871675 383
1757435683608 12.48755845500744 384
1757435683720 12.451409409359169 385
1757435683812 12.415382430364751 386
1757435683902 12.379476917957177 387
1757435684000 12.343692277487502 388
1757435684106 12.308027919649133 389
1757435684225 12.272483260403359 390
1757435684363 12.23705772090612 391
1757435684441 12.201750727435998 392
1757435684511 12.166561711323407 393
1757435684583 12.131490108880943 394
1757435684655 12.096535361334904 395
1757435684720 12.061696914757938 396
1757435684791 12.026974220002803 397
1757435684858 11.992366732637196 398
1757435684926 11.957873912879702 399
1757435685012 11.923495225536746 400
1757435685128 11.88923013994062 401
1757435685192 11.85507812988851 402
1757435685277 11.821038673582493 403
1757435685350 11.787111253570584 404
1757435685436 11.753295356688666 405
1757435685532 11.719590474003425 406
1757435685611 11.68599610075618 407
1757435685690 11.652511736307646 408
1757435685769 11.619136884083595 409
1757435685867 11.585871051521352 410
1757435686111 11.55271375001724 411
1757435686205 11.519664494874785 412
1757435686272 11.48672280525383 413
1757435686351 11.453888204120407 414
1757435686422 11.421160218197477 415
1757435686497 11.388538377916404 416
1757435686579 11.356022217369235 417
1757435686665 11.323611274261769 418
1757435686735 11.291305089867306 419
1757435686799 11.259103208981212 420
1757435686870 11.227005179876159 421
1757435686931 11.195010554258085 422
1757435687023 11.163118887222879 423
1757435687111 11.13132973721372 424
1757435687190 11.099642665979122 425
1757435687250 11.068057238531601 426
1757435687348 11.03657302310706 427
1757435687456 11.005189591124733 428
1757435687559 10.973906517147848 429
1757435687649 10.942723378844809 430
1757435687712 10.911639756951102 431
1757435687799 10.880655235231695 432
1757435687949 10.849769400444078 433
1757435688066 10.818981842301882 434
1757435688134 10.78829215343904 435
1757435688198 10.757699929374532 436
1757435688259 10.727204768477662 437
1757435688340 10.696806271933879 438
1757435688440 10.66650404371113 439
1757435688509 10.63629769052672 440
1757435688577 10.60618682181471 441
1757435688663 10.576171049693793 442
1757435688751 10.54624998893568 443
1757435688828 10.51642325693396 444
1757435688906 10.486690473673447 445
1757435688978 10.457051261699993 446
1757435689037 10.427505246090758 447
1757435689119 10.398052054424948 448
1757435689184 10.368691316754981 449
1757435689254 10.339422665578118 450
1757435689337 10.31024573580847 451
1757435689431 10.281160164749503 452
1757435689514 10.252165592066902 453
1757435689605 10.223261659761883 454
1757435689694 10.194448012144875 455
1757435689773 10.165724295809616 456
1757435689848 10.137090159607636 457
1757435689928 10.10854525462313 458
1757435689988 10.080089234148184 459
1757435690084 10.051721753658416 460
1757435690152 10.023442470788902 461
1757435690220 9.995251045310562 462
1757435690286 9.967147139106817 463
1757435690353 9.939130416150618 464
1757435690421 9.911200542481835 465
1757435690510 9.88335718618494 466
1757435690627 9.855600017367063 467
1757435690737 9.827928708136334 468
1757435690841 9.800342932580572 469
1757435690937 9.772842366746259 470
1757435691023 9.745426688617853 471
1757435691095 9.718095578097378 472
1757435691181 9.690848716984313 473
1757435691274 9.663685788955796 474
1757435691366 9.636606479547096 475
1757435691451 9.609610476132369 476
1757435691525 9.582697467905696 477
1757435691629 9.555867145862404 478
1757435691703 9.529119202780635 479
1757435691787 9.502453333203208 480
1757435691871 9.475869233419703 481
1757435691934 9.449366601448846 482
1757435692013 9.422945137021115 483
1757435692095 9.396604541561603 484
1757435692178 9.370344518173122 485
1757435692255 9.344164771619559 486
1757435692328 9.31806500830944 487
1757435692402 9.292044936279776 488
1757435692501 9.26610426518008 489
1757435692585 9.240242706256643 490
1757435692660 9.214459972337021 491
1757435692762 9.188755777814748 492
1757435692854 9.163129838634251 493
1757435692950 9.137581872275979 494
1757435693034 9.112111597741746 495
1757435693097 9.086718735540272 496
1757435693194 9.061403007672926 497
1757435693331 9.036164137619654 498
1757435693482 9.011001850325123 499
