1757515951432 0.32879443992269014 0
1757515951529 0.33937713995501895 1
1757515951635 0.3279253908236866 2
1757515951742 0.06822818566194498 3
1757515951848 0.012159156355883 4
1757515951954 0.02934024613997409 5
1757515952076 0.0894363829485726 6
1757515952182 0.03769397856916896 7
1757515952286 0.06680777707105583 8
1757515952448 0.0003608826992270629 9
1757515952637 0.13701045144129992 10
1757515952789 0.45125105683976613 11
1757515952927 0.014921013803758052 12
1757515953120 0.32713027417984436 13
1757515953298 0.0019918024765000503 14
1757515953413 0.01968979704937592 15
1757515953514 2.8678927433380914 16
1757515953605 0.0197593087795511 17
1757515953693 0.0025126212998309205 18
1757515953791 0.0026564247486495908 19
1757515953888 0.1170107106538703 20
1757515953980 0.0029711449540914697 21
1757515954069 0.3471909908864796 22
1757515954159 0.04879514787718176 23
1757515954251 0.10226367579534328 24
1757515954344 0.062070145726951555 25
1757515954434 0.0329144421121184 26
1757515954525 0.5805869539365097 27
1757515954614 0.02589242212970008 28
1757515954707 0.01998729735418169 29
1757515954801 0.451924296974274 30
1757515954897 0.03318656123306213 31
1757515954990 0.003071535846984236 32
1757515955082 0.29052927139733054 33
1757515955208 0.058100000499181834 34
1757515955298 0.06201236195245106 35
1757515955388 0.02218304408667757 36
1757515955480 0.006030172589802973 37
1757515955598 0.02333857894503075 38
1757515955690 0.0318651813578223 39
1757515955782 0.10655673197645173 40
1757515955902 0.13274081050849196 41
1757515955992 0.009840668198163547 42
1757515956086 0.01725011790941304 43
1757515956176 0.002001077055689943 44
1757515956291 0.0021013621524325616 45
1757515956386 0.1880739877974652 46
1757515956480 0.023098698120529074 47
1757515956572 0.02220119131472215 48
1757515956669 0.00028796286807558516 49
1757515956761 0.005486064448961229 50
1757515956940 0.03967908858135218 51
1757515957060 0.09680553738340368 52
1757515957171 5.617861180300745e-07 53
1757515957266 0.4469704040130608 54
1757515957366 0.0830745726245945 55
1757515957461 0.037007051542652936 56
1757515957563 0.08637870068438622 57
1757515957669 0.10277470939533702 58
1757515957763 0.09793757332097221 59
1757515957854 0.004541846058535718 60
1757515957943 0.4319668678949698 61
1757515958051 0.09289071079378182 62
1757515958140 0.008180234155727066 63
1757515958233 0.3680528646430427 64
1757515958325 0.06346941304772942 65
1757515958416 0.005581861896827635 66
1757515958506 2.4668226594761746 67
1757515958596 0.06381803522586854 68
1757515958687 0.041723129024244764 69
1757515958775 0.12981878202154304 70
1757515958867 0.014818533456006746 71
1757515958957 0.22061916097892995 72
1757515959049 0.0002679225344057224 73
1757515959138 0.026296963305153756 74
1757515959229 0.042892649321326685 75
1757515959316 0.020334226075231766 76
1757515959413 0.13629526280862955 77
1757515959502 0.00014969417999717308 78
1757515959597 0.001990877234695617 79
1757515959686 0.004091621356348907 80
1757515959776 0.003699660765477574 81
1757515959866 0.168442075937355 82
1757515959956 0.12012715142958673 83
1757515960043 0.0008457001336800822 84
1757515960129 0.0412763859638511 85
1757515960221 0.0022894168184489677 86
1757515960314 0.0025345517040235794 87
1757515960410 0.4110132238431032 88
1757515960506 0.002571716449439001 89
1757515960598 0.15470871547226786 90
1757515960692 0.039499633821734374 91
1757515960781 0.0020613820478980714 92
1757515960871 0.001958807801655191 93
1757515960959 0.010390631507742092 94
1757515961049 0.02139473298829176 95
1757515961142 0.8599623718296803 96
1757515961233 0.02842059694725816 97
1757515961324 0.008974110340496081 98
1757515961425 0.008794490462970709 99
1757515961514 0.00031432807517943023 100
1757515961618 0.002967843632132775 101
1757515961751 0.18804578848451098 102
1757515961842 0.03834071645766256 103
1757515961932 0.21472612105140784 104
1757515962024 0.19780452545848398 105
1757515962115 0.39818852459810006 106
1757515962205 0.03830506300457447 107
1757515962295 0.036610627164507886 108
1757515962387 0.0007801535106322783 109
1757515962478 0.006120668563526303 110
1757515962568 0.12907853641149428 111
1757515962658 1.5857610580466466e-07 112
1757515962749 0.17832355189409316 113
1757515962840 0.004469053402950651 114
1757515962932 0.019141556211247218 115
1757515963022 0.00697707612224961 116
1757515963112 0.19657418725211118 117
1757515963203 0.590560920194051 118
1757515963294 0.030012810513154742 119
1757515963386 0.027713513114745285 120
1757515963483 0.17799593693363214 121
1757515963574 0.3732905207028917 122
1757515963664 0.005524606360639062 123
1757515963756 0.007499580070253683 124
1757515963852 0.009481147776765321 125
1757515963949 0.00019662949560031543 126
1757515964044 0.00021004113990541947 127
1757515964138 6.185997964160927e-05 128
1757515964232 0.025908519487479676 129
1757515964350 0.01917746480025823 130
1757515964536 0.17354268627661917 131
1757515964682 0.006208378713424984 132
1757515964790 0.022332231562373423 133
1757515964951 0.468264435824293 134
1757515965090 0.02487779605130264 135
1757515965296 0.0017108682886071472 136
1757515965393 1.7248131580175237e-05 137
1757515965493 0.01546696432502922 138
1757515965586 7.891652458709535e-05 139
1757515965680 0.026987870478949127 140
1757515965774 0.1463279240099818 141
1757515965869 0.0010321799107555834 142
1757515965962 0.0042594703559576865 143
1757515966056 0.04680501099791147 144
1757515966148 0.018968726416867514 145
1757515966251 0.12398855061750005 146
1757515966357 0.035910623042322135 147
1757515966453 0.08036685886636638 148
1757515966546 0.07432914303866546 149
1757515966637 0.17633152733016585 150
1757515966736 0.36418595571642165 151
1757515966829 0.28592494160587206 152
1757515966922 0.2179455814967441 153
1757515967011 0.008967003669766277 154
1757515967101 0.17456027693594262 155
1757515967191 0.3373064345813629 156
1757515967285 0.021930613424484355 157
1757515967374 0.01861830920217648 158
1757515967468 0.3616357863623539 159
1757515967560 0.01054581688961396 160
1757515967652 0.4370018690030209 161
1757515967744 0.5391475621460996 162
1757515967835 0.02486399849299993 163
1757515967963 8.091602220958657e-05 164
1757515968058 0.11790285489553706 165
1757515968151 0.4028094924446146 166
1757515968244 0.013507122248923266 167
1757515968338 0.0509821279206172 168
1757515968431 0.06223592510401801 169
1757515968533 0.003369908483287896 170
1757515968622 0.08954161052530342 171
1757515968773 0.033959432307357006 172
1757515968888 0.014942701494063071 173
1757515969002 0.06896804023705683 174
1757515969095 0.02285566969947873 175
1757515969187 0.26687414466230136 176
1757515969301 0.009681822364312712 177
1757515969413 0.03699355809805353 178
1757515969530 0.24649396532433498 179
1757515969642 0.0159437757757163 180
1757515969753 0.005187221508722454 181
1757515969854 0.11507559232287627 182
1757515969954 0.187289069548616 183
1757515970054 0.00020016124962807545 184
1757515970201 0.48237653573812433 185
1757515970294 0.0055578576229713605 186
1757515970387 0.09248784705756473 187
1757515970478 0.17026878704496845 188
1757515970580 0.6104634785181865 189
1757515970670 0.07876835486269752 190
1757515970762 0.029841158789420928 191
1757515970883 0.007803240864610906 192
1757515971010 0.00497303205916212 193
1757515971103 0.021386374282221874 194
1757515971197 0.005612764853391806 195
1757515971300 0.0052599380865830415 196
1757515971393 0.4866644181096324 197
1757515971486 0.2036155113149666 198
1757515971585 0.02694156869263198 199
1757515971679 0.12877292793736994 200
1757515971771 0.0765849683674049 201
1757515971866 0.000259303637603049 202
1757515971961 0.00045740211334184056 203
1757515972058 0.05917189078851198 204
1757515972154 0.27943394883676054 205
1757515972251 0.03174550751820073 206
1757515972344 0.002334668205071353 207
1757515972436 0.009604594471096491 208
1757515972528 0.04016385965000515 209
1757515972620 0.21681304715592684 210
1757515972719 0.04846913670544336 211
1757515972813 0.0006180184170161765 212
1757515972906 0.0534474234144462 213
1757515972999 0.07458908347129994 214
1757515973093 0.00559693364708347 215
1757515973185 0.012064867596955388 216
1757515973280 0.025672256387914833 217
1757515973370 0.019013398802790005 218
1757515973460 0.06639416055756836 219
1757515973560 0.015735687151418733 220
1757515973654 0.017611708952123988 221
1757515973755 0.12357712778898973 222
1757515973848 0.0008364181884939751 223
1757515973943 0.053155610877129986 224
1757515974036 0.03294181194296564 225
1757515974130 0.06000806192479261 226
1757515974223 0.00880677705157402 227
1757515974316 0.124658804294866 228
1757515974407 0.056050295438335285 229
1757515974502 0.21094469595987383 230
1757515974597 0.004796347834478412 231
1757515974693 0.024457400274867636 232
1757515974787 0.003895384942137536 233
1757515974880 0.07805901520493665 234
1757515974972 0.11449962358879255 235
1757515975065 0.008676519054680889 236
1757515975161 0.09050704763494827 237
1757515975257 0.045246390520918583 238
1757515975351 0.39212031191116764 239
1757515975449 0.07661560659546911 240
1757515975542 0.019696304484845828 241
1757515975647 0.25906138936847267 242
1757515975743 0.03288358426599864 243
1757515975844 0.03947778049008667 244
1757515975937 0.011173496102257575 245
1757515976027 0.044663940248773695 246
1757515976119 0.08187181244764116 247
1757515976210 0.02894926037518742 248
1757515976309 0.0037179838606481927 249
1757515976404 1.183963760688496 250
1757515976500 0.0005965271826789444 251
1757515976592 0.00018339554225675473 252
1757515976724 0.007301086922723752 253
1757515976951 0.0994328408726514 254
1757515977112 0.07326740212444323 255
1757515977212 0.0013067406157259824 256
1757515977392 0.008370423906405725 257
1757515977526 0.010045484935984929 258
1757515977619 0.021374725898781324 259
1757515977719 0.017554417240637686 260
1757515977813 0.16634014850324952 261
1757515977910 0.08138743338680954 262
1757515978003 0.1858748331593857 263
1757515978102 5.5397363140349576e-05 264
1757515978193 0.014336912617715213 265
1757515978289 0.015708403642186862 266
1757515978385 0.8816673764779384 267
1757515978476 0.02525604182079208 268
1757515978567 0.0005178599394857952 269
1757515978662 0.056250274333190776 270
1757515978757 0.01856396710133838 271
1757515978852 0.7137576192853193 272
1757515978945 0.05438894515235632 273
1757515979040 0.03468070464470584 274
1757515979136 0.0027780822678409997 275
1757515979228 0.02023742806886094 276
1757515979323 0.014226598126642412 277
1757515979417 0.08400799463982465 278
1757515979511 0.05656827107921386 279
1757515979608 0.03205545276448665 280
1757515979711 0.00435804678278299 281
1757515979801 0.21773566888033982 282
1757515979897 0.39827880308790936 283
1757515979992 0.11114744429694721 284
1757515980089 0.09448848320627183 285
1757515980184 0.007732358601872653 286
1757515980279 0.007304000185346778 287
1757515980373 0.006590519013634329 288
1757515980470 0.013288574077973602 289
1757515980564 0.062266355841034106 290
1757515980660 0.1261840266494436 291
1757515980760 0.09663899268883078 292
1757515980856 0.03517092209574162 293
1757515980950 0.018754528050812576 294
1757515981046 0.013755595722986527 295
1757515981142 0.06924229529478186 296
1757515981238 0.02771556562892039 297
1757515981330 1.9764421994941899 298
1757515981423 0.23131768483119008 299
1757515981517 0.004113829073810664 300
1757515981611 0.013132007489764267 301
1757515981708 0.0028186321271036225 302
1757515981802 0.6238325187373321 303
1757515981899 0.00010906169742445296 304
1757515981991 0.0034548820289762223 305
1757515982081 0.09248331151626554 306
1757515982187 0.11386797834155861 307
1757515982282 0.08744847206998918 308
1757515982376 0.0051524044870671715 309
1757515982475 0.18623672112123812 310
1757515982568 0.0056284184506800354 311
1757515982665 0.20138480598288647 312
1757515982766 0.021512251897628818 313
1757515982861 0.09546504420824256 314
1757515982957 0.09428171475496103 315
1757515983051 0.0010440599859476015 316
1757515983147 0.1708716373539462 317
1757515983242 0.002924683554300806 318
1757515983333 0.18376415844138314 319
1757515983427 0.09774863014296485 320
1757515983523 0.010537430311391264 321
1757515983619 0.030237336219611378 322
1757515983716 0.030749437983880773 323
1757515983815 0.04886736899297731 324
1757515983910 0.020474346714247017 325
1757515984006 0.12364608491575414 326
1757515984103 0.23899571144287063 327
1757515984201 0.05030043267551916 328
1757515984296 0.054468864943831706 329
1757515984393 0.0455086331249389 330
1757515984491 0.022608441511934498 331
1757515984588 0.022869193529193286 332
1757515984688 0.5421063015898958 333
1757515984792 0.03524699991243696 334
1757515984887 0.01642197633646969 335
1757515984984 0.3488112685971416 336
1757515985078 0.039269289261317016 337
1757515985175 0.08757398530770512 338
1757515985272 0.014451778742875896 339
1757515985368 0.5052644396371416 340
1757515985464 0.015730602799399106 341
1757515985560 0.11992115004322206 342
1757515985656 0.27149031499464216 343
1757515985759 0.029526415848627422 344
1757515985855 0.0008960104421250507 345
1757515985952 0.12484049049737865 346
1757515986048 0.9305997915618662 347
1757515986172 0.09412596439445355 348
1757515986269 0.002365155302964287 349
1757515986366 0.34323899052135376 350
1757515986461 0.0008816661367488187 351
1757515986557 0.014724715046330059 352
1757515986649 0.00015334566355299891 353
1757515986748 0.5849637008893507 354
1757515986844 0.4751486427251769 355
1757515986942 0.111791802215407 356
1757515987037 0.005846656159116004 357
1757515987136 0.026159547508085624 358
1757515987232 0.007720471589283873 359
1757515987332 0.34282492692011846 360
1757515987427 0.012990602684297688 361
1757515987526 0.8280963042266939 362
1757515987618 0.042820049485976515 363
1757515987707 0.47733275288507004 364
1757515987800 0.026164463396525013 365
1757515987893 0.11655903237436939 366
1757515987980 0.11166793036981795 367
1757515988073 0.0015797943234074194 368
1757515988162 0.05465296309630258 369
1757515988252 0.09826374374985285 370
1757515988427 0.19832119539941817 371
1757515988609 0.39289618257148035 372
1757515988739 0.7030228650781901 373
1757515988879 0.0005376060068530698 374
1757515989045 0.0023646968715284196 375
1757515989223 0.04233959360614117 376
1757515989321 1.9400091252187714 377
1757515989419 0.009109066272805173 378
1757515989519 0.9666937834433177 379
1757515989617 0.00462958320305097 380
1757515989714 0.00011281428287757135 381
1757515989817 0.44891114666814225 382
1757515989918 0.0023904754807575544 383
1757515990016 0.05967651650670438 384
1757515990114 0.8681816656299021 385
1757515990212 0.009597210298163484 386
1757515990311 0.022347777839543635 387
1757515990410 0.0005863028473590804 388
1757515990507 0.522015444650816 389
1757515990604 0.021435644138149315 390
1757515990698 0.009478332468594725 391
1757515990796 0.18100166329634454 392
1757515990901 0.18119156160702715 393
1757515991000 0.04248697179320905 394
1757515991097 0.024380341610806287 395
1757515991195 0.2048471578811397 396
1757515991294 0.15316964468673802 397
1757515991392 0.01019014935583568 398
1757515991490 0.004661637209664367 399
1757515991590 0.0018410965556871287 400
1757515991686 0.0005756182795138934 401
1757515991786 0.45689064696280157 402
1757515991889 0.6521658071378993 403
1757515991983 0.020826223433891126 404
1757515992079 0.13126223053331776 405
1757515992178 0.012916512786918858 406
1757515992275 0.00012225268964779167 407
1757515992375 0.03238292801386078 408
1757515992475 1.1530469526584326e-05 409
1757515992572 0.38768125474287557 410
1757515992671 0.0008627451385478596 411
1757515992774 0.28603518475656003 412
1757515992873 0.03741541235232186 413
1757515992971 0.11264009938014355 414
1757515993070 0.021002483354112613 415
1757515993169 0.002217934866992431 416
1757515993267 0.0022559041211396664 417
1757515993365 0.02461372551144475 418
1757515993462 0.07448219586500908 419
1757515993561 0.0963821622498126 420
1757515993658 0.03316951609775154 421
1757515993782 0.2022956672976032 422
1757515993894 0.03395456180708439 423
1757515993999 0.08247931308941307 424
1757515994097 0.004365109108806917 425
1757515994193 0.0032651943875753532 426
1757515994293 0.06263795352960001 427
1757515994393 0.039985275489011644 428
1757515994501 0.18236145735881615 429
1757515994596 0.004318827072668572 430
1757515994698 0.052378718248734225 431
1757515994800 0.10684459298494449 432
1757515994901 0.022212699993900964 433
1757515995001 0.0024089148298011274 434
1757515995102 0.2632317740385845 435
1757515995197 0.25653251801452054 436
1757515995296 0.004522638677742726 437
1757515995394 0.3251628071186253 438
1757515995495 0.035252140876088765 439
1757515995590 0.006479867855437648 440
1757515995690 0.047937388591026635 441
1757515995792 0.06894103883711873 442
1757515995890 0.005415984848332204 443
1757515995997 0.09359254787748378 444
1757515996097 0.6075922613456324 445
1757515996195 0.026839155714615384 446
1757515996290 0.00411511289249488 447
1757515996387 0.7035274353718636 448
1757515996486 0.09032344032759092 449
1757515996586 0.013791495987413575 450
1757515996682 0.025439283486666832 451
1757515996777 0.03668583337680095 452
1757515996871 0.6572058934660594 453
1757515996981 0.05726431048458153 454
1757515997077 0.007804818346294454 455
1757515997177 0.26481805512443096 456
1757515997272 0.013289629932287625 457
1757515997373 0.08507479719534229 458
1757515997472 0.012634092348804768 459
1757515997572 0.10519126442834759 460
1757515997674 0.07491196361897969 461
1757515997773 0.034426255174999566 462
1757515997867 0.01597464612488278 463
1757515997968 0.3119753145583118 464
1757515998066 0.5289333628715949 465
1757515998165 0.20414777092430147 466
1757515998259 0.24459166794278453 467
1757515998358 0.018648195607014993 468
1757515998452 0.00026385847763405227 469
1757515998552 0.0020676248708268426 470
1757515998651 0.006509191520562193 471
1757515998749 0.012720324367792194 472
1757515998846 0.7184715688116605 473
1757515998949 0.09234792967574006 474
1757515999054 0.01958064067562397 475
1757515999154 0.004600298009827913 476
1757515999251 0.10249363576417084 477
1757515999351 0.011596228657801473 478
1757515999447 0.0010976888024851485 479
1757515999543 0.004739069951302135 480
1757515999637 0.03876180445247005 481
1757515999735 0.06885065919893049 482
1757515999832 0.010485329191720405 483
1757515999926 9.816713552547578e-05 484
1757516000034 0.03525360887531089 485
1757516000134 0.08171920570290818 486
1757516000314 0.004887777344820577 487
1757516000474 0.13818658386983726 488
1757516000596 0.0006652774200592031 489
1757516000749 0.004627644872430686 490
1757516000892 0.005428893570469883 491
1757516000992 0.1258376928633627 492
1757516001091 0.0516211639611477 493
1757516001191 0.23792896977176264 494
1757516001292 0.001406956394616573 495
1757516001393 0.005899347574131785 496
1757516001495 0.14764294507907672 497
1757516001594 0.0038680880127677578 498
1757516001688 0.33367657633716424 499
