1757431984461 154.69934268703517 0
1757431984526 153.6598763559075 1
1757431984591 153.06197679723547 2
1757431984643 152.46612145563927 3
1757431984725 151.87229005891692 4
1757431984782 151.2804799453604 5
1757431984831 150.69068838097638 6
1757431984869 150.10291266681583 7
1757431984934 149.51715013772912 8
1757431984994 148.93339816193617 9
1757431985043 148.35165414059546 10
1757431985080 147.7719155073791 11
1757431985121 147.19417972805317 12
1757431985178 146.61844430006374 13
1757431985219 146.0447067521281 14
1757431985266 145.4729646438313 15
1757431985330 144.9032155652282 16
1757431985417 144.33545713645023 17
1757431985461 143.76968700731774 18
1757431985500 143.20590285695715 19
1757431985538 142.6455284562053 20
1757431985597 142.0864089468539 21
1757431985664 141.52927557826249 22
1757431985726 140.9741196583117 23
1757431985787 140.4209388176482 24
1757431985844 139.8697306729051 25
1757431985895 139.32049287244095 26
1757431985952 138.77322309559935 27
1757431986008 138.22791905230056 28
1757431986066 137.68457848263608 29
1757431986117 137.1431991564685 30
1757431986184 136.60377887303704 31
1757431986233 136.06631546056772 32
1757431986305 135.53080677588915 33
1757431986369 134.99990545805815 34
1757431986455 134.46960637006825 35
1757431986510 133.94126193181935 36
1757431986572 133.41486249960826 37
1757431986631 132.89040615393805 38
1757431986682 132.36789095296862 39
1757431986833 131.84731498069021 40
1757431986973 131.3286763462662 41
1757431987058 130.81197318369902 42
1757431987130 130.29720365149822 43
1757431987231 129.7843659323531 44
1757431987281 129.27345823280953 45
1757431987319 128.76447878295136 46
1757431987359 128.2574258360858 47
1757431987404 127.7522976684332 48
1757431987472 127.24909257882098 49
1757431987529 126.74780888838131 50
1757431987575 126.24844494025344 51
1757431987643 125.75099909928939 52
1757431987702 125.25546975176402 53
1757431987761 124.76185530508866 54
1757431987841 124.2701541875288 55
1757431987893 123.78036484792543 56
1757431987949 123.29248575542015 57
1757431987998 122.80651539918381 58
1757431988044 122.32245228814915 59
1757431988113 121.84029495074653 60
1757431988153 121.36004193464359 61
1757431988209 120.88169180648818 62
1757431988263 120.40524315165469 63
1757431988307 119.93069457399406 64
1757431988354 119.4580446955868 65
1757431988398 118.98729215649948 66
1757431988476 118.51843561454443 67
1757431988578 118.05147374504274 68
1757431988642 117.58640524059032 69
1757431988721 117.12322881082717 70
1757431988775 116.66194318220963 71
1757431988870 116.20254709778582 72
1757431988948 115.74503931697409 73
1757431989014 115.28941861534413 74
1757431989089 114.8356837844016 75
1757431989171 114.38383363137486 76
1757431989232 113.93386697900542 77
1757431989287 113.48578266534045 78
1757431989337 113.0395795435285 79
1757431989389 112.5952564816179 80
1757431989437 112.15281236235764 81
1757431989489 111.7122460830012 82
1757431989543 111.27355655511288 83
1757431989595 110.83674270437662 84
1757431989666 110.40180347040763 85
1757431989762 109.96873780656637 86
1757431989845 109.53754467977498 87
1757431989901 109.10822307033634 88
1757431989975 108.68077197175539 89
1757431990056 108.25519039056306 90
1757431990123 107.83147734614222 91
1757431990198 107.40963187055635 92
1757431990259 106.98965300838022 93
1757431990323 106.57153981653296 94
1757431990386 106.15529136411344 95
1757431990426 105.74090673223759 96
1757431990493 105.32838501387832 97
1757431990543 104.91772531370715 98
1757431990599 104.5089267479383 99
1757431990654 104.10198844417468 100
1757431990712 103.69690954125598 101
1757431990773 103.29368918910897 102
1757431990853 102.89232654859947 103
1757431990964 102.49282079138668 104
1757431991038 102.09517109977911 105
1757431991200 101.69937666659283 106
1757431991290 101.30543669501131 107
1757431991330 100.91335039844715 108
1757431991375 100.52311700040603 109
1757431991479 100.13473573435198 110
1757431991593 99.75122951634839 111
1757431991671 99.36806975899253 112
1757431991724 98.98678367938311 113
1757431991782 98.60736296170269 114
1757431991844 98.22980664012535 115
1757431991920 97.85411371816261 116
1757431991982 97.48028321279845 117
1757431992047 97.1083141540205 118
1757431992115 96.73820558464728 119
1757431992167 96.36995656015593 120
1757431992244 96.00356614851216 121
1757431992320 95.63903343000253 122
1757431992373 95.27635749706901 123
1757431992420 94.91553745414569 124
1757431992488 94.55657241749766 125
1757431992532 94.19946151506224 126
1757431992587 93.84420388629205 127
1757431992630 93.49079868200056 128
1757431992683 93.13924506420923 129
1757431992749 92.78954220599728 130
1757431992806 92.44168929135286 131
1757431992862 92.09568551502683 132
1757431992943 91.75153008238796 133
1757431992986 91.4092222092805 134
1757431993047 91.06876112188345 135
1757431993100 90.73014605657168 136
1757431993166 90.3933762597791 137
1757431993227 90.0584509878635 138
1757431993291 89.72536950697334 139
1757431993348 89.39413109291621 140
1757431993394 89.06473503102916 141
1757431993442 88.7371806160507 142
1757431993487 88.41146715199461 143
1757431993533 88.08759395202532 144
1757431993576 87.7655603383351 145
1757431993619 87.44536564202288 146
1757431993666 87.1270092029745 147
1757431993711 86.81049036974495 148
1757431993760 86.49580849944184 149
1757431993818 86.18296295761066 150
1757431993894 85.87195311812147 151
1757431993935 85.56277836305719 152
1757431993984 85.25543808260333 153
1757431994026 84.9499316749393 154
1757431994095 84.64625854613095 155
1757431994155 84.34441811002505 156
1757431994229 84.04440978814453 157
1757431994295 83.74623300958574 158
1757431994363 83.44988721091669 159
1757431994416 83.15537183607678 160
1757431994494 82.86268633627812 161
1757431994555 82.57183016990768 162
1757431994614 82.28280280243132 163
1757431994689 81.99560370629864 164
1757431994765 81.71023236084942 165
1757431994836 81.42668825222123 166
1757431994885 81.14497087325826 167
1757431994954 80.86507972342136 168
1757431995019 80.58701430869941 169
1757431995099 80.3107741415218 170
1757431995145 80.03635874067204 171
1757431995233 79.76376763120267 172
1757431995373 79.49305325652008 173
1757431995466 79.2242447741117 174
1757431995556 78.95731447274372 175
1757431995687 78.6922623636449 176
1757431995886 78.4290884636654 177
1757431996012 78.16779278992492 178
1757431996081 77.90837535980359 179
1757431996152 77.65141331922851 180
1757431996230 77.39701406735895 181
1757431996289 77.14478856560736 182
1757431996358 76.89466288609682 183
1757431996424 76.64655833177792 184
1757431996509 76.40040199087545 185
1757431996600 76.15612599078366 186
1757431996679 75.91366716714613 187
1757431996738 75.67296674263943 188
1757431996782 75.43397002783541 189
1757431996848 75.19662614221409 190
1757431996894 74.9608877539921 191
1757431996942 74.72671083750545 192
1757431996992 74.4940544469695 193
1757431997068 74.26288050551821 194
1757431997149 74.0331536084975 195
1757431997225 73.80484084005714 196
1757431997308 73.577911602148 197
1757431997368 73.35233745509255 198
1757431997423 73.1280919689512 199
1757431997469 72.90515058495961 200
1757431997545 72.6834904863606 201
1757431997609 72.46309047799853 202
1757431997675 72.24393087408832 203
1757431997728 72.02599339360815 204
1757431997781 71.80926106280394 205
1757431997855 71.59371812432647 206
1757431997927 71.3793499525551 207
1757431997996 71.16614297469093 208
1757431998065 70.95408459723106 209
1757431998111 70.7431631374614 210
1757431998157 70.53336775962917 211
1757431998213 70.32468841547988 212
1757431998282 70.11711578886388 213
1757431998351 69.91064124413792 214
1757431998403 69.7052567781055 215
1757431998453 69.5009549752562 216
1757431998499 69.29772896608176 217
1757431998572 69.09557238826002 218
1757431998645 68.89447935051294 219
1757431998729 68.69444766331544 220
1757431998793 68.49556266527831 221
1757431998845 68.29777376102795 222
1757431998913 68.10107691866915 223
1757431998980 67.90546809181693 224
1757431999050 67.71094346927063 225
1757431999126 67.51749945033727 226
1757431999196 67.32513262865844 227
1757431999255 67.13383977701235 228
1757431999329 66.94361783328215 229
1757431999391 66.75446388749452 230
1757431999462 66.56637516985074 231
1757431999519 66.379349039677 232
1757431999579 66.19338297522631 233
1757431999651 66.00847456426946 234
1757431999810 65.82462149541621 235
1757431999917 65.64182155011308 236
1757432000071 65.46007259526736 237
1757432000151 65.27937257645074 238
1757432000255 65.09971951163936 239
1757432000306 64.92111148545027 240
1757432000364 64.74354664383708 241
1757432000443 64.56702318921032 242
1757432000496 64.39153937595053 243
1757432000540 64.21709350628436 244
1757432000606 64.04368392649651 245
1757432000666 63.87130902345143 246
1757432000748 63.69996722140179 247
1757432000816 63.52965697906144 248
1757432000882 63.36105294864183 249
1757432000945 63.19376510777651 250
1757432001001 63.02774731281378 251
1757432001058 62.8629648199389 252
1757432001127 62.699384751738755 253
1757432001190 62.53697613021961 254
1757432001247 62.37570975525423 255
1757432001325 62.21555809452214 256
1757432001393 62.05649518039791 257
1757432001471 61.8984965134284 258
1757432001531 61.741538971963976 259
1757432001616 61.58560072754048 260
1757432001680 61.43066116563576 261
1757432001759 61.27670081145001 262
1757432001822 61.123701260382425 263
1757432001885 60.97164511289892 264
1757432001938 60.82051591350561 265
1757432001997 60.670298093562245 266
1757432002074 60.52097691768713 267
1757432002137 60.37253843352178 268
1757432002193 60.22496942463879 269
1757432002244 60.078257366390716 270
1757432002292 59.93239038451145 271
1757432002358 59.78735721629339 272
1757432002428 59.64314717417596 273
1757432002498 59.49975011159151 274
1757432002576 59.357156390924615 275
1757432002628 59.21535685345067 276
1757432002691 59.07434279112795 277
1757432002758 58.93410592012566 278
1757432002833 58.79463835597848 279
1757432002908 58.65593259026455 280
1757432002976 58.51798146871133 281
1757432003169 58.38077817063908 282
1757432003247 58.244316189658406 283
1757432003374 58.10858931554299 284
1757432003471 57.97359161720425 285
1757432003567 57.83931742669875 286
1757432003676 57.70576132420446 287
1757432003758 57.57291812390517 288
1757432003854 57.4409057303984 289
1757432003924 57.31002302808048 290
1757432004007 57.18004179444566 291
1757432004089 57.05094241998571 292
1757432004176 56.92270306911604 293
1757432004248 56.79530284235187 294
1757432004310 56.66872168286725 295
1757432004446 56.542940332186 296
1757432004625 56.417940288304315 297
1757432004730 56.29370376655087 298
1757432004786 56.170213662982846 299
1757432004847 56.04745352013017 300
1757432004934 55.92540749491492 301
1757432005016 55.80406032858703 302
1757432005080 55.68339731852948 303
1757432005134 55.563404291797774 304
1757432005226 55.44406758026915 305
1757432005313 55.32537399728634 306
1757432005414 55.20731081568996 307
1757432005486 55.08986574714154 308
1757432005553 54.97302692264681 309
1757432005604 54.856782874196064 310
1757432005669 54.741122517444154 311
1757432005720 54.626035135359196 312
1757432005781 54.51151036277422 313
1757432005860 54.39753817178077 314
1757432005926 54.28410885790842 315
1757432006013 54.17121302703801 316
1757432006090 54.05884158300052 317
1757432006157 53.946985715817156 318
1757432006216 53.83563689053901 319
1757432006281 53.7247868366485 320
1757432006352 53.614427537986764 321
1757432006416 53.50455122317435 322
1757432006480 53.39515035649462 323
1757432006541 53.286217629211585 324
1757432006612 53.17774595129587 325
1757432006672 53.06972844353447 326
1757432006728 52.96215843000152 327
1757432006778 52.855029430868925 328
1757432006836 52.74833515553733 329
1757432006890 52.642069496069176 330
1757432006947 52.53622652090655 331
1757432007007 52.43080046885839 332
1757432007094 52.32578574334172 333
1757432007149 52.2211769068636 334
1757432007211 52.11696867573057 335
1757432007280 52.01315591497366 336
1757432007375 51.909733633477714 337
1757432007453 51.806696979304476 338
1757432007528 51.704041235199476 339
1757432007602 51.60176181427376 340
1757432007671 51.499854255851396 341
1757432007739 51.398314221475104 342
1757432007812 51.297137491061896 343
1757432007883 51.19631995920206 344
1757432007954 51.09585763159435 345
1757432008024 50.99574662161129 346
1757432008116 50.89598314698864 347
1757432008179 50.796563526633186 348
1757432008248 50.69748417754392 349
1757432008303 50.5987416118413 350
1757432008362 50.500332433900084 351
1757432008443 50.402253337581215 352
1757432008532 50.304501103558586 353
1757432008731 50.20707259673663 354
1757432008834 50.10996476375512 355
1757432008897 50.013174630577495 356
1757432009020 49.91669930015936 357
1757432009114 49.82053595019394 358
1757432009195 49.72468183093163 359
1757432009257 49.6291342630703 360
1757432009354 49.53389063571419 361
1757432009449 49.43894840439835 362
1757432009568 49.3443050891763 363
1757432009627 49.249958272768566 364
1757432009693 49.155905598769706 365
1757432009753 49.06214476991188 366
1757432009837 48.96867354638272 367
1757432009941 48.875489744195605 368
1757432010002 48.78259123361047 369
1757432010068 48.6899759376035 370
1757432010117 48.597641830383594 371
1757432010173 48.50558693595449 372
1757432010230 48.41380932672055 373
1757432010281 48.32230712213495 374
1757432010332 48.23107848738871 375
1757432010402 48.14012163213926 376
1757432010484 48.04943480927713 377
1757432010546 47.95901631372963 378
1757432010614 47.86886448130007 379
1757432010689 47.77897768754168 380
1757432010741 47.68935434666475 381
1757432010792 47.59999291047604 382
1757432010842 47.510891867349656 383
1757432010893 47.422049741227944 384
1757432010944 47.333465090651764 385
1757432010994 47.24513650781904 386
1757432011044 47.15706261767094 387
1757432011096 47.06924207700438 388
1757432011154 46.98167357361048 389
1757432011217 46.89435582543791 390
1757432011280 46.80728757978034 391
1757432011349 46.72046761248745 392
1757432011434 46.63389472719847 393
1757432011483 46.54756775459791 394
1757432011535 46.46148555169247 395
1757432011622 46.3756470011087 396
1757432011701 46.29005101041076 397
1757432011777 46.20469651143746 398
1757432011850 46.11958245965839 399
1757432011916 46.03470783354812 400
1757432012001 45.9500716339783 401
1757432012080 45.86567288362689 402
1757432012154 45.781510626404135 403
1757432012217 45.69758392689465 404
1757432012303 45.613891869815426 405
1757432012381 45.53043355948878 406
1757432012437 45.44720811933044 407
1757432012520 45.364214691351776 408
1757432012581 45.281452435676044 409
1757432012645 45.198920530068214 410
1757432012716 45.11661816947778 411
1757432012808 45.034544565594615 412
1757432012884 44.952698946416845 413
1757432012956 44.871080555831085 414
1757432013108 44.78968865320411 415
1757432013255 44.70852251298599 416
1757432013332 44.627581424324134 417
1757432013459 44.54686469068818 418
1757432013595 44.466371629505076 419
1757432013650 44.386101571804396 420
1757432013723 44.306053861873295 421
1757432013829 44.22622785692118 422
1757432013929 44.14662292675339 423
1757432014030 44.06723845345401 424
1757432014085 43.98807383107736 425
1757432014168 43.90912846534786 426
1757432014270 43.83040177336828 427
1757432014352 43.751893183335866 428
1757432014426 43.6736021342662 429
1757432014513 43.59552807572472 430
1757432014586 43.517670467565495 431
1757432014661 43.440028779677085 432
1757432014721 43.3626024917354 433
1757432014781 43.285391092963195 434
1757432014852 43.208394081896195 435
1757432014903 43.131610966155456 436
1757432014967 43.05504126222591 437
1757432015021 42.97868449524108 438
1757432015101 42.90254019877329 439
1757432015175 42.826607914629854 440
1757432015267 42.750887192654574 441
1757432015341 42.67537759053462 442
1757432015414 42.60007867361266 443
1757432015469 42.52499001470398 444
1757432015552 42.450111193918545 445
1757432015635 42.37544179848779 446
1757432015704 42.30098142259613 447
1757432015760 42.22672966721683 448
1757432015818 42.15268613995245 449
1757432015870 42.07885045487934 450
1757432015922 42.005222232396456 451
1757432015976 41.931801099078115 452
1757432016027 41.858586687530575 453
1757432016081 41.78557863625267 454
1757432016135 41.7127765894998 455
1757432016206 41.64018019715185 456
1757432016283 41.56778911458433 457
1757432016342 41.495603002543106 458
1757432016430 41.423621527022334 459
1757432016513 41.35184435914563 460
1757432016599 41.280271175050295 461
1757432016679 41.208901655774774 462
1757432016763 41.1377354871488 463
1757432016825 41.066772359686624 464
1757432016903 40.99601196848288 465
1757432016974 40.925454013111306 466
1757432017046 40.85509819752596 467
1757432017113 40.784944229965156 468
1757432017176 40.714991822857684 469
1757432017252 40.64524069273174 470
1757432017422 40.57569056012592 471
1757432017619 40.506341149502745 472
1757432017755 40.43719218916422 473
1757432017896 40.36824341116977 474
1757432018023 40.299494551256096 475
1757432018099 40.2309453487592 476
1757432018181 40.16259554653836 477
1757432018236 40.094444890902096 478
1757432018313 40.02649313153592 479
1757432018377 39.95874002143202 480
1757432018447 39.891185316820746 481
1757432018532 39.82382877710373 482
1757432018614 39.75667016478876 483
1757432018700 39.68970924542632 484
1757432018781 39.622945787547714 485
1757432018865 39.5563795626047 486
1757432018935 39.490010344910644 487
1757432019012 39.4238379115833 488
1757432019083 39.35786204248877 489
1757432019155 39.29208252018706 490
1757432019219 39.22649912987888 491
1757432019295 39.16111165935383 492
1757432019376 39.09591989893983 493
1757432019481 39.03092364145383 494
1757432019574 38.96612268215369 495
1757432019658 38.901516818691285 496
1757432019729 38.83710585106674 497
1757432019796 38.772889581583804 498
1757432019873 38.70886781480629 499
