1757327388549 631.5360396338297 0
1757327388581 2631757404130423.5 1
1757327388606 5.357085478984171e+29 2
1757327388631 1.0904644910788217e+44 3
1757327388665 2.2197010127403358e+58 4
1757327388691 4.518324646303707e+72 5
1757327388716 9.19730066897246e+86 6
1757327388740 1.8721616133688346e+101 7
1757327388763 3.8108889039542304e+115 8
1757327388790 7.757275939521329e+129 9
1757327388816 1.5790365848618113e+144 10
1757327388842 3.2142166345134634e+158 11
1757327388866 6.542716408617714e+172 12
1757327388891 1.3318062492721503e+187 13
1757327388914 2.7109655605187477e+201 14
1757327388936 5.518320907666011e+215 15
1757327388959 1.123284857744811e+230 16
1757327388981 2.286508691232405e+244 17
1757327389005 4.654315384948461e+258 18
1757327389030 9.474117367510184e+272 19
1757327389054 1.9285091892059648e+287 20
1757327389081 3.925587522913763e+301 21
1757327389106 inf 22
