1757507915716 112.25892379284782 0
1757507915776 78.55223593935399 1
1757507915836 69.78901081801722 2
1757507915898 66.98947375214 3
1757507916026 51.21442495742319 4
1757507916172 51.49809546978493 5
1757507916267 51.08120073562335 6
1757507916390 62.461499412362755 7
1757507916448 33.20783475228989 8
1757507916513 37.57542049987033 9
1757507916675 27.13150983631566 10
1757507916786 39.39327110930095 11
1757507916845 28.64158570794796 12
1757507916905 31.874439173365122 13
1757507916963 21.613571707010152 14
1757507917019 29.497307214544733 15
1757507917078 35.9300455876426 16
1757507917132 41.07475238168336 17
1757507917189 26.438906498823112 18
1757507917248 24.410715810326018 19
1757507917306 24.17397788991391 20
1757507917363 26.019613757821165 21
1757507917429 33.40526977326421 22
1757507917488 24.17142712163653 23
1757507917545 20.317761514245326 24
1757507917602 23.746068487094835 25
1757507917658 19.485434108189637 26
1757507917717 14.286203457342726 27
1757507917774 15.346299981388114 28
1757507917831 26.06945132637062 29
1757507917890 14.592231934623326 30
1757507917948 17.621702200131697 31
1757507918008 14.206240587577556 32
1757507918069 17.836422080959103 33
1757507918126 20.026435817075704 34
1757507918182 14.15072352985857 35
1757507918241 13.002464357819235 36
1757507918299 19.255170538536667 37
1757507918355 13.624157984265526 38
1757507918420 18.648811125648695 39
1757507918479 10.945150579819446 40
1757507918537 10.897558730351927 41
1757507918596 10.29843541726319 42
1757507918655 9.968253915094532 43
1757507918714 18.49542749728366 44
1757507918773 9.863094746903784 45
1757507918832 11.302745111180128 46
1757507918891 10.10306617709453 47
1757507918948 13.743678127305602 48
1757507919006 9.546656357300956 49
1757507919063 13.754652825344444 50
1757507919137 12.337327058109084 51
1757507919223 8.276685749621874 52
1757507919297 11.472497790031957 53
1757507919375 9.285901243287379 54
1757507919462 8.901057052341468 55
1757507919539 10.464310196487796 56
1757507919616 8.730783767150951 57
1757507919692 7.853150701857592 58
1757507919767 12.118005690919047 59
1757507919846 11.096503479450067 60
1757507919922 8.713511686005829 61
1757507919997 8.239178223729242 62
1757507920070 11.791308126754364 63
1757507920140 6.618988392493025 64
1757507920201 6.945367890487641 65
1757507920266 6.574297875890435 66
1757507920335 7.459556027503804 67
1757507920400 6.9237781302432655 68
1757507920478 6.871936476513809 69
1757507920550 6.630907281413693 70
1757507920627 9.346215833749664 71
1757507920703 8.122158594347507 72
1757507920783 7.014971908816552 73
1757507920859 7.603284169016711 74
1757507920933 6.743638157324623 75
1757507921012 5.596422467649923 76
1757507921086 4.759617869023424 77
1757507921175 9.11034501459146 78
1757507921261 7.414530062419029 79
1757507921361 6.0425209278703775 80
1757507921431 5.305269317788333 81
1757507921505 5.881370103977838 82
1757507921569 6.026222744630041 83
1757507921632 4.5265175363219585 84
1757507921699 3.910857410245825 85
1757507921763 5.789022258346778 86
1757507921826 5.327306673797219 87
1757507921891 5.02350432514272 88
1757507921952 6.518804877422661 89
1757507922012 5.888488415523242 90
1757507922074 4.368319915515846 91
1757507922137 5.902464416362916 92
1757507922199 4.377338586387427 93
1757507922262 6.943616507009328 94
1757507922325 4.064192069691298 95
1757507922386 5.547887542185749 96
1757507922445 5.980874373430901 97
1757507922510 5.088969027860438 98
1757507922571 4.7471068012766535 99
1757507922629 5.78011825338316 100
1757507922691 6.336525199432963 101
1757507922754 2.2622131162252868 102
1757507922815 3.9466585143199366 103
1757507922875 3.6910369500937854 104
1757507922936 4.26634800996966 105
1757507922993 4.27242927168227 106
1757507923054 3.6569916400695015 107
1757507923112 4.248545596286616 108
1757507923170 3.6974417102026846 109
1757507923228 3.6400552811662372 110
1757507923286 3.1349517916618646 111
1757507923346 4.046762218774985 112
1757507923405 3.089108763505116 113
1757507923468 3.452340295833005 114
1757507923532 3.707190168280651 115
1757507923594 2.95203342667564 116
1757507923653 3.33194270060921 117
1757507923714 2.2433532179391746 118
1757507923780 4.503295437998895 119
1757507923848 3.217079882474138 120
1757507923911 3.784155169805332 121
1757507923969 3.2060708979482215 122
1757507924027 2.8600232243997006 123
1757507924086 2.656821361575547 124
1757507924160 2.8186701997319643 125
1757507924219 3.0453316003525783 126
1757507924279 2.4493578818416974 127
1757507924340 2.6460303557647693 128
1757507924407 1.9949508953543236 129
1757507924469 3.1984407194021034 130
1757507924535 1.7917619775897495 131
1757507924597 2.8309579156171 132
1757507924656 2.259090378079254 133
1757507924714 2.470137146790332 134
1757507924774 3.6935902855263785 135
1757507924834 2.666903196388869 136
1757507924892 2.318356600724284 137
1757507924949 2.763538753282813 138
1757507925006 2.2432455003186678 139
1757507925067 2.0741205079875686 140
1757507925124 2.0500272467011182 141
1757507925181 1.9880103139380445 142
1757507925240 2.7129486113221404 143
1757507925298 2.0571026881888224 144
1757507925358 2.427068949610502 145
1757507925416 2.8522207268683166 146
1757507925478 1.9063516096894755 147
1757507925536 2.076477185257733 148
1757507925605 1.58857201935366 149
1757507925667 1.4996230013293221 150
1757507925727 3.0339410712009474 151
1757507925787 1.3961019059905337 152
1757507925849 2.0534979898404053 153
1757507925937 2.140985122106272 154
1757507926014 1.6698707028799118 155
1757507926088 2.823630089543282 156
1757507926147 1.4092293328404946 157
1757507926268 2.128827640237975 158
1757507926335 2.071245250288485 159
1757507926402 2.8592741097251997 160
1757507926468 1.647818879758881 161
1757507926529 1.2533951937178078 162
1757507926601 1.2899680616285611 163
1757507926662 1.5801061197898674 164
1757507926722 1.4046757982101408 165
1757507926782 1.0058763924644067 166
1757507926841 1.3931511790483653 167
1757507926907 1.4655915776998396 168
1757507926966 1.5004711312344519 169
1757507927025 1.2109841297930037 170
1757507927083 1.3244048670362523 171
1757507927146 1.5197798232522144 172
1757507927205 1.1328641061497988 173
1757507927266 1.0865557067700093 174
1757507927326 1.1134251602939549 175
1757507927385 1.0651948941586813 176
1757507927443 0.9950328168429086 177
1757507927503 1.5789758730672216 178
1757507927563 1.3048722541117836 179
1757507927632 1.5062778496764584 180
1757507927691 1.1164312279278914 181
1757507927751 1.2004560606959798 182
1757507927810 0.8270123353481846 183
1757507927869 1.3870526682365731 184
1757507927928 0.8829284242619808 185
1757507927989 0.7904723723124372 186
1757507928047 1.3101040733138527 187
1757507928106 0.8174940567864495 188
1757507928167 1.062809247311575 189
1757507928226 1.4420300297238224 190
1757507928285 0.9927166073558004 191
1757507928345 1.0846221319345164 192
1757507928530 0.9708951241358914 193
1757507928707 1.1122757752658117 194
1757507928918 0.7264919698095044 195
1757507929055 0.8997669270492429 196
1757507929193 1.0393679992739933 197
1757507929286 0.8384460172082455 198
1757507929365 0.7903388928945617 199
1757507929491 0.8315554743144113 200
1757507929647 0.8141879108651849 201
1757507929723 0.7722268866198576 202
1757507929791 0.8546321531700665 203
1757507929856 0.8024414075435596 204
1757507929925 0.7946372736862728 205
1757507929989 0.8549937130052871 206
1757507930054 0.7150328853522088 207
1757507930119 0.7987952337694825 208
1757507930185 0.5611735978413864 209
1757507930247 0.7238073942791852 210
1757507930312 0.6686456049882441 211
1757507930377 0.8810228885918149 212
1757507930440 0.7004171056211065 213
1757507930500 0.7012515151567962 214
1757507930563 0.6154140427992084 215
1757507930625 0.6953521795838108 216
1757507930693 0.5713684374077238 217
1757507930752 0.8068955931009332 218
1757507930816 0.5466367890411692 219
1757507930881 0.5431886158682465 220
1757507930981 0.71015453265806 221
1757507931047 0.6935084856757253 222
1757507931111 0.6177516006508202 223
1757507931176 0.7950943216667663 224
1757507931239 0.48129479696465743 225
1757507931300 0.7576902317961686 226
1757507931362 0.5616749515788806 227
1757507931424 0.6836248939312314 228
1757507931485 0.7058895862433262 229
1757507931547 0.5934514256116382 230
1757507931608 0.6695058508305208 231
1757507931675 0.6415082980087414 232
1757507931736 0.5715013079051963 233
1757507931798 0.4708123357685716 234
1757507931860 0.40159267257746945 235
1757507931921 0.42265116014695403 236
1757507931983 0.42764166438937706 237
1757507932043 0.5591081323057211 238
1757507932103 0.44169574225487834 239
1757507932166 0.512502764863427 240
1757507932228 0.33236796940545243 241
1757507932288 0.38231119291655136 242
1757507932347 0.6763295241901944 243
1757507932410 0.49961269612511566 244
1757507932470 0.43488871994724576 245
1757507932530 0.3847634081468869 246
1757507932592 0.4572071861305359 247
1757507932653 0.44022219335339496 248
1757507932713 0.4667088497233873 249
1757507932774 0.3839416760129683 250
1757507932838 0.3602293011916677 251
1757507932899 0.3040619779069917 252
1757507932961 0.6498595204255052 253
1757507933023 0.3844347937032478 254
1757507933083 0.4516949676818102 255
1757507933147 0.3485737370675997 256
1757507933211 0.35305468665662426 257
1757507933279 0.4355791653426744 258
1757507933342 0.2945357643926586 259
1757507933403 0.5576578734173819 260
1757507933467 0.32765631010031443 261
1757507933531 0.2600850487217169 262
1757507933593 0.22457971563733803 263
1757507933658 0.3573467907313079 264
1757507933735 1.3624588384553962 265
1757507933799 0.29943738662936453 266
1757507933863 0.29219259906579875 267
1757507933929 0.3866113997566202 268
1757507934001 0.3271882812044059 269
1757507934069 0.32286162398190255 270
1757507934134 0.3511774296399993 271
1757507934200 0.3435894158077028 272
1757507934265 0.4035508776641996 273
1757507934331 0.5737986784099303 274
1757507934396 0.23196107201871924 275
1757507934461 0.3505235217980295 276
1757507934526 0.31438725300285714 277
1757507934590 0.30555574182327777 278
1757507934656 0.3989321253571636 279
1757507934735 0.32709201236453295 280
1757507934802 0.2565895421188682 281
1757507934866 0.24035227854257313 282
1757507934964 0.20804862215224335 283
1757507935041 0.3141716640779713 284
1757507935113 0.2871216636698064 285
1757507935191 0.3070084526689531 286
1757507935260 0.21193833882456603 287
1757507935338 0.24370337374802883 288
1757507935412 0.9252775881453579 289
1757507935489 0.27998299387368186 290
1757507935565 0.8174269554404537 291
1757507935641 0.30503495135355546 292
1757507935724 0.23596409053174622 293
1757507935805 0.26577197239305345 294
1757507935885 0.22157803876487203 295
1757507935961 0.3097814132459343 296
1757507936025 0.26866828940789733 297
1757507936092 0.1723446702478241 298
1757507936160 0.2156356942747242 299
1757507936229 0.24128169328358465 300
1757507936294 0.24352558427686039 301
1757507936367 0.2359963427705313 302
1757507936433 0.22739973315068646 303
1757507936504 0.20043604089264003 304
1757507936580 0.2879931121076257 305
1757507936650 0.18500999808226817 306
1757507936726 0.22547163497100167 307
1757507936818 0.22229735377064938 308
1757507936910 0.2023970394829391 309
1757507937016 0.27307313338330547 310
1757507937089 0.22421717295387963 311
1757507937161 0.21066185423642 312
1757507937233 0.1649896184268616 313
1757507937302 0.15406088029543885 314
1757507937370 0.22312077407754857 315
1757507937437 0.24579897330674377 316
1757507937503 0.2027641191529257 317
1757507937572 0.2550636015293124 318
1757507937639 0.1939701726648417 319
1757507937706 0.18193181806041495 320
1757507937785 0.20915300150565197 321
1757507937852 0.18227124930564403 322
1757507937917 0.19562620688500182 323
1757507937985 0.17194514757822632 324
1757507938055 0.2916951150669978 325
1757507938120 0.212863726214554 326
1757507938190 0.18239251084279856 327
1757507938257 0.18511055371670068 328
1757507938322 0.28223925052091703 329
1757507938384 0.20199940926546556 330
1757507938450 0.1733636966798134 331
1757507938513 0.16068561026119205 332
1757507938577 0.2141039298387524 333
1757507938642 0.1487087492043274 334
1757507938705 0.15886724743862557 335
1757507938769 0.2082973962434081 336
1757507938834 0.20641249740062836 337
1757507938899 0.15130939611320432 338
1757507938964 0.22897676313697898 339
1757507939029 0.22760765216874565 340
1757507939093 0.1536734570802565 341
1757507939156 0.12208218494903295 342
1757507939219 0.14797492721228975 343
1757507939284 0.20421842675424834 344
1757507939348 0.3328902424188421 345
1757507939410 0.21471561643292353 346
1757507939476 0.19008508919514933 347
1757507939539 0.15617622094895905 348
1757507939602 0.15310483932025318 349
1757507939667 0.17435560945520412 350
1757507939730 0.196438389643041 351
1757507939797 0.13922150236864483 352
1757507939870 0.13527265139932335 353
1757507939934 0.14767908773687488 354
1757507939996 0.136795345125696 355
1757507940060 0.15101905204748656 356
1757507940123 0.12490110403167087 357
1757507940186 0.15200617726098387 358
1757507940250 0.15104359652892432 359
1757507940314 0.1744940469604343 360
1757507940376 0.1857341678389664 361
1757507940440 0.15548124585211595 362
1757507940505 0.10426551944425094 363
1757507940571 0.15627491539623234 364
1757507940635 0.15982980992442633 365
1757507940702 0.22994782069515496 366
1757507940769 0.10700369093482245 367
1757507940845 0.15383779392156327 368
1757507940915 0.1074310078213421 369
1757507940982 0.19600532167969228 370
1757507941049 0.14600808235603258 371
1757507941180 0.15269933181422668 372
1757507941373 0.18086013538270768 373
1757507941511 0.1493307269289553 374
1757507941626 0.18991258138792336 375
1757507941748 0.1520645985740621 376
1757507941894 0.11695464899288417 377
1757507941968 0.16955863627050916 378
1757507942039 0.12504500828380052 379
1757507942106 0.17521784891798842 380
1757507942175 0.14220455406150737 381
1757507942241 0.1823454428986977 382
1757507942306 0.11507383124723851 383
1757507942374 0.09733104414222017 384
1757507942450 0.17764338389090797 385
1757507942515 0.1283359927201435 386
1757507942582 0.09195329221857076 387
1757507942649 0.10609917833243117 388
1757507942714 0.1794050135395236 389
1757507942780 0.1096208599422326 390
1757507942846 0.1307176966336709 391
1757507942923 0.09241683730684132 392
1757507942991 0.09504355999981041 393
1757507943058 0.16894410989393854 394
1757507943123 0.1318357691847179 395
1757507943187 0.13411839914335688 396
1757507943252 0.15465620751924322 397
1757507943318 0.13415996915335238 398
1757507943384 0.11546893998806339 399
1757507943455 0.1429910981130189 400
1757507943521 0.1524328619988371 401
1757507943586 0.13587378521698662 402
1757507943653 0.18131197068181554 403
1757507943718 0.19619663486050856 404
1757507943783 0.11822960805221557 405
1757507943849 0.1481671119552751 406
1757507943926 0.16743927049690177 407
1757507944003 0.1475531096571766 408
1757507944075 0.13337369390933818 409
1757507944145 0.13126603559848823 410
1757507944211 0.12237392741789643 411
1757507944279 0.07014100858891564 412
1757507944344 0.13136479549607333 413
1757507944413 0.10943923323663558 414
1757507944480 0.17316509508761138 415
1757507944545 0.09251363455166788 416
1757507944610 0.1505080525018093 417
1757507944676 0.1634755455957296 418
1757507944742 0.18267585202394582 419
1757507944812 0.1258459233799829 420
1757507944877 0.1269587103301763 421
1757507944954 0.09554037563448706 422
1757507945022 0.13055041654003263 423
1757507945088 0.08976711726049297 424
1757507945154 0.1211766248793239 425
1757507945236 0.0936045484268301 426
1757507945303 0.1340902329325944 427
1757507945369 0.24946928187910578 428
1757507945454 0.23572664787599085 429
1757507945529 0.14569590847728686 430
1757507945596 0.13423375876170718 431
1757507945661 0.08218567488033872 432
1757507945730 0.1509255512302641 433
1757507945796 0.1353832869144929 434
1757507945861 0.1172683442806249 435
1757507945936 0.08543691328091074 436
1757507946003 0.12505026633866287 437
1757507946068 0.18659106033562917 438
1757507946134 0.14982827681690394 439
1757507946201 0.12352280979280106 440
1757507946266 0.1037206132303348 441
1757507946332 0.08527166168764586 442
1757507946398 0.1375482151511541 443
1757507946466 0.13485942950128532 444
1757507946532 0.09690092766281641 445
1757507946598 0.1348282937930182 446
1757507946664 0.12553096867748992 447
1757507946729 0.11618672467777616 448
1757507946795 0.10940885489555914 449
1757507946859 0.0895479333186922 450
1757507946930 0.10698946836795209 451
1757507947002 0.13626562883612742 452
1757507947068 0.09247842926133931 453
1757507947133 0.1508892703882345 454
1757507947198 0.11077854971102062 455
1757507947264 0.12589097176507535 456
1757507947331 0.11236383995819228 457
1757507947398 0.07266547382627754 458
1757507947466 0.14166722075020322 459
1757507947531 0.10624115124614752 460
1757507947596 0.08074611902615865 461
1757507947662 0.11284136766208124 462
1757507947726 0.09392231259768491 463
1757507947792 0.1290500746557126 464
1757507947858 0.1344085065604874 465
1757507947923 0.10948514697215053 466
1757507947999 0.1605431005787252 467
1757507948071 0.1289769174403252 468
1757507948137 0.08479901914859288 469
1757507948203 0.1720332440357116 470
1757507948269 0.12097673892784996 471
1757507948336 0.1328483731467261 472
1757507948403 0.1044595850627757 473
1757507948474 0.12981102370892175 474
1757507948541 0.15838060762597483 475
1757507948607 0.1815665060257905 476
1757507948671 0.12181847335161902 477
1757507948737 0.15137549062128106 478
