1757490502679 91.39271279417841 0
1757490502738 58.08172107363439 1
1757490502798 0.33384031587831264 2
1757490502871 29.382489264884338 3
1757490502933 20.666950564713233 4
1757490502999 38.03240842724119 5
1757490503059 0.5890985949973414 6
1757490503118 13.380346877580493 7
1757490503177 14.743571210002216 8
1757490503237 0.024998843026222878 9
1757490503295 0.5792565096081054 10
1757490503355 0.0215665420196794 11
1757490503413 1.926288602817505 12
1757490503474 0.7690153524134341 13
1757490503534 5.771934638024388 14
1757490503597 24.38795935060084 15
1757490503661 17.83591465177785 16
1757490503721 11.320821005576379 17
1757490503780 4.327099252190707 18
1757490503847 12.826120755343666 19
1757490503907 11.413244511502228 20
1757490503967 17.203009959504826 21
1757490504027 6.9095482083479896 22
1757490504086 1.5245874404410547e-06 23
1757490504145 175.11826833891064 24
1757490504285 0.03966698827878027 25
1757490504363 2.6324922078535247 26
1757490504425 0.30672129675774457 27
1757490504485 1.7443606392236295 28
1757490504550 0.704267978008773 29
1757490504610 3.9221565944266947 30
1757490504672 6.313739187578104 31
1757490504732 5.359804275011873 32
1757490504792 22.491396113744628 33
1757490504858 12.617369591963346 34
1757490504938 5.825365830746913 35
1757490505001 7.790430666220648 36
1757490505066 1.1364735239288517 37
1757490505151 10.809010729089916 38
1757490505212 0.13409566606109252 39
1757490505273 18.88670024919069 40
1757490505333 16.86783541645584 41
1757490505394 14.344140730475077 42
1757490505455 10.274075121125842 43
1757490505515 14.90614867982845 44
1757490505578 22.372761254431964 45
1757490505666 5.964165035046959 46
1757490505745 2.635575279022394 47
1757490505823 3.5898075587422995 48
1757490505890 3.8836959378889775 49
1757490505960 0.03392816056468492 50
1757490506029 9.190836878754729 51
1757490506091 8.679834352598062 52
1757490506151 9.47785391179015 53
1757490506213 11.475112129970151 54
1757490506300 0.03793545358475404 55
1757490506368 0.9548453084057749 56
1757490506441 0.06791523418890402 57
1757490506516 7.3122906821394285 58
1757490506593 2.6441749482325116 59
1757490506665 0.5234773937616318 60
1757490506738 6.608886349822173 61
1757490506815 12.61706605783531 62
1757490506894 0.32513143851841686 63
1757490506971 10.492842273638079 64
1757490507047 4.923427042374582 65
1757490507131 7.139522442917533 66
1757490507214 8.832951850413506 67
1757490507290 0.4250426988167733 68
1757490507378 10.477299112754663 69
1757490507454 4.800204223175185 70
1757490507528 6.866749182735891 71
1757490507600 1.0347294016170085 72
1757490507678 0.9396531763890156 73
1757490507778 2.2778550755869427 74
1757490507878 3.146811247862444 75
1757490507965 0.10699946351289034 76
1757490508044 7.310502404876985 77
1757490508123 2.101276382560604 78
1757490508206 17.63843616780888 79
1757490508289 2.674253689062637 80
1757490508375 0.3212602035984978 81
1757490508453 3.6119537593704867 82
1757490508540 9.142075262107609 83
1757490508627 1.767300286987276 84
1757490508708 0.017308132396121074 85
1757490508793 1.557854764185689 86
1757490508880 14.523069183119292 87
1757490508972 10.29310227554456 88
1757490509061 3.9919417082044 89
1757490509152 15.58882339195148 90
1757490509244 14.370132734123898 91
1757490509335 8.649906588577414 92
1757490509427 14.0892356652984 93
1757490509519 0.5692781884183032 94
1757490509607 1.7635883034645368 95
1757490509695 14.626049294908292 96
1757490509789 0.22318454804096133 97
1757490509883 10.49088593271176 98
1757490509993 3.9087322531198416 99
1757490510081 0.7850706763581297 100
1757490510176 0.19839483077479553 101
1757490510268 9.791646039433399 102
1757490510361 0.5760611539871789 103
1757490510454 2.2658790828973054 104
1757490510549 7.604683466759585 105
1757490510634 13.791042876180109 106
1757490510735 15.781404940518847 107
1757490510835 6.577034088401524 108
1757490510942 10.639101238607862 109
1757490511070 10.617830047944699 110
1757490511159 5.653709246675629 111
1757490511257 0.018616426927760478 112
1757490511358 10.726015108716645 113
1757490511448 0.4094767985996747 114
1757490511540 5.386683140430533 115
1757490511631 6.118590018231907e-05 116
1757490511723 5.407407006289639 117
1757490511814 0.23477945852720447 118
1757490511907 0.30873432554738156 119
1757490512001 5.532156506319033 120
1757490512165 7.831576556931513 121
1757490512342 16.275155704886583 122
1757490512619 2.7692073110094255 123
1757490512830 3.487415381193533 124
1757490512992 10.645477677410724 125
1757490513107 1.5858238374696227 126
1757490513222 7.409458483509741 127
1757490513484 19.557258092069517 128
1757490513645 0.8540446027563025 129
1757490513779 7.757108648169546 130
1757490513879 2.5997241905512216 131
1757490514000 16.752998153313378 132
1757490514138 11.063627853705901 133
1757490514301 1.5985129624155705 134
1757490514410 6.281286763533895 135
1757490514545 19.680395644630263 136
1757490514649 14.081968000966466 137
1757490514759 16.540661191320467 138
1757490514868 1.9547689573062805 139
1757490514979 4.718252603527445 140
1757490515072 0.00307561762788404 141
1757490515165 6.101932258576365 142
1757490515285 4.188393673202426 143
1757490515395 2.9384882583542096 144
1757490515501 13.27417239717285 145
1757490515634 3.292192961815586 146
1757490515768 6.409996984813108 147
1757490515888 0.8422217166328038 148
1757490516044 7.264018548340063 149
1757490516175 0.07063910376687615 150
1757490516296 0.5401686227161445 151
1757490516430 3.318349111056089 152
1757490516557 23.22244702730093 153
1757490516725 10.018018390349203 154
1757490516879 1.0254003459590983 155
1757490517026 9.774597943676833 156
1757490517128 1.4211784832842225 157
1757490517222 5.515392989376925 158
1757490517372 12.799007939584193 159
1757490517511 3.7199244636791997 160
1757490517652 6.954588388467401 161
1757490517842 21.117861861351095 162
1757490517980 28.312893838211856 163
1757490518110 0.003254535598118657 164
1757490518227 0.005216752538429398 165
1757490518311 10.010488640382809 166
1757490518453 2.470945296197659 167
1757490518660 8.368065325306796 168
1757490518792 0.36362715754278085 169
1757490518873 1.7570513540043808 170
1757490518950 7.480472105649814 171
1757490519023 2.8463675153304786 172
1757490519096 16.483537391527737 173
1757490519170 18.3384512164733 174
1757490519238 11.001649054737355 175
1757490519307 17.61210504775653 176
1757490519376 12.928255224512165 177
1757490519447 22.462324250658376 178
1757490519518 5.850511976340383 179
1757490519588 6.9652778237914035 180
1757490519655 7.349277496170118 181
1757490519722 0.035317974761621296 182
1757490519786 0.39932564851479657 183
1757490519850 8.878612596852356 184
1757490519913 9.386095282058095 185
1757490519977 2.783274577086388 186
1757490520041 10.65685747744528 187
1757490520104 2.626290967138428 188
1757490520173 0.5563270444288532 189
1757490520237 9.456356464736913 190
1757490520300 0.16521353277960746 191
1757490520362 7.9689738837682125 192
1757490520423 9.467656210567535 193
1757490520491 8.49446341862912 194
1757490520557 19.11194032712372 195
1757490520622 12.72239114316317 196
1757490520685 0.01305851318932759 197
1757490520747 3.858170557994243 198
1757490520809 4.89122326501806 199
1757490520873 8.645159568162232 200
1757490520934 13.844742371105012 201
1757490520996 14.702962184985426 202
1757490521058 0.0039290515620964825 203
1757490521120 7.801120440936161 204
1757490521195 2.5650891895572987 205
1757490521259 7.3919550569886825 206
1757490521322 3.389754812038374 207
1757490521385 8.231980330904893 208
1757490521449 8.578816813655841 209
1757490521514 22.640181851953425 210
1757490521581 1.8652572807445607 211
1757490521646 14.08026195543506 212
1757490521712 0.1560159141017521 213
1757490521778 16.112615655358276 214
1757490521843 13.809355838142332 215
1757490521907 16.837429740461957 216
1757490521972 0.07050036251595732 217
1757490522037 0.1531830827859505 218
1757490522101 1.2218021551625482 219
1757490522166 20.44311422041811 220
1757490522231 9.070423599812019 221
1757490522296 2.9841110507185284 222
1757490522360 6.922923631681066 223
1757490522426 5.315459476807168 224
1757490522491 0.05118538106536329 225
1757490522556 14.422728399317235 226
1757490522634 1.598785022160182 227
1757490522719 6.177903644223276 228
1757490522784 3.8061391798773103 229
1757490522868 0.05762388020439374 230
1757490522941 10.376431683336856 231
1757490523008 7.1704369146888345 232
1757490523075 0.1974800478645995 233
1757490523139 1.1932618158201094 234
1757490523204 0.06660224879169982 235
1757490523278 9.363600136861402 236
1757490523343 9.769398473370941 237
1757490523407 14.001652173050392 238
1757490523474 0.5965938107351553 239
1757490523539 18.17132251144658 240
1757490523604 0.5690192737798107 241
1757490523671 0.26781266794439873 242
1757490523736 0.16738479969181566 243
1757490523800 9.21099572078092 244
1757490523867 15.747491514075058 245
1757490523933 15.504361609198222 246
1757490523998 11.273924523413607 247
1757490524064 0.46762795775138877 248
1757490524129 2.051005608248092 249
1757490524194 4.708354930828271 250
1757490524268 8.758034009502543 251
1757490524334 0.566922021730886 252
1757490524400 0.03224760847025866 253
1757490524466 0.30942475827241234 254
1757490524531 0.65228642426937 255
1757490524596 13.168965382380623 256
1757490524662 8.163659628044865 257
1757490524729 4.867026622401812 258
1757490524794 5.0689790689638015 259
1757490524861 1.5837895637948451 260
1757490524929 5.811475387332905 261
1757490524998 8.178955907461816 262
1757490525065 4.79012075215238 263
1757490525131 7.880243719244825 264
1757490525196 11.316547577059643 265
1757490525271 0.4689032454053356 266
1757490525340 1.4623262520906395 267
1757490525412 6.423458952941684 268
1757490525480 11.876037066306507 269
1757490525547 7.148088629148852 270
1757490525613 3.4572351207075798 271
1757490525680 0.24034124539911172 272
1757490525747 0.265379834172372 273
1757490525812 9.49353699927559 274
1757490525878 0.03360091651089203 275
1757490525945 6.825573984369256 276
1757490526011 0.5010357195009167 277
1757490526078 11.635703742606294 278
1757490526143 6.024225865079127 279
1757490526209 4.27360736141098 280
1757490526282 1.7850080702998437 281
1757490526348 0.009132185533826742 282
1757490526414 20.28429689136061 283
1757490526480 4.263705262113415 284
1757490526552 9.418085201127766 285
1757490526620 0.0877883530577506 286
1757490526687 0.3610887300807026 287
1757490526754 2.0323178307852565 288
1757490526821 17.66231425267492 289
1757490526888 4.565059820594607 290
1757490526955 0.018547223819884707 291
1757490527022 10.098730465281406 292
1757490527089 5.30081951241074 293
1757490527156 15.597618899422548 294
1757490527223 0.5194350284238312 295
1757490527298 6.889793231513329 296
1757490527365 0.0002912872732037943 297
1757490527432 2.972171251360603 298
1757490527498 20.024406579982717 299
1757490527565 5.596277091439694 300
1757490527631 10.266299016051716 301
1757490527698 3.3025818534802136 302
1757490527764 0.09472918137512777 303
1757490527831 13.18902503395335 304
1757490527898 10.038051407023403 305
1757490527964 0.03150389148772484 306
1757490528032 0.9273133496885222 307
1757490528100 10.593133734439297 308
1757490528167 2.728482579326832 309
1757490528234 0.47454141680137585 310
1757490528308 6.479697205069072 311
1757490528376 2.873084973509915 312
1757490528445 8.981041144718718 313
1757490528551 10.047268344724278 314
1757490528626 11.410120776148768 315
1757490528714 7.4453497129580954 316
1757490528800 17.598876739511706 317
1757490528867 2.8758429765400644 318
1757490528935 0.5657342759540918 319
1757490529002 17.08633577231898 320
1757490529068 1.6384037958798906e-07 321
1757490529135 12.316387249960213 322
1757490529204 0.4071297436464718 323
1757490529272 0.9262925186819096 324
1757490529347 3.589471565967188 325
1757490529414 0.07086128873080788 326
1757490529481 1.329159681683081 327
1757490529551 12.422920379979454 328
1757490529618 0.840400074670107 329
1757490529686 17.78682645091986 330
1757490529753 5.365086501562454 331
1757490529821 10.400459497457948 332
1757490529888 6.838763572403469 333
1757490529956 7.817096519900855 334
1757490530023 3.1477764682264517 335
1757490530115 0.08647256727349478 336
1757490530184 7.442023659377096 337
1757490530253 5.5482940321273775 338
1757490530326 10.938668593378235 339
1757490530397 6.604776008281942 340
1757490530466 5.151500095190402 341
1757490530534 4.66888724733493 342
1757490530601 6.849421202860955 343
1757490530669 0.4036596814760826 344
1757490530737 2.914256685236525 345
1757490530805 0.34376864052004746 346
1757490530873 17.174076829453043 347
1757490530941 0.11880006623683513 348
1757490531011 7.701713881067317 349
1757490531079 8.730823313980984 350
1757490531149 1.4266857996144342 351
1757490531218 7.305151225690498 352
1757490531286 4.674148177849325 353
1757490531364 11.401443966178915 354
1757490531432 13.690262163722947 355
1757490531501 0.5635327644600177 356
1757490531568 8.654088584711756 357
1757490531637 3.068340442361969 358
1757490531708 5.84205963190174 359
1757490531777 4.509498177578379 360
1757490531845 0.029729919218266346 361
1757490531914 1.3704614774303998 362
1757490531982 1.5840469677339781 363
1757490532052 2.2115655637167593 364
1757490532120 1.8958042383174514 365
1757490532189 9.954602595414977 366
1757490532256 7.420038214088338 367
1757490532325 9.005664963339761 368
1757490532405 1.673344714008202 369
1757490532476 0.1085776660969841 370
1757490532545 0.30093541616657665 371
1757490532613 1.7167438341589467 372
1757490532682 4.676647283036457 373
1757490532750 0.07296831428922086 374
1757490532824 16.808633116089432 375
1757490532900 20.875030028462653 376
1757490532971 0.7752678219628578 377
1757490533039 0.29809374794890153 378
1757490533112 0.4995002723464736 379
1757490533187 0.1488078025949286 380
1757490533257 0.346850197194463 381
1757490533327 10.559733683964634 382
1757490533404 5.908143563630563 383
1757490533475 1.692924605730017 384
1757490533544 1.9150885375408684 385
1757490533613 2.415447124499936 386
1757490533683 0.023363741766038962 387
1757490533771 1.1871645448054928 388
1757490533843 0.6151876155036068 389
1757490533913 1.3140087063545562 390
1757490533982 8.375482986354584 391
1757490534051 8.377689318341906 392
1757490534121 5.751456980415129 393
1757490534192 0.977190236856937 394
1757490534263 17.010465816689162 395
1757490534335 0.9328393600685605 396
1757490534455 9.615756898376791 397
1757490534529 2.880051304490085 398
1757490534622 10.37382644640183 399
1757490534771 4.988754664954863 400
1757490534848 0.10143462678799402 401
1757490534916 20.70012404545658 402
1757490534984 0.056205480842746354 403
1757490535052 11.29290785723724 404
1757490535120 0.0006961849837208228 405
1757490535199 0.5171683176064892 406
1757490535272 7.600304500732456 407
1757490535366 3.2534604865786743 408
1757490535450 0.5255462800121891 409
1757490535523 8.650071470304457 410
1757490535595 13.561748111012161 411
1757490535665 13.990568308355973 412
1757490535736 6.986662615885832 413
1757490535807 12.25165218734818 414
1757490535878 1.163320745068386 415
1757490535950 15.782894470566935 416
1757490536021 5.734725131087873 417
1757490536093 20.07486030453511 418
1757490536164 0.49561535819360775 419
1757490536234 7.478451786293204 420
1757490536304 5.864644225612873 421
1757490536375 13.974796901599932 422
1757490536456 0.06445380525091716 423
1757490536528 4.835682010108728 424
1757490536598 12.944282165307596 425
1757490536672 9.114059135968697 426
1757490536743 18.7594950571952 427
1757490536815 0.3273393760396528 428
1757490536886 10.689072298920417 429
1757490536958 2.286437875525789 430
1757490537028 10.42670878186733 431
1757490537098 4.325937305076587 432
1757490537168 0.03444183445423148 433
1757490537238 0.1087914408996595 434
1757490537309 6.588938807435363 435
1757490537379 8.674103315554865 436
1757490537457 3.8967103574142974 437
1757490537527 0.004024319098857196 438
1757490537596 8.121387369621631 439
1757490537666 3.960994354769042 440
1757490537737 5.062172626222473 441
1757490537806 7.10098892460804 442
1757490537876 15.73357679973407 443
1757490537947 3.8713715489211236 444
1757490538016 13.578506621593165 445
1757490538085 4.821700327850437 446
1757490538154 0.22674838034534306 447
1757490538223 9.342510500544263 448
1757490538291 1.9203449448469223 449
1757490538361 0.011187847875844212 450
1757490538431 8.447604338226364 451
1757490538501 2.3099538742928263 452
1757490538570 10.413926926189358 453
1757490538639 11.911884552257947 454
1757490538707 4.390267281347531 455
1757490538776 8.041181328900661 456
1757490538845 8.528313565983892 457
1757490538913 11.057117948996442 458
1757490538982 5.198285034322312 459
1757490539049 0.6218476615224154 460
1757490539117 13.537775103987816 461
1757490539185 3.92331374144981 462
1757490539256 0.27349789607122565 463
1757490539326 6.458557157450119 464
1757490539394 11.606740305047849 465
1757490539471 0.4393701213864433 466
1757490539544 9.371478097704351 467
1757490539618 3.2504630048898124 468
1757490539688 0.7643714551716785 469
1757490539756 15.384932902734434 470
1757490539837 6.017055834313074 471
1757490539904 5.411527506660001 472
1757490539973 8.588448321420977 473
1757490540043 12.984700267096505 474
1757490540112 4.456882157804895 475
1757490540180 0.2829477821596167 476
1757490540259 2.7870590544383087 477
1757490540336 1.5358357749958194 478
1757490540408 7.639592997360664 479
1757490540510 0.2639405058543311 480
1757490540592 0.46604522117476593 481
1757490540665 0.1270778254432106 482
1757490540738 6.372089418833343 483
1757490540810 3.7367389348352495 484
1757490540879 3.7544262724578212 485
1757490540949 9.308484685677998 486
1757490541020 10.133135150439125 487
1757490541091 1.76659182733093 488
1757490541161 2.64719951723473 489
1757490541231 15.266397401969183 490
1757490541300 20.773969143077018 491
1757490541369 0.2811997503954482 492
1757490541438 1.4027202061231154 493
1757490541520 10.269110573817118 494
1757490541595 0.002164474668851143 495
1757490541666 7.994655998807127 496
1757490541744 13.354052819364655 497
1757490541815 8.491760626541565 498
1757490541884 3.9447466845647403 499
