1757436343394 169.80557661039816 0
1757436343516 169.77773113430973 1
1757436343632 169.7631983403417 2
1757436343722 169.74877920555332 3
1757436343790 169.73455630773225 4
1757436343833 169.72052650595987 5
1757436343883 169.70668725244315 6
1757436343924 169.69303602914087 7
1757436343966 169.67957035102216 8
1757436344007 169.6662877656104 9
1757436344046 169.65318585255773 10
1757436344085 169.64026222322445 11
1757436344125 169.62751452026455 12
1757436344165 169.61494041721627 13
1757436344211 169.60253761809793 14
1757436344261 169.59030385700953 15
1757436344309 169.57823689773906 16
1757436344353 169.56633453337426 17
1757436344399 169.55459458591946 18
1757436344441 169.54301490591726 19
1757436344481 169.5315933720753 20
1757436344522 169.5203278908979 21
1757436344564 169.5092163963225 22
1757436344606 169.49825684936096 23
1757436344645 169.4874472377454 24
1757436344712 169.47678557557862 25
1757436344799 169.4662699029895 26
1757436344986 169.45589828579244 27
1757436345072 169.44566881515146 28
1757436345190 169.4355796072489 29
1757436345265 169.42562880295796 30
1757436345327 169.41581456752002 31
1757436345382 169.4061350902259 32
1757436345434 169.39658858410147 33
1757436345489 169.3871732855971 34
1757436345539 169.37788745428156 35
1757436345590 169.3687293725397 36
1757436345642 169.3596973452739 37
1757436345690 169.35078969960992 38
1757436345734 169.3420047846061 39
1757436345780 169.33334097096676 40
1757436345827 169.32479665075897 41
1757436345877 169.31637023713353 42
1757436345932 169.30806016404904 43
1757436345985 169.2998648859999 44
1757436346036 169.29178287774795 45
1757436346081 169.28381263405734 46
1757436346126 169.27595266943305 47
1757436346169 169.26820151786293 48
1757436346213 169.26055773256272 49
1757436346256 169.25301988572494 50
1757436346298 169.24558656827062 51
1757436346339 169.2382563896046 52
1757436346380 169.23102797737366 53
1757436346425 169.2238999772283 54
1757436346465 169.21687105258727 55
1757436346506 169.20993988440512 56
1757436346546 169.20310517094333 57
1757436346587 169.19636562754366 58
1757436346628 169.1897199864051 59
1757436346667 169.18316699636355 60
1757436346706 169.17670542267413 61
1757436346748 169.17033404679677 62
1757436346789 169.16405166618412 63
1757436346830 169.1578570940727 64
1757436346870 169.15174915927656 65
1757436346911 169.14572670598355 66
1757436346963 169.13978859355436 67
1757436347015 169.13393369632436 68
1757436347059 169.12816090340763 69
1757436347102 169.12246911850383 70
1757436347145 169.1168572597078 71
1757436347188 169.1113242593209 72
1757436347230 169.1058690636658 73
1757436347273 169.100490632903 74
1757436347317 169.0951879408498 75
1757436347361 169.08995997480196 76
1757436347401 169.0848057353577 77
1757436347444 169.07972423624335 78
1757436347489 169.0747145041422 79
1757436347554 169.06977557852497 80
1757436347616 169.0649065114824 81
1757436347669 169.06010636756082 82
1757436347745 169.055374223599 83
1757436347808 169.05070916856735 84
1757436347853 169.04611030340982 85
1757436347900 169.0415767408869 86
1757436347942 169.03710760542145 87
1757436348011 169.0327020329463 88
1757436348163 169.0283591707534 89
1757436348272 169.0240781773458 90
1757436348392 169.01985822229105 91
1757436348475 169.01569848607625 92
1757436348605 169.01159815996567 93
1757436348681 169.00755644585973 94
1757436348727 169.00357255615586 95
1757436348771 168.99964571361153 96
1757436348815 168.99577515120873 97
1757436348856 168.9919601120202 98
1757436348898 168.98819984907772 99
1757436348941 168.9844936252418 100
