1757497228413 152.80130820027307 0
1757497228461 146.97839034982675 1
1757497228515 139.37777976918187 2
1757497228567 142.57000555422184 3
1757497228631 139.23110389790506 4
1757497228686 129.44574648410557 5
1757497228741 133.1058692951608 6
1757497228801 119.82791508975195 7
1757497228856 117.67558620318967 8
1757497228907 119.11290525573081 9
1757497228957 112.16646137066314 10
1757497229007 103.27936704919895 11
1757497229055 110.54122359953114 12
1757497229106 97.74154967212097 13
1757497229155 108.00126487689533 14
1757497229210 100.42437965507257 15
1757497229313 98.84059354407593 16
1757497229524 103.88990409092385 17
1757497229585 88.9397129664225 18
1757497229643 95.73762660523985 19
1757497229699 93.43122968281918 20
1757497229760 84.4352197540907 21
1757497229827 83.4060676718703 22
1757497229884 213.57299616880667 23
1757497229940 86.77583202916689 24
1757497229994 83.58737420137136 25
1757497230047 83.65190753255872 26
1757497230102 83.81720398892915 27
1757497230154 71.67202001491458 28
1757497230209 76.90162207046943 29
1757497230262 59.989071231300905 30
1757497230313 77.43809684092211 31
1757497230364 71.88299406699257 32
1757497230422 66.90884408890703 33
1757497230473 75.35305665394876 34
1757497230530 71.63497234741415 35
1757497230581 62.76166564769786 36
1757497230637 70.4826310574138 37
1757497230692 60.270391626068665 38
1757497230742 76.1517834729345 39
1757497230796 64.06955269700411 40
1757497230857 70.64828718911224 41
1757497230908 76.7246452337236 42
1757497230960 60.43939317035622 43
1757497231011 65.33786656612067 44
1757497231063 59.42630188909476 45
1757497231114 52.63611936439234 46
1757497231166 66.38981140186537 47
1757497231219 55.67799758777045 48
1757497231272 60.285465834553115 49
1757497231324 57.613265358771514 50
1757497231381 57.48290517418529 51
1757497231433 43.97706746120448 52
1757497231487 64.47276679453599 53
1757497231541 46.885694171502685 54
1757497231593 60.678373335343416 55
1757497231643 58.37902822433016 56
1757497231693 48.380028008047404 57
1757497231746 49.77077481887245 58
1757497231797 51.262371588277794 59
1757497231856 47.77408319766868 60
1757497231910 51.904296333110224 61
1757497231961 56.11747113657912 62
1757497232011 44.97392795260365 63
1757497232064 52.234631969918304 64
1757497232116 48.679216143537396 65
1757497232164 52.37525393553855 66
1757497232214 43.806488800992206 67
1757497232264 48.81226449286347 68
1757497232312 45.02975924921623 69
1757497232360 45.23379576002632 70
1757497232409 71.01039530887245 71
1757497232461 47.6020765311204 72
1757497232510 61.54788358611865 73
1757497232560 41.227315439474275 74
1757497232608 41.843107902338176 75
1757497232660 44.95593173911996 76
1757497232710 39.86825846047476 77
1757497232757 49.283860130907975 78
1757497232806 55.97427070612473 79
1757497232856 39.699759996687156 80
1757497232916 39.37779480709771 81
1757497232964 34.581247107918514 82
1757497233015 49.53371374914947 83
1757497233066 38.56525850435928 84
1757497233200 41.15931424670887 85
1757497233333 56.010199170683876 86
1757497233440 33.873811173440615 87
1757497233552 36.10244794513172 88
1757497233605 42.161846727709445 89
1757497233683 44.74560524757587 90
1757497233803 45.51238236879353 91
1757497233906 48.496150737599514 92
1757497233969 47.31316244431274 93
1757497234132 44.081408849285644 94
1757497234228 40.98529699877267 95
1757497234288 46.76369838034134 96
1757497234348 33.17382323354502 97
1757497234404 37.19595527046631 98
1757497234460 90.81395783717883 99
1757497234516 38.9306130855344 100
1757497234572 39.16010603615915 101
1757497234626 61.84295218732862 102
1757497234684 33.35355946883053 103
1757497234769 32.106007714884804 104
1757497234834 35.14851552494021 105
1757497234896 32.185313440780185 106
1757497234966 31.657610393684593 107
1757497235022 39.0937845223507 108
1757497235081 35.353359678507154 109
1757497235139 35.85427046634252 110
1757497235221 55.150226710953355 111
1757497235306 36.27086776217349 112
1757497235364 33.511707350448 113
1757497235420 40.742869543754594 114
1757497235476 35.227312557307776 115
1757497235532 41.01871263098027 116
1757497235585 36.54054103363194 117
1757497235638 64.92143338513074 118
1757497235692 38.35149029529802 119
1757497235748 48.02260470318377 120
1757497235801 32.03112302035417 121
1757497235854 50.911506145063676 122
1757497235908 33.774492582471304 123
1757497235972 35.44210100932072 124
1757497236025 30.003053559641952 125
1757497236079 38.87412073851245 126
1757497236133 40.59133717110209 127
1757497236184 28.634010467345615 128
1757497236235 33.61096971258897 129
1757497236287 31.348364399861552 130
1757497236339 31.379598897818454 131
1757497236390 29.1636583413224 132
1757497236441 39.023892963926706 133
1757497236494 49.711014136316166 134
1757497236552 27.98353162367642 135
1757497236622 27.301449091251406 136
1757497236680 29.27886511958277 137
1757497236738 33.59687951127991 138
1757497236804 33.09973574517005 139
1757497236870 31.03348756345663 140
1757497236925 30.550712984436995 141
1757497236992 27.506507394077474 142
1757497237048 30.729557714122517 143
1757497237103 28.10086834291751 144
1757497237163 32.611944923076166 145
1757497237218 33.545674466342426 146
1757497237273 68.94044352758957 147
1757497237324 27.07670220113497 148
1757497237379 25.441588765910122 149
1757497237432 28.759418983066638 150
1757497237486 24.678395878418605 151
1757497237575 30.690171840241863 152
1757497237635 33.70657676641926 153
1757497237693 29.160669469427514 154
1757497237747 43.28306637622866 155
1757497237801 29.87388219457369 156
1757497237854 29.349697920607255 157
1757497237908 29.37821244558472 158
1757497237962 33.68001485892583 159
1757497238018 24.872675938512156 160
1757497238073 25.583744912483965 161
1757497238128 34.02340648311675 162
1757497238182 25.948730875366085 163
1757497238249 29.03797150329128 164
1757497238314 27.91614236356331 165
1757497238373 36.50274236923097 166
1757497238429 22.81858450062467 167
1757497238489 25.187660156643187 168
1757497238544 22.757103833206873 169
1757497238602 24.816226584848234 170
1757497238671 27.01761382170445 171
1757497238739 25.569633412977375 172
1757497238806 28.712042037204768 173
1757497238866 22.37284231608621 174
1757497238980 26.028337040151243 175
1757497239064 28.551364247959416 176
1757497239126 28.489256684344834 177
1757497239187 22.406810316847398 178
1757497239245 24.857318682009023 179
1757497239305 20.367797212998564 180
1757497239364 21.00759980379582 181
1757497239423 24.481296577083796 182
1757497239479 32.57533927786143 183
1757497239534 28.578273291099084 184
1757497239592 24.42841743294252 185
1757497239648 26.566521658775944 186
1757497239704 37.926026094557216 187
1757497239759 28.529079509688337 188
1757497239814 25.2086079550031 189
1757497239872 25.849399911875672 190
1757497239927 27.0828379248396 191
1757497239983 21.199186614023745 192
1757497240049 26.70137749165851 193
1757497240105 23.419327852730948 194
1757497240159 23.279167270358858 195
1757497240214 25.080550982485995 196
1757497240269 20.94767421941189 197
1757497240322 139.40612921267825 198
1757497240377 25.10105319731476 199
1757497240430 18.85605357758442 200
1757497240486 25.906597716587875 201
1757497240538 24.147621476394765 202
1757497240592 26.83203170701505 203
1757497240649 23.722370597256425 204
1757497240707 24.021790372097758 205
1757497240759 20.790825122680733 206
1757497240812 19.697912635513365 207
1757497240866 18.715417747294325 208
1757497240920 23.14653813023257 209
1757497240972 24.052199115847046 210
1757497241025 20.774351674142668 211
1757497241090 123.72648932904224 212
1757497241148 19.93611895449007 213
1757497241202 33.61187050361237 214
1757497241257 23.909745928268705 215
1757497241312 23.182942520566268 216
1757497241366 20.60486136693953 217
1757497241478 24.347644562974775 218
1757497241541 19.44072852470754 219
1757497241597 23.4049336002364 220
1757497241652 25.29912929823862 221
1757497241711 34.999066657869335 222
1757497241768 37.9704089918754 223
1757497241823 22.281154629387142 224
1757497241881 26.35681093209375 225
1757497241935 24.85236770900553 226
1757497241990 21.936313609686053 227
1757497242047 31.859336048970697 228
1757497242182 23.462170169681844 229
1757497242317 21.702832782964563 230
1757497242428 21.444398563242004 231
1757497242532 23.718109344283647 232
1757497242601 14.393991452380375 233
1757497242691 17.731917239916548 234
1757497242851 18.336525442844543 235
1757497242961 37.93846626367048 236
1757497243028 27.203014943568572 237
1757497243095 19.04098944076364 238
1757497243156 22.54400687812097 239
1757497243249 24.392432377740068 240
1757497243321 23.32310558322 241
1757497243391 21.501406427934583 242
1757497243458 17.390509584889827 243
1757497243530 18.888872933956765 244
1757497243593 20.395053937018 245
1757497243655 20.698096548853794 246
1757497243816 19.441879591844387 247
1757497243940 23.098371049216336 248
1757497244047 113.89881355305741 249
1757497244120 15.416921080611308 250
1757497244185 24.762760984173735 251
1757497244252 24.21424924949127 252
1757497244317 21.085490009976745 253
1757497244378 16.08784587842098 254
1757497244439 19.709838878186545 255
1757497244501 16.069305850006145 256
1757497244561 36.42359059315271 257
1757497244622 22.25899028753862 258
1757497244680 19.36243799171985 259
1757497244741 21.423823342366376 260
1757497244797 20.8907381048822 261
1757497244854 24.196817400100944 262
1757497244913 20.274764241310976 263
1757497244970 17.515262164835313 264
1757497245027 20.25813594341391 265
1757497245083 21.67892701083657 266
1757497245147 33.772414543296826 267
1757497245207 23.142390245165572 268
1757497245264 22.159936875643417 269
1757497245321 16.00838394461385 270
1757497245378 21.802246205868403 271
1757497245436 18.048919059980932 272
1757497245494 24.800902850114905 273
1757497245549 18.307371964208155 274
1757497245605 21.536004120019527 275
1757497245662 19.34316266218454 276
1757497245717 16.82673799169051 277
1757497245774 19.7526437195742 278
1757497245862 20.59641722466981 279
1757497245977 18.039796596868154 280
1757497246042 29.52482580058222 281
1757497246109 25.296580886552693 282
1757497246177 19.401480868035247 283
1757497246238 20.33586343971111 284
1757497246297 23.194445506773874 285
1757497246357 16.52429079005478 286
1757497246417 21.4035912954072 287
1757497246476 21.477996294455842 288
1757497246535 21.067524740772754 289
1757497246594 19.444811148825792 290
1757497246652 17.18177141145653 291
1757497246713 15.087704834397117 292
1757497246774 20.516942818899643 293
1757497246831 32.84192440124138 294
1757497246887 19.671456276613668 295
1757497246945 14.845103764001943 296
1757497247002 25.232644216824472 297
1757497247065 14.246387562923028 298
1757497247122 15.915922536534532 299
1757497247191 19.673393851321762 300
1757497247246 19.03268170545911 301
1757497247304 21.84681301095676 302
1757497247361 20.498906455433875 303
1757497247451 14.833904858843562 304
1757497247526 26.38550208010359 305
1757497247589 31.853372873184266 306
1757497247667 21.288290580017925 307
1757497247726 16.032281227066232 308
1757497247786 17.38317264856106 309
1757497247842 18.26296522804974 310
1757497247919 12.39248961308744 311
1757497247991 16.383065805896774 312
1757497248054 27.412571590802497 313
1757497248114 14.19239810867231 314
1757497248185 22.953389375533874 315
1757497248242 19.220919554547176 316
1757497248297 16.7183929412526 317
1757497248354 17.599895009703598 318
1757497248412 18.38812255426102 319
1757497248493 18.610886631949146 320
1757497248557 30.851381442956612 321
1757497248625 21.008475677152543 322
1757497248687 16.334591843885377 323
1757497248747 15.150271810066926 324
1757497248807 16.292631796652497 325
1757497248865 26.378887578359066 326
1757497248926 17.1539960075887 327
1757497249038 83.20851915482896 328
1757497249103 17.249227793217212 329
1757497249166 37.28058701369401 330
1757497249237 15.10173858727717 331
1757497249298 14.948062560673671 332
1757497249358 18.501941471098903 333
1757497249445 14.605702084061623 334
1757497249525 16.48998345114827 335
1757497249590 18.75492071368644 336
1757497249655 26.934694542381493 337
1757497249716 81.41140450581759 338
1757497249778 20.493448842077186 339
1757497249840 14.978306986053852 340
1757497249900 31.65385426161653 341
1757497249960 14.925760158590712 342
1757497250018 16.182837127572963 343
1757497250081 17.949489269457597 344
1757497250140 13.25477498110028 345
1757497250198 16.114859694158216 346
1757497250258 25.375827933367997 347
1757497250316 14.07512256519679 348
1757497250423 16.037784225041808 349
1757497250491 19.89240321011634 350
1757497250552 17.742297185424704 351
1757497250612 20.756850989865406 352
1757497250673 16.435849844303753 353
1757497250735 18.544134159992968 354
1757497250797 15.29990967299958 355
1757497250859 24.987507052912992 356
1757497250921 13.808027738162892 357
1757497250980 15.208273216557116 358
1757497251037 17.685438358045054 359
1757497251094 18.541444015716802 360
1757497251155 26.097345942407543 361
1757497251213 32.6561114389261 362
1757497251273 19.163514917915695 363
1757497251330 16.29658405801786 364
1757497251390 14.561682363938607 365
1757497251447 17.440349588026596 366
1757497251504 75.32277286892867 367
1757497251568 16.75476756993212 368
1757497251628 22.943530898801676 369
1757497251688 16.467398281561657 370
1757497251748 20.33894267900334 371
1757497251809 14.58562479397551 372
1757497251868 18.119799974637868 373
1757497251946 12.448814150143244 374
1757497252153 15.634909627589975 375
1757497252346 17.522151784522347 376
1757497252516 17.078816323319995 377
1757497252685 21.581408093117396 378
1757497252887 14.041864173088433 379
1757497253098 14.900261257363628 380
1757497253224 16.930919011973057 381
1757497253320 23.73647212783251 382
1757497253396 13.242912924002106 383
1757497253475 12.13976919376599 384
1757497253553 14.36412609454735 385
1757497253623 16.45528633451877 386
1757497253690 14.763837661643636 387
1757497253756 12.78418592803847 388
1757497253821 15.47400073201217 389
1757497253885 16.828762272626985 390
1757497253959 15.337153850514497 391
1757497254024 15.020684307168072 392
1757497254096 15.447475267276644 393
1757497254163 15.017348709092827 394
1757497254231 21.42784351943122 395
1757497254301 18.087505341268514 396
1757497254366 15.605787830287476 397
1757497254427 11.357424584161574 398
1757497254487 15.46605729242902 399
1757497254550 11.35569926045239 400
1757497254611 11.650111952228313 401
1757497254672 10.747166771395786 402
1757497254733 16.63605395186322 403
1757497254795 15.967782122869993 404
1757497254857 13.22359975618351 405
1757497254918 16.649455884555312 406
1757497254979 14.583305520665803 407
1757497255039 19.559501972784087 408
1757497255097 12.238413503697588 409
1757497255160 16.955643334402602 410
1757497255220 25.12427951675933 411
1757497255279 17.719226016838753 412
1757497255346 12.993895429959268 413
1757497255405 9.44314015729662 414
1757497255465 11.057002129268973 415
1757497255522 14.50379520498962 416
1757497255583 13.383934446308462 417
1757497255645 23.247457229766695 418
1757497255703 14.903256136434553 419
1757497255762 16.251164526295582 420
1757497255824 25.57218975379158 421
1757497255883 19.04858565294903 422
1757497255943 10.863204288230214 423
1757497256001 23.3666683578309 424
1757497256058 21.826834109940076 425
1757497256116 15.792026953021503 426
1757497256174 16.429292773748408 427
1757497256231 20.76806732156072 428
1757497256287 19.005315419989245 429
1757497256352 61.58607530194813 430
1757497256410 15.956205040695787 431
1757497256468 15.706200583601987 432
1757497256527 11.058154329575162 433
1757497256585 14.648103549000446 434
1757497256643 11.699342282828564 435
1757497256702 16.73770316973964 436
1757497256760 11.917764619161888 437
1757497256817 15.398845490773512 438
1757497256878 19.471249193521473 439
1757497256937 13.58987077123923 440
1757497256994 20.00829627276493 441
1757497257051 13.28685628921619 442
1757497257112 11.981369408849005 443
1757497257171 13.31329570747573 444
1757497257232 12.831258413866438 445
1757497257294 11.374143543787257 446
1757497257400 11.988226305807036 447
1757497257468 13.08769526985467 448
1757497257530 11.635533929067142 449
1757497257593 12.53738518041303 450
1757497257653 12.842841340304942 451
1757497257720 19.878086897669053 452
1757497257861 9.575451782115582 453
1757497257944 16.14318201138462 454
1757497258009 12.362977895325194 455
1757497258073 13.305158290400282 456
1757497258144 23.005407412794426 457
1757497258227 13.033189435023843 458
1757497258289 12.125356696111437 459
1757497258352 10.526462874388375 460
1757497258432 11.957778943182737 461
1757497258496 14.822464869494889 462
1757497258558 12.614233974313334 463
1757497258622 14.329723414641977 464
1757497258684 11.412713531407467 465
1757497258747 12.46322234122671 466
1757497258810 10.74910768451269 467
1757497258886 11.511429363370942 468
1757497258951 16.544129038211818 469
1757497259013 13.965844064822805 470
1757497259079 12.334033018680074 471
1757497259140 15.337427969273238 472
1757497259200 12.945034056635023 473
1757497259259 15.061342512587148 474
1757497259321 11.607871064010672 475
1757497259382 10.632942452268988 476
1757497259451 9.606373238867391 477
1757497259512 14.616164153835115 478
1757497259574 13.434592105925963 479
1757497259634 13.64920488689417 480
1757497259694 14.62967517532916 481
1757497259755 10.522092342561141 482
1757497259815 13.575060035369379 483
1757497259875 10.813723158555188 484
1757497259936 13.124798820886 485
1757497259995 15.242877219453629 486
1757497260054 14.394305570350447 487
1757497260114 7.981769963017875 488
1757497260176 12.080402299164614 489
1757497260236 11.056473841453181 490
1757497260294 9.651316946026428 491
1757497260356 13.306503529532122 492
1757497260424 10.734105032018231 493
1757497260483 9.613770836917102 494
1757497260544 12.690359207554541 495
1757497260603 13.890639489510262 496
1757497260688 11.297724117940113 497
1757497260759 12.853068094957615 498
1757497260830 15.430301685811507 499
