1757573822690 22.322986043487205 0
1757573822760 12.977961447033396 1
1757573822834 24.8477337309357 2
1757573822917 6.761425760292659 3
1757573822983 4.376080387708466 4
1757573823048 2.9985455585439684 5
1757573823118 2.288678873863495 6
1757573823197 1.675133896321009 7
1757573823323 1.5293474457081484 8
1757573823397 0.9877458878313302 9
1757573823466 0.6059839774672595 10
1757573823533 0.4212690149758614 11
1757573823599 0.34109805532559 12
1757573823668 0.3346090318201227 13
1757573823734 0.28037290144899196 14
1757573823861 0.17880126140541386 15
1757573823935 0.21305941954770669 16
1757573824005 0.14505810388522056 17
1757573824070 0.1142512649658151 18
1757573824136 0.20805884023147989 19
1757573824205 0.10986993665545475 20
1757573824289 0.11103589526440927 21
1757573824363 0.1064784954547533 22
1757573824428 0.1725264381486493 23
1757573824494 0.07577489540213293 24
1757573824559 0.07856633006500652 25
1757573824625 0.07654887056307796 26
1757573824693 0.08706147912815095 27
1757573824769 0.1235874254876533 28
1757573824840 0.09353631700137044 29
1757573824908 0.1536996798985033 30
1757573824977 0.07418434328381465 31
1757573825042 0.10765521005223384 32
1757573825108 0.16844865102057968 33
1757573825178 0.12847223002612565 34
1757573825255 0.11282693981381005 35
1757573825354 0.08215249174834684 36
1757573825432 0.08075152894846312 37
1757573825499 0.11879223644151306 38
1757573825565 0.1274490955098511 39
1757573825631 0.0969992459786287 40
1757573825701 0.12149886700890178 41
1757573825771 0.12383729919366282 42
1757573825840 0.11329077380691392 43
1757573825911 0.09874815408518033 44
1757573825981 0.10185255141391829 45
1757573826045 0.18157077450357048 46
1757573826110 0.14126800155451466 47
1757573826177 0.12219507711125148 48
1757573826245 0.1240168040695782 49
1757573826320 0.13840667329816214 50
1757573826453 0.07923518845058018 51
1757573826519 0.12141993294633231 52
1757573826583 0.06668455228801934 53
1757573826649 0.09624141232385885 54
1757573826714 0.09292156276457876 55
1757573826781 0.14561848169699276 56
1757573826849 0.13180683448152322 57
1757573826918 0.07610981189351436 58
1757573827114 0.07757298664457792 59
1757573827297 0.12014423520759276 60
1757573827380 0.10024691319942587 61
1757573827471 0.17115773380208346 62
1757573827541 0.1365047527252959 63
1757573827616 0.1256959809782521 64
1757573827762 0.08164261494340251 65
1757573827894 0.1395540472704507 66
1757573827994 0.0775165073593802 67
1757573828191 0.09754685749714576 68
1757573828256 0.10253763079366017 69
1757573828330 0.09717633380152835 70
1757573828394 0.10440873589273703 71
1757573828457 0.08784656263289177 72
1757573828538 0.10322359528430884 73
1757573828606 0.13019589483740193 74
1757573828674 0.07987622060588494 75
1757573828746 0.10168370354581152 76
1757573828820 0.11356043107684892 77
1757573828906 0.11763484679022411 78
1757573828981 0.09093454335249505 79
1757573829054 0.12236923847808716 80
1757573829121 0.12410782205026705 81
1757573829199 0.13732794546899604 82
1757573829267 0.15817438138423853 83
1757573829338 0.16035202539628737 84
1757573829403 0.10940406660196765 85
1757573829472 0.13324796934895658 86
1757573829538 0.1767194371688062 87
1757573829602 0.13289875246997887 88
1757573829665 0.09374618419343717 89
1757573829730 0.09526390127043884 90
1757573829828 0.22020965760127328 91
1757573829940 0.14619013166822578 92
1757573830028 0.14658696520663841 93
1757573830108 0.11073068222257716 94
1757573830183 0.14120608910099913 95
1757573830255 0.12393883894604447 96
1757573830324 0.070370440198222 97
1757573830397 0.14165249228449503 98
1757573830468 0.09544179462622189 99
1757573830550 0.1078891907107077 100
1757573830625 0.09056409185361632 101
1757573830690 0.06052658131140776 102
1757573830758 0.11370245647526749 103
1757573830825 0.08497207965813192 104
1757573830888 0.14636674463407642 105
1757573830957 0.09809017572497813 106
1757573831023 0.10719941002486134 107
1757573831183 0.09695711329744845 108
1757573831318 0.18493949830603962 109
1757573831411 0.11148219675820352 110
1757573831494 0.051655773209840015 111
1757573831585 0.11909143998300488 112
1757573831805 0.13197941307537894 113
1757573832199 0.075354006126518 114
1757573832391 0.1583083827304255 115
1757573832642 0.13941277330452295 116
1757573832815 0.08324971201087739 117
1757573832945 0.10018941270111496 118
1757573833057 0.08311823156260914 119
1757573833213 0.09231796124700749 120
1757573833465 0.14552271601220565 121
1757573833586 0.10410341344638462 122
1757573833699 0.13509938991049097 123
1757573833854 0.09785991134808003 124
1757573834008 0.10396851231591232 125
1757573834195 0.12543093394159624 126
1757573834370 0.11095882804253432 127
1757573834580 0.10828023990364093 128
1757573834677 0.11525345133385562 129
1757573834955 0.1157026960270074 130
1757573835240 0.1326174422730898 131
1757573835379 0.1360763148942339 132
1757573835483 0.06819483502512552 133
1757573835679 0.09607462280081173 134
1757573835855 0.21019659999794812 135
1757573835992 0.08997017125725909 136
1757573836104 0.16721956607363078 137
1757573836243 0.14844832477367376 138
1757573836345 0.1138359308352556 139
1757573836448 0.07067256360272216 140
1757573836550 0.12915192129413752 141
1757573836645 0.14299530962645934 142
1757573836735 0.12667347622752625 143
1757573836820 0.0779508973124311 144
1757573836901 0.14958618784931474 145
1757573837007 0.07425153246564176 146
1757573837088 0.0928807513568536 147
1757573837163 0.06435191852390204 148
1757573837253 0.16227241155947206 149
1757573837342 0.09673150199794411 150
1757573837420 0.10601728734010947 151
1757573837497 0.07913741036371018 152
1757573837589 0.1514614911187178 153
1757573837663 0.09340824550880249 154
1757573837732 0.0851637703230852 155
1757573837806 0.1583534393792154 156
1757573837876 0.12550032250444473 157
1757573837948 0.12497842227309448 158
1757573838018 0.16126816183787643 159
1757573838085 0.16591788077116312 160
1757573838151 0.07356463710414517 161
1757573838223 0.08767942203060053 162
1757573838357 0.11766793194128394 163
1757573838432 0.0833759619900376 164
1757573838503 0.09478308443075062 165
1757573838577 0.13400342968446136 166
1757573838648 0.09525277091494498 167
1757573838715 0.1046076055313082 168
1757573838780 0.1731384858881129 169
1757573838846 0.07442153540946898 170
1757573838911 0.188446320623 171
1757573838982 0.09649195101898907 172
1757573839054 0.08269057056662242 173
1757573839123 0.06176924124713316 174
1757573839192 0.12105912756047164 175
1757573839276 0.12944680783556037 176
1757573839347 0.1113051370865219 177
1757573839420 0.10839231767997459 178
1757573839516 0.0996732436809954 179
1757573839594 0.11571299950625957 180
1757573839675 0.13261811124091605 181
1757573839751 0.16271565982657113 182
1757573839826 0.14763303257128332 183
1757573839929 0.11645447112895395 184
1757573840014 0.09104049279114224 185
1757573840100 0.10450605894406761 186
1757573840174 0.08561578875646488 187
1757573840277 0.15757560321026576 188
1757573840362 0.08498899199273224 189
1757573840435 0.12450152056886961 190
1757573840503 0.09514966353445255 191
1757573840574 0.09307208474561308 192
1757573840650 0.12091658098965923 193
1757573840715 0.10039524188611114 194
1757573840780 0.11195932528892265 195
1757573840846 0.1450292155628591 196
1757573840908 0.1448533292808699 197
1757573840971 0.07617365728438759 198
1757573841037 0.13506365115854999 199
1757573841103 0.06445972460939554 200
1757573841167 0.08448033520564141 201
1757573841233 0.13417528583406765 202
1757573841298 0.14029209393684394 203
1757573841363 0.10304303445236389 204
1757573841426 0.14513814557723792 205
1757573841490 0.1218715534523464 206
1757573841555 0.0884331150167839 207
1757573841629 0.10047843213559489 208
1757573841695 0.10860880455150616 209
1757573841758 0.10507649290989289 210
1757573841821 0.10599186294980127 211
1757573841884 0.13651634395432136 212
1757573841946 0.10704058033791901 213
1757573842009 0.12270767529921484 214
1757573842075 0.1850442156949851 215
1757573842141 0.1288604286960273 216
1757573842205 0.17949007279602994 217
1757573842270 0.09484028992876307 218
1757573842335 0.10382813601817299 219
1757573842397 0.11612866919942962 220
1757573842461 0.08465286884315898 221
1757573842528 0.0765564968267924 222
1757573842598 0.09264303526393373 223
1757573842671 0.12821418652827057 224
1757573842742 0.12261869947163477 225
1757573842806 0.17894264319828146 226
1757573842873 0.10619193659142322 227
1757573842939 0.09873750469316965 228
1757573843003 0.0838951460550472 229
1757573843070 0.09777856708066461 230
1757573843145 0.1289095339959766 231
