1757344067367 172.84990448806224 0
1757344067399 156.917525588268 1
1757344067450 156.66367189160522 2
1757344067509 156.70249751601884 3
1757344067562 171.3088451514661 4
1757344067617 209.3366831670777 5
1757344067645 314.19052907590725 6
1757344067670 572.2100129134498 7
1757344067697 1212.7322462344146 8
1757344067723 2776.8453234363205 9
1757344067748 6603.573473374497 10
1757344067772 15939.350479595747 11
1757344067796 38727.137591005034 12
1757344067820 94317.60266462095 13
1757344067845 229953.42965985925 14
1757344067869 560843.4932799032 15
1757344067892 1368117.9132792188 16
1757344067917 3337537.184940005 17
1757344067940 8142236.568455688 18
1757344067966 19863834.390906926 19
1757344067991 48460266.87834241 20
1757344068015 118224688.11423583 21
1757344068039 288424055.9545497 22
1757344068063 703646407.5398811 23
1757344068088 1716634274.2946022 24
1757344068112 4187944630.40524 25
1757344068136 10217018946.170027 26
1757344068160 24925702050.748047 27
1757344068184 60809389839.19557 28
1757344068210 148352156573.3578 29
1757344068238 361923764619.6778 30
1757344068263 882958569091.6196 31
1757344068288 2154088580077.1523 32
1757344068313 5255170199537.046 33
1757344068337 12820649195671.502 34
1757344068365 31277587369082.55 35
1757344068390 76305611325557.19 36
1757344068416 186157143141014.6 37
1757344068441 454153782160661.56 38
1757344068467 1107965314754614.8 39
1757344068492 2703020843416799.0 40
1757344068516 6594359570982750.0 41
1757344068541 1.6087770194594276e+16 42
1757344068567 3.924814032584619e+16 43
1757344068591 9.575077841930443e+16 44
1757344068616 2.3359607592375894e+17 45
1757344068650 5.698870295325608e+17 46
1757344068675 1.3903111391668823e+18 47
1757344068701 3.3918390199256776e+18 48
1757344068728 8.274818213628866e+18 49
1757344068754 2.0187460568364487e+19 50
1757344068779 4.9249851015044596e+19 51
1757344068804 1.20151210539613e+20 52
1757344068829 2.931240013234363e+20 53
1757344068854 7.151128962085328e+20 54
1757344068880 1.7446079202472897e+21 55
1757344068931 4.256190612038982e+21 56
1757344068960 1.038351271696422e+22 57
1757344068991 2.533188622671288e+22 58
1757344069022 6.1800324928062634e+22 59
1757344069051 1.507696713554194e+23 60
1757344069076 3.678215903731952e+23 61
1757344069102 8.973470667435191e+23 62
1757344069128 2.189191116748174e+24 63
1757344069153 5.340807278772758e+24 64
1757344069179 1.302957159417027e+25 65
1757344069206 3.178727991222712e+25 66
1757344069233 7.754907035242548e+25 67
1757344069258 1.8919071808381415e+26 68
1757344069287 4.615545698537173e+26 69
1757344069317 1.1260204681842393e+27 70
1757344069357 2.747068662263927e+27 71
1757344069409 6.701819770080574e+27 72
1757344069435 1.6349932874858592e+28 73
1757344069461 3.988771918424291e+28 74
1757344069487 9.73111115439229e+28 75
1757344069513 2.3740270498230505e+29 76
1757344069538 5.791737802468316e+29 77
1757344069564 1.412967336452256e+30 78
1757344069590 3.4471116648791065e+30 79
1757344069615 8.409662788087444e+30 80
1757344069648 2.0516430880350657e+31 81
1757344069674 5.005241549809326e+31 82
1757344069700 1.2210916761321968e+32 83
1757344069727 2.9790068404913195e+32 84
1757344069753 7.267662149498852e+32 85
1757344069779 1.7730376580990663e+33 86
1757344069804 4.325548535926625e+33 87
1757344069829 1.055272010224367e+34 88
1757344069855 2.5744688940923275e+34 89
1757344069881 6.280740910810083e+34 90
1757344069907 1.5322657997245475e+35 91
1757344069932 3.738155281910341e+35 92
1757344069959 9.119700324960745e+35 93
1757344069985 2.2248656822673925e+36 94
1757344070011 5.427839871648921e+36 95
1757344070037 1.3241898559124242e+37 96
1757344070068 3.2305278268437595e+37 97
1757344070094 7.8812792541902595e+37 98
1757344070120 1.922737274274346e+38 99
1757344070146 4.6907595920019915e+38 100
1757344070172 1.1443698441984426e+39 101
1757344070198 2.7918342746528335e+39 102
1757344070225 6.811031116068735e+39 103
1757344070252 1.661636769962822e+40 104
1757344070279 4.0537720474930646e+40 105
1757344070307 9.889687150702465e+40 106
1757344070333 2.4127136600898628e+41 107
1757344070360 5.886118657626793e+41 108
1757344070387 1.4359927340226522e+42 109
1757344070413 3.503285020416587e+42 110
1757344070439 8.546704759358194e+42 111
1757344070466 2.0850762018486934e+43 112
1757344070493 5.086805839122308e+43 113
1757344070519 1.2409903111448254e+44 114
1757344070545 3.0275520652092707e+44 115
1757344070572 7.386094335496576e+44 116
1757344070598 1.8019306805573836e+45 117
1757344070624 4.396036700925378e+45 118
1757344070659 1.072468485297397e+46 119
1757344070687 2.616421859521723e+46 120
1757344070715 6.38309045051783e+46 121
1757344070742 1.5572352581911173e+47 122
1757344070768 3.799071418699434e+47 123
1757344070795 9.268312908059997e+47 124
1757344070822 2.261121592473751e+48 125
1757344070848 5.516290728062175e+48 126
1757344070875 1.3457685556491286e+49 127
1757344070901 3.283171780922745e+49 128
1757344070928 8.009710806363761e+49 129
1757344070956 1.954069767971436e+50 130
1757344070984 4.767199154139512e+50 131
1757344071011 1.1630182375126222e+51 132
1757344071052 2.8373293773817917e+51 133
1757344071097 6.922022145561066e+51 134
1757344071124 1.6887144286311834e+52 135
1757344071152 4.119831404029688e+52 136
1757344071179 1.0050847265743482e+53 137
1757344071206 2.4520306986468857e+53 138
1757344071234 5.98203752195015e+53 139
1757344071261 1.4593933482874667e+54 140
1757344071288 3.5603737643079485e+54 141
1757344071315 8.685979935736575e+54 142
1757344071342 2.1190541341572726e+55 143
1757344071370 5.169699281729029e+55 144
1757344071396 1.2612132098332758e+56 145
1757344071423 3.076888371978866e+56 146
1757344071450 7.5064564657313195e+56 147
1757344071482 1.8312945372041922e+57 148
1757344071510 4.467673525189988e+57 149
1757344071537 1.0899451902563e+58 150
1757344071564 2.6590584810297194e+58 151
1757344071591 6.487107855279834e+58 152
1757344071618 1.5826116133307815e+59 153
1757344071645 3.8609802311378414e+59 154
1757344071682 9.419347248352045e+59 155
1757344071709 2.2979683208294976e+60 156
1757344071738 5.606182959716059e+60 157
1757344071766 1.3676988970181094e+61 158
1757344071793 3.336673609024156e+61 159
1757344071820 8.140235250194033e+61 160
1757344071847 1.9859128489310286e+62 161
1757344071876 4.844884358170555e+62 162
1757344071903 1.1819705208453912e+63 163
1757344071931 2.883565858061189e+63 164
1757344071962 7.034821859879298e+63 165
1757344071993 1.7162333387284124e+64 166
1757344072020 4.1869672489665726e+64 167
1757344072048 1.0214633609732539e+65 168
1757344072076 2.4919884388116597e+65 169
1757344072104 6.079519458489473e+65 170
1757344072132 1.4831752936934708e+66 171
1757344072160 3.6183928135156895e+66 172
1757344072188 8.827524709030023e+66 173
1757344072231 2.153585763200272e+67 174
1757344072261 5.253943537212164e+67 175
1757344072288 1.2817656563253588e+68 176
1757344072316 3.127028652095e+68 177
1757344072344 7.628779990139606e+68 178
1757344072373 1.861136900647317e+69 179
1757344072400 4.54047772701296e+69 180
1757344072428 1.107706691664134e+70 181
1757344072456 2.702389899321712e+70 182
1757344072485 6.592820304249193e+70 183
1757344072513 1.6084014958400363e+71 184
1757344072541 3.9238978956443355e+71 185
1757344072569 9.572842810246513e+71 186
1757344072596 2.3354154951741153e+72 187
1757344072624 5.6975400549367905e+72 188
1757344072652 1.3899866102921904e+73 189
1757344072691 3.391047290869827e+73 190
1757344072720 8.272886690972025e+73 191
1757344072750 2.0182748375681504e+74 192
1757344072780 4.923835502794884e+74 193
1757344072809 1.201231646320063e+75 194
1757344072837 2.9305557980191354e+75 195
1757344072865 7.149459732944229e+75 196
1757344072893 1.7442006907884594e+76 197
1757344072921 4.2551971245163016e+76 198
1757344072950 1.0381088979105193e+77 199
1757344072981 2.5325973213132704e+77 200
1757344073018 6.178589938717631e+77 201
1757344073055 1.5073447843270678e+78 202
1757344073095 3.677357328085755e+78 203
1757344073130 8.971376064078928e+78 204
1757344073165 2.1886801118950428e+79 205
1757344073203 5.3395606181142893e+79 206
1757344073241 1.3026530208579038e+80 207
1757344073280 3.1779860069263547e+80 208
1757344073317 7.753096871159385e+80 209
1757344073352 1.8914655685258427e+81 210
1757344073389 4.614468329716373e+81 211
1757344073427 1.1257576304997645e+82 212
1757344073465 2.7464274366497477e+82 213
1757344073501 6.700255419484872e+82 214
1757344073536 1.6346116444678468e+83 215
1757344073571 3.9878408522451584e+83 216
1757344073608 9.728839701256715e+83 217
1757344073642 2.3734729002402617e+84 218
1757344073677 5.7903858848113566e+84 219
1757344073725 1.4126375191234988e+85 220
1757344073766 3.446307033992094e+85 221
1757344073805 8.407699789761178e+85 222
1757344073843 2.051164189885476e+86 223
1757344073880 5.004073217495372e+86 224
1757344073920 1.2208066467586231e+87 225
1757344073959 2.9783114754583604e+87 226
1757344073999 7.265965718976608e+87 227
1757344074037 1.77262379252051e+88 228
1757344074074 4.324538858755228e+88 229
1757344074112 1.055025686769784e+89 230
1757344074149 2.573867957020599e+89 231
1757344074187 6.279274849184764e+89 232
1757344074224 1.5319081355380044e+90 233
1757344074265 3.737282715108741e+90 234
1757344074302 9.11757158841986e+90 235
1757344074340 2.224346350194237e+91 236
1757344074377 5.4265728956890864e+91 237
1757344074414 1.3238807611798363e+92 238
1757344074451 3.2297737513384036e+92 239
1757344074487 7.879439592080834e+92 240
1757344074524 1.922288465547258e+93 241
1757344074562 4.68966466662155e+93 242
1757344074600 1.1441027233702586e+94 243
1757344074637 2.791182599770481e+94 244
1757344074673 6.809441273168074e+94 245
1757344074718 1.661248907776151e+95 246
1757344074850 4.052825808869176e+95 247
1757344074945 9.887378682478219e+95 248
1757344075038 2.4121504802102925e+96 249
1757344075125 5.884744709424227e+96 250
1757344075334 1.4356575420650073e+97 251
1757344075416 3.5024672774459264e+97 252
1757344075479 8.54470977245352e+97 253
1757344075568 2.08458949968276e+98 254
1757344075609 5.085618467928211e+98 255
1757344075703 1.2407006369968093e+99 256
1757344075768 3.0268453686644357e+99 257
1757344075812 7.384370260324854e+99 258
1757344075856 1.8015100707186255e+100 259
1757344075915 4.395010570282332e+100 260
1757344075994 1.0722181478113067e+101 261
1757344076057 2.6158111297148953e+101 262
1757344076121 6.381600498282626e+101 263
1757344076176 1.5568717655895798e+102 264
1757344076259 3.79818463274582e+102 265
1757344076321 9.266149482108013e+102 266
1757344076402 2.2605937974821234e+103 267
1757344076489 5.515003105747494e+103 268
1757344076538 1.345454423978399e+104 269
1757344076609 3.282405417172815e+104 270
1757344076656 8.007841165535018e+104 271
1757344076701 1.9536136455584356e+105 272
1757344076759 4.766086386101685e+105 273
1757344076831 1.16274676374359e+106 274
1757344076926 2.836667082952339e+106 275
1757344076998 6.9204063949386295e+106 276
1757344077052 1.6883202459296866e+107 277
1757344077129 4.118869745714356e+107 278
1757344077182 1.004850117924103e+108 279
1757344077248 2.4514583413148603e+108 280
1757344077305 5.980641184197083e+108 281
1757344077367 1.4590526941171638e+109 282
1757344077430 3.559542695582003e+109 283
1757344077483 8.683952438974543e+109 284
1757344077539 2.1185595008024366e+110 285
1757344077621 5.168492561401308e+110 286
1757344077692 1.2609188152205663e+111 287
1757344077777 3.0761701592662433e+111 288
1757344077919 7.504704295418775e+111 289
1757344078042 1.8308670732021876e+112 290
1757344078096 4.466630672952989e+112 291
1757344078190 1.0896907733268956e+113 292
1757344078278 2.658437798907469e+113 293
1757344078363 6.485593623118474e+113 294
1757344078410 1.5822421973356434e+114 295
1757344078489 3.860078994320017e+114 296
1757344078581 9.417148567697916e+114 297
1757344078679 2.297431925009533e+115 298
1757344078747 5.6048743545980685e+115 299
1757344078846 1.3673796463284064e+116 300
1757344078941 3.3358947567831236e+116 301
1757344079042 8.138335142119323e+116 302
1757344079098 1.98544929364989e+117 303
1757344079162 4.843753456715352e+117 304
1757344079213 1.181694623200949e+118 305
1757344079266 2.8828927710308406e+118 306
1757344079326 7.033179779348603e+118 307
1757344079385 1.7158327325143846e+119 308
1757344079431 4.1859899196838734e+119 309
1757344079516 1.021224929193274e+120 310
1757344079553 2.4914067544734336e+120 311
1757344079636 6.078100366330828e+120 312
1757344079696 1.4828290882995172e+121 313
1757344079759 3.6175482018809096e+121 314
1757344079854 8.825464172637267e+121 315
1757344079920 2.1530830694116607e+122 316
1757344080012 5.252717152441701e+122 317
1757344080099 1.2814664643243242e+123 318
1757344080174 3.126298735549725e+123 319
1757344080274 7.62699926685414e+123 320
1757344080383 1.8607024707881937e+124 321
1757344080501 4.539417880690751e+124 322
1757344080557 1.107448128813738e+125 323
1757344080592 2.701759102703331e+125 324
1757344080659 6.591281396501467e+125 325
1757344080754 1.6080260599250276e+126 326
1757344080833 3.9229819724742445e+126 327
1757344080909 9.5706083003875e+126 328
1757344080952 2.3348703583686327e+127 329
1757344081033 5.696210125084448e+127 330
1757344081072 1.3896621571651276e+128 331
1757344081143 3.3902557466280182e+128 332
1757344081213 8.270955619163904e+128 333
1757344081248 2.0178037282945125e+129 334
1757344081322 4.922686172424166e+129 335
1757344081483 1.200951252709711e+130 336
1757344081567 2.9298717425140457e+130 337
1757344081600 7.147790893438731e+130 338
1757344081632 1.7437935563857082e+131 339
1757344081664 4.254203868895515e+131 340
1757344081695 1.0378665806999013e+132 341
1757344081726 2.5320061579779527e+132 342
1757344081760 6.177147721352497e+132 343
1757344081792 1.506992937247917e+133 344
1757344081832 3.6764989528498213e+133 345
1757344081866 8.969281949648735e+133 346
1757344081897 2.1881692263215607e+134 347
1757344081929 5.338314248453558e+134 348
1757344081960 1.302348953291348e+135 349
1757344081992 3.17724419582532e+135 350
1757344082024 7.751287129607993e+135 351
1757344082056 1.8910240592954969e+136 352
1757344082087 4.613391212376935e+136 353
1757344082119 1.1254948541673274e+137 354
1757344082150 2.7457863607115845e+137 355
1757344082181 6.698691434042721e+137 356
1757344082213 1.634230090533634e+138 357
1757344082245 3.986910003397166e+138 358
1757344082276 9.726568778327837e+138 359
1757344082308 2.3729188800080693e+139 360
1757344082339 5.78903428272141e+139 361
1757344082371 1.412307778781285e+140 362
1757344082403 3.4455025909234593e+140 363
1757344082434 8.405737249641446e+140 364
1757344082466 2.050685403521136e+141 365
1757344082498 5.002905157895625e+141 366
1757344082531 1.2205216839171136e+142 367
1757344082562 2.977616272738745e+142 368
1757344082594 7.26426968443823e+142 369
1757344082625 1.7722100235471895e+143 370
1757344082657 4.32352941726449e+143 371
1757344082689 1.0547794208124626e+144 372
1757344082721 2.5732671602206707e+144 373
1757344082753 6.277809129770166e+144 374
1757344082787 1.531550554838072e+145 375
1757344082821 3.7364103519832246e+145 376
1757344082862 9.115443348772444e+145 377
1757344082896 2.2238271393444794e+146 378
1757344082928 5.425306215468979e+146 379
1757344082961 1.32357173859667e+147 380
1757344082992 3.229019851850666e+147 381
1757344083028 7.877600359388581e+147 382
1757344083060 1.9218397615819004e+148 383
1757344083092 4.6885699968205174e+148 384
1757344083124 1.1438356648938894e+149 385
1757344083156 2.790531077003204e+149 386
1757344083188 6.80785180137136e+149 387
1757344083220 1.6608611361249537e+150 388
1757344083253 4.051879791117979e+150 389
1757344083287 9.885070753100627e+150 390
1757344083319 2.4115874317891403e+151 391
1757344083351 5.883371081930954e+151 392
1757344083383 1.4353224283484213e+152 393
1757344083416 3.5016497253541594e+152 394
1757344083448 8.542715251221836e+152 395
1757344083479 2.0841029111236278e+153 396
1757344083512 5.084431373892206e+153 397
1757344083545 1.2404110304649856e+154 398
1757344083577 3.026138837077815e+154 399
1757344083610 7.382646587589461e+154 400
1757344083644 1.8010895590592733e+155 401
1757344083678 4.393984679160314e+155 402
1757344083710 1.0719678687593884e+156 403
1757344083743 2.6152005424655703e+156 404
1757344083776 6.380110893834397e+156 405
1757344083809 1.5565083578350576e+157 406
1757344083843 3.797298053787209e+157 407
1757344083881 9.263986561146436e+157 408
1757344083939 2.2600661256892433e+158 409
1757344083989 5.513715783991692e+158 410
1757344084031 1.3451403656327833e+159 411
1757344084068 3.281639232308743e+159 412
1757344084107 8.005971961120824e+159 413
1757344084141 1.9531576296142615e+160 414
1757344084174 4.764973877807983e+160 415
1757344084208 1.162475353342405e+161 416
1757344084241 2.83600494311671e+161 417
1757344084278 6.918791021467292e+161 418
1757344084314 1.6879261552389442e+162 419
1757344084357 4.117908311870799e+162 420
1757344084415 1.0046155640365778e+163 421
1757344084468 2.450886117583374e+163 422
1757344084503 5.97924517237938e+163 423
1757344084538 1.4587121194628837e+164 424
1757344084571 3.558711820845376e+164 425
1757344084607 8.681925415473861e+164 426
1757344084642 2.118064982905673e+165 427
1757344084677 5.167286122748116e+165 428
1757344084712 1.2606244893258942e+166 429
1757344084747 3.0754521141999395e+166 430
1757344084781 7.502952534100515e+166 431
1757344084815 1.8304397089795025e+167 432
1757344084849 4.4655880641401933e+167 433
1757344084894 1.08943641578389e+168 434
1757344084930 2.6578172616657716e+168 435
1757344084964 6.484079744411479e+168 436
1757344084998 1.5818728675701627e+169 437
1757344085032 3.8591779678702616e+169 438
1757344085068 9.414950400263206e+169 439
1757344085103 2.2968956543959067e+170 440
1757344085138 5.60356605493672e+170 441
1757344085174 1.3670604701586906e+171 442
1757344085207 3.3351160863429805e+171 443
1757344085241 8.136435477570787e+171 444
1757344085277 1.9849858465725485e+172 445
1757344085315 4.842622819236951e+172 446
1757344085349 1.181418789956967e+173 447
1757344085383 2.8822198411135075e+173 448
1757344085417 7.031538082114795e+173 449
1757344085450 1.7154322198104464e+174 450
1757344085484 4.18501281853082e+174 451
1757344085518 1.0209865530683903e+175 452
1757344085552 2.4908252059127994e+175 453
1757344085588 6.076681605418697e+175 454
1757344085623 1.4824829637173198e+176 455
1757344085657 3.616703787396559e+176 456
1757344085690 8.823404117217765e+176 457
1757344085725 2.1525804929625485e+177 458
1757344085759 5.251491053935697e+177 459
1757344085795 1.2811673421611129e+178 460
1757344085831 3.1255689893826066e+178 461
1757344085866 7.625218959227682e+178 462
1757344085911 1.8602681423343132e+179 463
1757344085946 4.53835828175937e+179 464
1757344085980 1.1071896263174508e+180 465
1757344086014 2.701128453326421e+180 466
1757344086050 6.58974284796776e+180 467
1757344086086 1.6076507116448048e+181 468
1757344086121 3.922066263100244e+181 469
1757344086155 9.568374312110978e+181 470
1757344086189 2.3343253488097634e+182 471
1757344086223 5.694880505666239e+182 472
1757344086258 1.389337779772378e+183 473
1757344086294 3.389464387149639e+183 474
1757344086330 8.269024998109451e+183 475
1757344086364 2.017332728987898e+184 476
1757344086400 4.9215371103318885e+184 477
1757344086434 1.200670924549268e+185 478
1757344086468 2.929187846682262e+185 479
1757344086503 7.1461224434764e+185 480
1757344086538 1.7433865170169302e+186 481
1757344086575 4.253210845122093e+186 482
1757344086611 1.037624320051368e+187 483
1757344086647 2.5314151326329436e+187 484
1757344086681 6.17570584063204e+187 485
1757344086716 1.5066411722974766e+188 486
1757344086751 3.6756407779772045e+188 487
1757344086785 8.967188324030047e+188 488
1757344086822 2.1876584599998045e+189 489
1757344086859 5.337068169722402e+189 490
1757344086905 1.302044956700714e+190 491
1757344086942 3.1765025578789704e+190 492
1757344086977 7.749477810489261e+190 493
1757344087013 1.890582653122918e+191 494
1757344087061 4.612314346459979e+191 495
1757344087099 1.1252321391725732e+192 496
1757344087134 2.7451454344144436e+192 497
1757344087170 6.697127813668583e+192 498
1757344087211 1.6338486256623616e+193 499
