1757503079294 145.52634874913076 0
1757503079345 139.96688547117176 1
1757503079397 129.07657512852563 2
1757503079461 116.00318208059115 3
1757503079517 121.26644243258254 4
1757503079572 111.2355800391138 5
1757503079629 104.21492957289358 6
1757503079685 93.89920057045705 7
1757503079751 91.82321186832426 8
1757503079809 82.688091913807 9
1757503079863 79.79908519085916 10
1757503079917 72.55239021352622 11
1757503079973 80.72937074555541 12
1757503080027 80.58714034236769 13
1757503080080 68.73270700108786 14
1757503080136 72.99324471151732 15
1757503080197 68.41421225308063 16
1757503080260 67.01189253335707 17
1757503080327 63.30388273702595 18
1757503080385 64.34371859579579 19
1757503080445 67.38788010739249 20
1757503080504 50.29748569000634 21
1757503080567 57.53813996161644 22
1757503080625 52.61988180099606 23
1757503080684 57.28343209819323 24
1757503080743 62.55652276909969 25
1757503080802 57.456728288093224 26
1757503080857 53.74230044909401 27
1757503080913 58.774607739438856 28
1757503080970 50.5444718045426 29
1757503081027 56.799909103988774 30
1757503081083 55.842628442304914 31
1757503081139 49.02002048712785 32
1757503081196 36.253233003283114 33
1757503081251 55.526649331936675 34
1757503081305 47.75049118028241 35
1757503081362 43.337690038414934 36
1757503081416 40.94712025261226 37
1757503081495 48.12315487257074 38
1757503081554 45.3463928933442 39
1757503081612 38.61197402306968 40
1757503081670 36.05493404269136 41
1757503081726 30.107499911313628 42
1757503081781 47.05594626367446 43
1757503081840 38.59460320354223 44
1757503081899 40.44522110853861 45
1757503081955 38.28984635809587 46
1757503082011 33.96181586267549 47
1757503082068 34.04302765338159 48
1757503082125 55.93137288208953 49
1757503082180 42.141697314565654 50
1757503082235 34.195847893963844 51
1757503082291 38.31163116596134 52
1757503082345 24.634733896469303 53
1757503082399 29.53890702866644 54
1757503082453 40.713831693027785 55
1757503082521 37.863045714755366 56
1757503082576 33.838794097940756 57
1757503082632 29.22764186420327 58
1757503082688 32.90196726346522 59
1757503082746 23.09883156801383 60
1757503082801 32.13633776042321 61
1757503082854 33.37868615778467 62
1757503082912 26.271595161054336 63
1757503082968 28.581202560379776 64
1757503083022 35.90231363153972 65
1757503083076 48.503445654705864 66
1757503083132 31.82101043672286 67
1757503083186 33.8120697329108 68
1757503083245 44.22301917249048 69
1757503083303 29.97908676045931 70
1757503083360 30.981172410928657 71
1757503083414 26.202691125802403 72
1757503083469 32.13507067839748 73
1757503083532 22.195468647624146 74
1757503083589 46.51297727956608 75
1757503083645 29.864883048173017 76
1757503083699 21.376217620391085 77
1757503083755 22.3959542806096 78
1757503083811 30.359595144133976 79
1757503083866 27.372475038677056 80
1757503083922 26.9437966360417 81
1757503083977 23.16887832216777 82
1757503084033 21.923545727958864 83
1757503084090 27.434772654554553 84
1757503084149 31.916373076054438 85
1757503084205 23.4446357832009 86
1757503084260 26.68828297126127 87
1757503084316 25.261926973296976 88
1757503084371 19.46128024786919 89
1757503084424 24.59541944022247 90
1757503084478 29.78701169941914 91
1757503084537 21.827652795719267 92
1757503084593 23.812113216762327 93
1757503084645 19.282313851042638 94
1757503084703 28.368144249019274 95
1757503084757 29.587388355475845 96
1757503084811 38.41308139066754 97
1757503084866 39.81237950648005 98
1757503084922 26.840443232624523 99
1757503084982 21.467685620142657 100
1757503085038 22.873130887171627 101
1757503085094 26.209695308650417 102
1757503085149 31.664494615279 103
1757503085217 18.551000055130206 104
1757503085272 21.85336093090664 105
1757503085328 23.1047039323475 106
1757503085383 22.13476899894781 107
1757503085438 32.08271427185648 108
1757503085494 25.230861530270744 109
1757503085556 22.58647482142796 110
1757503085611 26.898436195098476 111
1757503085667 24.148057818627635 112
1757503085722 21.54623522649922 113
1757503085777 22.239544324472366 114
1757503085832 26.84963318104889 115
1757503085888 17.943607990084097 116
1757503085943 35.987639207485635 117
1757503085998 22.24103562737164 118
1757503086054 32.86586080132353 119
1757503086112 29.662273470695133 120
1757503086168 18.546106591437855 121
1757503086224 20.95291082329013 122
1757503086279 23.900198962639823 123
1757503086336 20.02772681961318 124
1757503086392 23.45821209042762 125
1757503086449 18.609630859796525 126
1757503086507 18.92659784392618 127
1757503086570 17.573935029049945 128
1757503086626 48.52630495797025 129
1757503086683 19.705735203506798 130
1757503086739 25.99412938247277 131
1757503086795 21.147455907056834 132
1757503086850 26.394227774377303 133
1757503086908 26.423997152179865 134
1757503086966 22.23149636383731 135
1757503087021 20.164088188332826 136
1757503087080 18.476874703878998 137
1757503087137 21.100097823603008 138
1757503087225 31.66944374095012 139
1757503087394 16.441540821783395 140
1757503087626 19.64307015243802 141
1757503087784 18.758478569986103 142
1757503087917 15.905825742441749 143
1757503088003 22.704600849434307 144
1757503088095 109.00981230705536 145
1757503088226 21.620180497835083 146
1757503088326 26.94515301026126 147
1757503088405 11.8251288394131 148
1757503088515 17.53678558185781 149
1757503088648 22.332120643348983 150
1757503088755 21.032583119822494 151
1757503088827 17.29152387338456 152
1757503088883 15.528019288831524 153
1757503088941 19.95862565543148 154
1757503088998 18.087100014228888 155
1757503089056 14.015911146578551 156
1757503089116 18.38758584251288 157
1757503089173 98.24077307676443 158
1757503089231 16.810526899320838 159
1757503089287 17.63399378526927 160
1757503089343 39.638386487202695 161
1757503089398 16.245879317455792 162
1757503089457 21.708834249242106 163
1757503089514 92.01749024398204 164
1757503089571 13.589367122557936 165
1757503089640 20.611540599599454 166
1757503089699 13.525224037399695 167
1757503089757 19.997441341075934 168
1757503089816 15.88353816013089 169
1757503089872 19.008694621607905 170
1757503089928 19.958859896333784 171
1757503089985 19.411517882077014 172
1757503090042 17.102634289461438 173
1757503090100 15.982571067524676 174
1757503090155 16.59397859740979 175
1757503090212 16.358833854810076 176
1757503090270 15.356665188236708 177
1757503090326 17.116378066946954 178
1757503090388 15.539196641662578 179
1757503090446 17.633984075907115 180
1757503090503 18.414213256498165 181
1757503090559 19.137235198415233 182
1757503090626 14.673776088345694 183
1757503090683 24.157659570656495 184
1757503090740 18.102330449820485 185
1757503090797 14.943922645941452 186
1757503090855 18.868005793710786 187
1757503090912 15.66317557052746 188
1757503090970 15.798760417050987 189
1757503091027 18.74721558407396 190
1757503091084 13.846250222740034 191
1757503091141 10.505565899101777 192
1757503091198 19.83846006107726 193
1757503091256 15.416993932673373 194
1757503091312 16.875581496091943 195
1757503091369 23.413594711866217 196
1757503091428 13.861528371023411 197
1757503091484 15.729736998524732 198
1757503091542 15.06159263572663 199
1757503091599 15.382525751980005 200
1757503091666 19.70887446176615 201
1757503091724 19.624997973649812 202
1757503091780 13.0750083354466 203
1757503091838 10.6215888043852 204
1757503091895 11.554965897880207 205
1757503091954 14.806991348624715 206
1757503092013 12.595125835327048 207
1757503092069 14.193928175328011 208
1757503092128 13.370013566060038 209
1757503092185 20.175913545395105 210
1757503092244 12.91721650406197 211
1757503092301 12.404054885752448 212
1757503092357 67.09354423808742 213
1757503092416 13.438853312912578 214
1757503092475 12.795738500709732 215
1757503092533 14.746157861858771 216
1757503092592 11.066957499226298 217
1757503092656 22.185189386139225 218
1757503092714 13.123825404622048 219
1757503092773 12.14915151703295 220
1757503092833 15.83713786590567 221
1757503092903 64.23885389468929 222
1757503092964 14.459519662729077 223
1757503093023 12.913757919660634 224
1757503093081 10.124780859067688 225
1757503093141 14.856597986371437 226
1757503093204 13.033605470350821 227
1757503093265 12.865241497345162 228
1757503093323 12.236426734706601 229
1757503093380 10.044040677955428 230
1757503093438 11.218686025696181 231
1757503093497 13.446178166843664 232
1757503093557 14.236765065584004 233
1757503093615 12.313998300321812 234
1757503093684 13.550396762140824 235
1757503093743 8.810742896187811 236
1757503093803 12.599559633397455 237
1757503093862 20.286388568680973 238
1757503093920 14.235296848831073 239
1757503093979 15.120865952441603 240
1757503094039 19.419031671200436 241
1757503094098 11.502744643684752 242
1757503094157 14.38568068939751 243
1757503094216 11.86543068656312 244
1757503094276 13.532054896481883 245
1757503094335 13.195864059350047 246
1757503094395 67.24359746078161 247
1757503094460 9.832167141713919 248
1757503094521 14.469017031496707 249
1757503094581 13.23672647344871 250
1757503094645 15.603645943950642 251
1757503094713 12.981766463302582 252
1757503094772 10.340482916100015 253
1757503094833 10.985851376556493 254
1757503094893 11.25381721446707 255
1757503094953 15.218842033640907 256
1757503095012 11.239178352773427 257
1757503095075 14.102985733233577 258
1757503095137 11.142115798584124 259
1757503095196 10.182400883806219 260
1757503095260 11.636933716647672 261
1757503095318 10.207247635662535 262
1757503095377 10.93097947463501 263
1757503095437 10.709164407230286 264
1757503095505 12.856485385208268 265
1757503095564 12.622501008177641 266
1757503095624 11.138454474200373 267
1757503095683 9.971787173745495 268
1757503095757 12.797782634586763 269
1757503095818 10.54904086007729 270
1757503095877 18.575359328829393 271
1757503095935 11.378056431314361 272
1757503095994 10.359011622634469 273
1757503096053 14.604487080051763 274
1757503096112 12.810416954378908 275
1757503096171 11.210571316865563 276
1757503096233 14.878697019273957 277
1757503096292 9.336933339849416 278
1757503096352 10.358129655792824 279
1757503096413 11.136130722079935 280
1757503096471 9.303604690181652 281
1757503096531 8.395360759000994 282
1757503096590 12.194615126629808 283
1757503096651 9.444377687918296 284
1757503096709 11.693626134839487 285
1757503096778 8.264878672291958 286
1757503096840 14.965521062231135 287
1757503096900 6.962394956976728 288
1757503096963 10.181561918878812 289
1757503097023 10.681264138461406 290
1757503097083 9.54912351951381 291
1757503097143 9.141556541864079 292
1757503097203 25.402340476575155 293
1757503097263 11.51480026754206 294
1757503097327 7.7952335770454955 295
1757503097389 12.238419073014553 296
1757503097532 7.1046816708099 297
1757503097700 10.847280723004891 298
1757503097794 14.369564490369058 299
1757503097859 10.70044918033684 300
1757503097927 9.774883762544405 301
1757503098080 9.285899888871002 302
1757503098188 12.138688645534717 303
1757503098265 10.4135580180232 304
1757503098363 11.790778604314891 305
1757503098501 9.386730441265618 306
1757503098587 11.422614338104436 307
1757503098648 9.679046051215275 308
1757503098711 8.237569476686318 309
1757503098784 9.276729227838224 310
1757503098847 8.320533867315456 311
1757503098910 8.151040270918806 312
1757503098989 8.181053387470355 313
1757503099066 9.984638229356785 314
1757503099135 8.722336320825418 315
1757503099199 11.243563610740795 316
1757503099266 7.9911672591667084 317
1757503099329 7.021370310186244 318
1757503099392 7.14294647033778 319
1757503099451 10.732252983697418 320
1757503099510 9.11839942520322 321
1757503099570 6.9146229103891 322
1757503099629 7.780641316211901 323
1757503099688 10.264079829528235 324
1757503099767 8.461551319445382 325
1757503099852 10.471956085911732 326
1757503099928 8.487773956858788 327
1757503099991 8.245491998232662 328
1757503100055 9.705376308020897 329
1757503100118 8.359648951464807 330
1757503100181 9.271035555420172 331
1757503100244 8.55871934433076 332
1757503100305 10.013549290003416 333
1757503100366 9.13079194543811 334
1757503100426 10.175563331425918 335
1757503100490 8.774465304817436 336
1757503100552 9.54265568113763 337
1757503100616 8.352761068510517 338
1757503100681 11.990883236138073 339
1757503100743 8.734992008397034 340
1757503100807 9.19585190541868 341
1757503100871 10.400049700856952 342
1757503100934 9.679816090879537 343
1757503100996 12.313588792717267 344
1757503101059 9.448427179569498 345
1757503101122 11.693192737058952 346
1757503101185 10.26069188781207 347
1757503101246 8.886292720974572 348
1757503101309 7.348263065382989 349
1757503101371 9.786454583422067 350
1757503101431 19.359938995929205 351
1757503101494 12.28931694636401 352
1757503101556 8.156517705821694 353
1757503101618 9.096464035945772 354
1757503101679 8.439388667234386 355
1757503101742 7.702525468287272 356
1757503101814 9.862932308031276 357
1757503101876 7.443185941992006 358
1757503101938 8.694826908030752 359
1757503102000 9.179329430726801 360
1757503102063 6.373198936243626 361
1757503102126 7.447612707028357 362
1757503102190 7.380495298069747 363
1757503102254 7.16772907368105 364
1757503102317 39.67663271080015 365
1757503102381 9.62315826039452 366
1757503102440 6.168239608896241 367
1757503102506 10.361412915083429 368
1757503102572 9.130876711008248 369
1757503102660 7.315343986591734 370
1757503102808 9.326686435827062 371
1757503102891 8.104592763106986 372
1757503102968 8.239217538181395 373
1757503103055 7.595851424511594 374
1757503103119 7.49480480317866 375
1757503103183 8.21545443748683 376
1757503103247 9.236602990794292 377
1757503103312 7.026325538636876 378
1757503103376 8.590081567223203 379
1757503103439 9.908448384658277 380
1757503103503 9.312268441960411 381
1757503103566 7.532207835802358 382
1757503103630 6.417939890742326 383
1757503103692 14.874039138148834 384
1757503103757 7.98977293439303 385
1757503103824 8.704542577661115 386
1757503103893 7.7923537852484035 387
1757503103958 10.499673796776523 388
1757503104021 7.223758606906043 389
1757503104086 7.668134544566586 390
1757503104150 7.44257445487998 391
1757503104212 14.419763456017094 392
1757503104275 7.907081920909373 393
1757503104339 7.549523534505606 394
1757503104405 7.122508060133382 395
1757503104482 6.285473222597034 396
1757503104553 8.820932466944612 397
1757503104624 9.268201130979907 398
1757503104694 6.92046217674302 399
1757503104764 6.506742782977823 400
1757503104831 7.118311893543977 401
1757503104905 6.94466349127755 402
1757503104969 5.876696226178217 403
1757503105032 14.412410389705173 404
1757503105099 7.611550128749419 405
1757503105163 6.431587897918792 406
1757503105229 6.436668762530063 407
1757503105294 6.927624418501651 408
1757503105358 9.957470464577998 409
1757503105421 7.218684540666764 410
1757503105485 5.7592100972549405 411
1757503105548 8.184077846934226 412
1757503105612 6.373403677252767 413
1757503105701 8.640397182477374 414
1757503105804 5.808861216053299 415
1757503105889 7.011577003535906 416
1757503105955 6.6356920820927945 417
1757503106051 5.789249289092958 418
1757503106127 6.024938009691041 419
1757503106228 7.490398841887418 420
1757503106313 6.467850748486941 421
1757503106387 5.55340015546593 422
1757503106451 7.199544343867235 423
1757503106521 7.476130562183915 424
1757503106584 7.387388646279952 425
1757503106647 5.839874594166318 426
1757503106711 6.250384879363864 427
1757503106774 6.210751714234962 428
1757503106836 6.852721162399644 429
1757503106906 11.090290888592829 430
1757503106969 6.646480011188603 431
1757503107031 6.789127151229923 432
1757503107093 6.154181920737853 433
1757503107157 5.413694180360922 434
1757503107220 8.872281268998252 435
1757503107283 5.893136815689506 436
1757503107347 6.576352304407369 437
1757503107410 5.6414255983942585 438
1757503107469 31.751749955181047 439
1757503107533 9.015137179139408 440
1757503107596 6.768183313903377 441
1757503107658 6.5508685425215765 442
1757503107722 7.1558721344098855 443
1757503107784 6.3810797302118685 444
1757503107847 6.751038854268382 445
1757503107922 15.048648379929634 446
1757503107986 6.351024867219272 447
1757503108049 5.6465070808966225 448
1757503108111 4.755735464325896 449
1757503108174 5.317304396815295 450
1757503108236 5.772249668373672 451
1757503108407 3.710549663586082 452
1757503108575 4.306804146658898 453
1757503108711 4.288090216738983 454
1757503108786 7.647516692963968 455
1757503108901 6.40039391024562 456
1757503108988 5.838012218990339 457
1757503109056 5.446139565581203 458
1757503109159 6.712722445656278 459
1757503109288 7.474514339545094 460
1757503109354 4.671286645396315 461
1757503109423 12.851532232111971 462
1757503109487 6.330342556882257 463
1757503109551 7.409756417450345 464
1757503109617 6.74615523838822 465
1757503109680 6.684130734687768 466
1757503109744 4.739685181326614 467
1757503109809 6.564772708452175 468
1757503109873 5.129014395523649 469
1757503109949 8.344898838353524 470
1757503110015 4.745235133592158 471
1757503110091 4.292826971608856 472
1757503110181 27.275232637717334 473
1757503110262 5.8184066545335895 474
1757503110336 5.558682403352108 475
1757503110409 6.520513262616096 476
1757503110485 10.384653580736138 477
1757503110562 5.067304877778575 478
1757503110636 6.628604947949846 479
1757503110699 6.777819501935632 480
1757503110764 6.489339038685318 481
1757503110827 4.944701550543876 482
1757503110889 5.052515182602108 483
1757503110952 4.972358934229073 484
1757503111032 4.772232969213292 485
1757503111120 4.332694397957162 486
1757503111191 5.500700523072249 487
1757503111256 6.292558226511854 488
1757503111321 10.922791059216948 489
1757503111387 4.487322058112743 490
1757503111452 4.158970684040413 491
1757503111516 5.638907344641863 492
1757503111580 4.732068577222868 493
1757503111646 5.04773411629282 494
1757503111711 6.606051659822031 495
1757503111776 5.0019649345143335 496
1757503111842 7.561181365691038 497
1757503111909 4.268362735559337 498
1757503111983 6.21328152901521 499
