1757489142262 104.57169677871363 0
1757489142341 16.93619591505934 1
1757489142426 70.33789506195434 2
1757489142506 3.4078394106433034 3
1757489142589 0.5279397253461268 4
1757489142671 0.0032655266175113853 5
1757489142749 29.16825536902166 6
1757489142842 20.332175923791674 7
1757489142920 0.5550444800143032 8
1757489142999 0.8281390980943777 9
1757489143079 18.513742470938812 10
1757489143161 33.172506169642176 11
1757489143245 15.767349007771761 12
1757489143331 27.922059683065246 13
1757489143412 9.17250299628678 14
1757489143492 13.481986212664996 15
1757489143572 21.3820479014017 16
1757489143662 3.139091568470377 17
1757489143744 4.515923013944692 18
1757489143829 26.98010764938404 19
1757489143907 2.6995601703847867 20
1757489143987 0.8729875631723174 21
1757489144069 10.79233423971657 22
1757489144147 13.609516963223871 23
1757489144226 0.275845482497747 24
1757489144306 9.879029689268899 25
1757489144388 2.0656662831616432 26
1757489144468 0.3862660164518209 27
1757489144546 0.0923196264708074 28
1757489144640 10.487868298592993 29
1757489144726 10.576642630632898 30
1757489144808 25.173028681762144 31
1757489144906 6.264601898939711 32
1757489144997 186.51208503734946 33
1757489145097 8.911771091737881 34
1757489145188 0.4816509470757961 35
1757489145297 1.9156348097388063 36
1757489145390 5.261783694791508 37
1757489145483 12.437382646632654 38
1757489145570 2.9676378693015266 39
1757489145662 0.6225740100125344 40
1757489145831 10.046913271750439 41
1757489145973 17.89572343833386 42
1757489146132 9.24757264679001 43
1757489146276 20.337456427276006 44
1757489146390 1.3123050019634759 45
1757489146508 5.008003537241872 46
1757489146641 0.30084096816792294 47
1757489146760 0.20931144903278992 48
1757489146881 3.7625655061990413 49
1757489147015 0.09078539924328705 50
1757489147146 3.726618073474052 51
1757489147255 0.07685764501782893 52
1757489147370 0.00028198783768780615 53
1757489147488 12.527389547613213 54
1757489147604 0.699081909636012 55
1757489147718 0.15790476160354433 56
1757489147838 1.4278039540679608 57
1757489147971 20.730478889929465 58
1757489148102 16.622618854096327 59
1757489148222 2.2882478920304186 60
1757489148379 11.585905005765225 61
1757489148512 2.891436688601889 62
1757489148621 4.716326272329923 63
1757489148729 0.8744403626308599 64
1757489148846 0.19117744141237528 65
1757489148974 10.260204028690287 66
1757489149081 9.555971396239558 67
1757489149215 7.508518252477228 68
1757489149337 0.9008237678700083 69
1757489149448 8.953291802517375 70
1757489149569 6.0193942662105755 71
1757489149689 0.733712167817018 72
1757489149796 20.413732662229254 73
1757489149928 0.61513408946233 74
1757489150118 0.42831963835526815 75
1757489150244 7.476994872093941 76
1757489150363 1.6948834950153224 77
1757489150475 7.865908884473271 78
1757489150603 5.283305675579855 79
1757489150738 23.654513251192753 80
1757489150866 0.30798647600138296 81
1757489150991 0.9663538221538286 82
1757489151108 13.402400737506643 83
1757489151265 1.3852269180464205 84
1757489151397 4.5368366013722 85
1757489151525 15.635726432979244 86
1757489151641 7.7670249855485105 87
1757489151750 3.554817986991551 88
1757489151853 11.294897886068274 89
1757489151954 0.09479431948495795 90
1757489152084 13.468722114847326 91
1757489152257 6.861983756703036 92
1757489152392 5.307570299562914 93
1757489152513 0.5815208989831052 94
1757489152628 7.584662915412651 95
1757489152744 0.5639430649137509 96
1757489152841 12.016996553530976 97
1757489152936 14.076492387612566 98
1757489153035 11.716115705772522 99
1757489153129 10.128619402503464 100
1757489153231 1.503910185286658 101
1757489153408 0.02464973911530136 102
1757489153604 0.12243760962640687 103
1757489153762 10.019010454294657 104
1757489153897 8.388125583044294 105
1757489154065 1.7450808939737243 106
1757489154170 14.580865425990176 107
1757489154290 9.425226246134628 108
1757489154405 9.099926889000049 109
1757489154562 0.034538074169563095 110
1757489154695 0.35480779475401797 111
1757489154798 5.352008679422616 112
1757489154901 5.020851126055552 113
1757489155035 0.4075971060893561 114
1757489155169 8.101551384705477 115
1757489155289 5.105980095109668 116
1757489155396 0.2394573407233126 117
1757489155527 8.406695740320025 118
1757489155644 22.552664328575155 119
1757489155747 1.237345443948372 120
1757489155882 11.5478826637247 121
1757489156004 0.013180633951731224 122
1757489156123 3.4897518014951503 123
1757489156266 5.51180053959677 124
1757489156402 10.80567108601063 125
1757489156513 0.027577308847282572 126
1757489156659 0.4097844092164398 127
1757489156770 22.677450637369716 128
1757489156905 13.057153590870252 129
1757489157070 14.268484908327126 130
1757489157216 6.265278664123949 131
1757489157339 0.5773151577345056 132
1757489157469 6.728076624274411 133
1757489157575 0.6740676306118345 134
1757489157690 5.210173350363505 135
1757489157805 5.487617270302183 136
1757489157927 0.7826538937105944 137
1757489158039 1.4996280466045266 138
1757489158161 9.431554828509064 139
1757489158272 9.628855584894193 140
1757489158380 0.08207970058538301 141
1757489158513 9.20254300951482 142
1757489158641 0.6507937057489414 143
1757489158779 3.105845801889748 144
1757489158910 8.128528040719097 145
1757489159023 3.295270431838149 146
1757489159144 0.7160378491758455 147
1757489159282 11.854433110926944 148
1757489159373 1.4597970600736485 149
1757489159463 6.620701470874906 150
1757489159553 9.96163143528157 151
1757489159639 0.20513624444615794 152
1757489159724 1.7201577716744263 153
1757489159811 14.067310490946962 154
1757489159896 8.556495146481566 155
1757489159995 21.55063078630148 156
1757489160166 2.9376769874615882 157
1757489160270 15.410193660525698 158
1757489160424 11.779009243826104 159
1757489160544 0.8632412450535877 160
1757489160721 7.814709383574397 161
1757489160876 0.08280344032389582 162
1757489160982 0.7311643434861856 163
1757489161073 8.446674427428997 164
1757489161162 11.602790058363064 165
1757489161258 18.38844931125984 166
1757489161338 1.2235570447172055 167
1757489161433 4.6129313083641685 168
1757489161538 12.013691886878489 169
1757489161647 12.686412854379673 170
1757489161747 6.327031584780231 171
1757489161839 0.10788583051651568 172
1757489161929 0.03404777446041065 173
1757489162015 0.7939623510691874 174
1757489162101 0.9448832957509946 175
1757489162187 20.738776807595045 176
1757489162281 22.512756935766937 177
1757489162367 11.228255947556963 178
1757489162450 16.326878699947333 179
1757489162530 12.195918485863414 180
1757489162616 0.18884639697486588 181
1757489162703 11.557122356821068 182
1757489162787 4.17457994799516 183
1757489162872 0.6751540545944409 184
1757489162953 7.341303230867775 185
1757489163036 8.631738438134722 186
1757489163118 11.818766914276052 187
1757489163199 12.304304334942394 188
1757489163284 1.987456712708004 189
1757489163366 147.2637170749209 190
1757489163451 4.983941977820241 191
1757489163531 7.777171181375524 192
1757489163613 1.9151029137155995 193
1757489163694 0.013321763150839286 194
1757489163777 0.3257912653159332 195
1757489163859 3.466931908234251 196
1757489163944 6.519088349660341 197
1757489164023 11.823096926338218 198
1757489164107 18.414796723248035 199
1757489164190 8.353624709873142 200
1757489164275 2.5810162651516793 201
1757489164354 4.167894307558927 202
1757489164438 0.3217310341278849 203
1757489164521 0.6929052067297679 204
1757489164605 2.7365940911549473 205
1757489164688 0.071639516530595 206
1757489164770 3.8817957523449507 207
1757489164852 18.310622461639834 208
1757489164935 6.977469275506798 209
1757489165020 11.483516991911142 210
1757489165104 0.6984920132577821 211
1757489165187 0.5150221239111907 212
1757489165275 1.6830546779077376 213
1757489165358 8.139242218729462 214
1757489165442 0.9385242091525208 215
1757489165526 0.9997807680935211 216
1757489165655 0.7768146022625387 217
1757489165848 0.13550016746128293 218
1757489165993 3.384668982383305 219
1757489166144 3.833750683945694 220
1757489166249 0.08194531329541423 221
1757489166394 10.599580598292402 222
1757489166506 0.1837609806767638 223
1757489166631 4.049434474281998 224
1757489166770 12.299575932947086 225
1757489166923 7.757740573251144 226
1757489167088 0.32537108392908143 227
1757489167216 9.34294407240575e-08 228
1757489167331 4.50587680767637 229
1757489167451 9.426664326601692 230
1757489167611 5.662730463684954 231
1757489167746 0.7993928198987224 232
1757489167885 11.23432427716689 233
1757489168049 9.935314686948626 234
1757489168331 2.4235275561807583 235
1757489168445 0.35289998944786777 236
1757489168564 12.54233300757131 237
1757489168685 3.9501126659828087 238
1757489168810 10.499787657881077 239
1757489168925 15.161930276647203 240
1757489169068 0.054921106463261475 241
1757489169205 3.486033591912763 242
1757489169334 7.336527333215095 243
1757489169461 9.951702540555203 244
1757489169596 9.21345498262587 245
1757489169735 17.81250180271388 246
1757489169874 0.00011085715117819637 247
1757489170020 3.007605703480999 248
1757489170165 7.592572809830062 249
1757489170293 4.123563081707139 250
1757489170436 0.004111572067848408 251
1757489170547 6.674446435446131 252
1757489170662 9.913225808459366 253
1757489170782 10.686617694930291 254
1757489170905 8.266941039114991 255
1757489171024 4.284667457815863 256
1757489171161 1.5057867844544002 257
1757489171310 2.1496298266251914 258
1757489171457 5.122367309384498 259
1757489171574 7.203263361554503 260
1757489171707 1.349406623636652 261
1757489171819 0.1118620839280956 262
1757489171925 6.8342894542681085 263
1757489172057 9.012203893208248 264
1757489172183 11.366932840416105 265
1757489172278 12.972517639957399 266
1757489172393 11.571720476978268 267
1757489172489 0.29762482017745023 268
1757489172637 15.644234067323636 269
1757489172818 9.123344398886683 270
1757489173010 1.3962806801959549 271
1757489173153 10.50479972241197 272
1757489173290 1674.2425959628902 273
1757489173448 2.809146517092831 274
1757489173556 22.816759401027834 275
1757489173656 0.12623017259326247 276
1757489173759 3.47831854581004 277
1757489173855 3.334130772356352 278
1757489173947 14.338277093007745 279
1757489174040 0.27648110951614674 280
1757489174134 10.435348925977857 281
1757489174224 8.910574737342317 282
1757489174342 10.829985464590138 283
1757489174432 15.8856562083996 284
1757489174521 2.9345634844634914 285
1757489174609 7.484954652967084 286
1757489174694 10.746786573747109 287
1757489174782 0.11348805291104329 288
1757489174868 18.522057211610683 289
1757489174949 4.795219992250221 290
1757489175034 6.823613886446825 291
1757489175119 3.3641171998784922 292
1757489175198 0.1841695140943746 293
1757489175280 22.11800131825821 294
1757489175365 1.076105006446654 295
1757489175443 0.60955473987969 296
1757489175530 0.3336601160237484 297
1757489175611 0.6124977048596199 298
1757489175696 3.614403178084472 299
1757489175784 5.385039182995951 300
1757489175870 9.045762000629429 301
1757489175953 5.798679102599474 302
1757489176038 5.158133679708946 303
1757489176118 7.531181346165564 304
1757489176198 5.3174953057050045 305
1757489176286 7.225432852496152 306
1757489176371 0.36371348794763947 307
1757489176456 10.11299691598693 308
1757489176543 1.4806538527952733 309
1757489176627 2.8854147671762407 310
1757489176715 3.4049054682465725 311
1757489176798 17.754158806799623 312
1757489176886 0.13306547944800198 313
1757489176971 2.948450694583892 314
1757489177056 0.5044964441262155 315
1757489177141 11.872752672995954 316
1757489177225 4.068635364965507 317
1757489177312 4.780872653199003 318
1757489177401 0.06277095920473112 319
1757489177488 1.0899191077122419 320
1757489177576 8.17567097155114 321
1757489177662 14.233953024662005 322
1757489177756 3.1507239424277538 323
1757489177856 0.8343076066245136 324
1757489177965 0.252958972110804 325
1757489178057 122.3821100651578 326
1757489178147 0.07075809639069848 327
1757489178233 3.1407888434286706 328
1757489178323 8.734859394631536 329
1757489178462 1.754909640763275 330
1757489178638 17.055223834420342 331
1757489178831 6.998524454354795 332
1757489179001 2.921382943273908 333
1757489179145 10.204208719974229 334
1757489179299 4.870886472510952 335
1757489179426 7.97433919944418 336
1757489179560 6.558235688216462 337
1757489179701 1.433453218252609 338
1757489179847 3.4223576864698306 339
1757489179996 3.8192319573875064 340
1757489180104 0.5996202431143305 341
1757489180257 0.9475108629841882 342
1757489180421 16.431477236035025 343
1757489180568 1.9799325451453296 344
1757489180690 8.320041298165242 345
1757489180826 24.5225521234745 346
1757489180974 6.164802579855796 347
1757489181105 10.575405679334873 348
1757489181266 0.6341352315464223 349
1757489181388 0.43021946671541395 350
1757489181507 0.15047950694020776 351
1757489181651 0.14233861543933898 352
1757489181765 0.09012552609110717 353
1757489181882 3.6900584362800486 354
1757489182035 0.09619194447485754 355
1757489182170 0.406422293116003 356
1757489182313 126.51800371070865 357
1757489182441 5.472262573091814 358
1757489182578 2.7282735200868666 359
1757489182733 0.8254052072074097 360
1757489182842 7.055143911198316 361
1757489182983 15.509475341696971 362
1757489183113 2.770052733075504 363
1757489183265 9.481073002446628 364
1757489183410 10.056571042523043 365
1757489183536 0.3660448038749615 366
1757489183692 6.835720247000441 367
1757489183839 5.036211039676511 368
1757489183961 12.8372252769068 369
1757489184117 7.456369792793956 370
1757489184260 5.073863069517878 371
1757489184391 4.693480516754351 372
1757489184515 0.06349656381396487 373
1757489184645 1.8027234769777236 374
1757489184756 5.407861488260121 375
1757489184886 9.296375581903146 376
1757489185013 0.10048984222708576 377
1757489185109 6.738653084384002 378
1757489185204 4.468864737664959 379
1757489185296 1.2584138200227948 380
1757489185388 1.8507759107063453 381
1757489185551 7.484632938825068 382
1757489185722 1.217997689126605 383
1757489185927 11.177151137660974 384
1757489186053 12.79459121361924 385
1757489186267 0.038302275332075406 386
1757489186414 3.092861063451817 387
1757489186554 11.932412507262871 388
1757489186671 2.796339731735259 389
1757489186793 1.3791254728874607e-06 390
1757489186997 2.6827960084222044 391
1757489187133 2.4164796665065036 392
1757489187253 18.382954191377127 393
1757489187379 0.5686721436788008 394
1757489187518 1.0380074759140276 395
1757489187672 16.4128929021717 396
1757489187781 4.050367494925244 397
1757489187916 0.6223231945313921 398
1757489188051 13.825308934125617 399
1757489188194 0.6429739387255934 400
1757489188335 11.25702699761639 401
1757489188465 7.001098841246006 402
1757489188605 7.631657592873809 403
1757489188818 0.09633760413904141 404
1757489189019 5.181097990084836 405
1757489189179 13.088243767340876 406
1757489189344 4.472672171713991 407
1757489189499 13.622592442464178 408
1757489189656 0.21483004738496625 409
1757489189804 7.662330832262082 410
1757489189924 0.0577437084596764 411
1757489190076 1.184480370528958 412
1757489190226 7.439441967494492 413
1757489190356 0.0033387548675190113 414
1757489190486 13.14846157756782 415
1757489190669 9.34961959668142 416
1757489190808 0.4749573971098452 417
1757489190936 0.7791766233999172 418
1757489191079 6.085658985949839 419
1757489191201 7.4597383835891105 420
1757489191335 1.3592370639013907 421
1757489191495 19.011296538470734 422
1757489191631 3.90229185832263 423
1757489191770 0.4842658880198312 424
1757489191905 19.975545542343475 425
1757489192033 5.9801978306102574 426
1757489192166 10.094739621888762 427
1757489192277 8.663585363954635 428
1757489192374 1.993111800072247 429
1757489192474 8.783915838159173 430
1757489192570 6.93242428282362 431
1757489192667 1.500370888505854 432
1757489192760 0.24268818195316713 433
1757489192854 0.31231076606423946 434
1757489192946 7.215575542015476 435
1757489193040 1.2953406793775442 436
1757489193133 0.5399583700317303 437
1757489193222 2.8496436742811153 438
1757489193435 3.3965533964822576 439
1757489193578 5.787544450502821 440
1757489193700 8.402400163266543 441
1757489193933 18.646587940783313 442
1757489194225 6.452632873692114 443
1757489194483 4.462467107117538 444
1757489194758 0.08234309987869597 445
1757489194929 0.9550091374887596 446
1757489195118 2.5257184276831683 447
1757489195256 4.062582220259301 448
1757489195380 4.405915885169851 449
1757489195501 2.758005821707499 450
1757489195616 11.855931563413764 451
1757489195721 20.902242912180032 452
1757489195832 0.5664976974297559 453
1757489195936 14.367611960454749 454
1757489196048 3.974941888095699 455
1757489196146 18.27102490298727 456
1757489196244 2.480976436107096 457
1757489196336 0.059898356193273924 458
1757489196445 4.327491961051465 459
1757489196540 12.95794782463815 460
1757489196633 7.555110581420976 461
1757489196727 0.018884897619827846 462
1757489196821 5.570096250301004 463
1757489196933 12.204513493493236 464
1757489197029 5.117827845898204 465
1757489197125 7.5358331179878775 466
1757489197312 0.4752904955888509 467
1757489197414 13.872070079274563 468
1757489197512 0.010314676623568109 469
1757489197608 17.71622426977031 470
1757489197696 4.409118523667114 471
1757489197791 13.061926536117449 472
1757489197890 6.1479789927774 473
1757489197981 0.07592893662665418 474
1757489198076 5.922008130479775 475
1757489198174 11.813093214560988 476
1757489198263 0.02578717042434845 477
1757489198359 1.0266450546385297 478
1757489198455 0.6690438181239574 479
1757489198553 2.355969455741617 480
1757489198643 2.6316278040135623 481
1757489198739 0.2733206312472022 482
1757489198834 1.6079044025174356 483
1757489198936 7.482044477791565 484
1757489199024 8.585758266796573 485
1757489199116 9.51623385878121 486
1757489199204 0.8765729710652373 487
1757489199343 0.6789739867864281 488
1757489199460 4.5976252164203455 489
1757489199581 0.5330299193776599 490
1757489199684 11.998903150784868 491
1757489199785 18.085139195602594 492
1757489199920 3.5772279774627584 493
1757489200018 5.0070619653886475 494
1757489200142 2.079611900233111 495
1757489200244 9.962059233606356 496
1757489200344 5.245045805957255 497
1757489200455 0.5576749889370587 498
1757489200685 12.994865926519998 499
