1757328182711 248.97902717714348 0
1757328182764 37345.39831089383 1
1757328182838 16451554.636253249 2
1757328182865 7080481634.58837 3
1757328182896 3049186289809.89 4
1757328182944 1313102446608400.5 5
1757328183038 5.654750180597513e+17 6
1757328183109 2.4351640952280986e+20 7
1757328183240 1.0486801330969836e+23 8
1757328183321 4.516040720628287e+25 9
1757328183379 1.9447897549222876e+28 10
1757328183447 8.375051122932484e+30 11
1757328183517 3.606635685641795e+33 12
1757328183581 1.553163172141959e+36 13
1757328183617 6.68854869068593e+38 14
1757328183647 2.8803595391706642e+41 15
1757328183743 1.240399294161469e+44 16
1757328183797 5.341660955976593e+46 17
1757328183889 2.300335214870776e+49 18
1757328183967 9.906173649703583e+51 19
1757328184000 4.265998961529358e+54 20
1757328184042 1.8371116622121962e+57 21
1757328184094 7.911345712625595e+59 22
1757328184209 3.406945384545169e+62 23
1757328184283 1.4671684533706749e+65 24
1757328184336 6.31822065692864e+67 25
1757328184378 2.7208813124306117e+70 26
1757328184433 1.1717215207125875e+73 27
1757328184502 5.045906691440919e+75 28
1757328184569 2.1729714687875677e+78 29
1757328184656 9.357693855445506e+80 30
1757328184730 4.0298013825786955e+83 31
1757328184840 1.7353954333078672e+86 32
1757328184904 7.47331449873757e+88 33
1757328184940 3.2183114306451456e+91 34
1757328184975 1.385935044801191e+94 35
1757328185020 5.968396750289106e+96 36
1757328185053 2.5702329919777274e+99 37
1757328185098 1.106846261976601e+102 38
1757328185172 4.766527592928012e+104 39
1757328185230 2.0526595313762126e+107 40
1757328185402 8.839582000953837e+109 41
1757328185475 3.8066814665166945e+112 42
1757328185598 1.6393109748807231e+115 43
1757328185705 7.059535965911636e+117 44
1757328185785 3.040121661945573e+120 45
1757328185848 1.309199324723209e+123 46
1757328185884 5.637941709078859e+125 47
1757328185921 2.427925688221021e+128 48
1757328186007 1.0455629823258e+131 49
1757328186066 4.502617008888059e+133 50
1757328186108 1.9390089618160162e+136 51
1757328186152 8.350156690167418e+138 52
1757328186219 3.5959151362067604e+141 53
1757328186280 1.5485464700353611e+144 54
1757328186350 6.668667304503088e+146 55
1757328186395 2.8717978103125853e+149 56
1757328186432 1.2367122674941589e+152 57
1757328186492 5.325783128179428e+154 58
1757328186563 2.2934975801503267e+157 59
1757328186617 9.87672802957999e+159 60
1757328186662 4.253318486775876e+162 61
1757328186714 1.8316509370076017e+165 62
1757328186758 7.887829621674887e+167 63
1757328186807 3.3968184048330894e+170 64
1757328186855 1.4628073663896848e+173 65
1757328186904 6.299440052842827e+175 66
1757328186966 2.712793624857174e+178 67
1757328187020 1.1682386353918275e+181 68
1757328187058 5.030907978833114e+183 69
1757328187116 2.1665124166175002e+186 70
1757328187149 9.32987856487585e+188 71
1757328187187 4.0178229936587436e+191 72
1757328187229 1.7302370546542864e+194 73
1757328187266 7.451100434299055e+196 74
1757328187322 3.2087451562008442e+199 75
1757328187378 1.381815420182423e+202 76
1757328187512 5.950655980778074e+204 77
1757328187588 2.5625930992212476e+207 78
1757328187662 1.1035562152120411e+210 79
1757328187714 4.75235932112365e+212 80
1757328187749 2.0465581005976576e+215 81
1757328187799 8.813306772711769e+217 82
1757328187863 3.7953662907123673e+220 83
1757328187931 1.634438202613882e+223 84
1757328187972 7.03855183806857e+225 85
1757328188028 3.0310850479357023e+228 86
1757328188079 1.3053077933060292e+231 87
1757328188129 5.621183201130657e+233 88
1757328188186 2.4207087970144016e+236 89
1757328188222 1.042455097134041e+239 90
1757328188307 4.4892331984790896e+241 91
1757328188383 1.933245351836529e+244 92
1757328188448 8.325336254894838e+246 93
1757328188484 3.585226453084322e+249 94
1757328188542 1.5439434908515835e+252 95
1757328188578 6.648845014775137e+254 96
1757328188628 2.8632615307777407e+257 97
1757328188666 1.233036200334554e+260 98
1757328188709 5.309952496454315e+262 99
1757328188780 2.28668026996702e+265 100
1757328188875 9.8473699351322e+267 101
1757328189012 4.2406757041177605e+270 102
1757328189097 1.8262064435434645e+273 103
1757328189185 7.864383431162387e+275 104
1757328189290 3.38672152707634e+278 105
1757328189382 1.4584592425279298e+281 106
1757328189465 6.280715273190502e+283 107
1757328189574 2.7047299775422463e+286 108
1757328189675 1.1647661027785279e+289 109
1757328189758 5.015953849170088e+291 110
1757328189833 2.1600725636663088e+294 111
1757328189892 9.302145953906508e+296 112
1757328189945 4.005880209918109e+299 113
1757328189987 1.7250940090307295e+302 114
1757328190039 inf 115
1757328190092 inf 116
