1757503330215 169.66412573140846 0
1757503330269 153.2503317714226 1
1757503330327 146.81409266287162 2
1757503330390 140.47158696006912 3
1757503330448 134.60566722794576 4
1757503330505 129.16066502950238 5
1757503330559 124.10335334460767 6
1757503330624 119.40247800769136 7
1757503330681 115.02942588954434 8
1757503330737 110.9579645871014 9
1757503330789 107.1650437098151 10
1757503330843 103.62752843724111 11
1757503330897 100.32545334721652 12
1757503330962 97.24023913665664 13
1757503331017 94.35483732618039 14
1757503331071 91.65363888628694 15
1757503331124 89.12230784657692 16
1757503331178 86.74769074626279 17
1757503331237 84.5177164346435 18
1757503331291 82.42130531823929 19
1757503331345 80.44828622335758 20
1757503331406 78.58932028018069 21
1757503331462 76.83583123165909 22
1757503331518 75.17994162354822 23
1757503331575 73.6144143778735 24
1757503331628 72.13259929428162 25
1757503331682 70.72838406232765 26
1757503331736 69.39614940307013 27
1757503331790 68.13072799067358 28
1757503331841 66.92736683430579 29
1757503331896 65.78169282769767 30
1757503331950 64.68968119851836 31
1757503332013 63.64762661240265 32
1757503332066 62.652116707230036 33
1757503332119 61.700007852257386 34
1757503332172 60.7884029440988 35
1757503332226 59.91463106746559 36
1757503332279 59.07622886314802 37
1757503332334 58.270923459055446 38
1757503332389 57.496616832337274 39
1757503332444 56.75137148177702 40
1757503332500 56.03339729987701 41
1757503332555 55.34103954340919 42
1757503332610 54.67276780977273 43
1757503332665 54.02716593433936 44
1757503332721 53.4029227311423 45
1757503332774 52.7988235058334 46
1757503332827 52.21374227584371 47
1757503332883 51.64663463818561 48
1757503332947 51.09653123037086 49
1757503333079 50.562531734528484 50
1757503333142 50.043799379026325 51
1757503333205 49.539555895761616 52
1757503333264 49.04907689482167 53
1757503333322 48.571687621451204 54
1757503333381 48.10675906322469 55
1757503333469 47.65370437803373 56
1757503333529 47.211975615980265 57
1757503333585 46.78106071053913 58
1757503333650 46.360480716431674 59
1757503333710 45.949787273556595 60
1757503333769 45.54856027806571 61
1757503333824 45.15640574326787 62
1757503333881 44.77295383450383 63
1757503333967 44.39785706347161 64
1757503334083 44.03078862870556 65
1757503334144 43.671440890031604 66
1757503334206 43.319523965847615 67
1757503334265 42.97476444301536 68
1757503334322 42.63690419001047 69
1757503334386 42.30569926476338 70
1757503334464 41.98091890934421 71
1757503334532 41.662344624304154 72
1757503334604 41.349769316089414 73
1757503334674 41.04299651149654 74
1757503334739 40.74183963364396 75
1757503334818 40.446121334397674 76
1757503334880 40.155672878613544 77
1757503334941 39.870333575946816 78
1757503335002 39.589950256335094 79
1757503335068 39.314376785586965 80
1757503335124 39.043473617805965 81
1757503335177 38.7771073816537 82
1757503335232 38.51515049770481 83
1757503335284 38.25748082437636 84
1757503335337 38.00398133012333 85
1757503335395 37.75453978978449 86
1757503335461 37.50904850313818 87
1757503335539 37.26740403388928 88
1757503335594 37.02950696745572 89
1757503335654 36.79526168605819 90
1757503335709 36.56457615974071 91
1757503335763 36.337361752062684 92
1757503335817 36.11353303930754 93
1757503335873 35.893007642147545 94
1757503335930 35.67570606879234 95
1757503335986 35.46155156872794 96
1757503336042 35.25046999622668 97
1757503336107 35.04238968287531 98
1757503336163 34.8372413184302 99
1757503336218 34.63495783936471 100
1757503336274 34.435474324525586 101
1757503336329 34.23872789736263 102
1757503336384 34.044657634238916 103
1757503336439 33.85320447836913 104
1757503336494 33.66431115896963 105
1757503336551 33.47792211523759 106
1757503336607 33.29398342480689 107
1757503336665 33.11244273635701 108
1757503336736 32.93324920607653 109
1757503336797 32.75635343770676 110
1757503336857 32.581707425912654 111
1757503336922 32.40926450274815 112
1757503336984 32.2389792870011 113
1757503337041 32.07080763622015 114
1757503337104 31.904706601240935 115
1757503337164 31.740634383043307 116
1757503337225 31.57855029178428 117
1757503337282 31.418414707863075 118
1757503337341 31.26018904488606 119
1757503337398 31.103835714408838 120
1757503337455 30.94931809234255 121
1757503337511 30.796600486919523 122
1757503337568 30.645648108121502 123
1757503337623 30.49642703848063 124
1757503337681 30.348904205170175 125
1757503337737 30.20304735330799 126
1757503337793 30.058825020401127 127
1757503337850 29.91620651186545 128
1757503337907 29.775161877558695 129
1757503337962 29.63566188926962 130
1757503338017 29.497678019110303 131
1757503338074 29.361182418761928 132
1757503338138 29.226147899528055 133
1757503338195 29.092547913152575 134
1757503338251 28.96035653336219 135
1757503338307 28.829548438096154 136
1757503338362 28.700098892388482 137
1757503338419 28.57198373186999 138
1757503338474 28.445179346859813 139
1757503338531 28.319662667017745 140
1757503338586 28.19541114653089 141
1757503338642 28.07240274980953 142
1757503338697 27.950615937668722 143
1757503338754 27.830029653973593 144
1757503338809 27.71062331272772 145
1757503338865 27.59237678558491 146
1757503339011 27.47527038976636 147
1757503339153 27.359284876365614 148
1757503339258 27.244401419025202 149
1757503339353 27.13060160296963 150
1757503339421 27.01786741438005 151
1757503339547 26.906181230097072 152
1757503339679 26.795525807638555 153
1757503339757 26.68588427552025 154
1757503339816 26.577240123867565 155
1757503339872 26.469577195307355 156
1757503339928 26.36287967612935 157
1757503339984 26.25713208770726 158
1757503340040 26.152319278169898 159
1757503340096 26.048426414313603 160
1757503340160 25.945438973747077 161
1757503340217 25.843342737260667 162
1757503340273 25.742123781412218 163
1757503340330 25.641768471322017 164
1757503340388 25.542263453669733 165
1757503340444 25.44359564988661 166
1757503340500 25.34575224953633 167
1757503340558 25.248720703878345 168
1757503340616 25.152488719607746 169
1757503340676 25.05704425276593 170
1757503340735 24.96237550281661 171
1757503340790 24.86847090688186 172
1757503340845 24.77531913413326 173
1757503340903 24.682909080333097 174
1757503340965 24.591229862521242 175
1757503341020 24.500270813842913 176
1757503341076 24.410021478513315 177
1757503341135 24.320471606914758 178
1757503341204 24.23161115082243 179
1757503341272 24.143430258754893 180
1757503341331 24.055919271445617 181
1757503341399 23.969068717431945 182
1757503341457 23.882869308758117 183
1757503341514 23.797311936788947 184
1757503341573 23.712387668130965 185
1757503341631 23.62808774065793 186
1757503341687 23.544403559637658 187
1757503341745 23.461326693957425 188
1757503341805 23.378848872444905 189
1757503341863 23.29696198028217 190
1757503341920 23.215658055509937 191
1757503341978 23.13492928561972 192
1757503342036 23.054768004231207 193
1757503342095 22.97516668785273 194
1757503342155 22.89611795272231 195
1757503342219 22.81761455172722 196
1757503342278 22.739649371399807 197
1757503342337 22.662215428987498 198
1757503342395 22.585305869595036 199
1757503342451 22.50891396339685 200
1757503342509 22.43303310291778 201
1757503342566 22.357656800380276 202
1757503342624 22.282778685116227 203
1757503342681 22.208392501041722 204
1757503342740 22.13449210419311 205
1757503342799 22.061071460322623 206
1757503342857 21.988124642552044 207
1757503342914 21.915645829082848 208
1757503342973 21.843629300961357 209
1757503343031 21.772069439897454 210
1757503343089 21.700960726135335 211
1757503343162 21.63029773637514 212
1757503343230 21.56007514174392 213
1757503343288 21.49028770581483 214
1757503343347 21.420930282673137 215
1757503343406 21.351997815027925 216
1757503343465 21.28348533236831 217
1757503343523 21.215387949162928 218
1757503343581 21.147700863101704 219
1757503343639 21.080419353378712 220
1757503343698 21.01353877901509 221
1757503343757 20.947054577221063 222
1757503343817 20.880962261795922 223
1757503343875 20.815257421565175 224
1757503343932 20.74993571885376 225
1757503343990 20.684992887994508 226
1757503344049 20.620424733870895 227
1757503344107 20.556227130493298 228
1757503344167 20.4923960196078 229
1757503344233 20.428927409336804 230
1757503344293 20.365817372850678 231
1757503344351 20.303062047069556 232
1757503344410 20.240657631394594 233
1757503344469 20.178600386468005 234
1757503344526 20.11688663296103 235
1757503344584 20.055512750389237 236
1757503344643 19.994475175954477 237
1757503344702 19.933770403412776 238
1757503344761 19.87339498196757 239
1757503344821 19.813345515187635 240
1757503344878 19.75361865994911 241
1757503344937 19.694211125401047 242
1757503344996 19.635119671953838 243
1757503345055 19.576341110290063 244
1757503345113 19.517872300397123 245
1757503345173 19.45971015062114 246
1757503345243 19.401851616741695 247
1757503345302 19.344293701066757 248
1757503345362 19.287033451547444 249
1757503345419 19.23006796091201 250
1757503345478 19.17339436581876 251
1757503345537 19.117009846027248 252
1757503345596 19.06091162358747 253
1757503345655 19.005096962046512 254
1757503345764 18.949563165672362 255
1757503345825 18.89430757869432 256
1757503345884 18.8393275845597 257
1757503345946 18.784620605206513 258
1757503346008 18.730184100351522 259
1757503346070 18.67601556679357 260
1757503346130 18.62211253773163 261
1757503346196 18.568472582097318 262
1757503346279 18.51509330390152 263
1757503346349 18.461972341594745 264
1757503346411 18.409107367440967 265
1757503346478 18.356496086904613 266
1757503346573 18.304136238050294 267
1757503346635 18.25202559095516 268
1757503346698 18.20016194713344 269
1757503346762 18.14854313897293 270
1757503346825 18.097167029183172 271
1757503346948 18.04603151025504 272
1757503347064 17.995134503931453 273
1757503347130 17.944473960688985 274
1757503347233 17.894047859230106 275
1757503347303 17.843854205985803 276
1757503347385 17.7938910346284 277
1757503347466 17.744156405594232 278
1757503347536 17.694648405616057 279
1757503347596 17.645365147264958 280
1757503347655 17.596304768501472 281
1757503347717 17.54746543223578 282
1757503347781 17.49884532589677 283
1757503347841 17.450442661009706 284
1757503347902 17.40225567278238 285
1757503347960 17.354282619699525 286
1757503348021 17.306521783125287 287
1757503348080 17.258971466913636 288
1757503348140 17.211629997026446 289
1757503348198 17.164495721159174 290
1757503348258 17.1175670083739 291
1757503348319 17.07084224873959 292
1757503348378 17.0243198529794 293
1757503348436 16.97799825212494 294
1757503348497 16.93187589717723 295
1757503348557 16.885951258774273 296
1757503348616 16.84022282686514 297
1757503348679 16.7946891103903 298
1757503348740 16.749348636968193 299
1757503348799 16.704199952587796 300
1757503348859 16.659241621307153 301
1757503348920 16.614472224957648 302
1757503348980 16.569890362854004 303
1757503349040 16.525494651509742 304
1757503349099 16.481283724358114 305
1757503349159 16.437256231478326 306
1757503349219 16.39341083932698 307
1757503349279 16.34974623047452 308
1757503349345 16.306261103346746 309
1757503349404 16.26295417197113 310
1757503349464 16.21982416572793 311
1757503349525 16.17686982910591 312
1757503349670 16.134089921462717 313
1757503349797 16.09148321678964 314
1757503349914 16.04904850348078 315
1757503349984 16.00678458410651 316
1757503350086 15.964690275191106 317
1757503350228 15.922764406994489 318
1757503350326 15.881005823297997 319
1757503350496 15.839413381194074 320
1757503350558 15.797985950879827 321
1757503350619 15.756722415454362 322
1757503350680 15.715621670719804 323
1757503350741 15.674682624985927 324
1757503350801 15.633904198878364 325
1757503350865 15.593285325150264 326
1757503350929 15.552824948497342 327
1757503350990 15.512522025376303 328
1757503351050 15.472375523826479 329
1757503351112 15.4323844232947 330
1757503351173 15.392547714463294 331
1757503351233 15.352864399081145 332
1757503351295 15.313333489797753 333
1757503351365 15.273954010000278 334
1757503351425 15.234724993653423 335
1757503351486 15.195645485142201 336
1757503351548 15.156714539117411 337
1757503351610 15.117931220343898 338
1757503351671 15.079294603551446 339
1757503351733 15.040803773288262 340
1757503351795 15.002457823777062 341
1757503351855 14.964255858773654 342
1757503351916 14.926196991427949 343
1757503351978 14.888280344147416 344
1757503352037 14.850505048462908 345
1757503352099 14.812870244896764 346
1757503352160 14.77537508283323 347
1757503352221 14.738018720391086 348
1757503352281 14.700800324298433 349
1757503352342 14.663719069769682 350
1757503352412 14.62677414038459 351
1757503352475 14.58996472796938 352
1757503352537 14.553290032479868 353
1757503352599 14.516749261886597 354
1757503352659 14.480341632061883 355
1757503352720 14.444066366668793 356
1757503352782 14.407922697051976 357
1757503352842 14.37190986213033 358
1757503352904 14.336027108291466 359
1757503352966 14.300273689287986 360
1757503353028 14.264648866135378 361
1757503353089 14.22915190701175 362
1757503353151 14.193782087159105 363
1757503353213 14.15853868878637 364
1757503353274 14.123421000973904 365
1757503353335 14.088428319579698 366
1757503353406 14.053559947147034 367
1757503353468 14.018815192813706 368
1757503353529 13.984193372222736 369
1757503353592 13.94969380743449 370
1757503353653 13.915315826840315 371
1757503353713 13.881058765077505 372
1757503353776 13.84692196294569 373
1757503353837 13.812904767324579 374
1757503353900 13.77900653109303 375
1757503353965 13.745226613049395 376
1757503354027 13.7115643778332 377
1757503354087 13.678019195848062 378
1757503354148 13.64459044318582 379
1757503354211 13.611277501551909 380
1757503354273 13.578079758191917 381
1757503354334 13.54499660581931 382
1757503354404 13.512027442544309 383
1757503354466 13.47917167180387 384
1757503354527 13.446428702292842 385
1757503354591 13.413797947896118 386
1757503354653 13.381278827621923 387
1757503354715 13.348870765536148 388
1757503354775 13.316573190697655 389
1757503354837 13.284385537094682 390
1757503354902 13.252307243582166 391
1757503354965 13.220337753820097 392
1757503355030 13.188476516212788 393
1757503355094 13.156722983849127 394
1757503355153 13.125076614443724 395
1757503355216 13.093536870279001 396
1757503355278 13.062103218148115 397
1757503355339 13.030775129298846 398
1757503355409 12.999552079378269 399
1757503355475 12.968433548378322 400
1757503355537 12.937419020582189 401
1757503355600 12.906507984511494 402
1757503355663 12.87569993287432 403
1757503355725 12.844994362514003 404
1757503355788 12.814390774358705 405
1757503355852 12.783888673371766 406
1757503355914 12.75348756850277 407
1757503355976 12.723186972639382 408
1757503356041 12.692986402559914 409
1757503356102 12.66288537888657 410
1757503356165 12.632883426039408 411
1757503356227 12.602980072191015 412
1757503356291 12.573174849221795 413
1757503356353 12.543467292676015 414
1757503356416 12.513856941718409 415
1757503356479 12.484343339091488 416
1757503356541 12.45492603107347 417
1757503356604 12.425604567436796 418
1757503356666 12.39637850140731 419
1757503356729 12.367247389624017 420
1757503356792 12.338210792099405 421
1757503356854 12.309268272180391 422
1757503356917 12.280419396509814 423
1757503356981 12.251663734988492 424
1757503357045 12.223000860737839 425
1757503357108 12.19443035006301 426
1757503357171 12.165951782416606 427
1757503357234 12.137564740362864 428
1757503357297 12.109268809542412 429
1757503357359 12.08106357863749 430
1757503357422 12.052948639337703 431
1757503357495 12.024923586306238 432
1757503357558 11.99698801714658 433
1757503357621 11.969141532369708 434
1757503357687 11.941383735361745 435
1757503357760 11.913714232352072 436
1757503357849 11.886132632381916 437
1757503357924 11.85863854727333 438
1757503358004 11.831231591598694 439
1757503358072 11.803911382650554 440
1757503358139 11.776677540411944 441
1757503358205 11.749529687527133 442
1757503358271 11.722467449272727 443
1757503358333 11.69549045352924 444
1757503358396 11.668598330753012 445
1757503358468 11.641790713948545 446
1757503358531 11.615067238641208 447
1757503358603 11.588427542850342 448
1757503358693 11.561871267062713 449
1757503358755 11.53539805420636 450
1757503358820 11.50900754962476 451
1757503358882 11.482699401051407 452
1757503358947 11.456473258584689 453
1757503359011 11.43032877466313 454
1757503359075 11.40426560404098 455
1757503359140 11.378283403764128 456
1757503359208 11.35238183314633 457
1757503359272 11.326560553745793 458
1757503359335 11.300819229342036 459
1757503359400 11.275157525913105 460
1757503359463 11.249575111613057 461
1757503359533 11.224071656749796 462
1757503359597 11.198646833763139 463
1757503359660 11.17330031720324 464
1757503359722 11.148031783709285 465
1757503359787 11.122840911988447 466
1757503359850 11.09772738279514 467
1757503359915 11.072690878910558 468
1757503360060 11.047731085122475 469
1757503360200 11.022847688205315 470
1757503360320 10.998040376900486 471
1757503360391 10.973308841896952 472
1757503360491 10.948652775812114 473
1757503360625 10.924071873172888 474
1757503360700 10.899565830397052 475
1757503360766 10.87513434577485 476
1757503360830 10.850777119450811 477
1757503360895 10.82649385340583 478
1757503360958 10.802284251439454 479
1757503361025 10.778148019152432 480
1757503361089 10.754084863929439 481
1757503361153 10.730094494922104 482
1757503361219 10.706176623032164 483
1757503361282 10.682330960894904 484
1757503361345 10.65855722286279 485
1757503361410 10.634855124989269 486
1757503361474 10.611224385012866 487
1757503361541 10.587664722341392 488
1757503361606 10.5641758580364 489
1757503361673 10.540757514797834 490
1757503361738 10.517409416948874 491
1757503361802 10.494131290420956 492
1757503361867 10.470922862738998 493
1757503361931 10.447783863006803 494
1757503361994 10.424714021892646 495
1757503362060 10.401713071615035 496
1757503362124 10.378780745928683 497
1757503362188 10.3559167801106 498
1757503362255 10.33312091094641 499
