1757432859746 166.94336442682217 0
1757432859774 150.90129918781244 1
1757432859801 144.63159647748935 2
1757432859828 138.49937779556527 3
1757432859856 132.83764932934582 4
1757432859884 127.6190883188218 5
1757432859911 122.77160961403919 6
1757432859942 118.2748309861689 7
1757432859972 114.09770291351407 8
1757432860000 110.2126249504819 9
1757432860027 106.59453763550329 10
1757432860055 103.22070609501799 11
1757432860081 100.07049614396159 12
1757432860108 97.12517355284368 13
1757432860137 94.36772270919336 14
1757432860165 91.78268285892958 15
1757432860195 89.35600020812576 16
1757432860223 87.07489433827779 17
1757432860251 84.92773753931797 18
1757432860278 82.90394580118617 19
1757432860305 80.99388032794279 20
1757432860332 79.18875854951612 21
1757432860359 77.48057370639893 22
1757432860387 75.86202217301363 23
1757432860414 74.32859029488377 24
1757432860456 72.87106257940016 25
1757432860483 71.48486631631843 26
1757432860511 70.16693682184078 27
1757432860542 68.90966250989167 28
1757432860570 67.70971578299418 29
1757432860597 66.56319702797867 30
1757432860624 65.46651334794781 31
1757432860663 64.41636851633211 32
1757432860696 63.40973458330805 33
1757432860725 62.44382779683435 34
1757432860753 61.519102923944395 35
1757432860780 60.628669744659334 36
1757432860808 59.77184522270904 37
1757432860836 58.946625663708176 38
1757432860863 58.151152537067695 39
1757432860893 57.38370992717192 40
1757432860921 56.642710337079436 41
1757432860952 55.92668373515022 42
1757432860979 55.23426748717925 43
1757432861007 54.564197223615345 44
1757432861034 53.9152985450019 45
1757432861062 53.28647948624912 46
1757432861090 52.67672366758885 47
1757432861117 52.08508406706601 48
1757432861145 51.51067735571455 49
1757432861173 50.952678742248814 50
1757432861203 50.41031727923008 51
1757432861231 49.88287158729729 52
1757432861259 49.369665958230556 53
1757432861287 48.870066801387786 54
1757432861315 48.38347940146116 55
1757432861343 47.90934495857453 56
1757432861371 47.44713788451897 57
1757432861398 46.99636333143064 58
1757432861426 46.556554931478146 59
1757432861461 46.12727272817141 60
1757432861491 45.70810128174929 61
1757432861519 45.29864793277144 62
1757432861547 44.89854120954534 63
1757432861575 44.50742936638059 64
1757432861602 44.12497904089118 65
1757432861631 43.75087401967793 66
1757432861659 43.384814102725876 67
1757432861688 43.02651405775955 68
1757432861717 42.67570265661772 69
1757432861746 42.33212178645145 70
1757432861775 41.99552562921832 71
1757432861804 41.6656799035519 72
1757432861833 41.34236116363364 73
1757432861861 41.02535615018939 74
1757432861895 40.71446118918138 75
1757432861933 40.40948163417196 76
1757432861971 40.11023134870254 77
1757432862010 39.81653222536315 78
1757432862048 39.52821373852932 79
1757432862081 39.24511252801454 80
1757432862117 38.96707201113404 81
1757432862152 38.693942020898675 82
1757432862185 38.42557846826008 83
1757432862218 38.161843026512194 84
1757432862254 37.902602836120266 85
1757432862289 37.64773022839976 86
1757432862319 37.39710246660402 87
1757432862348 37.15060150310419 88
1757432862377 36.908113751457556 89
1757432862406 36.669529872262686 90
1757432862436 36.43474457179315 91
1757432862468 36.203656412485884 92
1757432862507 35.976167634437054 93
1757432862538 35.752183987128596 94
1757432862568 35.531614570671806 95
1757432862597 35.31437168591241 96
1757432862626 35.100370692794414 97
1757432862655 34.88952987642781 98
1757432862685 34.68177032034946 99
1757432862715 34.47701578650594 100
1757432862744 34.27519260152394 101
1757432862777 34.07622954886718 102
1757432862811 33.880057766508884 103
1757432862843 33.68661064977707 104
1757432862900 33.49582375905514 105
1757432862940 33.307634732043674 106
1757432862970 33.12198320031059 107
1757432862999 32.93881070987657 108
1757432863028 32.75806064560042 109
1757432863057 32.579678159145644 110
1757432863086 32.403610100324585 111
1757432863115 32.229804951630584 112
1757432863144 32.058212765781136 113
1757432863173 31.8887851061071 114
1757432863204 31.721474989633702 115
1757432863233 31.556236832709338 116
1757432863263 31.393026399047073 117
1757432863292 31.231800750052763 118
1757432863321 31.07251819732119 119
1757432863350 30.915138257189355 120
1757432863379 30.759621607242398 121
1757432863408 30.605930044674388 122
1757432863437 30.45402644641171 123
1757432863467 30.303874730912362 124
1757432863507 30.155439821559476 125
1757432863537 30.008687611572125 126
1757432863566 29.86358493036078 127
1757432863595 29.720099511258848 128
1757432863624 29.578199960565687 129
1757432863654 29.43785572783977 130
1757432863683 29.29903707738425 131
1757432863713 29.161715060870154 132
1757432863743 29.025861491045315 133
1757432863772 28.891448916480005 134
1757432863801 28.758450597302634 135
1757432863831 28.626840481881377 136
1757432863860 28.496593184409818 137
1757432863889 28.367683963356804 138
1757432863919 28.240088700742728 139
1757432863948 28.11378388220628 140
1757432863978 27.988746577827502 141
1757432864007 27.86495442367469 142
1757432864037 27.742385604044195 143
1757432864068 27.621018834363632 144
1757432864098 27.500833344730555 145
1757432864128 27.381808864059817 146
1757432864159 27.26392560481412 147
1757432864190 27.14716424829358 148
1757432864220 27.031505930461083 149
1757432864250 26.916932228281294 150
1757432864280 26.803425146552442 151
1757432864309 26.690967105210433 152
1757432864339 26.57954092708643 153
1757432864369 26.469129826099273 154
1757432864399 26.35971739586533 155
1757432864428 26.251287598709077 156
1757432864459 26.14382475505816 157
1757432864490 26.037313533207964 158
1757432864535 25.931738939440756 159
1757432864567 25.82708630848552 160
1757432864597 25.723341294305115 161
1757432864627 25.620489861197857 162
1757432864658 25.51851827520128 163
1757432864689 25.417413095786436 164
1757432864723 25.317161167831202 165
1757432864758 25.217749613862278 166
1757432864797 25.11916582655504 167
1757432864827 25.021397461481843 168
1757432864858 24.924432430098957 169
1757432864888 24.828258892963284 170
1757432864918 24.73286525317009 171
1757432864948 24.638240150003362 172
1757432864984 24.544372452790924 173
1757432865027 24.45125125495657 174
1757432865067 24.35886586826192 175
1757432865105 24.2672058172309 176
1757432865142 24.17626083375014 177
1757432865182 24.086020851838853 178
1757432865222 23.996476002581844 179
1757432865268 23.90761660921983 180
1757432865308 23.819433182391283 181
1757432865348 23.731916415520256 182
1757432865387 23.645057180345045 183
1757432865426 23.558846522582506 184
1757432865466 23.473275657723242 185
1757432865514 23.388335966952877 186
1757432865556 23.304018993195225 187
1757432865595 23.220316437272594 188
1757432865634 23.13722015417953 189
1757432865674 23.05472214946581 190
1757432865714 22.972814575724822 191
1757432865754 22.89148972918385 192
1757432865794 22.810740046392546 193
1757432865833 22.730558101006377 194
1757432865872 22.650936600661662 195
1757432865911 22.57186838393906 196
1757432865952 22.49334641741267 197
1757432865991 22.415363792781623 198
1757432866031 22.33791372408154 199
1757432866071 22.260989544973167 200
1757432866111 22.184584706105476 201
1757432866150 22.10869277255091 202
1757432866189 22.033307421310393 203
1757432866230 21.958422438885624 204
1757432866269 21.88403171891665 205
1757432866308 21.810129259882533 206
1757432866348 21.736709162862983 207
1757432866388 21.663765629359112 208
1757432866430 21.591292959171355 209
1757432866471 21.51928554833263 210
1757432866511 21.44773788709525 211
1757432866561 21.376644557969566 212
1757432866603 21.306000233812988 213
1757432866642 21.235799675967556 214
1757432866682 21.166037732444824 215
1757432866723 21.09670933615632 216
1757432866765 21.027809503188408 217
1757432866807 20.95933333112 218
1757432866848 20.891275997381964 219
1757432866888 20.823632757656892 220
1757432866929 20.756398944317997 221
1757432866969 20.689569964906 222
1757432867009 20.623141300642853 223
1757432867049 20.557108504981283 224
1757432867091 20.491467202188893 225
1757432867132 20.42621308596609 226
1757432867172 20.36134191809664 227
1757432867213 20.29684952712998 228
1757432867257 20.232731807094353 229
1757432867298 20.168984716239923 230
1757432867340 20.105604275810965 231
1757432867380 20.042586568846346 232
1757432867423 19.979927739007426 233
1757432867471 19.91762398943273 234
1757432867513 19.855671581618537 235
1757432867564 19.794066834324706 236
1757432867605 19.732806122505078 237
1757432867648 19.671885876261683 238
1757432867688 19.61130257982226 239
1757432867730 19.55105277054028 240
1757432867773 19.491133037916985 241
1757432867813 19.431540022644835 242
1757432867853 19.372270415671743 243
1757432867894 19.31332095728563 244
1757432867936 19.254688436218643 245
1757432867978 19.196369688770677 246
1757432868018 19.13836159795154 247
1757432868061 19.08066109264142 248
1757432868103 19.023265146769067 249
1757432868145 18.966170778507323 250
1757432868187 18.909375049485472 251
1757432868230 18.852875064018107 252
1757432868427 18.796667968349936 253
1757432868590 18.74075094991632 254
1757432868663 18.685121236618922 255
1757432868707 18.629776096116366 256
1757432868751 18.574712835129244 257
1757432868896 18.519928798759373 258
1757432868989 18.4654213698228 259
1757432869110 18.411187968196263 260
1757432869202 18.35722605017681 261
1757432869258 18.303533107854243 262
1757432869306 18.25010666849605 263
1757432869402 18.196944293944583 264
1757432869502 18.144043580026175 265
1757432869583 18.091402155971863 266
1757432869631 18.03901768384957 267
1757432869692 17.986887858007282 268
1757432869764 17.935010404527237 269
1757432869815 17.883383080690596 270
1757432869906 17.832003674452533 271
1757432869986 17.780870003927465 272
1757432870059 17.729979916884144 273
1757432870124 17.679331290250484 274
1757432870180 17.628922029627773 275
1757432870229 17.57875006881423 276
1757432870282 17.528813369337517 277
1757432870355 17.479109919996144 278
1757432870421 17.429637736409532 279
1757432870505 17.380394860576487 280
1757432870569 17.33137936044201 281
1757432870632 17.282589329472156 282
1757432870680 17.234022886236843 283
1757432870749 17.185678174000415 284
1757432870812 17.137553360319757 285
1757432870873 17.08964663664987 286
1757432870941 17.04195621795669 287
1757432870988 16.99448034233704 288
1757432871055 16.947217270645528 289
1757432871129 16.900165286128242 290
1757432871191 16.85332269406319 291
1757432871244 16.806687821407206 292
1757432871292 16.76025901644926 293
1757432871353 16.7140346484701 294
1757432871464 16.668013107407972 295
1757432871524 16.62219280353035 296
1757432871606 16.576572167111625 297
1757432871662 16.531149648116497 298
1757432871714 16.485923715889044 299
1757432871782 16.440892858847352 300
1757432871858 16.39605558418355 301
1757432871926 16.351410417569173 302
1757432872002 16.306955902865734 303
1757432872071 16.262690601840458 304
1757432872143 16.218613093886912 305
1757432872204 16.174721975750685 306
1757432872288 16.13101586125979 307
1757432872358 16.0874933810598 308
1757432872430 16.044153182353654 309
1757432872499 16.000993928645926 310
1757432872580 15.958014299491653 311
1757432872650 15.915212990249406 312
1757432872719 15.872588711838732 313
1757432872780 15.830140190501732 314
1757432872835 15.787866167568806 315
1757432872976 15.7457653992284 316
1757432873119 15.703836656300734 317
1757432873242 15.66207872401539 318
1757432873343 15.620490401792742 319
1757432873433 15.579070503029117 320
1757432873522 15.5378178548856 321
1757432873583 15.496731298080492 322
1757432873670 15.455809686685235 323
1757432873761 15.415051887923857 324
1757432873801 15.37445678197579 325
1757432873981 15.334023261782036 326
1757432874076 15.2937502328546 327
1757432874157 15.253636613089167 328
1757432874203 15.213681332580895 329
1757432874281 15.173883333443333 330
1757432874352 15.134241569630367 331
1757432874389 15.094755006761176 332
1757432874502 15.055422621948061 333
1757432874694 15.016243403627229 334
1757432874800 14.977216351392334 335
1757432874942 14.938340475830827 336
1757432875017 14.899614798363029 337
1757432875053 14.861038351083856 338
1757432875089 14.822610176607174 339
1757432875123 14.784329327912763 340
1757432875158 14.746194868195774 341
1757432875192 14.708205870718674 342
1757432875225 14.670361418665669 343
1757432875259 14.632660604999481 344
1757432875294 14.595102532320489 345
1757432875330 14.557686312728226 346
1757432875365 14.520411067685082 347
1757432875401 14.483275927882273 348
1757432875438 14.446280033108014 349
1757432875474 14.409422532117796 350
1757432875513 14.372702582506838 351
1757432875551 14.336119350584577 352
1757432875590 14.299672011251214 353
1757432875628 14.263359747876242 354
1757432875663 14.227181752178977 355
1757432875709 14.191137224111007 356
1757432875744 14.155225371740537 357
1757432875781 14.119445411138603 358
1757432875820 14.083796566267136 359
1757432875856 14.048278068868823 360
1757432875890 14.012889158358723 361
1757432875925 13.977629081717636 362
1757432875959 13.942497093387196 363
1757432875993 13.907492455166617 364
1757432876027 13.87261443611113 365
1757432876071 13.83786231243199 366
1757432876119 13.803235367398143 367
1757432876158 13.76873289123939 368
1757432876201 13.734354181051163 369
1757432876287 13.70009854070076 370
1757432876357 13.665965280735097 371
1757432876419 13.631953718289912 372
1757432876484 13.598063177000423 373
1757432876551 13.564292986913365 374
1757432876599 13.530642484400463 375
1757432876650 13.497111012073239 376
1757432876705 13.463697918699154 377
1757432876756 13.430402559119104 378
1757432876810 13.397224294166183 379
1757432876858 13.364162490585732 380
1757432876903 13.331216520956637 381
1757432876948 13.298385763613874 382
1757432876994 13.265669602572244 383
1757432877040 13.233067427451306 384
1757432877085 13.200578633401499 385
1757432877130 13.168202621031384 386
1757432877174 13.135938796336042 387
1757432877218 13.10378657062657 388
1757432877264 13.071745360460683 389
1757432877317 13.03981458757438 390
1757432877371 13.007993678814687 391
1757432877442 12.976282066073399 392
1757432877490 12.944679186221892 393
1757432877539 12.913184481046919 394
1757432877586 12.881797397187384 395
1757432877632 12.850517386072102 396
1757432877677 12.81934390385853 397
1757432877732 12.788276411372388 398
1757432877777 12.757314374048262 399
1757432877822 12.726457261871085 400
1757432877867 12.695704549318501 401
1757432877912 12.665055715304147 402
1757432877957 12.634510243121762 403
1757432878002 12.604067620390163 404
1757432878046 12.573727338999051 405
1757432878092 12.54348889505566 406
1757432878137 12.513351788832173 407
1757432878181 12.48331552471398 408
1757432878227 12.453379611148685 409
1757432878275 12.423543560595887 410
1757432878324 12.393806889477743 411
1757432878374 12.36416911813025 412
1757432878421 12.334629770755258 413
1757432878466 12.305188375373213 414
1757432878511 12.27584446377662 415
1757432878556 12.246597571484173 416
1757432878602 12.217447237695598 417
1757432878648 12.188393005247152 418
1757432878693 12.159434420567782 419
1757432878748 12.130571033635979 420
1757432878795 12.101802397937213 421
1757432878843 12.07312807042203 422
1757432878889 12.044547611464768 423
1757432878937 12.016060584822899 424
1757432878984 11.987666557596933 425
1757432879031 11.959365100190949 426
1757432879076 11.931155786273695 427
1757432879121 11.903038192740269 428
1757432879169 11.875011899674313 429
1757432879214 11.847076490310872 430
1757432879260 11.819231550999655 431
1757432879306 11.79147667116896 432
1757432879354 11.76381144329004 433
1757432879399 11.736235462842041 434
1757432879444 11.708748328277402 435
1757432879493 11.68134964098782 436
1757432879539 11.65403900527064 437
1757432879587 11.626816028295796 438
1757432879632 11.599680320073173 439
1757432879680 11.572631493420488 440
1757432879725 11.545669163931604 441
1757432879783 11.518792949945315 442
1757432879908 11.492002472514555 443
1757432880062 11.465297355376114 444
1757432880134 11.438677224920685 445
1757432880196 11.41214171016344 446
1757432880300 11.385690442714962 447
1757432880373 11.359323056752626 448
1757432880468 11.333039188992348 449
1757432880533 11.306838478660797 450
1757432880600 11.280720567467936 451
1757432880693 11.254685099579994 452
1757432880775 11.228731721592814 453
1757432880829 11.202860082505548 454
1757432880889 11.177069833694764 455
1757432880987 11.15136062888889 456
1757432881072 11.125732124143038 457
1757432881145 11.100183977814142 458
1757432881223 11.074715850536501 459
1757432881292 11.049327405197607 460
1757432881349 11.024018306914344 461
1757432881413 10.998788223009525 462
1757432881477 10.9736368229887 463
1757432881570 10.948563778517377 464
1757432881666 10.923568763398462 465
1757432881753 10.898651453550075 466
1757432881829 10.873811526983648 467
1757432881893 10.849048663782344 468
1757432881964 10.824362546079728 469
1757432882046 10.799752858038774 470
1757432882143 10.775219285831158 471
1757432882213 10.75076151761679 472
1757432882270 10.726379243523697 473
1757432882363 10.702072155628095 474
1757432882442 10.677839947934801 475
1757432882511 10.653682316357886 476
1757432882577 10.629598958701576 477
1757432882635 10.605589574641428 478
1757432882720 10.581653865705759 479
1757432882786 10.557791535257326 480
1757432882911 10.534002288475225 481
1757432882973 10.510285832337077 482
1757432883046 10.486641875601425 483
1757432883128 10.463070128790362 484
1757432883230 10.439570304172404 485
1757432883318 10.416142115745588 486
1757432883399 10.392785279220782 487
1757432883494 10.369499512005238 488
1757432883563 10.346284533186344 489
1757432883658 10.323140063515584 490
1757432883741 10.300065825392737 491
1757432883835 10.277061542850273 492
1757432883922 10.254126941537917 493
1757432884014 10.231261748707464 494
1757432884093 10.208465693197779 495
1757432884169 10.185738505419986 496
1757432884254 10.16307991734282 497
1757432884414 10.14048966247823 498
1757432884525 10.117967475867125 499
