1757477863270 184.9243918224613 0
1757477863346 165.91621743948627 1
1757477863434 158.6167657701692 2
1757477863491 151.4055529204365 3
1757477863550 144.82467124605165 4
1757477863604 138.76692585760438 5
1757477863642 133.14578371038687 6
1757477863682 127.94660867873758 7
1757477863726 123.13231052978746 8
1757477863801 118.66984422066241 9
1757477863861 114.52908649272823 10
1757477863924 110.68260346693846 11
1757477863988 107.10540622938665 12
1757477864067 103.77473014198223 13
1757477864162 100.66983409072323 14
1757477864246 97.77181793970985 15
1757477864329 95.0634565334706 16
1757477864381 92.52904874487422 17
1757477864433 90.1542802022846 18
1757477864484 87.92609845380782 19
1757477864533 85.83259943937124 20
1757477864588 83.86292424400045 21
1757477864642 82.0071651989569 22
1757477864700 80.25628048221309 23
1757477864776 78.60201644684496 24
1757477864843 77.03683697601602 25
1757477864897 75.5596970626746 26
1757477864941 74.15564329111558 27
1757477865018 72.82175140035456 28
1757477865092 71.55278416679545 29
1757477865160 70.34392814058808 30
1757477865234 69.19078222670922 31
1757477865287 68.0893187994811 32
1757477865380 67.0358506290886 33
1757477865461 66.02700067870013 34
1757477865524 65.05967462797962 35
1757477865579 64.1310358706443 36
1757477865640 63.23848276223835 37
1757477865698 62.37962791434846 38
1757477865779 61.55227934999594 39
1757477865830 60.754423351754646 40
1757477865899 59.98863562588843 41
1757477865972 59.24664547716124 42
1757477866034 58.529010570314135 43
1757477866104 57.83430275289071 44
1757477866179 57.1611812509933 45
1757477866247 56.50841236363258 46
1757477866307 55.87485744720936 47
1757477866369 55.259464892580446 48
1757477866424 54.66126265151005 49
1757477866487 54.07935143734311 50
1757477866541 53.5128985300673 51
1757477866588 52.96113213172638 52
1757477866696 52.423336222567734 53
1757477866770 51.898845872825525 54
1757477866829 51.38704296912443 55
1757477866875 50.887352318202424 56
1757477866937 50.39923809402805 57
1757477867015 49.92220059745813 58
1757477867083 49.45577330037317 59
1757477867140 48.99952014876635 60
1757477867202 48.55303310157022 61
1757477867247 48.11592988410355 62
1757477867326 47.68785193692972 63
1757477867398 47.26846254265295 64
1757477867466 46.857445114756764 65
1757477867532 46.454501634024155 66
1757477867600 46.0593512193835 67
1757477867667 45.6717288212113 68
1757477867774 45.29138402620145 69
1757477867841 44.91807996389228 70
1757477867883 44.5515923058354 71
1757477867926 44.191708349201186 72
1757477868008 43.838226177354876 73
1757477868138 43.49095389060792 74
1757477868242 43.1497089009599 75
1757477868336 42.81431728520214 76
1757477868391 42.48461319125868 77
1757477868449 42.16043829310015 78
1757477868557 41.84164128998378 79
1757477868640 41.52807744615317 80
1757477868699 41.21960816747707 81
1757477868753 40.9161006118211 82
1757477868828 40.617427330232736 83
1757477868879 40.323465936279774 84
1757477868930 40.03409880112016 85
1757477868989 39.74921277209582 86
1757477869078 39.46869891283984 87
1757477869157 39.192452263064574 88
1757477869235 38.920371616360555 89
1757477869303 38.652359314484315 90
1757477869350 38.38832105674707 91
1757477869431 38.12816572323937 92
1757477869507 37.87180521073762 93
1757477869574 37.61915428024027 94
1757477869630 37.370130415173485 95
1757477869695 37.12465368939052 96
1757477869758 36.882646644165064 97
1757477869841 36.644034173449114 98
1757477869897 36.408743416728896 99
1757477869940 36.17670365887052 100
1757477869988 35.94784623639934 101
1757477870035 35.72210444970534 102
1757477870083 35.4994134807103 103
1757477870130 35.27971031557239 104
1757477870177 35.062933672039875 105
1757477870223 34.84902393109935 106
1757477870272 34.63792307259303 107
1757477870340 34.42957461450812 108
1757477870422 34.2239235556655 109
1757477870470 34.02091632155839 110
1757477870514 33.82050071311212 111
1757477870577 33.62262585815531 112
1757477870661 33.427242165410014 113
1757477870740 33.234301280824205 114
1757477870812 33.043756046084546 115
1757477870874 32.85556045916031 116
1757477870942 32.66966963674164 117
1757477871020 32.486039778446106 118
1757477871087 32.30462813267766 119
1757477871159 32.12539296403128 120
1757477871232 31.948293522144947 121
1757477871302 31.77329001190825 122
1757477871377 31.600343564943994 123
1757477871431 31.429416212285528 124
1757477871515 31.260470858178444 125
1757477871571 31.09347125494071 126
1757477871630 30.92838197881998 127
1757477871697 30.765168406791844 128
1757477871764 30.60379669424626 129
1757477871828 30.44423375351381 130
1757477871896 30.286447233186486 131
1757477871947 30.130405498191156 132
1757477872003 29.976077610576564 133
1757477872054 29.82343331097774 134
1757477872102 29.672443000723806 135
1757477872180 29.52307772455768 136
1757477872244 29.375309153938236 137
1757477872300 29.229109570897336 138
1757477872362 29.08445185242606 139
1757477872430 28.941309455365865 140
1757477872513 28.799656401782247 141
1757477872597 28.659467264799588 142
1757477872686 28.520717154877293 143
1757477872774 28.383381706508487 144
1757477872842 28.24743706532374 145
1757477872922 28.11285987558305 146
1757477873053 27.979627268040577 147
1757477873195 27.847716848167305 148
1757477873263 27.717106684717663 149
1757477873360 27.587775298626916 150
1757477873550 27.45970165222683 151
1757477873675 27.33286513876774 152
1757477873728 27.207245572235827 153
1757477873853 27.082823177454905 154
1757477873916 26.9595785804626 155
1757477873973 26.83749279915127 156
1757477874054 26.716547234164466 157
1757477874132 26.59672366004029 158
1757477874242 26.478004216593142 159
1757477874454 26.36037140052606 160
1757477874631 26.243808057265944 161
1757477874800 26.128297373014473 162
1757477874981 26.01382286700766 163
1757477875113 25.90036838397756 164
1757477875258 25.787918086809523 165
1757477875420 25.67645644938913 166
1757477875547 25.565968249632736 167
1757477875657 25.456438562696142 168
1757477875832 25.34785275435588 169
1757477876325 25.240196474558044 170
1757477876593 25.133455651129477 171
1757477876727 25.027616483646742 172
1757477876902 24.922665437458015 173
1757477876987 24.818589237853644 174
1757477877061 24.71537486438094 175
1757477877128 24.613009545299107 176
1757477877217 24.511480752170332 177
1757477877383 24.41077619458315 178
1757477877499 24.310883815004352 179
1757477877620 24.211791783755928 180
1757477877733 24.113488494113398 181
1757477878100 24.015962557522364 182
1757477878399 23.91920279892997 183
1757477878779 23.823198252227993 184
1757477879125 23.727938155804804 185
1757477879479 23.633411948202987 186
1757477879683 23.539609263879957 187
1757477879861 23.446519929068696 188
1757477880038 23.35413395773604 189
1757477880320 23.262441547635852 190
1757477880459 23.17143307645462 191
1757477880731 23.081099098047062 192
1757477881075 22.991430338759283 193
1757477881356 22.902417693837343 194
1757477881505 22.814052223918914 195
1757477881704 22.726325151605923 196
1757477882092 22.639227858116072 197
1757477882332 22.552751880011236 198
1757477882468 22.466888906000726 199
1757477882578 22.38163077381755 200
1757477882642 22.296969467165834 201
1757477882705 22.21289711273755 202
1757477882757 22.1294059772968 203
1757477882809 22.04648846483003 204
1757477882858 21.96413711376045 205
1757477882912 21.882344594225085 206
1757477882956 21.801103705412878 207
1757477883008 21.720407372962374 208
1757477883068 21.64024864641746 209
1757477883148 21.560620696739733 210
1757477883218 21.48151681387616 211
1757477883277 21.402930404380562 212
1757477883323 21.32485498908773 213
1757477883370 21.247284200838845 214
1757477883416 21.17021178225686 215
1757477883459 21.093631583570765 216
1757477883532 21.017537560487543 217
1757477883601 20.941923772110492 218
1757477883790 20.866784378903084 219
1757477883921 20.79211364069695 220
1757477884060 20.71790591474325 221
1757477884218 20.644155653806113 222
1757477884315 20.57085740429733 223
1757477884382 20.49800580445121 224
1757477884453 20.425595582538783 225
1757477884543 20.353621555120228 226
1757477884613 20.282078625334766 227
1757477884718 20.210961781227134 228
1757477884815 20.140266094109677 229
1757477884886 20.069986716959352 230
1757477884963 20.000118882848724 231
1757477885038 19.930657903410225 232
1757477885119 19.86159916733287 233
1757477885194 19.792938138890733 234
1757477885257 19.724670356502337 235
1757477885342 19.656791431320336 236
1757477885442 19.58929704585083 237
1757477885522 19.522182952601465 238
1757477885609 19.455444972757824 239
1757477885688 19.38907899488741 240
1757477885760 19.323080973670532 241
1757477885821 19.257446928657572 242
1757477885880 19.19217294305196 243
1757477885963 19.12725516251835 244
1757477886020 19.062689794015316 245
1757477886125 18.99847310465215 246
1757477886199 18.93460142056909 247
1757477886265 18.871071125840558 248
1757477886339 18.8078786614008 249
1757477886412 18.74502052399153 250
1757477886468 18.682493265130947 251
1757477886532 18.62029349010383 252
1757477886624 18.55841785697203 253
1757477886701 18.496863075605138 254
1757477886795 18.43562590673061 255
1757477886869 18.374703161003264 256
1757477886951 18.31409169809335 257
1757477887031 18.253788425793072 258
1757477887104 18.193790299141018 259
1757477887172 18.134094319564102 260
1757477887240 18.07469753403674 261
1757477887310 18.015597034256746 262
1757477887381 17.95678995583769 263
1757477887454 17.898273477517286 264
1757477887525 17.84004482038156 265
1757477887596 17.78210124710431 266
1757477887663 17.724440061201687 267
1757477887717 17.667058606301442 268
1757477887783 17.609954265426598 269
1757477887847 17.553124460293226 270
1757477887907 17.496566650621983 271
1757477887997 17.44027833346318 272
1757477888079 17.384257042535047 273
1757477888160 17.328500347574902 274
1757477888238 17.273005853703015 275
1757477888321 17.217771200798822 276
1757477888383 17.16279406288927 277
1757477888436 17.10807214754904 278
1757477888506 17.053603195312387 279
1757477888656 16.99938497909629 280
1757477888777 16.94541530363485 281
1757477888836 16.891692004924465 282
1757477888893 16.83821294967976 283
1757477888950 16.78497603479993 284
1757477889014 16.731979186845294 285
1757477889072 16.679220361523925 286
1757477889133 16.626697543188012 287
1757477889213 16.574408744339895 288
1757477889372 16.522352005147457 289
1757477889513 16.470525392968753 290
1757477889586 16.418927001885667 291
1757477889744 16.36755495224637 292
1757477889806 16.31640739021647 293
1757477889929 16.26548248733862 294
1757477889982 16.21477844010043 295
1757477890051 16.16429346951053 296
1757477890113 16.114025820682567 297
1757477890181 16.06397376242704 298
1757477890256 16.014135586850756 299
1757477890349 15.964509608963814 300
1757477890427 15.91509416629388 301
1757477890512 15.865887618507694 302
1757477890618 15.816888347039614 303
1757477890680 15.76809475472703 304
1757477890779 15.719505265452607 305
1757477890830 15.671118323793108 306
1757477890896 15.622932394674717 307
1757477890962 15.574945963034773 308
1757477891093 15.527157533489676 309
1757477891160 15.47956563000897 310
1757477891260 15.432168795595375 311
1757477891349 15.38496559197073 312
1757477891423 15.337954599267656 313
1757477891485 15.291134415726905 314
1757477891555 15.244503657400196 315
1757477891608 15.198060957858514 316
1757477891676 15.151804967905703 317
1757477891740 15.105734355297276 318
1757477891799 15.05984780446432 319
1757477891863 15.014144016242453 320
1757477891920 14.968621707605635 321
1757477891994 14.923279611404846 322
1757477892052 14.878116476111439 323
1757477892123 14.83313106556515 324
1757477892200 14.788322158726654 325
1757477892289 14.743688549434546 326
1757477892381 14.699229046166701 327
1757477892513 14.654942471805906 328
1757477892621 14.610827663409708 329
1757477892745 14.566883471984358 330
1757477892875 14.523108762262803 331
1757477892984 14.479502412486623 332
1757477893103 14.436063314191877 333
1757477893236 14.392790371998734 334
1757477893384 14.349682503404843 335
1757477893523 14.306738638582381 336
1757477893673 14.263957720178688 337
1757477893794 14.221338703120404 338
1757477893934 14.178880554421118 339
1757477894058 14.136582252992364 340
1757477894186 14.094442789457949 341
1757477894343 14.052461165971579 342
1757477894462 14.010636396037642 343
1757477894576 13.968967504335184 344
1757477894732 13.927453526544927 345
1757477895048 13.886093509179323 346
1757477895245 13.844886509415606 347
1757477895395 13.803831594931717 348
1757477895584 13.762927843745091 349
1757477895732 13.722174344054288 350
1757477895872 13.681570194083324 351
1757477896015 13.641114501928742 352
1757477896104 13.60080638540932 353
1757477896174 13.560644971918364 354
1757477896270 13.520629398278581 355
1757477896322 13.480758810599431 356
1757477896423 13.441032364136968 357
1757477896499 13.401449223156048 358
1757477896547 13.362008560794978 359
1757477896612 13.322709558932385 360
1757477896667 13.283551408056478 361
1757477896730 13.24453330713647 362
1757477896790 13.205654463496227 363
1757477896867 13.166914092690085 364
1757477896945 13.128311418380761 365
1757477897030 13.089845672219374 366
1757477897085 13.051516093727464 367
1757477897158 13.013321930181053 368
1757477897239 12.975262436496658 369
1757477897302 12.937336875119245 370
1757477897382 12.89954451591206 371
1757477897450 12.861884636048343 372
1757477897513 12.824356519904828 373
1757477897570 12.786959458957135 374
1757477897626 12.749692751676793 375
1757477897680 12.712555703430084 376
1757477897734 12.67554762637856 377
1757477897787 12.638667839381236 378
1757477897844 12.601915667898394 379
1757477897907 12.565290443897032 380
1757477897988 12.528791505757866 381
1757477898078 12.492418198183891 382
1757477898191 12.456169872110467 383
1757477898266 12.420045884616911 384
1757477898362 12.384045598839533 385
1757477898430 12.348168383886133 386
1757477898518 12.3124136147519 387
1757477898582 12.276780672236756 388
1757477898653 12.241268942863964 389
1757477898722 12.205877818800188 390
1757477898792 12.170606697776785 391
1757477898882 12.135454983012465 392
1757477898967 12.100422083137161 393
1757477899029 12.065507412117194 394
1757477899097 12.030710389181626 395
1757477899165 11.996030438749854 396
1757477899259 11.961466990360378 397
1757477899350 11.927019478600714 398
1757477899452 11.892687343038473 399
1757477899550 11.858470028153564 400
1757477899601 11.824366983271453 401
1757477899674 11.790377662497606 402
1757477899729 11.756501524652862 403
1757477899806 11.72273803320998 404
1757477899890 11.689086656231126 405
1757477899957 11.655546866306416 406
1757477900025 11.622118140493429 407
1757477900124 11.588799960257697 408
1757477900213 11.555591811414164 409
1757477900313 11.522493184069587 410
1757477900403 11.489503572565834 411
1757477900475 11.456622475424124 412
1757477900557 11.423849395290143 413
1757477900640 11.391183838880035 414
1757477900726 11.35862531692727 415
1757477900783 11.326173344130341 416
1757477900950 11.2938274391013 417
1757477901082 11.261587124315117 418
1757477901189 11.229451926059852 419
1757477901274 11.197421374387572 420
1757477901351 11.165495003066107 421
1757477901445 11.133672349531537 422
1757477901530 11.1019529548414 423
1757477901585 11.070336363628702 424
1757477901660 11.038822124056603 425
1757477901734 11.007409787773835 426
1757477901816 10.976098909870794 427
1757477901886 10.944889048836368 428
1757477901944 10.913779766515393 429
1757477902022 10.882770628066803 430
1757477902073 10.851861201922407 431
1757477902136 10.821051059746344 432
1757477902191 10.79033977639514 433
1757477902264 10.759726929878392 434
1757477902345 10.72921210132007 435
1757477902428 10.69879487492041 436
1757477902496 10.668474837918398 437
1757477902570 10.638251580554826 438
1757477902655 10.608124696035938 439
1757477902738 10.57809378049763 440
1757477902808 10.548158432970167 441
1757477902861 10.518318255343493 442
1757477902939 10.488572852333025 443
1757477903011 10.45892183144603 444
1757477903061 10.429364802948438 445
1757477903131 10.399901379832206 446
1757477903208 10.370531177783215 447
1757477903280 10.341253815149571 448
1757477903360 10.312068912910446 449
1757477903418 10.282976094645381 450
1757477903478 10.25397498650404 451
1757477903550 10.225065217176429 452
1757477903647 10.196246417863573 453
1757477903725 10.167518222248638 454
1757477903799 10.138880266468435 455
1757477903890 10.11033218908542 456
1757477903962 10.081873631060105 457
1757477904037 10.05350423572381 458
1757477904094 10.025223648751922 459
1757477904158 9.997031518137474 460
1757477904230 9.968927494165166 461
1757477904311 9.940911229385748 462
1757477904383 9.912982378590787 463
1757477904444 9.885140598787803 464
1757477904526 9.857385549175799 465
1757477904607 9.829716891121116 466
1757477904677 9.802134288133656 467
1757477904752 9.774637405843466 468
1757477904815 9.747225911977662 469
1757477904891 9.719899476337678 470
1757477904954 9.692657770776869 471
1757477905019 9.665500469178413 472
1757477905093 9.638427247433558 473
1757477905180 9.61143778342018 474
1757477905238 9.584531756981646 475
1757477905304 9.557708849905993 476
1757477905392 9.530968745905385 477
1757477905478 9.504311130595925 478
1757477905548 9.477735691477667 479
1757477905622 9.451242117915001 480
1757477905684 9.424830101117271 481
1757477905769 9.398499334119684 482
1757477905844 9.372249511764494 483
1757477905916 9.346080330682462 484
1757477905979 9.319991489274543 485
1757477906096 9.2939826876939 486
1757477906253 9.268053627828095 487
1757477906422 9.242204013281599 488
1757477906575 9.21643354935852 489
1757477906654 9.190741943045548 490
1757477906711 9.165128902995209 491
1757477906803 9.13959413950928 492
1757477906874 9.114137364522493 493
1757477906944 9.08875829158643 494
1757477907032 9.063456635853656 495
1757477907096 9.038232114062094 496
1757477907191 9.013084444519556 497
1757477907276 8.988013347088584 498
1757477907363 8.963018543171398 499
