1757572576525 200.56544770299766 0
1757572576607 178.2596545181963 1
1757572576688 169.74635729234672 2
1757572576760 161.42215683587267 3
1757572576833 153.82454002598436 4
1757572576906 146.8957161147527 5
1757572576980 140.46716706707488 6
1757572577049 134.54089559553614 7
1757572577121 129.0702260494052 8
1757572577199 124.01445496058014 9
1757572577269 119.33664814244509 10
1757572577337 115.00334798381947 11
1757572577403 110.98423596469677 12
1757572577481 107.2518314245589 13
1757572577547 103.78121935616578 14
1757572577610 100.54980458677787 15
1757572577668 97.53708976866278 16
1757572577728 94.7244748624261 17
1757572577788 92.09507602205147 18
1757572577847 89.63356199445384 19
1757572577915 87.32600633033738 20
1757572577984 85.15975386918232 21
1757572578054 83.12330011101625 22
1757572578136 81.2061822228349 23
1757572578223 79.39888054955411 24
1757572578283 77.69272960948602 25
1757572578345 76.07983765370082 26
1757572578408 74.5530139583093 27
1757572578471 73.10570309962796 28
1757572578536 71.73192553522037 29
1757572578601 70.42622387971687 30
1757572578663 69.1836143237969 31
1757572578725 67.99954269839627 32
1757572578786 66.86984473464925 33
1757572578853 65.7907101137961 34
1757572578915 64.75864994074679 35
1757572578980 63.770467310604204 36
1757572579050 62.82323066959175 37
1757572579111 61.91424970083958 38
1757572579178 61.04105349166576 39
1757572579248 60.20137076262 40
1757572579311 59.39311195988666 41
1757572579380 58.61435303189555 42
1757572579445 57.863320728365146 43
1757572579508 57.13837927568859 44
1757572579572 56.43801829672932 45
1757572579634 55.76084185587406 46
1757572579698 55.10555852172628 47
1757572579762 54.47097235023712 48
1757572579836 53.85597470047171 49
1757572579935 53.25953680369506 50
1757572580072 52.68070301412357 51
1757572580164 52.11858467660478 52
1757572580279 51.572354552732875 53
1757572580346 51.04124175254567 54
1757572580432 50.524527124039516 55
1757572580498 50.021539057335 56
1757572580570 49.531649664477065 57
1757572580643 49.054271299600984 58
1757572580704 48.58885338758027 59
1757572580768 48.1348795323291 60
1757572580830 47.69186487869243 61
1757572580893 47.259353704350275 62
1757572580959 46.836917220414286 63
1757572581027 46.424151561429326 64
1757572581095 46.020675947329984 65
1757572581160 45.62613100156222 66
1757572581233 45.240177211080024 67
1757572581304 44.862493515282196 68
1757572581369 44.492776012178716 69
1757572581437 44.13073677118292 70
1757572581506 43.77610274292554 71
1757572581617 43.42861475739085 72
1757572581687 43.088026602491894 73
1757572581756 42.75410417594076 74
1757572581825 42.42662470393751 75
1757572581890 42.10537602080529 76
1757572581957 41.79015590424532 77
1757572582021 41.48077146137946 78
1757572582099 41.17703856119465 79
1757572582173 40.878781309408055 80
1757572582284 40.585831562137436 81
1757572582350 40.2980284750921 82
1757572582419 40.01521808529991 83
1757572582488 39.73725292265642 84
1757572582559 39.46399164882874 85
1757572582644 39.19529872126825 86
1757572582717 38.931044080288494 87
1757572582790 38.671102857347066 88
1757572582871 38.41535510283537 89
1757572582942 38.163685531830744 90
1757572583015 37.915983286401136 91
1757572583086 37.67214171317576 92
1757572583161 37.43205815500752 93
1757572583229 37.195633755654065 94
1757572583379 36.962773276497 95
1757572583574 36.733384924402166 96
1757572583714 36.50738018990017 97
1757572583878 36.28467369493532 98
1757572584068 36.06518304949423 99
1757572584140 35.848828716482096 100
1757572584273 35.635533884267005 101
1757572584366 35.4252243463598 102
1757572584443 35.217828387740035 103
1757572584655 35.01327667737814 104
1757572584756 34.81150216653919 105
1757572584820 34.612439992486934 106
1757572584886 34.416027387235765 107
1757572584948 34.22220359102634 108
1757572585010 34.03090977022464 109
1757572585074 33.842088939367365 110
1757572585137 33.65568588709737 111
1757572585201 33.47164710575138 112
1757572585267 33.28992072438025 113
1757572585342 33.11045644499737 114
1757572585406 32.93320548186589 115
1757572585471 32.75812050364862 116
1757572585535 32.58515557825667 117
1757572585598 32.41426612024457 118
1757572585660 32.24540884060962 119
1757572585725 32.07854169886301 120
1757572585791 31.91362385724913 121
1757572585855 31.7506156369973 122
1757572585919 31.589478476498094 123
1757572585982 31.43017489130301 124
1757572586044 31.272668435852754 125
1757572586107 31.116923666845363 126
1757572586171 30.962906108160812 127
1757572586239 30.810582217263946 128
1757572586306 30.65991935301199 129
1757572586386 30.51088574479773 130
1757572586453 30.36345046296296 131
1757572586519 30.21758339042115 132
1757572586583 30.073255195431276 133
1757572586661 29.93043730546837 134
1757572586724 29.789101882139253 135
1757572586793 29.64922179709482 136
1757572586856 29.510770608892862 137
1757572586919 29.37372254076788 138
1757572586993 29.23805245926675 139
1757572587060 29.10373585371122 140
1757572587124 28.970748816450246 141
1757572587191 28.839068023867107 142
1757572587274 28.70867071810804 143
1757572587375 28.579534689500854 144
1757572587458 28.45163825963349 145
1757572587527 28.324960265064043 146
1757572587592 28.19948004163513 147
1757572587658 28.075177409366905 148
1757572587724 27.952032657904137 149
1757572587949 27.830026532494003 150
1757572588041 27.709140220472438 151
1757572588215 27.58935533823777 152
1757572588454 27.470653918691564 153
1757572588757 27.353018399127297 154
1757572588858 27.236431609548642 155
1757572588953 27.120876761399746 156
1757572589023 27.006337436690874 157
1757572589092 26.89279757750337 158
1757572589189 26.780241475858798 159
1757572589261 26.668653763937634 160
1757572589335 26.558019404633583 161
1757572589402 26.44832368243041 162
1757572589485 26.33955219458823 163
1757572589552 26.231690842627486 164
1757572589624 26.12472582409876 165
1757572589702 26.01864362462733 166
1757572589769 25.913431010221903 167
1757572589836 25.809075019837245 168
1757572589901 25.70556295818109 169
1757572589969 25.602882388755816 170
1757572590036 25.50102112712617 171
1757572590099 25.39996723440419 172
1757572590163 25.299709010943488 173
1757572590229 25.20023499023463 174
1757572590294 25.10153393299446 175
1757572590358 25.00359482144184 176
1757572590422 24.906406853753097 177
1757572590500 24.80995943869042 178
1757572590565 24.71424219039687 179
1757572590631 24.61924492335194 180
1757572590696 24.524957647481745 181
1757572590762 24.43137056341831 182
1757572590826 24.338474057902406 183
1757572590892 24.246258699324986 184
1757572590956 24.154715233402033 185
1757572591027 24.063834578978234 186
1757572591091 23.973607823954765 187
1757572591156 23.88402622133686 188
1757572591220 23.795081185396974 189
1757572591284 23.706764287949394 190
1757572591351 23.619067254732514 191
1757572591416 23.53198196189492 192
1757572591483 23.44550043258179 193
1757572591564 23.3596148336181 194
1757572591632 23.274317472285325 195
1757572591696 23.18960079318848 196
1757572591763 23.105457375210346 197
1757572591829 23.02187992855008 198
1757572591893 22.938861291843185 199
1757572591959 22.85639442936031 200
1757572592024 22.77447242828208 201
1757572592093 22.69308849604757 202
1757572592160 22.612235957773898 203
1757572592227 22.53190825374469 204
1757572592291 22.45209893696511 205
1757572592374 22.372801670781268 206
1757572592451 22.294010226562005 207
1757572592530 22.215718481441016 208
1757572592609 22.13792041611732 209
1757572592684 22.060610112712386 210
1757572592753 21.983781752681846 211
1757572592822 21.907429614780394 212
1757572592888 21.831548073077972 213
1757572592955 21.75613159502579 214
1757572593019 21.68117473957048 215
1757572593089 21.606672155315092 216
1757572593157 21.532618578725373 217
1757572593223 21.459008832379943 218
1757572593309 21.385837823263124 219
1757572593384 21.31310054109908 220
1757572593463 21.24079205672601 221
1757572593547 21.168907520509247 222
1757572593650 21.097442160792152 223
1757572593731 21.026391282383496 224
1757572593810 20.95575026508056 225
1757572593887 20.88551456222665 226
1757572593967 20.815679699302184 227
1757572594043 20.746241272548282 228
1757572594111 20.677194947622077 229
1757572594184 20.60853645828266 230
1757572594248 20.540261605106952 231
1757572594313 20.472366254234558 232
1757572594379 20.40484633614087 233
1757572594445 20.337697844437553 234
1757572594515 20.270916834699765 235
1757572594582 20.204499423319245 236
1757572594657 20.1384417863827 237
1757572594722 20.07274015857474 238
1757572594786 20.00739083210461 239
1757572594871 19.94239015565631 240
1757572594950 19.877734533361263 241
1757572595043 19.813420423792998 242
1757572595120 19.749444338983366 243
1757572595199 19.68580284345956 244
1757572595265 19.622492553301562 245
1757572595334 19.559510135219355 246
1757572595400 19.49685230564949 247
1757572595477 19.434515829870463 248
1757572595546 19.3724975211364 249
1757572595613 19.31079423982871 250
1757572595686 19.249402892625085 251
1757572595754 19.188320431685547 252
1757572595820 19.12754385385507 253
1757572595889 19.06707019988233 254
1757572595958 19.006896553654325 255
1757572596027 18.947020041446258 256
1757572596095 18.887437831186546 257
1757572596163 18.828147131736426 258
1757572596238 18.76914519218388 259
1757572596304 18.710429301151535 260
1757572596370 18.65199678611819 261
1757572596457 18.593845012753647 262
1757572596530 18.53597138426656 263
1757572596608 18.478373340764982 264
1757572596678 18.421048358629314 265
1757572596752 18.36399394989737 266
1757572596820 18.30720766166127 267
1757572596894 18.250687075475973 268
1757572596961 18.194429806779024 269
1757572597073 18.13843350432144 270
1757572597161 18.08269584960935 271
1757572597247 18.02721455635624 272
1757572597317 17.97198736994551 273
1757572597387 17.917012066903148 274
1757572597454 17.862286454380268 275
1757572597521 17.807808369645336 276
1757572597601 17.753575679585875 277
1757572597669 17.699586280219343 278
1757572597743 17.645838096213154 279
1757572597811 17.592329080413514 280
1757572597893 17.539057213382943 281
1757572597961 17.486020502946264 282
1757572598030 17.43321698374492 283
1757572598099 17.380644716799424 284
1757572598167 17.328301789079756 285
1757572598256 17.276186313083574 286
1757572598344 17.224296426422054 287
1757572598412 17.172630291413196 288
1757572598480 17.121186094682486 289
1757572598551 17.069962046770687 290
1757572598783 17.0189563817487 291
1757572599005 16.96816735683928 292
1757572599163 16.917593252045545 293
1757572599339 16.867232369785995 294
1757572599442 16.817083034536125 295
1757572599556 16.767143592476323 296
1757572599709 16.717412411145986 297
1757572599827 16.667887879103777 298
1757572599931 16.61856840559381 299
1757572600005 16.56945242021771 300
1757572600079 16.520538372612457 301
1757572600149 16.471824732133804 302
1757572600221 16.423309987545263 303
1757572600291 16.37499264671247 304
1757572600428 16.326871236302903 305
1757572600500 16.27894430149077 306
1757572600576 16.23121040566705 307
1757572600655 16.183668130154473 308
1757572600728 16.136316073927514 309
1757572600798 16.08915285333712 310
1757572600872 16.042177101840206 311
1757572600942 15.995387469733823 312
1757572601016 15.94878262389381 313
1757572601085 15.902361247517964 314
1757572601153 15.85612203987359 315
1757572601223 15.810063716049335 316
1757572601310 15.764185006711259 317
1757572601385 15.71848465786305 318
1757572601463 15.672961430610288 319
1757572601533 15.627614100928724 320
1757572601601 15.58244145943648 321
1757572601677 15.537442311170063 322
1757572601746 15.49261547536418 323
1757572601813 15.447959785235279 324
1757572601883 15.403474087768661 325
1757572601974 15.359157243509248 326
1757572602052 15.315008126355801 327
1757572602130 15.271025623358618 328
1757572602208 15.227208634520567 329
1757572602278 15.18355607260151 330
1757572602347 15.140066862925927 331
1757572602426 15.096739943193759 332
1757572602510 15.05357426329443 333
1757572602583 15.0105687851239 334
1757572602664 14.967722482404806 335
1757572602760 14.925034340509546 336
1757572602829 14.882503356286314 337
1757572602907 14.840128537888 338
1757572602996 14.797908904603903 339
1757572603080 14.755843486694246 340
1757572603152 14.71393132522739 341
1757572603223 14.672171471919738 342
1757572603291 14.630562988978262 343
1757572603359 14.589104948945646 344
1757572603430 14.547796434547898 345
1757572603505 14.506636538544527 346
1757572603573 14.465624363581153 347
1757572603641 14.424759022044487 348
1757572603717 14.384039635919716 349
1757572603786 14.343465336650224 350
1757572603856 14.303035264999556 351
1757572603925 14.262748570915647 352
1757572604001 14.222604413397267 353
1757572604079 14.182601960362632 354
1757572604153 14.142740388520124 355
1757572604224 14.103018883241138 356
1757572604297 14.063436638434956 357
1757572604370 14.023992856425664 358
1757572604449 13.984686747831057 359
1757572604531 13.945517531443478 360
1757572604599 13.906484434112613 361
1757572604668 13.86758669063013 362
1757572604751 13.828823543616213 363
1757572604819 13.790194243407889 364
1757572604889 13.751698047949182 365
1757572604959 13.713334222682986 366
1757572605038 13.675102040444717 367
1757572605113 13.637000781357616 368
1757572605183 13.599029732729791 369
1757572605253 13.56118818895284 370
1757572605324 13.52347545140214 371
1757572605394 13.485890828338684 372
1757572605464 13.448433634812535 373
1757572605541 13.411103192567758 374
1757572605611 13.373898829948928 375
1757572605683 13.336819881809058 376
1757572605766 13.299865689419034 377
1757572605835 13.263035600378466 378
1757572605907 13.226328968527966 379
1757572605976 13.189745153862807 380
1757572606051 13.153283522447932 381
1757572606125 13.116943446334346 382
1757572606195 13.080724303476774 383
1757572606265 13.044625477652668 384
1757572606335 13.008646358382467 385
1757572606407 12.972786340851107 386
1757572606476 12.937044825830775 387
1757572606554 12.90142121960487 388
1757572606624 12.86591493389318 389
1757572606693 12.830525385778195 390
1757572606764 12.795251997632597 391
1757572606834 12.760094197047898 392
1757572606904 12.725051416764165 393
1757572606973 12.690123094600866 394
1757572607044 12.655308673388767 395
1757572607123 12.620607600902943 396
1757572607194 12.58601932979677 397
1757572607264 12.551543317536991 398
1757572607333 12.51717902633978 399
1757572607405 12.482925923107791 400
1757572607475 12.44878347936817 401
1757572607546 12.414751171211574 402
1757572607619 12.380828479232104 403
1757572607688 12.347014888468145 404
1757572607767 12.31330988834419 405
1757572607839 12.279712972613472 406
1757572607910 12.246223639301588 407
1757572607978 12.212841390650867 408
1757572608049 12.17956573306572 409
1757572608133 12.146396177058731 410
1757572608205 12.11333223719764 411
1757572608275 12.080373432053118 412
1757572608348 12.047519284147329 413
1757572608419 12.014769319903316 414
1757572608504 11.982123069595128 415
1757572608576 11.949580067298724 416
1757572608650 11.917139850843627 417
1757572608721 11.884801961765316 418
1757572608804 11.852565945258343 419
1757572608877 11.820431350130168 420
1757572608948 11.788397728755685 421
1757572609020 11.756464637032455 422
1757572609091 11.724631634336609 423
1757572609171 11.692898283479412 424
1757572609244 11.66126415066451 425
1757572609318 11.6297288054458 426
1757572609389 11.598291820685953 427
1757572609461 11.566952772515545 428
1757572609536 11.53571124029283 429
1757572609607 11.504566806564098 430
1757572609685 11.473519057024635 431
1757572609757 11.442567580480283 432
1757572609836 11.411711968809557 433
1757572609909 11.380951816926343 434
1757572609980 11.35028672274315 435
1757572610057 11.319716287134924 436
1757572610178 11.289240113903379 437
1757572610265 11.258857809741885 438
1757572610341 11.22856898420087 439
1757572610425 11.198373249653732 440
1757572610504 11.16827022126328 441
1757572610588 11.138259516948622 442
1757572610671 11.10834075735262 443
1757572610765 11.07851356580976 444
1757572610843 11.048777568314547 445
1757572610916 11.019132393490334 446
1757572610985 10.989577672558617 447
1757572611058 10.960113039308808 448
1757572611128 10.93073813006843 449
1757572611196 10.901452583673736 450
1757572611274 10.872256041440814 451
1757572611344 10.843148147137049 452
1757572611413 10.814128546953068 453
1757572611480 10.785196889475037 454
1757572611553 10.756352825657409 455
1757572611625 10.727596008796034 456
1757572611722 10.698926094501712 457
1757572611811 10.67034274067405 458
1757572611885 10.641845607475798 459
1757572611958 10.61343435730746 460
1757572612033 10.585108654782362 461
1757572612105 10.556868166702012 462
1757572612178 10.528712562031853 463
1757572612258 10.500641511877356 464
1757572612330 10.472654689460466 465
1757572612403 10.44475177009637 466
1757572612477 10.416932431170618 467
1757572612549 10.389196352116567 468
1757572612621 10.36154321439312 469
1757572612692 10.333972701462857 470
1757572612770 10.306484498770391 471
1757572612843 10.279078293721076 472
1757572613074 10.251753775660044 473
1757572613243 10.22451063585149 474
1757572613411 10.197348567458281 475
1757572613506 10.170267265521831 476
1757572613607 10.143266426942317 477
1757572613791 10.116345750459088 478
1757572614040 10.089504936631434 479
1757572614119 10.06274368781957 480
1757572614192 10.036061708165915 481
1757572614265 10.009458703576636 482
1757572614342 9.982934381703414 483
1757572614418 9.956488451925535 484
1757572614491 9.930120625332158 485
1757572614564 9.903830614704868 486
1757572614638 9.877618134500478 487
1757572614712 9.85148290083406 488
1757572614784 9.825424631462191 489
1757572614862 9.799443045766484 490
1757572615019 9.77353786473728 491
1757572615167 9.74770881095763 492
1757572615248 9.721955608587441 493
1757572615332 9.696277983347894 494
1757572615444 9.670675662506033 495
1757572615527 9.645148374859588 496
1757572615601 9.619695850721996 497
1757572615675 9.594317821907635 498
1757572615748 9.56901402171726 499
