1757488827278 3.835180008304666 0
1757488827392 0.1771417651282611 1
1757488827481 4.5185170504506 2
1757488827561 1.3633217144810788 3
1757488827644 13.530555662207385 4
1757488827759 1.67892624186784 5
1757488827850 6.580643270556303 6
1757488827932 3.457844965386589 7
1757488828016 8.918846701546927 8
1757488828099 2.6067904406688056 9
1757488828179 18.546711653648362 10
1757488828260 0.5734035852305812 11
1757488828343 1.93875879305978 12
1757488828425 9.56327435935019 13
1757488828520 11.500340054110087 14
1757488828605 10.950964753473313 15
1757488828701 8.428943466709958 16
1757488828776 0.31846645990616496 17
1757488828868 19.461008360313222 18
1757488828948 2.323171133728448 19
1757488829028 5.748498715496334 20
1757488829107 8.994756715805126 21
1757488829186 11.050780884640425 22
1757488829266 5.171917902045919 23
1757488829345 0.02744490565200657 24
1757488829427 4.714347833794495 25
1757488829515 9.903208915794476 26
1757488829599 27.46611773874985 27
1757488829695 2.2199194264352813 28
1757488829834 23.87913225609575 29
1757488830002 0.7866128551108248 30
1757488830167 0.03079014474974496 31
1757488830275 8.098183371141417 32
1757488830420 13.287102961234783 33
1757488830555 0.2739715432064643 34
1757488830651 1.140126629031294 35
1757488830731 6.056002775025079 36
1757488830811 14.612728570917572 37
1757488830891 20.261622957625267 38
1757488830973 163.72720504678745 39
1757488831054 22.86557822912082 40
1757488831139 4.074585283889436 41
1757488831219 14.262909033521026 42
1757488831299 15.83965813098843 43
1757488831379 7.279433509203965 44
1757488831458 0.6438111504703232 45
1757488831545 48.53715325299358 46
1757488831627 1.6403649384711292 47
1757488831706 1.0772315669423946 48
1757488831786 7.4745880604827635 49
1757488831872 0.027966741964247577 50
1757488831972 13.248277098283328 51
1757488832059 22.17775026806919 52
1757488832138 14.3136985695673 53
1757488832217 14.027009290350271 54
1757488832296 0.3445511385124255 55
1757488832377 3.167720191723769 56
1757488832456 16.629490736075617 57
1757488832537 2.1641690186427396 58
1757488832628 15.622532173072644 59
1757488832708 9.934389707138113 60
1757488832787 4.786753395916789 61
1757488832869 3.5856718300667736 62
1757488832948 0.8113373718649104 63
1757488833030 3.394075264218216 64
1757488833110 9.72953946893313 65
1757488833196 22.902690076804852 66
1757488833278 10.711514139839265 67
1757488833360 0.4244657670833407 68
1757488833440 17.5246358641708 69
1757488833519 14.094359129990076 70
1757488833596 9.809177405145759 71
1757488833676 2.54870475418371 72
1757488833750 3.7019396817405243 73
1757488833831 18.48045437908015 74
1757488833910 4.871684386931874 75
1757488834013 32.95549569132285 76
1757488834105 7.611947906926008 77
1757488834190 32.472851145224276 78
1757488834275 2.831765558130676 79
1757488834357 7.535954948770293 80
1757488834440 0.6700089368006179 81
1757488834517 19.361618327376398 82
1757488834608 0.018093050580041833 83
1757488834695 194.97961503435695 84
1757488834781 1.5909815221476187 85
1757488834863 15.647123716396116 86
1757488834944 2.7620315765624643 87
1757488835020 18.69459827613894 88
1757488835101 0.21677985540683414 89
1757488835177 9.75080085628585 90
1757488835261 0.44290112310550234 91
1757488835402 2.4852538072422194 92
1757488835559 111.87671248944964 93
1757488835657 0.0004913890817887906 94
1757488835754 0.07070917014544689 95
1757488835868 119.467702205257 96
1757488835981 3.4520873490868844 97
1757488836068 0.00476057433017031 98
1757488836163 3.9191066122182496 99
1757488836260 5.063361282671645 100
1757488836355 0.7370148879172139 101
1757488836443 1.3306661557408574 102
1757488836534 3.9114521346258098 103
1757488836659 1.065634882921896 104
1757488836779 10.758504770972323 105
1757488836883 13.739526711070624 106
1757488836988 1.8957394414555868 107
1757488837106 13.787557939419493 108
1757488837233 15.929840045264998 109
1757488837350 0.0027953268559552996 110
1757488837451 10.690377155756558 111
1757488837552 4.718047321402465 112
1757488837662 3.1197946896767843 113
1757488837762 10.45249919868612 114
1757488837861 15.503487094803134 115
1757488837956 13.466833182237876 116
1757488838071 0.016206647513203856 117
1757488838187 2.1389574824642374 118
1757488838306 12.279001358233517 119
1757488838414 4.7094660637961585 120
1757488838521 4.756623780182757 121
1757488838635 2.6848559295912398 122
1757488838752 3.9955724932284253 123
1757488838859 0.592493971179207 124
1757488838964 4.973937304891914 125
1757488839064 5.424981168878592 126
1757488839178 0.2469190963422812 127
1757488839277 17.51511924303097 128
1757488839443 5.0301540423937965 129
1757488839528 2.8123570207545754 130
1757488839648 71.70677909809586 131
1757488839767 12.17526099311621 132
1757488839873 4.479086874411456 133
1757488839987 1.159816756884141 134
1757488840112 0.7541361644612308 135
1757488840212 5.504317333796635 136
1757488840314 1.8178469497598482 137
1757488840421 13.42290738465405 138
1757488840525 1.1258618290446714 139
1757488840624 19.980984453265393 140
1757488840744 0.7730327761981522 141
1757488840864 2.7104587818046006 142
1757488841045 2.171591141756852 143
1757488841251 22.49055269268581 144
1757488841372 7.166780516844707 145
1757488841487 4.94856645560187 146
1757488841588 12.157113870232065 147
1757488841687 14.057789111578943 148
1757488841796 3.350827296968995 149
1757488841881 0.8059391949937831 150
1757488841963 0.1115807072331843 151
1757488842045 2.301632044215053 152
1757488842129 2.718217846673311 153
1757488842222 11.466421151364571 154
1757488842309 13.054412924704621 155
1757488842394 11.153094494492807 156
1757488842478 0.9719677275161568 157
1757488842579 8.649370909089136 158
1757488842666 23.271617855865966 159
1757488842769 48.38064402312871 160
1757488842862 0.005193982889535255 161
1757488842945 9.619103729955247 162
1757488843028 7.116628617593045 163
1757488843112 0.11371653349510669 164
1757488843189 0.2019096876136395 165
1757488843274 7.7347243121332205 166
1757488843356 9.775605918357115 167
1757488843436 0.058301160783365225 168
1757488843519 48.374697039398555 169
1757488843603 13.29909915942773 170
1757488843685 5.879023320881875 171
1757488843771 20.278630315618027 172
1757488843863 13.212071070027093 173
1757488843946 9.974718323590015 174
1757488844030 2.9212849470417175 175
1757488844115 0.2200573763678186 176
1757488844198 1.7221338827106396 177
1757488844281 6.593786108916194 178
1757488844367 1.1632504543841742 179
1757488844459 11.720122428842675 180
1757488844544 13.126408479583487 181
1757488844634 17.268196794128347 182
1757488844719 0.8527417469516189 183
1757488844800 4.004462508802898 184
1757488844892 0.44494918476177503 185
1757488844976 0.3919986691174229 186
1757488845060 2.5172338708225017 187
1757488845138 0.0096466792629279 188
1757488845222 28.344063130143795 189
1757488845302 6.206746281545897 190
1757488845388 4.691347139634696 191
1757488845473 5.630447530175672 192
1757488845558 7.5611075665809935 193
1757488845642 171.74756060988162 194
1757488845729 4.522466245077695 195
1757488845813 0.6861936032120066 196
1757488845909 0.3793142882377579 197
1757488845998 11.515959750196028 198
1757488846085 3.829102930110042 199
1757488846171 6.96221043590462 200
1757488846255 0.22409483275033967 201
1757488846336 4.822477483132446 202
1757488846436 141.48415201340978 203
1757488846601 2.6287776360168613 204
1757488846743 8.618120909844942 205
1757488846886 19.41182187417671 206
1757488846968 0.0011963673917136874 207
1757488847110 8.114259971294464 208
1757488847220 11.831084072117836 209
1757488847327 12.297211021606454 210
1757488847433 0.2787680974794309 211
1757488847562 5.458227619515406 212
1757488847688 4.960717865732904 213
1757488847788 2.244234472483895 214
1757488847903 2.027168836412641 215
1757488848012 15.549524303195975 216
1757488848144 0.40660965754909173 217
1757488848233 2.6347171831323113 218
1757488848342 0.0030463912263846748 219
1757488848439 3.7543009066575928 220
1757488848547 4.742733205970832 221
1757488848664 4.136978708980422 222
1757488848761 2.5587658461041842 223
1757488848874 17.041001827572497 224
1757488848974 6.894564208762646 225
1757488849097 16.75639530256383 226
1757488849212 0.003909886335013288 227
1757488849316 12.048992732249705 228
1757488849423 22.944403339993713 229
1757488849538 0.0006687308388223903 230
1757488849653 14.09073420025957 231
1757488849755 2.8559345279306445 232
1757488849877 3.7392920956756033 233
1757488850033 4.483412476043361 234
1757488850159 12.685749587729305 235
1757488850264 14.77539635143264 236
1757488850366 0.18635002897974207 237
1757488850483 52.53876276389923 238
1757488850592 55.847999221648564 239
1757488850693 15.812723613415317 240
1757488850825 0.0012506805695907239 241
1757488850928 23.46509406687146 242
1757488851038 11.475840407321535 243
1757488851169 2.151084007535552 244
1757488851284 9.345604214024311 245
1757488851401 1810.907840931893 246
1757488851495 16.657040956695212 247
1757488851610 16.71371937888941 248
1757488851712 4.557666647755569 249
1757488851802 7.1464348754913285 250
1757488851920 4.666810415771742 251
1757488852056 21.638470749924615 252
1757488852140 0.29343381695399906 253
1757488852229 9.421374136412625 254
1757488852330 1.702329131391256 255
1757488852489 1.8647086904546415 256
1757488852657 12.164189850539357 257
1757488852823 0.7318030416895601 258
1757488852927 2.357484766830541e-06 259
1757488853042 0.2063054662095812 260
1757488853145 6.456597952013752 261
1757488853252 14.884399013943387 262
1757488853403 2.8977338091716747 263
1757488853548 10.290921495538598 264
1757488853677 2.9039504153736 265
1757488853781 11.990683337290028 266
1757488853881 9.28698682229785 267
1757488854001 1.5300519770938947 268
1757488854166 8.52639568718606 269
1757488854268 2.294628848066051 270
1757488854396 0.11330500925480048 271
1757488854508 15.402789111045621 272
1757488854609 10.92573608723806 273
1757488854734 5.781285130949341 274
1757488854838 8.254445174565705 275
1757488854950 12.62760022296866 276
1757488855052 2.972118129677364 277
1757488855179 11.729434213004515 278
1757488855290 0.0575885811897019 279
1757488855421 5.824211276872491 280
1757488855553 9.78050284285766 281
1757488855674 5.300464542988203 282
1757488855786 15.711623946088432 283
1757488855897 5.366159795201136 284
1757488856020 8.10967253509262 285
1757488856145 10.599219584778462 286
1757488856258 3.0725846553033724 287
1757488856388 9.198007304854801 288
1757488856518 0.10387672927222315 289
1757488856631 18.786511746214675 290
1757488856724 1.300815447074318 291
1757488856835 3.5732866707299444 292
1757488856926 10.957598322326756 293
1757488857046 20.433828199456837 294
1757488857155 17.480411262539022 295
1757488857262 0.3116924408114039 296
1757488857374 9.648058722390292 297
1757488857498 24.497127055297838 298
1757488857608 24.49984867559259 299
1757488857711 0.6546071791431498 300
1757488857817 1.594365381115047 301
1757488857912 41.073680563265896 302
1757488858009 0.00334031714564881 303
1757488858131 2.807756878853759 304
1757488858224 0.01680590481999359 305
1757488858311 2.940245501916704 306
1757488858416 41.789401910640336 307
1757488858616 4.017636150246551 308
1757488858826 6.007828438877792 309
1757488858939 29.482695414045477 310
1757488859039 7.433667695946158 311
1757488859157 4.747483969212402 312
1757488859251 14.531410292277991 313
1757488859350 41.877626867239925 314
1757488859473 17.459372664058716 315
1757488859578 10.058787994463373 316
1757488859695 5.629619266273715 317
1757488859807 2.6520736887788496 318
1757488859924 4.843562323795472 319
1757488860050 9.211849231816334 320
1757488860163 4.3953420470545845 321
1757488860259 65.93952649927266 322
1757488860357 10.467075714784137 323
1757488860462 6.939881293311707 324
1757488860585 1.6176797226108117 325
1757488860718 0.9503730618732306 326
1757488860819 8.896795777188396 327
1757488860945 3.6055116418483957 328
1757488861088 10.568421163249706 329
1757488861231 5.258104239219662 330
1757488861323 0.002786073001196281 331
1757488861458 5.407831254173022 332
1757488861567 10.27553435954051 333
1757488861747 24.01097754696609 334
1757488861872 0.03231649108778077 335
1757488861981 10.07918236214503 336
1757488862113 18.262753589177457 337
1757488862246 0.24649580425751896 338
1757488862376 0.22133135778012836 339
1757488862480 2.0079543383600846 340
1757488862606 0.034922540061441354 341
1757488862736 6.9065406771701925 342
1757488862841 1.7344177013271869 343
1757488862960 10.945178511491877 344
1757488863074 7.682863475307332 345
1757488863198 14.695331769020651 346
1757488863305 21.308355255367363 347
1757488863449 0.1910130406481586 348
1757488863555 5.648556127834898 349
1757488863665 4.1686903303503655 350
1757488863765 3.906757618789033 351
1757488863870 7.523173461661462 352
1757488863967 2.683363760883855 353
1757488864102 6.353182843382814 354
1757488864221 1.5884955130295086 355
1757488864318 10.413114285459743 356
1757488864407 0.027872606922640653 357
1757488864496 4.599676582442251 358
1757488864603 8.96835339456339 359
1757488864791 10.17780586433693 360
1757488864941 0.6922616818565621 361
1757488865100 10.491017190318802 362
1757488865247 6.1162229337840035 363
1757488865410 10.107216505651296 364
1757488865553 0.5163939247660891 365
1757488865681 8.03886680443503 366
1757488865770 0.04193056122516808 367
1757488865859 5.53580953326397 368
1757488865948 78.44358960183635 369
1757488866037 2.318633131581112 370
1757488866140 0.6067127997110554 371
1757488866230 4.147713601360682 372
1757488866328 0.3822887210485599 373
1757488866419 22.826749490140983 374
1757488866510 10.131254126274506 375
1757488866601 6.545390429371606 376
1757488866686 158.35915955866858 377
1757488866777 6.500214614166122 378
1757488866866 12.694990771874824 379
1757488866956 57.43257602758994 380
1757488867046 2.5794960155816224 381
1757488867135 3.145514375263221 382
1757488867219 32.0355969751713 383
1757488867302 0.1263511611260273 384
1757488867400 0.0071596934124264835 385
1757488867501 0.23082522709768985 386
1757488867603 7.270837489883559 387
1757488867701 2.4749076451591114 388
1757488867810 3.088042742697366 389
1757488867909 1.0880108388314513 390
1757488868016 1.2728997426357926 391
1757488868109 9.980630962269547 392
1757488868201 2.4564312463128513 393
1757488868300 0.16788587826216056 394
1757488868392 8.054052854466423 395
1757488868485 2.414267581824568 396
1757488868583 20.698023393774427 397
1757488868676 0.008289020149370878 398
1757488868768 0.20563880247615807 399
1757488868858 2.4745649664887535 400
1757488868948 13.904783118691116 401
1757488869040 3.4376677336259025 402
1757488869135 1.1573430142590126 403
1757488869238 0.0068783282739556025 404
1757488869340 8.131055593723353 405
1757488869468 1.4856644378632928 406
1757488869587 19.04098463648959 407
1757488869682 13.189295716440471 408
1757488869773 2.050613983204636 409
1757488869857 0.0365279731210008 410
1757488869946 15.328714322977907 411
1757488870038 4.219314268666152 412
1757488870126 15.742508472066673 413
1757488870212 316.5447312167946 414
1757488870300 11.199517044441357 415
1757488870391 8.457759691410054 416
1757488870480 1.4750137341448077 417
1757488870568 24.80763812294423 418
1757488870658 3.937443379892411 419
1757488870742 16.478771123816536 420
1757488870855 0.5802503720595875 421
1757488871020 6.630917411604696 422
1757488871146 10.242411666043575 423
1757488871270 0.15408949671786257 424
1757488871380 5.560350069328676 425
1757488871480 3.771954058218396 426
1757488871599 2.614680314759862 427
1757488871730 0.04549364730081869 428
1757488871848 4.996283825898073 429
1757488871949 0.36295000971679225 430
1757488872052 5.252378483896397 431
1757488872165 0.48885746677752634 432
1757488872294 1.0594412206985317 433
1757488872415 3.777636729053855 434
1757488872521 1.5937884848588089 435
1757488872633 8.891097696528512 436
1757488872746 7.4767943157189976 437
1757488872856 3.5951744913100256 438
1757488872966 74.14901886281402 439
1757488873069 104.40081377411452 440
1757488873206 4.395413830972018 441
1757488873320 0.8469841497710885 442
1757488873429 0.9739782474796269 443
1757488873538 11.347104504512837 444
1757488873688 0.1524083442575049 445
1757488873802 1.4957071813951215 446
1757488873939 8.799794941005276 447
1757488874055 0.07358973020415695 448
1757488874155 4.739618393272274 449
1757488874259 7.0330135137511585 450
1757488874385 3.2200690025057335 451
1757488874541 18.417423203277636 452
1757488874690 2.8003338998085803 453
1757488874833 1.139226352158312 454
1757488874977 4.034766769852125 455
1757488875087 7.988194012295752 456
1757488875210 0.6486963442901592 457
1757488875327 1.8032076990515824 458
1757488875433 0.0008694878420602031 459
1757488875555 2.7709553305772845 460
1757488875689 9.368891450464785 461
1757488875811 2.8318980294086478 462
1757488875927 3.2558277993427853 463
1757488876034 2.6469031493510338 464
1757488876156 1.8192535114351311 465
1757488876275 2.394867960626071 466
1757488876401 7.494188888192199 467
1757488876513 17.786672613646584 468
1757488876619 11.406561618229718 469
1757488876790 2.2532838341250585 470
1757488876944 9.870578426081948 471
1757488877070 7.868952714586979 472
1757488877167 23.75959428929956 473
1757488877278 41.180955510057345 474
1757488877402 3.619721858174205 475
1757488877528 1.1599325754724643 476
1757488877653 279.67937750182006 477
1757488877786 0.22572726643002666 478
1757488877909 2.0237995475474904 479
1757488878016 0.34866712108483194 480
1757488878129 4.363567802218382 481
1757488878239 2.904894942598403 482
1757488878385 7.519935638687777 483
1757488878497 10.278795937070866 484
1757488878617 2.194519586678305 485
1757488878732 13.915155069413904 486
1757488878852 11.039390536422548 487
1757488878970 8.887584295149965 488
1757488879076 20.58029184185957 489
1757488879205 0.8625623088983607 490
1757488879325 0.250149814390595 491
1757488879442 312.7846576228385 492
1757488879559 0.22351162730664473 493
1757488879669 7.343981342240356 494
1757488879793 14.623340936846793 495
1757488879929 0.0017053022940982344 496
1757488880064 4.2420708584414575 497
1757488880206 17.910973434603918 498
1757488880338 3.8628542105407577 499
