1757491352037 48.691982176127986 0
1757491352088 17.52717821454267 1
1757491352140 19.48155073305863 2
1757491352192 17.060767880121023 3
1757491352240 11.75538355301255 4
1757491352286 13.947166982513076 5
1757491352337 23.342075487191007 6
1757491352386 19.98910940326918 7
1757491352433 10.48861810025599 8
1757491352483 10.954078395640158 9
1757491352537 9.034462588575309 10
1757491352585 10.343921105037643 11
1757491352632 9.242506033611031 12
1757491352691 7.805998115688449 13
1757491352739 7.934282028325922 14
1757491352786 9.515270518546593 15
1757491352836 6.456011700505763 16
1757491352887 7.559613815098103 17
1757491352937 11.18874166892786 18
1757491352985 5.209654830090812 19
1757491353035 9.476843629211658 20
1757491353084 7.0836227943746986 21
1757491353132 6.747890002181335 22
1757491353183 12.31586175914772 23
1757491353231 7.1430019109179215 24
1757491353279 8.711352668633461 25
1757491353326 6.544181108620582 26
1757491353379 5.886060758443944 27
1757491353427 5.878640839784592 28
1757491353477 6.305682249294779 29
1757491353527 9.900123572425516 30
1757491353578 8.285169126871748 31
1757491353626 15.116587523277504 32
1757491353674 6.286092172042349 33
1757491353732 5.655573194265301 34
1757491353781 6.511903272195653 35
1757491353827 6.402270355259844 36
1757491353877 8.108483273735095 37
1757491353927 9.211532834476357 38
1757491353977 5.425916419553278 39
1757491354027 6.471730958790322 40
1757491354076 7.945897697814666 41
1757491354123 7.4194394930926535 42
1757491354172 5.994476198424121 43
1757491354219 8.274293982537904 44
1757491354266 5.900969678933542 45
1757491354313 8.011522449588716 46
1757491354363 9.602211354979497 47
1757491354440 7.527668005339405 48
1757491354502 5.988589543723567 49
1757491354591 6.2562026126060415 50
1757491354674 7.176727762023951 51
1757491354765 6.092886751716359 52
1757491354825 6.254569902131007 53
1757491354881 21.370864462725546 54
1757491354999 6.018849937883136 55
1757491355120 11.500573797511626 56
1757491355247 6.584923126859813 57
1757491355327 7.752712114202265 58
1757491355394 5.160133026734736 59
1757491355491 5.674974976884488 60
1757491355636 7.916753168458473 61
1757491355773 7.136131814980632 62
1757491355878 5.902027021874598 63
1757491355939 7.2030457533095005 64
1757491356001 6.78428817217312 65
1757491356063 6.909953330598792 66
1757491356118 6.799802914450528 67
1757491356188 6.491409845542055 68
1757491356264 7.986324712801918 69
1757491356328 5.763619817469697 70
1757491356390 6.318922407405875 71
1757491356446 5.956584876371294 72
1757491356503 5.486203716761913 73
1757491356565 5.402325813923258 74
1757491356621 6.658729286155382 75
1757491356679 5.54365622661328 76
1757491356745 7.235783869781774 77
1757491356815 8.278977470300788 78
1757491356871 7.046260850252392 79
1757491356927 7.017976284136256 80
1757491356988 7.06705521939319 81
1757491357043 6.872843996243296 82
1757491357097 5.705161565984212 83
1757491357150 5.349831865156323 84
1757491357203 5.475444788486308 85
1757491357255 5.047223300298118 86
1757491357309 8.96905327900654 87
1757491357361 8.433598885558176 88
1757491357415 13.053315494259166 89
1757491357468 6.742391022876372 90
1757491357520 7.293205315260804 91
1757491357570 7.610852216030693 92
1757491357621 5.989457188380249 93
1757491357671 8.787980592626875 94
1757491357720 6.943475529673097 95
1757491357769 7.500013536090741 96
1757491357827 6.3809077585051215 97
1757491357876 5.791066336601317 98
1757491357925 7.263125836341108 99
1757491357975 5.76616670677605 100
1757491358027 14.284045817461262 101
1757491358077 5.134505281833584 102
1757491358126 7.102891614465338 103
1757491358174 7.846172617223753 104
1757491358222 6.53797459393245 105
1757491358269 6.419481173322263 106
1757491358316 4.77311807283026 107
1757491358363 8.562810407055316 108
1757491358412 7.042063197886073 109
1757491358460 6.631270490069055 110
1757491358507 6.04920727213856 111
1757491358555 7.197476805155937 112
1757491358605 6.468586509607898 113
1757491358654 5.508270957969354 114
1757491358702 5.60820790178951 115
1757491358751 5.377323821871838 116
1757491358800 6.434089736366424 117
1757491358855 8.160024967559535 118
1757491358902 7.942352524487497 119
1757491358952 5.0075302176158765 120
1757491359003 11.426726845306128 121
1757491359051 8.051751053716396 122
1757491359100 7.619143394122511 123
1757491359149 7.131825905170338 124
1757491359199 6.931956452630092 125
1757491359247 6.055589128769371 126
1757491359296 5.446837972555206 127
1757491359345 10.992168984024884 128
1757491359394 7.70367923488038 129
1757491359442 7.123044130643326 130
1757491359489 7.541909646707592 131
1757491359539 6.5225196430705 132
1757491359588 7.2069205569764465 133
1757491359635 7.281735364195963 134
1757491359683 5.164717267489434 135
1757491359732 5.437215988285035 136
1757491359782 5.917610494089614 137
1757491359829 7.356337133663925 138
1757491359887 4.226661376337513 139
1757491359937 7.74321239002807 140
1757491360006 10.176740079487487 141
1757491360060 7.7598171800283495 142
1757491360121 7.866599169437617 143
1757491360174 6.22677493570876 144
1757491360223 6.573709216246772 145
1757491360272 7.584160422399279 146
1757491360328 5.595705690407253 147
1757491360380 4.63657409124675 148
1757491360430 7.004328930618766 149
1757491360479 6.101731672630283 150
1757491360529 7.300275407000053 151
1757491360580 7.29371870471608 152
1757491360630 10.764134587094034 153
1757491360696 7.3027218521107855 154
1757491360750 5.648715918380848 155
1757491360802 7.176115928301275 156
1757491360855 5.49435264420181 157
1757491360949 8.896410040383318 158
1757491361015 6.952053447719816 159
1757491361071 6.909937309070542 160
1757491361127 11.413428678614446 161
1757491361183 4.901737004235716 162
1757491361235 7.436124932328525 163
1757491361286 7.101122345789141 164
1757491361337 6.799888316112053 165
1757491361388 9.80828139717208 166
1757491361440 7.338752710025882 167
1757491361491 7.950746260966899 168
1757491361543 5.7274323112396885 169
1757491361617 7.192315018714386 170
1757491361757 6.578474144285576 171
1757491361874 6.168115871268679 172
1757491361958 13.772193897821568 173
1757491362023 4.6841233818310615 174
1757491362097 8.093904767491862 175
1757491362221 11.415028427858909 176
1757491362361 5.7231404669045185 177
1757491362457 6.500873967852891 178
1757491362550 5.65860508419096 179
1757491362618 5.198523518203797 180
1757491362715 8.518201796051693 181
1757491362799 5.789495999405191 182
1757491362865 4.514942333996564 183
1757491362938 5.810887166390304 184
1757491363011 5.798096374765386 185
1757491363094 6.313858696701042 186
1757491363190 6.942509793312328 187
1757491363283 7.018053968032723 188
1757491363351 7.888978140666698 189
1757491363420 11.420669019723263 190
1757491363481 7.7607793404454 191
1757491363540 7.9552463643709475 192
1757491363600 10.81230828411963 193
1757491363659 6.478856700829308 194
1757491363714 6.28523918059405 195
1757491363770 7.839999471819311 196
1757491363828 8.669713392966992 197
1757491363885 6.144480560728422 198
1757491363954 6.339102094208255 199
1757491364011 5.857305053339114 200
1757491364065 6.888753945549702 201
1757491364119 6.72869459512999 202
1757491364172 6.854386360804856 203
1757491364226 5.905264718278221 204
1757491364279 7.206311151241164 205
1757491364339 5.654357153644175 206
1757491364392 7.088733554236554 207
1757491364446 6.377761630462621 208
1757491364499 5.535957536283909 209
1757491364553 6.331498879338878 210
1757491364608 5.690453837529845 211
1757491364660 7.375539864505551 212
1757491364722 6.384809456196923 213
1757491364789 6.130910670604828 214
1757491364852 6.851372928415124 215
1757491364909 6.467553362814858 216
1757491364970 9.969220084239732 217
1757491365029 6.995581536977667 218
1757491365083 6.6144515695866914 219
1757491365139 5.281704112246801 220
1757491365195 9.093065604988292 221
1757491365249 6.3720635783037665 222
1757491365303 7.3763506464147115 223
1757491365357 5.675204113218345 224
1757491365410 6.678210915385453 225
1757491365464 6.3564907305766 226
1757491365518 6.090961351521052 227
1757491365570 5.5153426424844945 228
1757491365623 6.485857533776856 229
1757491365678 5.824315092582059 230
1757491365731 5.325445944476791 231
1757491365783 10.841772606491935 232
1757491365835 5.598981928280772 233
1757491365886 7.118134091768052 234
1757491365937 6.257007010557149 235
1757491366003 6.0220223244636415 236
1757491366057 5.818850307686485 237
1757491366110 11.341904179781231 238
1757491366163 7.701155602157523 239
1757491366217 7.830808700278638 240
1757491366268 6.900859015621937 241
1757491366319 6.705496468686626 242
1757491366371 5.736189977222178 243
1757491366423 5.3061471627119845 244
1757491366475 7.7286180093820205 245
1757491366526 9.963689470560569 246
1757491366578 6.011187171123306 247
1757491366631 6.296223446987537 248
1757491366683 6.077901347825208 249
1757491366734 6.789684214924229 250
1757491366786 5.262090987733322 251
1757491366838 6.281366022136233 252
1757491366912 5.268328566997941 253
1757491366976 8.679495863915365 254
1757491367043 6.911063551006026 255
1757491367101 7.4886126710871075 256
1757491367173 7.278878457826913 257
1757491367262 6.8209850045844265 258
1757491367331 6.588128291306464 259
1757491367392 6.617293965401583 260
1757491367449 6.246608478448718 261
1757491367507 6.837504610936016 262
1757491367565 13.28172226295223 263
1757491367624 7.925856370355436 264
1757491367680 5.869793457612495 265
1757491367735 6.542234231751624 266
1757491367790 6.235790286102049 267
1757491367846 5.595012809569821 268
1757491367900 6.495969808436293 269
1757491367956 6.3638925937174795 270
1757491368016 6.230055720867341 271
1757491368071 7.240614915419549 272
1757491368125 6.151921142395231 273
1757491368180 6.289097472018135 274
1757491368235 6.412140121802928 275
1757491368290 4.752796891576646 276
1757491368345 6.026277774594962 277
1757491368398 5.59437316108087 278
1757491368450 6.103605349946299 279
1757491368502 6.234857886115648 280
1757491368554 5.631022501351687 281
1757491368606 5.443686737927581 282
1757491368661 10.623762741039682 283
1757491368713 5.447049658879943 284
1757491368766 4.64761867267099 285
1757491368898 8.535414269811232 286
1757491369072 7.459699352488026 287
1757491369172 6.3238190265931165 288
1757491369258 8.098191623005059 289
1757491369434 6.350704559517062 290
1757491369564 5.41837049887161 291
1757491369649 7.919408995418183 292
1757491369732 6.965457243279675 293
1757491369813 7.708667829597108 294
1757491369888 6.848574648534904 295
1757491370001 8.271957070191972 296
1757491370094 9.67024980569468 297
1757491370197 7.435336962196183 298
1757491370258 7.491476543419992 299
1757491370320 6.495545368796063 300
1757491370382 5.827538240464631 301
1757491370441 10.982869442791339 302
1757491370498 6.284487990467547 303
1757491370555 6.6562888891505425 304
1757491370613 7.458118646576864 305
1757491370671 6.990370885329931 306
1757491370728 6.983476457958328 307
1757491370785 6.289569663375983 308
1757491370847 4.785427407759374 309
1757491370903 6.461282822442258 310
1757491370959 7.641507737823642 311
1757491371016 6.657263670457751 312
1757491371089 8.562155844171462 313
1757491371146 16.193531510308198 314
1757491371202 7.011945523515816 315
1757491371258 7.6433858084446955 316
1757491371311 5.192112752672144 317
1757491371367 8.297501605296207 318
1757491371421 10.942170682398512 319
1757491371476 7.392154180098075 320
1757491371530 11.139144044016033 321
1757491371583 7.469761131396981 322
1757491371638 6.215540448247711 323
1757491371692 6.367420483687382 324
1757491371746 7.3028865978377695 325
1757491371799 6.939715138684679 326
1757491371855 11.143748951758283 327
1757491371910 6.194028740658911 328
1757491371964 7.4805950063913516 329
1757491372019 5.436972159153796 330
1757491372075 5.476948945530059 331
1757491372136 6.65069834872079 332
1757491372190 7.21803208350978 333
1757491372244 5.867144553796661 334
1757491372301 6.725214868222313 335
1757491372356 7.853604809479283 336
1757491372411 7.356041692742664 337
1757491372468 6.536785783847123 338
1757491372528 6.163079034385816 339
1757491372583 6.974897490789176 340
1757491372638 7.521563020537428 341
1757491372693 5.701013568520124 342
1757491372747 6.773329180379055 343
1757491372800 6.3425449841110035 344
1757491372853 6.7605886384845055 345
1757491372909 7.779549097390902 346
1757491372965 6.723558009991179 347
1757491373023 9.019130480201758 348
1757491373077 5.769533357490448 349
1757491373164 8.055451859034344 350
1757491373236 5.3041633176473395 351
1757491373295 7.809950068496062 352
1757491373353 6.286937642566767 353
1757491373415 7.23136888596525 354
1757491373506 7.482854196606746 355
1757491373571 9.519837383732826 356
1757491373628 5.042127070596387 357
1757491373685 7.595616587452678 358
1757491373741 7.958279781898942 359
1757491373800 6.142847680261151 360
1757491373859 10.858160278658644 361
1757491373917 7.409772997056038 362
1757491373973 5.732818807948397 363
1757491374031 5.815546144461187 364
1757491374088 5.256344278304059 365
1757491374151 7.36443525155331 366
1757491374209 5.810608589923727 367
1757491374264 7.657556178605049 368
1757491374317 6.36534810907245 369
1757491374372 7.003517423567871 370
1757491374428 13.032088171539359 371
1757491374483 6.040265545091322 372
1757491374538 6.685032376121685 373
1757491374621 8.869500098681224 374
1757491374691 6.724817335075188 375
1757491374754 6.129981879792407 376
1757491374815 6.283255108299909 377
1757491374874 5.428154371611174 378
1757491374933 7.101715736252369 379
1757491374990 7.4917923628368355 380
1757491375049 16.616202508511947 381
1757491375107 7.1262573822601185 382
1757491375173 6.7207753732547815 383
1757491375229 6.48223619376864 384
1757491375286 6.189999552820761 385
1757491375342 7.948137983877878 386
1757491375396 6.366436519042324 387
1757491375451 5.295217872737369 388
1757491375507 7.22539373533206 389
1757491375561 7.227432196282293 390
1757491375616 6.856694383314651 391
1757491375671 11.154471742299293 392
1757491375727 5.489547870554602 393
1757491375781 7.717133487275221 394
1757491375836 6.924497507833631 395
1757491375890 8.143243829719859 396
1757491375946 6.9994345231376345 397
1757491376003 7.278528711661612 398
1757491376058 8.601619351900634 399
1757491376115 5.245715732987418 400
1757491376180 7.147507322595004 401
1757491376238 5.567257443069599 402
1757491376367 7.014056286846498 403
1757491376462 7.4233015706020415 404
1757491376576 6.92931658485517 405
1757491376656 5.263884669792757 406
1757491376725 6.721518275806791 407
1757491376857 6.595315792168084 408
1757491376964 5.491181708102995 409
1757491377045 6.310314750828141 410
1757491377181 6.566196106713476 411
1757491377252 5.6400157857717375 412
1757491377319 5.684949597092576 413
1757491377382 6.347233609617896 414
1757491377445 6.1024359122341 415
1757491377509 6.998615303251665 416
1757491377571 6.056515336657604 417
1757491377630 7.595718911114864 418
1757491377689 5.724601862297089 419
1757491377748 7.282876452999815 420
1757491377806 6.762008281213785 421
1757491377866 6.242291014131973 422
1757491377925 11.435725639200475 423
1757491377983 7.281642205584866 424
1757491378043 9.001820342577977 425
1757491378104 6.654831629451057 426
1757491378163 7.88329298919025 427
1757491378229 8.676288836547066 428
1757491378287 7.316091759583917 429
1757491378344 4.019939326187121 430
1757491378400 6.042398418633007 431
1757491378457 5.448066989810236 432
1757491378514 7.366668159338463 433
1757491378579 5.7837219154034045 434
1757491378655 10.833938832559644 435
1757491378719 7.273661227587707 436
1757491378782 8.56418130107784 437
1757491378841 7.105579332024294 438
1757491378902 7.65264224214873 439
1757491378963 5.263206187043777 440
1757491379022 7.581723408551095 441
1757491379080 9.767440615888077 442
1757491379137 7.978830510291293 443
1757491379194 7.967835449143892 444
1757491379263 5.127387919676088 445
1757491379321 6.5928820980020335 446
1757491379378 7.168343809209212 447
1757491379457 5.929891350990421 448
1757491379521 6.287817173601636 449
1757491379580 6.417594764055387 450
1757491379646 5.498496316949551 451
1757491379737 7.339311865609486 452
1757491379802 5.8133630556502185 453
1757491379866 7.451773807729665 454
1757491379926 7.061166235868325 455
1757491379986 10.649141773958762 456
1757491380046 6.316277728150052 457
1757491380106 5.958807004672366 458
1757491380165 6.481579309368637 459
1757491380225 6.062218128767299 460
1757491380295 5.131076190432514 461
1757491380355 5.7510401574230485 462
1757491380412 7.101329007156013 463
1757491380469 10.575734828333404 464
1757491380526 7.484369266651538 465
1757491380592 6.760990284610628 466
1757491380650 6.433048656168654 467
1757491380708 6.2617952847159914 468
1757491380765 7.2102100828330835 469
1757491380821 5.976525693328803 470
1757491380878 5.338246875415948 471
1757491380937 6.883341129785531 472
1757491380997 5.843239791923715 473
1757491381056 5.338241986575345 474
1757491381113 7.95098973140027 475
1757491381180 5.612277103986156 476
1757491381238 6.625718771385525 477
1757491381307 7.482615223636546 478
1757491381367 8.13263850987166 479
1757491381437 5.991812612533946 480
1757491381495 7.782473588647171 481
1757491381555 4.269889982722369 482
1757491381613 5.542868511600581 483
1757491381674 5.348868664818887 484
1757491381732 6.854930079511585 485
1757491381796 6.898125209493442 486
1757491381852 10.488126121570232 487
1757491381911 7.569846743676767 488
1757491381969 5.8037408797083 489
1757491382029 6.4991813928001285 490
1757491382089 6.671372157742873 491
1757491382147 7.307569182867062 492
1757491382206 6.7315444079923 493
1757491382264 5.948862711407243 494
1757491382329 4.566199955871061 495
1757491382387 6.182068082237457 496
1757491382444 8.762327055838464 497
1757491382500 6.169729656926616 498
1757491382557 7.18064440194152 499
