1757508329688 167.53378115336392 0
1757508329747 168.47244437411436 1
1757508329806 167.69383459484138 2
1757508329881 168.86784826632905 3
1757508329958 170.78382723246622 4
1757508330021 168.3951409325751 5
1757508330081 170.62430825552994 6
1757508330141 169.21933551938355 7
1757508330204 167.32869703415247 8
1757508330262 166.6926758709982 9
1757508330319 167.14562611539785 10
1757508330377 166.77598340327924 11
1757508330435 168.36486094053018 12
1757508330493 169.67362808710507 13
1757508330551 167.9357737198791 14
1757508330607 166.8961547595807 15
1757508330663 167.18532595919726 16
1757508330720 168.73370320128637 17
1757508330778 170.88308584712505 18
1757508330837 167.52336319985747 19
1757508330906 168.3074922364041 20
1757508330967 168.27534443585924 21
1757508331233 169.50463499647756 22
1757508331512 167.76632656623548 23
1757508331692 167.7382360334399 24
1757508331817 171.35100295948925 25
1757508331929 167.5099866683602 26
1757508332005 167.530815017388 27
1757508332145 169.31808061721495 28
1757508332282 167.31248140464012 29
1757508332410 167.3227449906311 30
1757508332595 167.9625585984953 31
1757508332682 168.657852977983 32
1757508332788 167.9432452574501 33
1757508332876 168.15151393241123 34
1757508332966 170.41711554760843 35
1757508333049 169.013801347308 36
1757508333134 167.5736712608188 37
1757508333215 169.4360454312655 38
1757508333318 168.94639896165782 39
1757508333397 167.75286352034075 40
1757508333478 170.58610807447084 41
1757508333556 169.91220182164759 42
1757508333636 165.99527351935555 43
1757508333712 166.63690982837042 44
1757508333787 168.24877354241062 45
