1757400804132 165.86487654355685 0
1757400804195 150.2832426258186 1
1757400804235 144.21953533069978 2
1757400804321 138.24462327397575 3
1757400804385 132.78427430194296 4
1757400804463 127.70729589633933 5
1757400804491 123.00515073384543 6
1757400804518 118.64513341307784 7
1757400804545 114.5981036052677 8
1757400804632 110.83748520973496 9
1757400804673 107.33906442197708 10
1757400804722 104.08077548600441 11
1757400804819 101.04250729965923 12
1757400804891 98.20592746296039 13
1757400804949 95.55432225977621 14
1757400804978 93.07245112328569 15
1757400805037 90.74641427113146 16
1757400805127 88.56353231536346 17
1757400805177 86.51223676082579 18
1757400805230 84.5819704043162 19
1757400805256 82.76309673655564 20
1757400805290 81.04681753056208 21
1757400805376 79.42509787416377 22
1757400805434 77.89059797179397 23
1757400805498 76.436611101987 24
1757400805524 75.05700717270678 25
1757400805552 73.74618136728643 26
1757400805579 72.49900741980393 27
1757400805607 71.31079510058026 28
1757400805645 70.17725153054522 29
1757400805728 69.0944459778164 30
1757400805785 68.05877782129437 31
1757400805891 67.06694739467652 32
1757400805916 66.11592945029322 33
1757400805941 65.20294900581 34
1757400805966 64.32545935833167 35
1757400805990 63.4811220699852 36
1757400806015 62.667788746823604 37
1757400806040 61.88348444904599 38
1757400806065 61.126392585214546 39
1757400806089 60.39910799992327 40
1757400806115 59.6936652853628 41
1757400806141 59.01077842825225 42
1757400806165 58.34913734110888 43
1757400806191 57.707528829420724 44
1757400806216 57.08483372304285 45
1757400806241 56.4800175162155 46
1757400806266 55.89212324169636 47
1757400806291 55.320264897717514 48
1757400806316 54.76362146021557 49
1757400806342 54.22663529669423 50
1757400806369 53.70073424252387 51
1757400806394 53.18788779958592 52
1757400806419 52.68747976996275 53
1757400806444 52.198936762965985 54
1757400806469 51.72172597792253 55
1757400806505 51.255350469468524 56
1757400806531 50.79934632166717 57
1757400806557 50.35327997387519 58
1757400806582 49.916745784119456 59
1757400806607 49.48936380347678 60
1757400806632 49.07077774291592 61
1757400806657 48.66065311544743 62
1757400806682 48.25867553798661 63
1757400806708 47.86454917873861 64
1757400806733 47.477995337191075 65
1757400806758 47.09875114496236 66
1757400806783 46.72656837680888 67
1757400806808 46.361212362056776 68
1757400806833 46.00246098759677 69
1757400806860 45.65010378437644 70
1757400806885 45.30394109004699 71
1757400806910 44.963783281079955 72
1757400806936 44.62945006826747 73
1757400806961 44.30076985006418 74
1757400806986 43.977579118724414 75
1757400807011 43.65972191463885 76
1757400807037 43.34704932468465 77
1757400807062 43.03941902077661 78
1757400807088 42.73669483514601 79
1757400807114 42.43874636918255 80
1757400807139 42.1454486329566 81
1757400807165 41.85668171279397 82
1757400807190 41.57233046450869 83
1757400807216 41.29228423011117 84
1757400807242 41.01643657600191 85
1757400807267 40.744685050836296 86
1757400807292 40.47693096140637 87
1757400807320 40.21307916503037 88
1757400807347 39.95303787707366 89
1757400807373 39.696718492345184 90
1757400807399 39.44403541922359 91
1757400807425 39.19490592546664 92
1757400807450 38.94924999474948 93
1757400807476 38.706990193059404 94
1757400807511 38.46805154415125 95
1757400807536 38.23236141333533 96
1757400807562 37.99984939893379 97
1757400807588 37.7704472307973 98
1757400807614 37.54408867532696 99
1757400807640 37.32070944649311 100
1757400807666 37.10024712238666 101
1757400807692 36.88264106687727 102
1757400807718 36.6678323559896 103
1757400807743 36.455763708640816 104
1757400807769 36.24637942141277 105
1757400807795 36.03962530706005 106
1757400807821 35.835448636479235 107
1757400807847 35.633798083887704 108
1757400807874 35.43462367498158 109
1757400807901 35.23787673786051 110
1757400807927 35.04350985652492 111
1757400807953 34.85147682676694 112
1757400807979 34.661732614290514 113
1757400808004 34.47423331490974 114
1757400808030 34.28893611668613 115
1757400808056 34.10579926387682 116
1757400808083 33.924782022575684 117
1757400808109 33.74584464793859 118
1757400808136 33.568948352892356 119
1757400808162 33.394055278234895 120
1757400808189 33.22112846404084 121
1757400808215 33.05013182229377 122
1757400808241 32.88103011067162 123
1757400808268 32.7137889074178 124
1757400808294 32.548374587235124 125
1757400808320 32.38475429814454 126
1757400808346 32.222895939254556 127
1757400808374 32.06276813939144 128
1757400808401 31.904340236543433 129
1757400808427 31.747582258075944 130
1757400808453 31.592464901677147 131
1757400808480 31.438959516996572 132
1757400808516 31.287038087941724 133
1757400808543 31.136673215599878 134
1757400808569 30.987838101754672 135
1757400808596 30.840506532968877 136
1757400808622 30.69465286520664 137
1757400808649 30.550252008970155 138
1757400808676 30.407279414927295 139
1757400808703 30.26571106000826 140
1757400808729 30.125523433950335 141
1757400808756 29.986693526271576 142
1757400808783 29.849198813654926 143
1757400808809 29.713017247725507 144
1757400808836 29.578127243204957 145
1757400808863 29.444507666427292 146
1757400808891 29.31213782420192 147
1757400808917 29.18099745300998 148
1757400808944 29.051066708521155 149
1757400808971 28.9223261554185 150
1757400808998 28.79475675751977 151
1757400809025 28.66833986818416 152
1757400809052 28.54305722099376 153
1757400809079 28.41889092070014 154
1757400809106 28.295823434426083 155
1757400809133 28.173837583113823 156
1757400809160 28.0529165332109 157
1757400809186 27.933043788585607 158
1757400809213 27.814203182663988 159
1757400809240 27.69637887078108 160
1757400809268 27.579555322739157 161
1757400809296 27.4637173155661 162
1757400809323 27.34884992646745 163
1757400809350 27.2349385259657 164
1757400809380 27.121968771221002 165
1757400809407 27.00992659952743 166
1757400809434 26.898798221979227 167
1757400809462 26.788570117301845 168
1757400809489 26.679229025842574 169
1757400809525 26.57076194371595 170
1757400809569 26.46315611709912 171
1757400809608 26.356399036672787 172
1757400809637 26.250478432203195 173
1757400809666 26.145382267261166 174
1757400809694 26.041098734073884 175
1757400809721 25.937616248505815 176
1757400809754 25.83492344516478 177
1757400809782 25.733009172629625 178
1757400809812 25.631862488796088 179
1757400809844 25.53147265633735 180
1757400809890 25.43182913827605 181
1757400809922 25.332921593664675 182
1757400809950 25.234739873371215 183
1757400809977 25.1372740159672 184
1757400810019 25.04051424371517 185
1757400810047 24.944450958652986 186
1757400810075 24.84907473877222 187
1757400810102 24.75437633428802 188
1757400810133 24.660346663998048 189
1757400810168 24.566976811728072 190
1757400810203 24.474258022861772 191
1757400810239 24.38218170095259 192
1757400810272 24.290739404415486 193
1757400810307 24.19992284329627 194
1757400810342 24.10972387611669 195
1757400810377 24.020134506793138 196
1757400810413 23.93114688162704 197
1757400810447 23.84275328636514 198
1757400810482 23.75494614332776 199
1757400810517 23.66771800860331 200
1757400810560 23.581061569307366 201
1757400810595 23.494969640904607 202
1757400810628 23.409435164591983 203
1757400810663 23.324451204741607 204
1757400810698 23.24001094640178 205
1757400810731 23.156107692854757 206
1757400810764 23.072734863229677 207
1757400810801 22.98988599016943 208
1757400810836 22.907554717550006 209
1757400810870 22.825734798250974 210
1757400810904 22.744420091975943 211
1757400810938 22.663604563121595 212
1757400810972 22.58328227869427 213
1757400811005 22.503447406272727 214
1757400811039 22.42409421201609 215
1757400811072 22.345217058715793 216
1757400811108 22.266810403890485 217
1757400811143 22.1888687979228 218
1757400811179 22.111386882237 219
1757400811214 22.034359387516474 220
1757400811252 21.95778113196017 221
1757400811289 21.88164701957696 222
1757400811324 21.80595203851705 223
1757400811357 21.730691259439578 224
1757400811393 21.65585983391542 225
1757400811430 21.581452992864552 226
1757400811465 21.50746604502689 227
1757400811500 21.433894375466068 228
1757400811535 21.36073344410519 229
1757400811580 21.287978784293884 230
1757400811616 21.21562600140586 231
1757400811650 21.143670771466372 232
1757400811684 21.072108839808667 233
1757400811720 21.00093601975902 234
1757400811756 20.93014819134943 235
1757400811790 20.85974130005748 236
1757400811824 20.789711355572695 237
1757400811861 20.720054430588792 238
1757400811896 20.650766659621127 239
1757400811932 20.581844237848987 240
1757400812034 20.51328341998185 241
1757400812109 20.445080519149297 242
1757400812205 20.377231905813996 243
1757400812305 20.309734006707068 244
1757400812362 20.242583303785576 245
1757400812423 20.175776333211406 246
1757400812487 20.10930968435122 247
1757400812562 20.04317999879688 248
1757400812655 19.977383969405967 249
1757400812739 19.911918339361932 250
1757400812826 19.84677990125334 251
1757400812868 19.781965496171935 252
1757400812959 19.717472012828992 253
1757400812998 19.653296386689558 254
1757400813056 19.589435599124226 255
1757400813086 19.525886676578057 256
1757400813159 19.462646689756184 257
1757400813246 19.399712752825824 258
1757400813312 19.3370820226343 259
1757400813367 19.274751697942715 260
1757400813425 19.212719018674917 261
1757400813506 19.15098126518148 262
1757400813586 19.0895357575183 263
1757400813627 19.028379854739526 264
1757400813667 18.967510954204517 265
1757400813731 18.906926490898503 266
1757400813774 18.84662393676666 267
1757400813833 18.78660080006131 268
1757400813901 18.726854624701947 269
1757400813973 18.667382989647834 270
1757400814019 18.60818350828292 271
1757400814069 18.54925382781273 272
1757400814116 18.490591628673062 273
1757400814154 18.432194623950178 274
1757400814206 18.374060558812328 275
1757400814263 18.316187209952215 276
1757400814334 18.258572385040306 277
1757400814405 18.201213922188753 278
1757400814494 18.144109689425573 279
1757400814579 18.087257584179007 280
1757400814629 18.03065553277181 281
1757400814669 17.97430148992518 282
1757400814725 17.918193438272265 283
1757400814785 17.862329387880905 284
1757400814855 17.806707375785543 285
1757400814905 17.751325465527977 286
1757400814954 17.696181746706948 287
1757400815001 17.64127433453616 288
1757400815060 17.586601369410783 289
1757400815125 17.532161016482075 290
1757400815165 17.477951465240064 291
1757400815204 17.423970929104115 292
1757400815245 17.37021764502117 293
1757400815286 17.316689873071546 294
1757400815340 17.263385896082116 295
1757400815431 17.210304019246728 296
1757400815518 17.157442569753744 297
1757400815618 17.104799896420474 298
1757400815790 17.05237436933445 299
1757400815858 17.00016437950139 300
1757400815961 16.948168338499617 301
1757400816000 16.89638467814095 302
1757400816088 16.844811850137848 303
1757400816151 16.79344832577668 304
1757400816220 16.742292595597014 305
1757400816259 16.69134316907684 306
1757400816356 16.640598574323562 307
1757400816405 16.590057357770593 308
1757400816479 16.539718083879627 309
1757400816585 16.48957933484823 310
1757400816646 16.439639710322826 311
1757400816705 16.38989782711694 312
1757400816774 16.34035231893446 313
1757400816844 16.291001836098065 314
1757400816897 16.24184504528243 315
1757400816967 16.192880629252382 316
1757400817031 16.144107286605696 317
1757400817093 16.0955237315206 318
1757400817182 16.04712869350776 319
1757400817256 15.998920917166782 320
1757400817349 15.950899161947058 321
1757400817415 15.903062201912896 322
1757400817464 15.855408825512853 323
1757400817518 15.807937835353211 324
1757400817596 15.76064804797546 325
1757400817659 15.713538293637757 326
1757400817718 15.666607416100295 327
1757400817792 15.61985427241444 328
1757400817835 15.57327773271564 329
1757400817882 15.526876680019972 330
1757400817956 15.480650010024322 331
1757400818000 15.434596630910027 332
1757400818099 15.388715463150055 333
1757400818140 15.343005439319523 334
1757400818204 15.297465503909539 335
1757400818274 15.252094613144338 336
1757400818344 15.206891734801632 337
1757400818399 15.161855848036032 338
1757400818462 15.116985943205616 339
1757400818511 15.072281021701507 340
1757400818587 15.027740095780393 341
1757400818653 14.98336218839998 342
1757400818712 14.939146333057304 343
1757400818777 14.895091573629815 344
1757400818843 14.851196964219222 345
1757400818885 14.807461568998074 346
1757400818927 14.763884462058915 347
1757400818999 14.7204647272661 348
1757400819055 14.677201458110119 349
1757400819103 14.634093757564449 350
1757400819171 14.591140737944837 351
1757400819255 14.548341520771011 352
1757400819298 14.50569523663073 353
1757400819356 14.463201025046205 354
1757400819412 14.42085803434271 355
1757400819473 14.378665421519534 356
1757400819533 14.33662235212304 357
1757400819602 14.294728000121912 358
1757400819649 14.252981547784533 359
1757400819700 14.21138218555839 360
1757400819744 14.169929111951571 361
1757400819788 14.128621533416219 362
1757400819832 14.087458664233969 363
1757400819874 14.046439726403307 364
1757400819918 14.005563949528808 365
1757400819961 13.964830570712271 366
1757400820007 13.92423883444563 367
1757400820096 13.883787992505663 368
1757400820147 13.84347730385051 369
1757400820200 13.803306034517837 370
1757400820293 13.763273457524765 371
1757400820430 13.72337885276942 372
1757400820505 13.683621506934122 373
1757400820542 13.644000713390215 374
1757400820602 13.604515772104406 375
1757400820648 13.56516598954673 376
1757400820711 13.525950678599957 377
1757400820760 13.486869158470562 378
1757400820804 13.4479207546011 379
1757400820845 13.409104798584062 380
1757400820888 13.370420628077124 381
1757400820963 13.331867586719788 382
1757400821036 13.293445024051403 383
1757400821091 13.25515229543049 384
1757400821163 13.216988761955418 385
1757400821225 13.178953790386355 386
1757400821270 13.141046753068487 387
1757400821336 13.103267027856493 388
1757400821418 13.065613998040229 389
1757400821478 13.028087052271642 390
1757400821535 12.990685584492839 391
1757400821591 12.953408993865324 392
1757400821634 12.916256684700398 393
1757400821674 12.879228066390636 394
1757400821733 12.842322553342507 395
1757400821778 12.805539564910049 396
1757400821833 12.76887852532963 397
1757400821895 12.732338863655714 398
1757400821981 12.695920013697714 399
1757400822046 12.65962141395778 400
1757400822109 12.62344250756964 401
1757400822159 12.587382742238383 402
1757400822227 12.551441570181192 403
1757400822288 12.515618448069047 404
1757400822356 12.47991283696932 405
1757400822399 12.444324202289296 406
1757400822461 12.408852013720589 407
1757400822521 12.373495745184401 408
1757400822566 12.338254874777682 409
1757400822626 12.303128884720136 410
1757400822668 12.268117261302015 411
1757400822721 12.233219494832763 412
1757400822779 12.198435079590489 413
1757400822887 12.163763513772167 414
1757400823008 12.129204299444659 415
1757400823080 12.094756942496481 416
1757400823164 12.060420952590333 417
1757400823244 12.026195843116357 418
1757400823318 11.992081131146099 419
1757400823377 11.958076337387247 420
1757400823436 11.924180986138975 421
1757400823497 11.89039460524806 422
1757400823566 11.85671672606563 423
1757400823637 11.82314688340459 424
1757400823705 11.789684615497691 425
1757400823765 11.756329463956266 426
1757400823820 11.723080973729562 427
1757400823888 11.689938693064732 428
1757400823934 11.6569021734674 429
1757400823993 11.623970969662853 430
1757400824066 11.591144639557823 431
1757400824136 11.558422744202819 432
1757400824210 11.525804847755055 433
1757400824262 11.493290517441965 434
1757400824327 11.460879323525191 435
1757400824381 11.428570839265205 436
1757400824448 11.396364640886384 437
1757400824515 11.364260307542676 438
1757400824583 11.332257421283725 439
1757400824638 11.300355567021542 440
1757400824688 11.268554332497676 441
1757400824756 11.236853308250822 442
1757400824813 11.20525208758499 443
1757400824858 11.173750266538079 444
1757400824901 11.14234744385096 445
1757400824952 11.111043220936999 446
1757400825001 11.079837201852031 447
1757400825059 11.048728993264794 448
1757400825142 11.017718204427764 449
1757400825187 10.986804447148469 450
1757400825253 10.955987335761174 451
1757400825319 10.92526648709902 452
1757400825453 10.894641520466537 453
1757400825539 10.864112057612596 454
1757400825670 10.833677722703726 455
1757400825718 10.803338142297827 456
1757400825842 10.773092945318279 457
1757400825919 10.7429417630284 458
1757400826012 10.712884229006297 459
1757400826119 10.682919979120076 460
1757400826195 10.653048651503394 461
1757400826276 10.623269886531379 462
1757400826371 10.59358332679691 463
1757400826444 10.563988617087194 464
1757400826500 10.534485404360709 465
1757400826605 10.505073337724482 466
1757400826681 10.47575206841166 467
1757400826764 10.446521249759453 468
1757400826841 10.417380537187315 469
1757400826905 10.38832958817551 470
1757400826963 10.359368062243933 471
1757400827055 10.330495620931245 472
1757400827138 10.301711927774305 473
1757400827208 10.273016648287888 474
1757400827269 10.244409449944685 475
1757400827392 10.215890002155593 476
1757400827475 10.187457976250268 477
1757400827563 10.159113045457953 478
1757400827620 10.130854884888576 479
1757400827707 10.102683171514116 480
1757400827777 10.074597584150204 481
1757400827830 10.046597803438013 482
1757400827872 10.018683511826382 483
1757400827916 9.990854393554159 484
1757400827964 9.963110134632842 485
1757400828053 9.93545042282941 486
1757400828191 9.907874947649418 487
1757400828274 9.880383400320296 488
1757400828319 9.852975473774917 489
1757400828363 9.825650862635339 490
1757400828401 9.798409263196799 491
1757400828596 9.771250373411942 492
1757400828633 9.744173892875187 493
1757400828668 9.717179522807404 494
1757400828702 9.690266966040712 495
1757400828736 9.663435927003551 496
1757400828770 9.636686111705874 497
1757400828804 9.61001722772463 498
1757400828867 9.58342898418936 499
