1757507571632 80.85853353060885 0
1757507571698 62.49269165741253 1
1757507571775 49.14058888313222 2
1757507571841 51.798666328812466 3
1757507571909 36.389616360240886 4
1757507571971 31.138141051460433 5
1757507572032 35.56373776433697 6
1757507572094 35.275798048328184 7
1757507572160 25.19574276867496 8
1757507572222 26.190552731057124 9
1757507572292 19.809441781229108 10
1757507572355 21.411912122168733 11
1757507572419 18.052547219715034 12
1757507572482 20.6146965101984 13
1757507572543 36.795159437352645 14
1757507572604 14.498863919905872 15
1757507572664 17.53062210125 16
1757507572725 17.92824967146709 17
1757507572782 29.32642121105457 18
1757507572841 14.507743450257445 19
1757507572905 11.371605178843005 20
1757507572972 12.098659793396926 21
1757507573032 11.74563874961737 22
1757507573093 10.367038930736248 23
1757507573159 14.995526574846316 24
1757507573220 19.33704110137244 25
1757507573278 14.08346846207037 26
1757507573337 10.500213510895735 27
1757507573396 7.2648350319455135 28
1757507573454 9.516201940787141 29
1757507573512 20.084395025629956 30
1757507573567 10.582098927950609 31
1757507573629 8.001652619823195 32
1757507573689 8.215417400493463 33
1757507573747 9.987293581269212 34
1757507573805 7.045118338143394 35
1757507573861 10.759096243326015 36
1757507573927 4.473047416365205 37
1757507573988 7.037373869020192 38
1757507574045 5.336576520067108 39
1757507574101 7.092632731662053 40
1757507574159 8.10304308069845 41
1757507574217 5.971525635928586 42
1757507574274 5.274757865293309 43
1757507574333 4.71197055814815 44
1757507574391 4.974169070592082 45
1757507574449 5.14867534707706 46
1757507574505 4.023141290264235 47
1757507574561 4.482055290034116 48
1757507574617 5.008918630970103 49
1757507574675 5.519637684802388 50
1757507574733 6.381777975812208 51
1757507574792 4.400548876280804 52
1757507574848 4.346316200057616 53
1757507574903 4.1250878017585855 54
1757507574966 3.6971993494634874 55
1757507575022 3.5951262684011147 56
1757507575080 3.4501131421668383 57
1757507575136 3.209118433259951 58
1757507575191 2.6465362316362167 59
1757507575251 3.8890531117966574 60
1757507575306 3.4167529147247477 61
1757507575363 2.895666701110318 62
1757507575423 2.8294518783369758 63
1757507575486 2.164511145025215 64
1757507575545 2.7973261421831843 65
1757507575603 2.4391639224432327 66
1757507575664 1.7842784969940961 67
1757507575720 2.1756703300696496 68
1757507575777 2.4729880238061335 69
1757507575833 3.2774961697764446 70
1757507575891 2.3397290868272527 71
1757507575956 2.819379980174688 72
1757507576018 2.237121898435604 73
1757507576105 3.3270321933814295 74
1757507576262 1.5855302026323068 75
1757507576330 2.1151072167026608 76
1757507576398 2.0334926867426115 77
1757507576497 2.059369162656761 78
1757507576560 1.842905886770352 79
1757507576621 2.7399996528448263 80
1757507576686 1.4737056968873439 81
1757507576748 1.3201694784424263 82
1757507576810 1.2836364578936383 83
1757507576867 1.3813160297855884 84
1757507576928 2.0247404416001094 85
1757507576997 1.359778985043042 86
1757507577055 1.1586100775497197 87
1757507577123 1.2674597543872932 88
1757507577224 1.0597290085273776 89
1757507577299 1.0085538081035403 90
1757507577378 1.1991424754083713 91
1757507577451 1.3713102292982968 92
1757507577524 1.8597520390730484 93
1757507577594 0.7055231884081997 94
1757507577670 0.8673857977289616 95
1757507577742 1.5961834667333388 96
1757507577815 0.9602480379809105 97
1757507577887 1.076810195336978 98
1757507577962 1.0099630491451002 99
1757507578050 1.43214166330981 100
1757507578124 0.8623979373034448 101
1757507578203 0.8182138307505844 102
1757507578279 0.713529041273441 103
1757507578343 0.6796342692021703 104
1757507578408 0.7689183877541605 105
1757507578470 0.6563158183609309 106
1757507578533 0.7824567733682297 107
1757507578596 0.5684018843770573 108
1757507578666 0.7819216078357701 109
1757507578731 0.5197604278033249 110
1757507578795 0.6276084689720137 111
1757507578867 0.5521767449287446 112
1757507578939 0.9994010160657046 113
1757507579032 0.8295441712488391 114
1757507579104 0.667637270697719 115
1757507579180 0.5942001220334842 116
1757507579273 0.5766322953457612 117
1757507579382 0.41617720868882424 118
1757507579495 0.6745434291389372 119
1757507579570 0.4639342780403462 120
1757507579638 0.4439074778240704 121
1757507579712 0.515838354195023 122
1757507579782 0.5067175582468363 123
1757507579851 0.40128620666840664 124
1757507579914 0.3060076008701408 125
1757507579979 0.4056637162209033 126
1757507580049 0.40097864341273465 127
1757507580112 0.32973804934862566 128
1757507580178 0.4125628741552337 129
1757507580243 0.23532129302592344 130
1757507580307 0.26484684175163214 131
1757507580371 0.4304398304772006 132
1757507580437 0.3824023990674732 133
1757507580497 0.3640351738719405 134
1757507580559 0.34229652144283 135
1757507580621 0.25314000561769245 136
1757507580682 0.39738799463349944 137
1757507580743 0.23632723714685833 138
1757507580802 0.30298924420092604 139
1757507580861 0.4507873028997988 140
1757507580921 0.3881196316322553 141
1757507580980 0.32316136611973534 142
1757507581042 0.2204784998708906 143
1757507581105 0.29087002619362823 144
1757507581164 0.24251886886461352 145
1757507581226 0.21307404998856302 146
1757507581286 0.2539246206708273 147
1757507581344 0.245977735299974 148
1757507581402 0.23153549409364613 149
1757507581460 0.3051308429770811 150
1757507581518 0.2873536449910105 151
1757507581576 0.24701716372991803 152
1757507581636 0.2750833781876297 153
1757507581695 0.22886040721041842 154
1757507581756 0.1988238072947449 155
1757507581833 0.1729978435526038 156
1757507581907 0.23843986143975948 157
1757507581969 0.25358299993113037 158
1757507582090 0.2046084868894409 159
1757507582162 0.25107425942089695 160
1757507582226 0.18436830549791197 161
1757507582286 0.15980396434472963 162
1757507582346 0.15890576407513424 163
1757507582406 0.1984238042466746 164
1757507582467 0.21152093944491793 165
1757507582527 0.18613503035883142 166
1757507582589 0.19690077764904665 167
1757507582649 0.18537048732923578 168
1757507582710 0.16536650836490008 169
1757507582770 0.14051267683545918 170
1757507582834 0.1450209395868412 171
1757507582975 0.11039173147615582 172
1757507583119 0.131944098357838 173
1757507583240 0.16444303788740955 174
1757507583371 0.1467084581090152 175
1757507583432 0.1542039171280362 176
1757507583526 0.19968902305373057 177
1757507583684 0.22926443403443464 178
1757507583790 0.17970703234637023 179
1757507583856 0.21543674188109463 180
1757507583919 0.14517361138331297 181
1757507583981 0.11278163399466512 182
1757507584047 0.1201080516758201 183
1757507584115 0.1578208314372764 184
1757507584176 0.129195627475667 185
1757507584237 0.2305045297414766 186
1757507584297 0.16544823344586326 187
1757507584359 0.14492960079412245 188
1757507584418 0.13283254465385697 189
1757507584483 0.11534696612989136 190
1757507584547 0.12490700639880654 191
1757507584609 0.12188905934940415 192
1757507584670 0.14778114159317807 193
1757507584730 0.1425751156876252 194
1757507584790 0.12714760471031925 195
1757507584850 0.17291449755195618 196
1757507584909 0.2475535574678991 197
1757507584971 0.11286447402617383 198
1757507585031 0.11656232188541789 199
1757507585095 0.1598181107342729 200
1757507585159 0.08354229704638771 201
1757507585221 0.08564956017506047 202
1757507585282 0.11426761530667805 203
1757507585343 0.13778007238309334 204
1757507585403 0.1903355139232331 205
1757507585461 0.11298217356266604 206
1757507585521 0.12192344390144949 207
1757507585582 0.09772973757517438 208
1757507585640 0.18190180133811173 209
1757507585701 0.08734191245948582 210
1757507585760 0.16772924682013093 211
1757507585818 0.1569825693589846 212
1757507585876 0.15541639437128918 213
1757507585936 0.09147502388764284 214
1757507585995 0.12244856485085816 215
1757507586055 0.08977454529317248 216
1757507586115 0.11786142175059798 217
1757507586180 0.09819824617363326 218
1757507586239 0.11328341580039814 219
1757507586300 0.14926451972744878 220
1757507586360 0.1325045111425568 221
1757507586420 0.0868547352573288 222
1757507586484 0.12865071904485229 223
1757507586548 0.12001931852193419 224
1757507586609 0.117788526599093 225
1757507586671 0.10343742600171317 226
1757507586733 0.0911262947081447 227
1757507586794 0.1159966749336705 228
1757507586857 0.08575364747048671 229
1757507586921 0.08154276500227135 230
1757507586983 0.1396165464628194 231
1757507587045 0.19889399721475157 232
1757507587108 0.14010591671162778 233
1757507587179 0.09360058649038099 234
1757507587242 0.13785311301964687 235
1757507587304 0.1139598325139806 236
1757507587368 0.11035240042747962 237
1757507587430 0.11394383401113561 238
1757507587492 0.14717487068133214 239
1757507587556 0.1123011481284993 240
1757507587620 0.09431912912269112 241
1757507587682 0.09092854020489856 242
1757507587745 0.10526613553557103 243
1757507587807 0.11701399828961634 244
1757507587871 0.1596064937407721 245
1757507587933 0.07274269789653438 246
1757507587998 0.08187446620030707 247
1757507588064 0.08638035025015124 248
1757507588129 0.11130275689681594 249
1757507588200 0.1496722274328495 250
1757507588263 0.1732792472086612 251
1757507588325 0.10884753936657865 252
1757507588388 0.1304615049720683 253
1757507588451 0.0856665449854755 254
1757507588517 0.1047179823599671 255
1757507588581 0.10514537724971097 256
1757507588644 0.06966676580525055 257
1757507588708 0.12597732015732935 258
1757507588771 0.2031046780455318 259
1757507588834 0.07825389640375564 260
1757507588900 0.0837343484834872 261
1757507588963 0.11123571250622556 262
1757507589027 0.19093617222510484 263
1757507589092 0.11746780002481194 264
1757507589156 0.1322384979102175 265
1757507589220 0.14233447156078793 266
1757507589284 0.13496242262007246 267
1757507589353 0.11123380100715756 268
1757507589416 0.13951014389080305 269
1757507589479 0.12128175851668037 270
1757507589544 0.11488124845592677 271
1757507589621 0.1446226107303939 272
1757507589685 0.10975993371327142 273
1757507589749 0.12589155751002815 274
1757507589813 0.11171181422911917 275
1757507589886 0.07236122987249406 276
1757507589950 0.131815145465859 277
1757507590015 0.14532266242935446 278
1757507590079 0.09089066488005941 279
1757507590145 0.1203412515112778 280
1757507590215 0.09764994019176648 281
1757507590278 0.0863600742820844 282
1757507590342 0.09032889663095078 283
1757507590407 0.10992982822584245 284
1757507590470 0.07755003443827468 285
1757507590535 0.12501405009916824 286
1757507590600 0.10624514722814665 287
1757507590665 0.12378704398481866 288
1757507590729 0.11169857229627085 289
1757507590794 0.18839389372624482 290
1757507590863 0.11309398526437321 291
1757507590929 0.08549592341161066 292
1757507590993 0.07084030183134944 293
1757507591057 0.129675360556847 294
1757507591122 0.06851209939231506 295
1757507591185 0.0862431697629918 296
1757507591258 0.14268458507004053 297
1757507591321 0.12012141101936825 298
1757507591384 0.11330230317504343 299
1757507591448 0.10990814443756065 300
1757507591511 0.08376550433451502 301
1757507591575 0.160003075419046 302
1757507591641 0.07605708498775565 303
1757507591706 0.05322327095333245 304
1757507591769 0.1505503185488436 305
1757507591833 0.09838007549262136 306
1757507591898 0.1134549227372416 307
1757507591962 0.10972977859438288 308
1757507592026 0.12311237126508634 309
1757507592091 0.1261263994566328 310
1757507592154 0.1258918427311926 311
1757507592217 0.09153859326642015 312
1757507592289 0.09432237189101152 313
1757507592352 0.09872296501251232 314
1757507592415 0.17622234586690455 315
1757507592479 0.12863588466498363 316
1757507592545 0.18784746983846357 317
1757507592610 0.12379417326163157 318
1757507592680 0.0904349613990197 319
1757507592741 0.08784009213696893 320
1757507592834 0.06702286491155866 321
1757507592913 0.12719755938222096 322
1757507592987 0.09199853042430321 323
1757507593064 0.06940700113911871 324
1757507593139 0.1162849607443961 325
1757507593214 0.14506162161629604 326
1757507593293 0.14145022467955698 327
1757507593369 0.11872639256403635 328
1757507593443 0.2359232776478353 329
1757507593517 0.13378175649602422 330
1757507593591 0.15460435617682436 331
1757507593665 0.10596562966558272 332
1757507593734 0.07111197934044607 333
1757507593810 0.1473647846696203 334
1757507593874 0.10674928409812477 335
1757507593946 0.11179710881037697 336
1757507594008 0.13519740547755707 337
1757507594071 0.11534051094814977 338
1757507594134 0.0897494186359475 339
1757507594201 0.12909104437389787 340
1757507594271 0.12905526869069675 341
1757507594336 0.12637456878592837 342
1757507594398 0.0743503562069301 343
1757507594478 0.09214314938161954 344
1757507594686 0.07808264839288086 345
1757507594840 0.08201749198312759 346
1757507594986 0.16123800470069735 347
1757507595089 0.10410171225063404 348
1757507595191 0.13947631656964085 349
1757507595343 0.09066423363336074 350
1757507595425 0.09497146765679827 351
1757507595494 0.08459963978062211 352
1757507595567 0.15576509392141422 353
1757507595634 0.1254801298929269 354
1757507595702 0.07331450007687114 355
1757507595770 0.07910952149996818 356
1757507595856 0.07069435794466077 357
1757507595922 0.10302841258561861 358
1757507595988 0.15600766158739698 359
1757507596057 0.0884648466213991 360
1757507596124 0.08862132263478144 361
1757507596188 0.13929865003726205 362
1757507596257 0.11689633656348808 363
1757507596324 0.11870608423162284 364
1757507596391 0.1092316478865555 365
1757507596456 0.10243249983900264 366
1757507596519 0.08680476586784654 367
1757507596583 0.14227140477257094 368
1757507596647 0.11862322747822285 369
1757507596710 0.1383037258731663 370
1757507596772 0.07664278924765193 371
1757507596840 0.10130250010716435 372
1757507596907 0.1061454211392278 373
1757507596970 0.12695203461985624 374
1757507597033 0.12059621175582973 375
1757507597097 0.09621045889180563 376
1757507597160 0.18477727628593787 377
1757507597224 0.07766110105374915 378
1757507597292 0.15335108912824544 379
1757507597368 0.10349226138698343 380
1757507597431 0.08621915218494734 381
1757507597495 0.11228154792447054 382
1757507597557 0.11823155604707587 383
1757507597620 0.10713735825322097 384
1757507597683 0.10106608469613028 385
1757507597747 0.11750799664001088 386
1757507597809 0.06531985680530607 387
1757507597873 0.08138120208318059 388
1757507597940 0.0941285480106523 389
1757507598003 0.14168826187329367 390
1757507598065 0.11746883934395051 391
1757507598129 0.14139664340927993 392
1757507598191 0.09165550136146806 393
1757507598256 0.11420000576229532 394
1757507598332 0.15023606413402102 395
1757507598401 0.09863934811604529 396
1757507598466 0.06911600230094402 397
1757507598532 0.11950972146113537 398
1757507598599 0.11811060603404157 399
1757507598666 0.07232067903615264 400
1757507598733 0.06351525957576644 401
1757507598800 0.09164942088501882 402
1757507598867 0.1096555348274717 403
1757507598933 0.14645424592696957 404
1757507599003 0.10608221637654051 405
1757507599070 0.12768909208252666 406
1757507599137 0.09983849801055984 407
1757507599204 0.18129562256163453 408
1757507599270 0.07338380836745068 409
1757507599336 0.16886675026442055 410
1757507599413 0.08336096989677251 411
1757507599481 0.08012824080711357 412
1757507599547 0.1368825602679977 413
1757507599615 0.12861962922249062 414
1757507599682 0.09180465700177175 415
1757507599748 0.1295085215313302 416
1757507599814 0.10851267226279278 417
1757507599899 0.09628463157572918 418
1757507599964 0.1125378167362916 419
1757507600031 0.10338786093402637 420
1757507600098 0.10486344568530585 421
1757507600177 0.11152905986871102 422
1757507600247 0.10294895556224966 423
1757507600314 0.09548141723098617 424
1757507600389 0.10287087539478645 425
1757507600456 0.10484093967233578 426
1757507600523 0.11631631248984214 427
1757507600591 0.10761589947475635 428
1757507600660 0.07967356996212538 429
1757507600727 0.16499891161532482 430
1757507600795 0.0894776644615547 431
1757507600864 0.07121124134999117 432
1757507600931 0.10573400328942935 433
1757507600999 0.1510703526960521 434
1757507601068 0.12840812008220528 435
1757507601148 0.15318733742370463 436
1757507601219 0.11416166752930978 437
1757507601283 0.10480718105941272 438
1757507601352 0.09138367205199031 439
1757507601423 0.0860342734969924 440
1757507601493 0.19164914195455016 441
1757507601560 0.22637554334608723 442
1757507601628 0.07467967235068294 443
1757507601698 0.10337609767527174 444
1757507601765 0.09574690379875357 445
1757507601832 0.20833797970915144 446
1757507601902 0.08833605499319445 447
1757507601969 0.11291669810471061 448
1757507602037 0.11452636032857111 449
1757507602105 0.10414428041560753 450
1757507602173 0.0640595600406217 451
1757507602239 0.178538646743992 452
1757507602307 0.07708385794330873 453
1757507602378 0.11605813736436832 454
1757507602447 0.12022228588023148 455
1757507602515 0.14160560161071895 456
1757507602595 0.13623559977897695 457
1757507602674 0.10048733199364827 458
1757507602753 0.06843830732851136 459
1757507602830 0.12225851443110576 460
1757507602903 0.17964699373043527 461
1757507602976 0.11329571293684014 462
1757507603049 0.08475940550563693 463
1757507603120 0.13877491700808872 464
1757507603189 0.0907414421513904 465
1757507603258 0.13526692818694422 466
1757507603328 0.14182625795613524 467
1757507603398 0.14361976764471082 468
1757507603474 0.055076782848753635 469
1757507603548 0.09803470740364867 470
1757507603616 0.10321323718613483 471
1757507603683 0.1252492615656156 472
1757507603752 0.06386193872307694 473
1757507603820 0.10426297324327012 474
1757507603888 0.06963768230456674 475
1757507603961 0.0648440045119381 476
1757507604029 0.09435845970682276 477
1757507604098 0.10262768424373536 478
1757507604166 0.08945109505208966 479
1757507604235 0.0787196364187548 480
1757507604303 0.11293600462007115 481
1757507604372 0.13768525114168592 482
1757507604454 0.08707203046971686 483
1757507604522 0.12061453789468972 484
1757507604592 0.11290281241932158 485
1757507604659 0.07817252755856935 486
1757507604730 0.11183703495328168 487
1757507604799 0.10029154670959683 488
1757507604868 0.19584891965218199 489
1757507604938 0.12471656729963364 490
1757507605009 0.13841567609547475 491
1757507605079 0.08641651333122469 492
1757507605147 0.11787733768251953 493
1757507605216 0.13070229788919005 494
1757507605285 0.08727362140756788 495
1757507605353 0.10348163227971423 496
1757507605424 0.08862532968530568 497
1757507605505 0.08024085109172073 498
1757507605573 0.1565085597235418 499
