1757497448145 93.8921685678232 0
1757497448196 59.56660575142812 1
1757497448252 45.67513744328632 2
1757497448302 80.22710609416383 3
1757497448360 36.95694002614408 4
1757497448414 31.981286466005518 5
1757497448464 35.92942498391341 6
1757497448515 25.632559967803736 7
1757497448567 27.05539046137245 8
1757497448633 26.18151628500408 9
1757497448724 23.90916620558596 10
1757497448883 22.76991555865841 11
1757497448984 15.625535109398122 12
1757497449108 31.300490644735206 13
1757497449183 26.870855879583917 14
1757497449253 23.157224655709513 15
1757497449322 13.23903143922498 16
1757497449490 22.438758980287407 17
1757497449602 12.615304406786443 18
1757497449666 21.722235235608668 19
1757497449729 12.986661104011711 20
1757497449813 13.843740858308374 21
1757497449872 13.967963928495374 22
1757497449929 11.351147896459112 23
1757497449986 10.125720661169284 24
1757497450042 9.454546823404156 25
1757497450105 13.8219690804476 26
1757497450164 11.87633019355736 27
1757497450221 7.672669842394808 28
1757497450285 14.863735061896637 29
1757497450340 11.026304940228117 30
1757497450395 10.64882744078284 31
1757497450451 9.71594128424043 32
1757497450518 7.7023188572513925 33
1757497450572 7.666590529487468 34
1757497450625 8.169452703132134 35
1757497450677 7.500783095862475 36
1757497450730 6.488749640782994 37
1757497450781 5.944621439774901 38
1757497450832 7.435883805892385 39
1757497450885 6.258324219320068 40
1757497450938 6.045089721710724 41
1757497450988 5.41274691229418 42
1757497451039 3.3759663570658307 43
1757497451090 5.435153569073561 44
1757497451152 4.642464224723658 45
1757497451204 5.275661880749016 46
1757497451259 5.766273392090514 47
1757497451345 3.6389432172040226 48
1757497451408 4.149273419327112 49
1757497451468 6.030862336960569 50
1757497451528 4.100202564998245 51
1757497451584 3.5791992805716077 52
1757497451635 4.119490776354536 53
1757497451686 5.026035667580234 54
1757497451743 4.160364263928024 55
1757497451813 4.352593964110404 56
1757497451925 2.6849165749206008 57
1757497451985 2.6628047234469503 58
1757497452039 3.239371813814481 59
1757497452092 2.8155977074554928 60
1757497452154 2.7022057081951187 61
1757497452206 2.46753815575356 62
1757497452259 2.594726542289933 63
1757497452317 2.8084015768847186 64
1757497452374 2.924030023795181 65
1757497452434 2.2983637618522272 66
1757497452489 1.8293253181059603 67
1757497452544 2.9792744767807298 68
1757497452599 2.4280141418857712 69
1757497452653 2.352189670325959 70
1757497452706 2.8234606962001467 71
1757497452758 3.002897843628203 72
1757497452810 1.7256430006805548 73
1757497452861 2.3907046139741555 74
1757497452914 1.1867752278447754 75
1757497452970 1.7426389458015423 76
1757497453022 1.81447440839299 77
1757497453075 1.8165386691908285 78
1757497453128 1.5448641736468012 79
1757497453190 1.334192450966265 80
1757497453245 1.4052990166986195 81
1757497453299 1.2009645312430453 82
1757497453350 1.043748006933817 83
1757497453400 1.1966333029788812 84
1757497453450 1.1988035147504053 85
1757497453500 1.1158464174543408 86
1757497453550 0.8182738034452934 87
1757497453599 1.5486870604361334 88
1757497453648 1.1722379645161811 89
1757497453701 0.8929146530679237 90
1757497453750 1.3593463942271227 91
1757497453799 0.9398357864884712 92
1757497453847 1.0772040750830543 93
1757497453897 0.9246101661256173 94
1757497453946 1.107026806242426 95
1757497454002 0.936302303693499 96
1757497454053 1.2153885803583082 97
1757497454105 0.8276846362458414 98
1757497454186 0.8095828316064478 99
1757497454242 0.7501370362461478 100
1757497454294 0.9249438801033386 101
1757497454345 0.9406995089407417 102
1757497454396 0.7615105993255666 103
1757497454446 0.7222275258467491 104
1757497454498 0.5454985917370617 105
1757497454549 0.6854186045226631 106
1757497454600 0.5992540797742505 107
1757497454652 0.5193223459936064 108
1757497454706 0.6299630238597107 109
1757497454756 0.5895348980075313 110
1757497454805 0.5939692591162612 111
1757497454859 0.7973284871120776 112
1757497454945 0.6576780315143719 113
1757497455000 0.4231798163639439 114
1757497455069 2.201738295166243 115
1757497455124 0.49225681171238356 116
1757497455188 0.8807444593848252 117
1757497455243 0.6669434717817878 118
1757497455294 0.7236789058990971 119
1757497455358 0.528032253607522 120
1757497455411 0.4471376609556288 121
1757497455465 0.5513513105837903 122
1757497455520 0.3151194165324099 123
1757497455581 0.3387312661139733 124
1757497455636 0.3848717839834662 125
1757497455692 0.4033595299523632 126
1757497455748 0.38788886077023194 127
1757497455799 0.384701889921013 128
1757497455850 0.6161949198308397 129
1757497455903 0.45241601361839706 130
1757497455961 0.3401115756299338 131
1757497456013 0.3302042008374864 132
1757497456065 0.2680887273478393 133
1757497456121 0.34842318782105003 134
1757497456173 0.2770415362189317 135
1757497456235 0.4573798456367645 136
1757497456286 0.3525147685353308 137
1757497456338 0.3546909691802711 138
1757497456388 0.27133250244108503 139
1757497456438 0.28645594395490026 140
1757497456489 0.36419704201798864 141
1757497456540 0.3037447056922445 142
1757497456591 0.16951062059015504 143
1757497456641 0.23779072730963616 144
1757497456694 0.463621379328835 145
1757497456745 0.16969085877265222 146
1757497456796 0.29228022535899245 147
1757497456847 0.2967995691039145 148
1757497456897 0.24479262203658306 149
1757497456948 0.220932462940434 150
1757497456997 0.27686923198641233 151
1757497457048 0.21161519560274486 152
1757497457098 0.28612471431395653 153
1757497457148 0.2944503622133371 154
1757497457200 0.3630485431636959 155
1757497457297 0.3396327026904209 156
1757497457415 0.2044472891662596 157
1757497457535 0.25964543144775076 158
1757497457677 0.21849421874911862 159
1757497457734 0.2969334625431671 160
1757497457836 0.37105602831157025 161
1757497457983 0.1667793368517586 162
1757497458072 0.18591824995293146 163
1757497458135 0.24341054601545942 164
1757497458192 0.20457600516497873 165
1757497458254 0.2686731342586248 166
1757497458309 0.37136678723744837 167
1757497458362 0.23083754700919057 168
1757497458415 0.23618202453315856 169
1757497458471 0.281009851977059 170
1757497458526 0.2232474910318064 171
1757497458585 0.7997347469036379 172
1757497458647 0.2596193111953545 173
1757497458704 0.2166709815027423 174
1757497458759 0.20742376510713478 175
1757497458813 0.21727909752378652 176
1757497458868 0.17321134498538163 177
1757497458922 0.12397991075123473 178
1757497458976 0.22537805206337858 179
1757497459029 0.18717451307197744 180
1757497459087 0.1474317522302596 181
1757497459144 0.16346739098081112 182
1757497459200 0.2531283968302058 183
1757497459262 0.22433517047405768 184
1757497459315 0.23438162485594125 185
1757497459373 0.15547785617497234 186
1757497459426 0.16082831323648158 187
1757497459480 0.1791660230199651 188
1757497459533 0.2063484520636557 189
1757497459587 0.21175792152583534 190
1757497459638 0.18984956203327946 191
1757497459689 0.2407954478623728 192
1757497459740 0.23881400798049662 193
1757497459791 0.21574306800576226 194
1757497459842 0.20033703833491878 195
1757497459914 0.1500010773976218 196
1757497459973 0.10617480921100599 197
1757497460032 0.21638926467166195 198
1757497460088 0.21501140308464453 199
1757497460143 0.16937401907285346 200
1757497460200 0.1541222407852745 201
1757497460259 0.11210151697778965 202
1757497460338 0.20058575491268715 203
1757497460414 0.1850994894438447 204
1757497460470 0.19561997875464407 205
1757497460527 0.24940130134236732 206
1757497460582 0.2175257050341264 207
1757497460636 0.17811221325907467 208
1757497460690 0.09263332245855985 209
1757497460745 0.2161513059339787 210
1757497460798 0.22749541528243103 211
1757497460851 0.23719128159814457 212
1757497460905 0.30043031886709465 213
1757497460962 0.18625881726521398 214
1757497461021 0.17956170903696717 215
1757497461075 0.17415785611842588 216
1757497461129 0.15956589315336472 217
1757497461183 0.170380451472122 218
1757497461236 0.11038475084065902 219
1757497461298 0.16535369057233604 220
1757497461351 0.16110942658983995 221
1757497461405 0.20382158118464752 222
1757497461456 0.19138265882547698 223
