1757329576541 178.1339968135355 0
1757329576594 178.0199069185793 1
1757329576654 177.92295126066975 2
1757329576713 177.82607200596797 3
1757329576771 177.72927705888796 4
1757329576829 177.63256633552598 5
1757329576883 177.53593975590064 6
1757329576948 177.43939724010653 7
1757329577044 177.34293870831553 8
1757329577167 177.2465640807774 9
1757329577343 177.1502732778192 10
1757329577449 177.05406621984548 11
1757329577505 176.957942827338 12
1757329577562 176.86190302085598 13
1757329577619 176.7659467210355 14
1757329577709 176.67007384859016 15
1757329577802 176.57428432431016 16
1757329577868 176.47857806906285 17
1757329577950 176.38295500379255 18
1757329578010 176.28741504952018 19
1757329578091 176.19195812734347 20
1757329578151 176.09658415843683 21
1757329578214 176.0012930640511 22
1757329578303 175.90608476551387 23
1757329578360 175.81095918422892 24
1757329578442 175.71591624167652 25
1757329578503 175.6209558594131 26
1757329578572 175.52607795907136 27
1757329578619 175.43128246236017 28
1757329578673 175.33656929106425 29
1757329578726 175.2419383670446 30
1757329578791 175.14738961223787 31
1757329578853 175.05292294865666 32
1757329578929 174.95853829838921 33
1757329579003 174.86423558359957 34
1757329579085 174.77001472652734 35
1757329579155 174.67587564948764 36
1757329579237 174.581818274871 37
1757329579293 174.48784252514344 38
1757329579353 174.39394832284623 39
1757329579411 174.3001355905959 40
1757329579492 174.20640425108405 41
1757329579697 174.11275422707746 42
1757329579927 174.01918544141796 43
1757329580045 173.9256978170222 44
1757329580106 173.8322912768818 45
1757329580255 173.73922845684717 46
1757329580402 173.64611497103374 47
1757329580490 173.5530822709773 48
1757329580547 173.46013024560037 49
1757329580601 173.36725881838464 50
1757329580655 173.27446791287142 51
1757329580738 173.1817574526762 52
1757329580813 173.08912736148875 53
1757329580898 172.99657756307295 54
1757329580967 172.90410798126658 55
1757329581035 172.81171853998154 56
1757329581098 172.71940916320355 57
1757329581179 172.6271797749922 58
1757329581265 172.5350302994806 59
1757329581344 172.44296066087594 60
1757329581421 172.3509707834587 61
1757329581536 172.259060591583 62
1757329581623 172.1672300096763 63
1757329581684 172.0754789622396 64
1757329581743 171.9838073738472 65
1757329581801 171.89221516914654 66
1757329581865 171.80070227285827 67
1757329581944 171.70926860977622 68
1757329582011 171.6179141047671 69
1757329582075 171.5266386827707 70
1757329582150 171.43544226879973 71
1757329582239 171.34432478793954 72
1757329582319 171.25328616534836 73
1757329582402 171.16232632625696 74
1757329582469 171.07144519596895 75
1757329582542 170.98064269986023 76
1757329582602 170.88991876337926 77
1757329582769 170.79927331204686 78
1757329582899 170.70896652304532 79
1757329583028 170.6186074977789 80
1757329583135 170.52832660789508 81
1757329583204 170.43812371527332 82
1757329583267 170.34799874603425 83
1757329583419 170.25795162634012 84
1757329583536 170.16798228242487 85
1757329583610 170.07809064059404 86
1757329583660 169.98827662722476 87
1757329583772 169.89854016876558 88
1757329583885 169.8088811917365 89
1757329583972 169.71929962272878 90
1757329584074 169.62979538840497 91
1757329584129 169.54036841549885 92
1757329584204 169.45101863081527 93
1757329584279 169.36174596123018 94
1757329584350 169.27255033369048 95
1757329584418 169.18343167521397 96
1757329584502 169.09438991288934 97
1757329584568 169.00542497387605 98
1757329584621 168.9165367854042 99
1757329584680 168.8277252747746 100
1757329584738 168.7389903693586 101
1757329584796 168.65033199659803 102
1757329584856 168.56175008400518 103
1757329584934 168.4732445591627 104
1757329584995 168.38481534972354 105
1757329585089 168.29646238341078 106
1757329585144 168.20818558801776 107
1757329585219 168.1199848914079 108
1757329585274 168.03186022151456 109
1757329585349 167.94381150634118 110
1757329585420 167.85583867396087 111
1757329585489 167.7679416525168 112
1757329585550 167.68012037022166 113
1757329585632 167.59237475535804 114
1757329585686 167.5047047362779 115
1757329585747 167.41711024140292 116
1757329585810 167.32959119922413 117
1757329585868 167.24242333890388 118
1757329585925 167.155192290146 119
1757329585985 167.06803631039512 120
1757329586099 166.98095524288777 121
1757329586231 166.89394901682178 122
1757329586388 166.80701756141832 123
1757329586517 166.72016080596708 124
1757329586639 166.63337867982645 125
1757329586700 166.5466711124233 126
1757329586809 166.46003803325294 127
1757329586922 166.37347937187903 128
1757329586999 166.28699505793364 129
1757329587061 166.20058502111712 130
1757329587121 166.11424919119784 131
1757329587185 166.0279874980124 132
1757329587265 165.94179987146552 133
1757329587328 165.85568624152978 134
1757329587418 165.76964653824572 135
1757329587480 165.68368069172175 136
1757329587562 165.5977886321341 137
1757329587634 165.5119702897266 138
1757329587711 165.42622559481092 139
1757329587799 165.34055447776615 140
1757329587863 165.254956869039 141
1757329587918 165.16943269914358 142
1757329587979 165.08398189866148 143
1757329588041 164.99860439824147 144
1757329588124 164.91330012859967 145
1757329588193 164.82806902051948 146
1757329588265 164.74291100485127 147
1757329588358 164.65782601251252 148
1757329588417 164.57281397448773 149
1757329588518 164.4878748218284 150
1757329588591 164.4030084856527 151
1757329588660 164.3182148971458 152
1757329588725 164.23349398755948 153
1757329588919 164.14884568821222 154
1757329589066 164.06426993048922 155
1757329589157 163.97976664584195 156
1757329589259 163.8953357657887 157
1757329589445 163.81097722191387 158
1757329589546 163.72669094586837 159
1757329589630 163.6424768693693 160
1757329589702 163.5583349242001 161
1757329589792 163.4742650422102 162
1757329589872 163.39026715531523 163
1757329589943 163.3063411954968 164
1757329590009 163.22248709480243 165
1757329590071 163.13870478534568 166
1757329590149 163.05499419930578 167
1757329590213 162.97135526892782 168
1757329590301 162.8877879265224 169
1757329590361 162.8042921044661 170
1757329590433 162.7208677352008 171
1757329590496 162.6375147512339 172
1757329590559 162.55423308513838 173
1757329590616 162.4710226695525 174
1757329590677 162.38788343717982 175
1757329590757 162.3048153207892 176
1757329590822 162.22181825321468 177
1757329590881 162.1388921673554 178
1757329590955 162.05603699617552 179
1757329591033 161.97325267270438 180
1757329591128 161.890539130036 181
1757329591191 161.8078963013294 182
1757329591263 161.7253241198084 183
1757329591335 161.64282251876156 184
1757329591412 161.56039143154214 185
1757329591490 161.4780307915679 186
1757329591556 161.3957405323213 187
1757329591634 161.31352058734922 188
1757329591842 161.2313708902629 189
1757329592049 161.14929137473808 190
1757329592240 161.0672819745147 191
1757329592379 160.985342623397 192
1757329592475 160.9034732552534 193
1757329592558 160.82167380401626 194
1757329592649 160.73994420368223 195
1757329592744 160.65828438831178 196
1757329592807 160.57669429202937 197
1757329592864 160.49517384902342 198
1757329592922 160.4137229935458 199
1757329592999 160.3323416599126 200
1757329593062 160.25102978250317 201
1757329593139 160.16978729576076 202
1757329593214 160.08861413419191 203
1757329593295 160.00751023236697 204
1757329593366 159.92647552491937 205
1757329593450 159.84550994654614 206
1757329593504 159.7646134320075 207
1757329593561 159.68378591612696 208
1757329593642 159.6030273337912 209
1757329593697 159.52233761994998 210
1757329593770 159.4417167096162 211
1757329593830 159.36116453786562 212
1757329593910 159.28068103983705 213
1757329593997 159.2002661507321 214
1757329594057 159.11991980581521 215
1757329594136 159.0396419404136 216
1757329594190 158.95943248991705 217
1757329594271 158.8792913897782 218
1757329594340 158.79921857551196 219
1757329594407 158.71921398269598 220
1757329594469 158.6392775469702 221
1757329594611 158.55940920403705 222
1757329594786 158.47960888966116 223
1757329594897 158.3998765396696 224
1757329594991 158.3202120899514 225
1757329595070 158.24061547645786 226
1757329595132 158.16108663520242 227
1757329595202 158.08162550226038 228
1757329595262 158.00223201376906 229
1757329595330 157.9229061059277 230
1757329595408 157.8436477149974 231
1757329595487 157.76445677730086 232
1757329595562 157.6853332292227 233
1757329595625 157.60627700720912 234
1757329595704 157.52728804776785 235
1757329595782 157.44836628746828 236
1757329595849 157.36951166294105 237
1757329595937 157.29072411087844 238
1757329596012 157.21200356803396 239
1757329596092 157.13334997122246 240
1757329596149 157.05476325732 241
1757329596223 156.9762433632638 242
1757329596281 156.89779022605217 243
1757329596352 156.81940378274453 244
1757329596413 156.74108397046126 245
1757329596487 156.6628307263837 246
1757329596569 156.584643987754 247
1757329596654 156.5065236918752 248
1757329596721 156.42846977611094 249
1757329596824 156.35048217788582 250
1757329596882 156.27256083468484 251
1757329596941 156.19470568405367 252
1757329597010 156.1169166635985 253
1757329597087 156.0391937109859 254
1757329597183 155.961536763943 255
1757329597346 155.8839457602571 256
1757329597537 155.80642063777577 257
1757329597637 155.72896133440705 258
1757329597696 155.65156778811883 259
1757329597804 155.57423993693928 260
1757329597931 155.4969777189566 261
1757329598026 155.41978107231893 262
1757329598111 155.3426499352344 263
1757329598203 155.2655842459709 264
1757329598299 155.1885839428562 265
1757329598378 155.11164896427792 266
1757329598444 155.03477924868318 267
1757329598514 154.9579747345788 268
1757329598594 154.8812353605313 269
1757329598651 154.80456106516658 270
1757329598748 154.72795178717 271
1757329598831 154.65140746528644 272
1757329598923 154.57492803831997 273
1757329598999 154.49851344513405 274
1757329599063 154.42216362465138 275
1757329599121 154.34587851585377 276
1757329599201 154.26965805778212 277
1757329599266 154.1935021895365 278
1757329599358 154.11741085027583 279
1757329599440 154.0413839792181 280
1757329599531 153.96542151564012 281
1757329599629 153.88952339887751 282
1757329599683 153.81368956832463 283
1757329599760 153.7379199634347 284
1757329599825 153.66221452371943 285
1757329599897 153.58657318874913 286
1757329599997 153.5109958981528 287
1757329600221 153.43548259161773 288
1757329600316 153.36003320888975 289
1757329600371 153.28464768977304 290
1757329600473 153.20932597413002 291
1757329600608 153.13406800188147 292
1757329600707 153.05887371300634 293
1757329600789 152.98374304754157 294
1757329600879 152.90867594558236 295
1757329600945 152.8336723472819 296
1757329601010 152.75873219285128 297
1757329601069 152.6838554225595 298
1757329601130 152.60904197673358 299
1757329601209 152.53429179575812 300
1757329601281 152.45960482007553 301
1757329601389 152.38498099018597 302
1757329601460 152.3104202466472 303
1757329601540 152.23592253007442 304
1757329601620 152.16148778114064 305
1757329601676 152.08711594057604 306
1757329601747 152.01280694916832 307
1757329601810 151.93856074776252 308
1757329601894 151.86437727726099 309
1757329601962 151.79025647862332 310
1757329602056 151.71619829286618 311
1757329602141 151.64220266106352 312
1757329602220 151.56826952434622 313
1757329602307 151.49439882390232 314
1757329602366 151.42059050097657 315
1757329602461 151.34684449687092 316
1757329602544 151.2731607529439 317
1757329602609 151.19953921061105 318
1757329602695 151.12597981134445 319
1757329602809 151.05248249667304 320
1757329603010 150.97904720818227 321
1757329603237 150.90567388751413 322
1757329603377 150.83236247636722 323
1757329603484 150.7591129164965 324
1757329603563 150.68592514971343 325
1757329603649 150.61279911788571 326
1757329603769 150.53973476293748 327
1757329603869 150.46673202684897 328
1757329603963 150.3937908516566 329
1757329604027 150.32091117945302 330
1757329604094 150.2480929523869 331
1757329604179 150.1753361126629 332
1757329604282 150.10264060254167 333
1757329604356 150.03000636433978 334
1757329604434 149.9574333404296 335
1757329604516 149.8849214732393 336
1757329604586 149.81247070525296 337
1757329604677 149.7400809790101 338
1757329604743 149.66775223710596 339
1757329604822 149.5954844221915 340
1757329604904 149.52327747697305 341
1757329604989 149.45113134421248 342
1757329605057 149.379045966727 343
1757329605117 149.30702128738926 344
1757329605179 149.23505724912724 345
1757329605244 149.16315379492414 346
1757329605320 149.09131086781827 347
1757329605411 149.01952841090326 348
1757329605533 148.94780636732767 349
1757329605628 148.87614468029525 350
1757329605710 148.80454329306468 351
1757329605809 148.73300214894945 352
1757329605905 148.66152119131817 353
1757329606054 148.590100363594 354
1757329606198 148.51873960925514 355
1757329606308 148.44743887183424 356
1757329606407 148.3761980949189 357
1757329606504 148.30501722215104 358
1757329606634 148.2338961972274 359
1757329606747 148.16283496389903 360
1757329606851 148.09183346597155 361
1757329606947 148.0208916473049 362
1757329607067 147.9500094518134 363
1757329607166 147.8791868234657 364
1757329607262 147.8084237062846 365
1757329607368 147.73772004434716 366
1757329607466 147.66707578178458 367
1757329607573 147.596490862782 368
1757329607666 147.52596523157877 369
1757329607763 147.45549883246818 370
1757329607855 147.38509160979726 371
1757329607951 147.3147435079672 372
1757329608091 147.24445447143273 373
1757329608254 147.17422444470253 374
1757329608378 147.10405337233894 375
1757329608480 147.03394119895788 376
1757329608629 146.96388786922898 377
1757329608736 146.8938933278754 378
1757329608834 146.82395751967374 379
1757329608934 146.75408038945412 380
1757329609034 146.68426188210003 381
1757329609190 146.61450194254832 382
1757329609355 146.54480051578906 383
1757329609444 146.47515754686572 384
1757329609536 146.40557298087472 385
1757329609645 146.3360467629658 386
1757329609795 146.26657883834184 387
1757329609906 146.19716915225854 388
1757329610000 146.1278176500247 389
1757329610096 146.05852427700205 390
1757329610198 145.98928897860517 391
1757329610279 145.92011170030156 392
1757329610354 145.8509923876113 393
1757329610426 145.7819309861074 394
1757329610515 145.7129274414154 395
1757329610592 145.64398169921347 396
1757329610695 145.57509370523252 397
1757329610806 145.50626340525568 398
1757329610902 145.4374907451188 399
1757329610998 145.36877567071002 400
1757329611085 145.30011812796988 401
1757329611167 145.2315180628912 402
1757329611237 145.16297542151918 403
1757329611320 145.09449014995104 404
1757329611422 145.02606219433625 405
1757329611488 144.95769150087648 406
1757329611574 144.88937801582526 407
1757329611648 144.8211216854883 408
1757329611725 144.7529224562232 409
1757329611809 144.6847802744394 410
1757329611884 144.6166950865983 411
1757329611993 144.5486668392131 412
1757329612159 144.48069547884867 413
1757329612317 144.41278095212155 414
1757329612460 144.34492320570016 415
1757329612589 144.2771221863042 416
1757329612692 144.2093778407052 417
1757329612786 144.14169011572605 418
1757329612885 144.07405895824107 419
1757329612967 144.00648431517604 420
1757329613041 143.93896613350807 421
1757329613124 143.87150436026565 422
1757329613208 143.8040989425283 423
1757329613273 143.73674982742696 424
1757329613399 143.66945696214367 425
1757329613502 143.60222029391144 426
1757329613593 143.53503977001446 427
1757329613699 143.46791533778796 428
1757329613765 143.4008469446179 429
1757329613830 143.3338345379414 430
1757329613894 143.26687806524626 431
1757329613961 143.19997747407115 432
1757329614053 143.13313271200545 433
1757329614150 143.06634372668927 434
1757329614236 142.9996104658134 435
1757329614303 142.9329328771191 436
1757329614366 142.86631090839833 437
1757329614455 142.79974450749353 438
1757329614538 142.73323362229752 439
1757329614616 142.66677820075358 440
1757329614700 142.60037819085537 441
1757329614816 142.53403354064676 442
1757329614959 142.4677441982219 443
1757329615109 142.40151011172532 444
1757329615189 142.33533122935143 445
1757329615282 142.269207499345 446
1757329615415 142.20313887000063 447
1757329615513 142.13712528966315 448
1757329615601 142.07116670672718 449
1757329615695 142.00526306963744 450
1757329615776 141.93941432688828 451
1757329615875 141.87362042702406 452
1757329615971 141.80788131863883 453
1757329616059 141.74219695037633 454
1757329616137 141.67656727093004 455
1757329616217 141.61099222904303 456
1757329616301 141.54547177350796 457
1757329616385 141.48000585316692 458
1757329616488 141.41459441691163 459
1757329616579 141.34923741368317 460
1757329616660 141.28393479247197 461
1757329616735 141.2186865023178 462
1757329616806 141.1534924923098 463
1757329616873 141.08835271158614 464
1757329616950 141.02326710933445 465
1757329617047 140.95823563479124 466
1757329617131 140.89325823724235 467
1757329617230 140.8283348660225 468
1757329617317 140.7634654705154 469
1757329617409 140.69865000015386 470
1757329617482 140.63388840441942 471
1757329617638 140.56918063284255 472
1757329617824 140.50452663500255 473
1757329617932 140.43992636052744 474
1757329618020 140.37537975909393 475
1757329618164 140.31088678042738 476
1757329618278 140.24644737430188 477
1757329618359 140.18206149053995 478
1757329618430 140.11772907901272 479
1757329618496 140.05345008963974 480
1757329618592 139.98922447238897 481
1757329618716 139.9250521772768 482
1757329618826 139.8611702749599 483
1757329618904 139.79722268776416 484
1757329619014 139.73332817488333 485
1757329619116 139.6694866367992 486
1757329619220 139.60569802394517 487
1757329619329 139.54196228678043 488
1757329619418 139.47827937581195 489
1757329619514 139.4146492415946 490
1757329619586 139.35107183473104 491
1757329619669 139.28754710587168 492
1757329619744 139.22407500571464 493
1757329619828 139.16065548500575 494
1757329619922 139.0972884945383 495
1757329620013 139.03397398515335 496
1757329620114 138.9707119077393 497
1757329620207 138.9075022132321 498
1757329620296 138.84434485261514 499
