1757431941681 168.6582699172253 0
1757431941749 168.65734713798574 1
1757431941806 168.65656551065157 2
1757431941855 168.65579384262847 3
1757431941921 168.6550330420567 4
1757431941994 168.65428294021328 5
1757431942067 168.6535433798963 6
1757431942117 168.65281420619 7
1757431942186 168.6520952665071 8
1757431942233 168.65138641055248 9
1757431942292 168.65068749028885 10
1757431942344 168.6499983599019 11
1757431942406 168.649318875767 12
1757431942463 168.6486488964155 13
1757431942528 168.6479882825023 14
1757431942587 168.6473368967735 15
1757431942637 168.64669460403456 16
1757431942706 168.6460612711191 17
1757431942773 168.64543676685804 18
1757431942850 168.64482096204952 19
1757431942900 168.64421372942857 20
1757431942956 168.64361494363817 21
1757431943019 168.6430244812 22
1757431943084 168.64244222048612 23
1757431943162 168.64186804169069 24
1757431943221 168.64130182680245 25
1757431943272 168.6407434595776 26
1757431943325 168.6401928255127 27
1757431943375 168.63964981181857 28
1757431943503 168.6391143073941 29
1757431943594 168.63858620280067 30
1757431943689 168.63806539023705 31
1757431943727 168.6375517635144 32
1757431943780 168.63704521803217 33
