1757504650523 170.05726079832192 0
1757504650677 170.0291318951302 1
1757504650815 170.01553857310046 2
1757504651014 170.00202261978367 3
1757504651077 169.9886708415882 4
1757504651137 169.97548067154347 5
1757504651199 169.96245012778994 6
1757504651255 169.94957724962677 7
1757504651318 169.93686010077067 8
1757504651374 169.92429676902623 9
1757504651429 169.91188536598364 10
1757504651483 169.8996240267196 11
1757504651538 169.88751090950248 12
1757504651595 169.87554419550088 13
1757504651649 169.86372208849588 14
1757504651704 169.85204281459724 15
1757504651758 169.84050462196276 16
1757504651814 169.8291057805217 17
1757504651870 169.81784458170105 18
1757504651930 169.8067193381562 19
1757504651984 169.7957283835038 20
1757504652046 169.78487007205916 21
1757504652101 169.77414277857616 22
1757504652156 169.76354489799098 23
1757504652210 169.75307484516878 24
1757504652265 169.74273105465355 25
1757504652321 169.7325119804214 26
1757504652375 169.72241609563682 27
1757504652430 169.71244189241176 28
1757504652487 169.70258788156832 29
1757504652545 169.6928525924039 30
1757504652607 169.68323457245964 31
1757504652662 169.67373238729166 32
1757504652718 169.6643446202453 33
1757504652787 169.65506987223193 34
1757504652864 169.64590676150934 35
1757504652925 169.63685392346343 36
1757504652989 169.62791001039452 37
1757504653058 169.6190736913049 38
1757504653129 169.6103436516896 39
1757504653196 169.60171859333013 40
1757504653262 169.59319723409013 41
1757504653325 169.58477830771415 42
1757504653388 169.57646056362864 43
1757504653453 169.56824276674598 44
1757504653519 169.56012369726994 45
1757504653584 169.55210215050488 46
1757504653642 169.54417693666645 47
1757504653706 169.53634688069502 48
1757504653773 169.52861082207127 49
1757504653831 169.52096761463466 50
1757504653885 169.51341612640323 51
1757504653941 169.5059552393967 52
1757504653996 169.49858384946106 53
1757504654059 169.4913008660957 54
1757504654117 169.48410521228277 55
1757504654172 169.47699582431838 56
1757504654226 169.4699716516464 57
1757504654279 169.4630316566939 58
1757504654338 169.45617481470885 59
1757504654409 169.4494001136 60
1757504654466 169.4427065537786 61
1757504654531 169.4360931480021 62
1757504654604 169.42955892122012 63
1757504654686 169.42310291042173 64
1757504654751 169.41672416448554 65
1757504654812 169.41042174403074 66
1757504654870 169.4041947212709 67
1757504654926 169.3980421798688 68
1757504654982 169.39196321479383 69
1757504655042 169.38595693218048 70
1757504655107 169.38002244918943 71
1757504655163 169.37552682324485 72
1757504655223 169.37038950907223 73
1757504655278 169.36531433940166 74
1757504655335 169.3602963636141 75
1757504655390 169.35533493592072 76
1757504655450 169.35042939170563 77
1757504655508 169.34557907455724 78
1757504655563 169.34078333599618 79
1757504655621 169.3360415353785 80
