1757500377540 1.050594594825092 0
1757500377690 8.515045524510478 1
1757500377869 2.104650678797734 2
1757500378051 1.3774414667996957 3
1757500378270 0.06041524027524708 4
1757500378475 0.9546703728412256 5
1757500378636 0.96707399958575 6
1757500378819 3.5568548805635554 7
1757500379026 3.1274377010724845 8
1757500379187 1.1123651199127267 9
1757500379345 2.0854322655482185 10
1757500379491 0.3068830634652974 11
1757500379635 0.7683289895796447 12
1757500379847 1.2137826584130926 13
1757500380041 0.7281865607647536 14
1757500380236 0.6418763180519735 15
1757500380445 4.891994372960345 16
1757500380644 1.0441054114059662 17
1757500380956 1.152369139678613 18
1757500381118 0.02396784840107794 19
1757500381272 1.185845401352165 20
1757500381430 3.168321799182012 21
1757500381599 2.4408807234929126 22
1757500381745 0.0007570939355604191 23
1757500381913 1.1610791860234102 24
1757500382050 2.4241885604947453 25
1757500382202 0.8582414861071338 26
1757500382348 0.07191986569141758 27
1757500382485 0.6865915448797579 28
1757500382637 1.2759799426887004 29
1757500382775 0.9841703644079076 30
1757500382904 0.45605669499565543 31
1757500383034 1.6973071516004345 32
1757500383198 0.14661289928522234 33
1757500383328 1.2243064674774902 34
1757500383466 2.632253458765256 35
1757500383616 1.6971333642600028 36
1757500383749 0.027078881653206436 37
1757500383915 0.03869269656434223 38
1757500384059 0.8848016782177077 39
1757500384183 2.941086467032772 40
1757500384313 0.22253811117957523 41
1757500384460 0.2533905396336631 42
1757500384575 1.1221888220419818 43
1757500384684 0.7953359864339229 44
1757500384789 0.2445251770527189 45
1757500384919 0.015477224225189015 46
1757500385074 2.108774097537065 47
1757500385225 1.9489296941427752 48
1757500385350 0.786699521909216 49
1757500385463 0.008007697971684179 50
1757500385562 0.4720648756460679 51
1757500385667 0.08714825732977853 52
1757500385763 0.14315791327306898 53
1757500385943 1.5174053252144668 54
1757500386115 0.2470592528792229 55
1757500386258 2.3463596035549217 56
1757500386433 4.288404042955043 57
1757500386587 0.9610920879551345 58
1757500386695 1.4946926495150683 59
1757500386810 2.631629858800696 60
1757500386927 1.0927171464761103 61
1757500387037 0.6307320675095325 62
1757500387135 3.3827364949729555 63
1757500387241 0.30517996945584264 64
1757500387346 1.350394331353648 65
1757500387452 2.0248308539882243 66
1757500387556 0.36294511276245994 67
1757500387661 3.37657481369621 68
1757500387767 0.1600903511606048 69
1757500387874 0.039191579074629196 70
1757500387981 2.0771245814925057 71
1757500388105 0.08172990149333084 72
1757500388248 1.2473021462414773 73
1757500388384 2.8560900823771256 74
1757500388503 0.7910697660243934 75
1757500388630 13.461855314793635 76
1757500388749 1.3352869931652935 77
1757500388903 1.273342822385891 78
1757500389049 0.957071100346386 79
1757500389167 0.3684855213376084 80
1757500389280 2.9732555403786467 81
1757500389393 1.3129252321493197 82
1757500389499 0.31728715579640904 83
1757500389606 0.8393332505795016 84
1757500389712 1.6100112644271145 85
1757500389817 0.42237505140566856 86
1757500389997 0.7324602217863122 87
1757500390225 1.9802581028345911 88
1757500390373 1.3362701854756582 89
1757500390530 0.79752846916572 90
1757500390731 0.8385024370139008 91
1757500390867 0.0007919928767755586 92
1757500390991 0.7639523241268102 93
1757500391119 0.4511941946903331 94
1757500391234 2.028107203828268 95
1757500391366 1.6445009482714874 96
1757500391500 2.178478741829388 97
1757500391612 2.142953585837602 98
1757500391722 0.19723332854511225 99
1757500391828 0.008174857760017945 100
1757500391934 0.07396674583727103 101
1757500392049 1.5090853066717713 102
1757500392154 0.4138423539907974 103
1757500392259 0.46013907217078504 104
1757500392363 2.4529477734010636 105
1757500392467 0.35412999137694984 106
1757500392567 0.4160424837505852 107
1757500392668 1.1583103800980232 108
1757500392769 2.8281996105979474 109
1757500392872 0.15651963943707703 110
1757500392976 0.21168050379133835 111
1757500393078 2.710123794243645 112
1757500393177 0.004664469153483908 113
1757500393275 0.4330449824369728 114
1757500393375 0.5248814569974731 115
1757500393470 0.38162206471902876 116
1757500393574 0.0015928682859201134 117
1757500393674 1.3823867726110048 118
1757500393783 0.004209824342341797 119
1757500393879 1.503008297483285 120
1757500393988 0.09594896251950046 121
1757500394104 0.7686033884217953 122
1757500394209 0.3118155458296338 123
1757500394313 0.19296327811303196 124
1757500394409 0.26412340515858357 125
1757500394511 1.1457262357819196 126
1757500394612 0.015739635297480164 127
1757500394715 0.2016352969045832 128
1757500394818 4.843535509170408 129
1757500394921 0.6552521734797327 130
1757500395027 0.8239707117438263 131
1757500395128 4.08036867664579 132
1757500395231 0.36545408159717535 133
1757500395334 3.3886223019773243 134
1757500395439 0.3677399679606899 135
1757500395540 1.5326642262816048 136
1757500395640 0.007925439188593024 137
1757500395743 0.29678266199547254 138
1757500395838 0.11053552057450343 139
1757500395940 4.162158726311075 140
1757500396044 0.1621234455654458 141
1757500396140 0.25272964964148004 142
1757500396240 0.2978043080897448 143
1757500396340 1.4474894562653495 144
1757500396442 1.0513745028825279 145
1757500396545 0.011868490048927422 146
1757500396646 4.835744132670584 147
1757500396749 0.7625099777107579 148
1757500396854 1.7357360645957163 149
1757500396950 1.7844285639696629 150
1757500397061 0.07326811514878306 151
1757500397162 0.22959246066294545 152
1757500397263 0.08979088232915258 153
1757500397363 0.07803716095790093 154
1757500397465 2.089341430280848 155
1757500397562 0.40161225677297546 156
1757500397663 2.913320629048377 157
1757500397757 2.2594845589077712 158
1757500397866 0.39767305625987426 159
1757500397968 0.2862777292867173 160
1757500398109 3.330205617165198 161
1757500398222 2.0837823113132288 162
1757500398333 0.685322514599505 163
1757500398437 0.6850595406368759 164
1757500398552 1.723476586393569 165
1757500398672 2.139003354760312 166
1757500398874 0.5615647864141651 167
1757500399067 0.030801662802769473 168
1757500399208 0.03796055325284245 169
1757500399371 2.1903836933887066 170
1757500399564 3.090259713597575 171
1757500399697 1.1460958909091798 172
1757500399822 0.06300109407780763 173
1757500399942 1.322599999506084 174
1757500400051 0.6736707471387858 175
1757500400172 1.7705559472581478 176
1757500400284 0.7764515475588816 177
1757500400392 1.1642855255573308 178
1757500400497 0.012155750438350665 179
1757500400605 0.3362204796963349 180
1757500400706 0.06750853964819192 181
1757500400893 1.4369316800282994 182
1757500401134 0.016310120000829303 183
1757500401409 0.40681731446644737 184
1757500401615 1.6325946896973167 185
1757500401807 0.1690455165355326 186
1757500401987 0.06548081193311256 187
1757500402170 1.1918341208477736 188
1757500402373 0.17039902267319162 189
1757500402584 0.3651902451750286 190
1757500402825 1.9651469485611888 191
1757500403027 0.24745159668710556 192
1757500403411 0.404391418105719 193
1757500403693 0.36421127357301114 194
1757500403974 0.1704903713437328 195
1757500404201 2.8973383188984903 196
1757500404410 0.011154349952668953 197
1757500404593 0.7414534801413405 198
1757500404772 0.36309178859470215 199
1757500404967 0.16065135775672507 200
1757500405136 1.7133101804854152 201
1757500405317 1.6781443356131986 202
1757500405491 2.0651074192671235 203
1757500405760 0.10268158860349179 204
1757500406017 0.7221350962622753 205
1757500406232 0.23729058125585373 206
1757500406578 0.11438587694710757 207
1757500406920 0.35237621651758244 208
1757500407178 3.3710542672947987 209
1757500407420 0.14761088643211764 210
1757500407760 0.7640449319111403 211
1757500408061 0.485484703054219 212
1757500408419 0.1639537580000955 213
1757500408738 0.11398615781668844 214
1757500409109 2.953409431754263 215
1757500409420 0.06180827557910434 216
1757500409776 0.4674620145471218 217
1757500410041 0.8139017148828479 218
1757500410284 0.7902139514727 219
1757500410512 0.18256565267910502 220
1757500410752 0.7347495581694278 221
1757500410985 0.2738875029288607 222
1757500411222 1.0352122388148781 223
1757500411429 0.22062149286910318 224
1757500411658 0.3163886596346348 225
1757500411930 0.04632017458001429 226
1757500412132 2.9803222592366465 227
1757500412324 1.3633925758240297 228
1757500412533 0.047235364466225234 229
1757500412738 0.279189065797345 230
1757500412908 0.05799048507262749 231
1757500413103 1.130711370062742 232
1757500413268 0.5058964911081747 233
1757500413475 1.001786868063781 234
1757500413648 1.035482333136357 235
1757500413860 0.0037501324194299007 236
1757500414064 0.20974607757983502 237
1757500414394 0.7243948185565102 238
1757500414736 1.1618545922083743 239
1757500415060 0.037749467992519575 240
1757500415391 1.190957646800627 241
1757500415744 0.07610563304769907 242
1757500416124 1.2390615601321766 243
1757500416422 0.010584224303412059 244
1757500416698 1.1141457501871634 245
1757500416959 0.7761527063297428 246
1757500417210 0.07512220254866678 247
1757500417495 0.4864498245227851 248
1757500417803 0.019356020859452525 249
1757500418060 1.1241977946494486 250
1757500418330 0.2333592582972462 251
1757500418587 2.3805415482569754 252
1757500418951 0.15205021271404265 253
1757500419300 0.2740438315271157 254
1757500419602 1.1420713674288792 255
1757500419960 0.3260586304117893 256
1757500420229 5.432208464116436 257
1757500420519 2.2795681607735965 258
1757500420765 0.2879545023439495 259
1757500420973 1.1121401371069601 260
1757500421187 1.1290203158053829 261
1757500421406 1.519141419889701 262
1757500421631 0.00021898396581186344 263
1757500421837 1.2018834268288403 264
1757500422054 1.5246995673940176 265
1757500422268 1.1523719032180268 266
1757500422516 2.704943315920636 267
1757500422749 0.02586529743679589 268
1757500422961 3.7654326543187517 269
1757500423173 1.762811859132859 270
1757500423379 1.4534399993097933 271
1757500423588 0.04825300863158003 272
1757500423808 0.06872110561950968 273
1757500424049 1.022556847449034 274
1757500424261 0.2528308067140763 275
1757500424470 1.525951557550918 276
1757500424703 2.779734332288052 277
1757500424931 1.814430007558021 278
1757500425144 1.4588478490564725 279
1757500425350 2.490295454119505 280
1757500425573 0.9905533048273854 281
1757500425788 0.20224725093232515 282
1757500425980 0.34051255880495557 283
1757500426177 0.40818220255923376 284
1757500426370 0.3831624953399989 285
1757500426570 1.5596298243338143 286
1757500426764 1.7751268990054425 287
1757500426963 2.8514913679041753 288
1757500427156 0.03771423072281026 289
1757500427362 0.7484849118276948 290
1757500427578 0.0018886675124842925 291
1757500427768 9.415644526973429e-05 292
1757500427963 0.6968784422065244 293
1757500428185 1.2584121431288318 294
1757500428391 0.20611419164382888 295
1757500428628 0.1790785562298556 296
1757500428902 0.9457825245003307 297
1757500429170 1.1418816972407648 298
1757500429464 1.161196639442004 299
1757500429906 0.5434221659737284 300
1757500430408 1.0454573074249431 301
1757500430762 0.06536543317785176 302
1757500430996 0.6945995019603084 303
1757500431222 0.054426762281345 304
1757500431431 0.004313563782646432 305
1757500431663 0.40827113271803783 306
1757500431927 1.6586120598361915 307
1757500432189 0.0943707238131991 308
1757500432475 1.3338215007842982 309
1757500432740 0.20886315712398634 310
1757500432992 0.9042799695080533 311
1757500433208 4.574368622207041 312
1757500433429 1.1648402539231373 313
1757500433635 2.479933292343272 314
1757500433854 0.03306098523507744 315
1757500434071 1.6193582388320042 316
1757500434268 1.2295986119715607 317
1757500434523 3.7658161472548537 318
1757500434736 1.2948876113755166 319
1757500435001 0.2521186344417901 320
1757500435238 2.3792880021589338 321
1757500435446 0.83193270660298 322
1757500435645 0.8221647592203534 323
1757500435824 0.6188527719606666 324
1757500436027 1.5189003045564913 325
1757500436335 0.14482549627867508 326
1757500436542 0.05414570674202341 327
1757500436803 0.014941804583368292 328
1757500437013 2.582542542375479 329
1757500437195 1.1312490929372883 330
1757500437384 0.0030381228523340175 331
1757500437592 1.0600806531222804 332
1757500437742 2.530707505751079 333
1757500437895 0.650034544915033 334
1757500438041 0.0007820664906233709 335
1757500438221 0.6485603669513681 336
1757500438397 3.413061449352121 337
1757500438535 3.5157562367128325 338
1757500438680 2.982982461134404 339
1757500438813 2.064864857529875 340
1757500438952 1.4781837716259425 341
1757500439089 16.95151954423142 342
1757500439241 2.2278907900712723 343
1757500439381 0.4038859778113749 344
1757500439550 2.9242017823629434 345
1757500439799 0.009060474995432003 346
1757500440093 0.22343585851414025 347
1757500440348 0.11767638756940245 348
1757500440569 0.8925714967948186 349
1757500440813 0.9987224628901783 350
1757500441111 2.6433463842366582 351
1757500441373 1.013074360728546 352
1757500441600 1.2689087917364008 353
1757500441812 0.17700956563457945 354
1757500442023 0.230688831301782 355
1757500442210 2.826135309665972 356
1757500442368 0.9209392572355707 357
1757500442558 4.604301720490641 358
1757500442746 0.02528831202734968 359
1757500442940 1.716329886964629 360
1757500443100 0.0014855839415778948 361
1757500443252 2.014419233186478 362
1757500443398 3.2069620459209416 363
1757500443545 0.15510328631741205 364
1757500443701 3.1181895021452117 365
1757500443854 1.7113462450272567 366
1757500444019 2.2169979057660534 367
1757500444174 0.9125466796753843 368
1757500444359 1.3317325359317553 369
1757500444703 0.08713767112679364 370
1757500445071 0.16931323502806525 371
1757500445471 1.247086966914854 372
1757500445893 0.3214488864239978 373
1757500446192 1.7369764302574335 374
1757500446491 0.3557087182508382 375
1757500446803 1.947725303500828 376
1757500447030 1.3300919757475298 377
1757500447252 0.31328121697220584 378
1757500447478 1.8830873828131145 379
1757500447691 0.4884349637711489 380
1757500447913 0.011788599096278779 381
1757500448118 1.2764575362648842 382
1757500448329 0.23117037663881262 383
1757500448546 0.3506569506571059 384
1757500448766 1.219792978965949 385
1757500448974 4.134927747711726 386
1757500449170 0.47682404606562373 387
1757500449367 0.00032879744600546555 388
1757500449594 0.36709285005511116 389
1757500449835 0.7281702665581595 390
1757500450121 2.4301445764556213 391
1757500450427 1.0428647708247227 392
1757500450704 0.4127167369920359 393
1757500450988 0.35282735651487573 394
1757500451230 2.8978780941695637 395
1757500451520 1.2282306475781675 396
1757500451825 2.029990663485853 397
1757500452054 0.8210910513113584 398
1757500452281 0.10877215275927335 399
1757500452510 2.1065255314387987 400
1757500452707 2.817610899971666 401
1757500452960 0.6393485158469143 402
1757500453149 1.7597154618480924 403
1757500453321 0.046763524179454646 404
1757500453504 0.010347108856038362 405
1757500453686 2.5202604312050347 406
1757500453871 1.4128148383585852 407
1757500454041 0.24511477028494094 408
1757500454232 18.865869628140725 409
1757500454404 0.8492460931477771 410
1757500454602 0.5873160687172265 411
1757500454835 7.931676465295742 412
1757500455089 0.05967764267275401 413
1757500455372 1.561202970406969 414
1757500455587 3.2295708697740886 415
1757500455797 0.21503057659088254 416
1757500455996 0.06470676429190794 417
1757500456197 0.061918215391024274 418
1757500456398 0.4883627650573188 419
1757500456613 0.06589974747068864 420
1757500456802 0.05138821922749172 421
1757500457000 2.6207314419960537 422
1757500457199 0.7448924800482399 423
1757500457388 1.6684146099531378 424
1757500457563 0.2822283787861848 425
1757500457724 0.43598732564308995 426
1757500457907 0.015636645266603362 427
1757500458092 0.11544699338012647 428
1757500458307 1.6047679138135802 429
1757500458499 1.6039376805102796 430
1757500458686 2.306351788624416 431
1757500458865 1.5356146091031686 432
1757500459104 0.19465088637795747 433
1757500459362 0.019383256957013806 434
1757500459600 0.01688442452426048 435
1757500459839 3.047390768325093 436
1757500460119 1.591382599957322 437
1757500460477 0.7346565917544862 438
1757500460685 0.9380572888742473 439
1757500460991 0.6898781849899108 440
1757500461277 7.391710596547246e-07 441
1757500461526 0.07080672437406119 442
1757500461753 2.2330708927520817 443
1757500461997 0.9248764780158789 444
1757500462190 1.3583165839015303 445
1757500462380 0.0012744211928107714 446
1757500462568 0.734245310619343 447
1757500462735 2.1414147964451833 448
1757500462918 1.5577808935740451 449
1757500463107 2.457093040959303 450
1757500463273 3.259092483328234 451
1757500463464 1.5419674231887848 452
1757500463632 0.0610168028980672 453
1757500463808 1.4125148966579402 454
1757500463980 3.5611385457027565 455
1757500464167 0.5770088049956817 456
1757500464338 0.833869730484626 457
1757500464537 2.873500957456885 458
1757500464734 0.14927171056030175 459
1757500464933 1.200068297414848 460
1757500465095 1.9099726407270832 461
1757500465251 0.020956560417647468 462
1757500465510 0.595185285577422 463
1757500465716 2.154054419242051 464
1757500466126 3.0056724068638445 465
1757500466403 1.3462922852064874 466
1757500466623 2.347716254246765 467
1757500466853 0.29232895719578933 468
1757500467032 0.08356854108189798 469
1757500467207 0.9017329610925628 470
1757500467372 0.4871724947340857 471
1757500467568 0.05912081144129057 472
1757500467767 0.11804404478379829 473
1757500467934 1.542272776337936 474
1757500468123 1.2575488883806496 475
1757500468409 1.4645856630615133 476
1757500468581 1.0699298885804507 477
1757500468851 3.087741987370342 478
1757500469040 1.7556564869727642 479
1757500469216 1.609575328651108 480
1757500469381 0.5494298354994529 481
1757500469520 0.7826004766733998 482
1757500469665 0.003620862841877081 483
1757500469809 0.72475016873198 484
1757500469938 0.4282025151380658 485
1757500470062 0.041300512705764715 486
1757500470186 0.972891444970065 487
1757500470311 0.9227858463515708 488
1757500470431 2.0959324984063104 489
1757500470548 0.17377991501324966 490
1757500470683 0.07527227296237078 491
1757500470835 0.8217492220032837 492
1757500471058 1.9944443231885074 493
1757500471273 1.773228630103756 494
1757500471463 1.2218982777906904 495
1757500471652 0.0035910378397376696 496
1757500471824 1.7794008184948127 497
1757500472000 0.048408825859859186 498
1757500472165 0.46354796092926914 499
