1757478316887 166.81521128976766 0
1757478316917 150.9664039292587 1
1757478316948 144.77730550851794 2
1757478316980 138.73075297139542 3
1757478317010 133.17382829598137 4
1757478317041 128.02556085389134 5
1757478317071 123.26232996139095 6
1757478317102 118.85058552421539 7
1757478317132 114.76009385370045 8
1757478317162 110.96331650146139 9
1757478317199 107.43517950162672 10
1757478317229 104.15284932214806 11
1757478317258 101.09552989671992 12
1757478317287 98.24427810397873 13
1757478317320 95.58183604559687 14
1757478317354 93.09247858921147 15
1757478317386 90.76187478396089 16
1757478317416 88.5769618834227 17
1757478317446 86.52583082625493 18
1757478317475 84.59955355561199 19
1757478317506 82.785430748834 20
1757478317534 81.07529245508317 21
1757478317564 79.46091102072413 22
1757478317593 77.93475293673256 23
1757478317622 76.48994228413667 24
1757478317651 75.12019975198011 25
1757478317679 73.81978922687121 26
1757478317709 72.58346911988454 27
1757478317741 71.40644811117394 28
1757478317772 70.28434490448345 29
1757478317803 69.21315162677922 30
1757478317839 68.18920054121054 31
1757478317870 67.20913377188438 32
1757478317903 66.26987576643523 33
1757478317933 65.36860824735945 34
1757478317963 64.50504990787425 35
1757478317993 63.673428896753634 36
1757478318026 62.87266250574384 37
1757478318055 62.10076346320837 38
1757478318085 61.355890234189175 39
1757478318114 60.6363515174681 40
1757478318143 59.94059143539244 41
1757478318172 59.26717781177137 42
1757478318211 58.6147914019408 43
1757478318240 57.98530650812624 44
1757478318269 57.37294651912428 45
1757478318298 56.778227963352634 46
1757478318328 56.20019171420764 47
1757478318363 55.63795066951456 48
1757478318394 55.09068421355961 49
1757478318424 54.55763209058235 50
1757478318454 54.03808932479869 51
1757478318485 53.531401566142705 52
1757478318516 53.03696084947766 53
1757478318547 52.554201728787724 54
1757478318577 52.082597752599845 55
1757478318607 51.62165824989322 56
1757478318644 51.17092539854822 57
1757478318683 50.72997155092236 58
1757478318723 50.298396793447495 59
1757478318760 49.87582671923759 60
1757478318796 49.46191039460116 61
1757478318832 49.056318502084494 62
1757478318876 48.658741644245154 63
1757478318919 48.268888793786154 64
1757478318957 47.886485876981524 65
1757478318994 47.51127447850649 66
1757478319030 47.14301065685977 67
1757478319068 46.78146386054269 68
1757478319104 46.42641593604823 69
1757478319141 46.077660219519935 70
1757478319178 45.73500070467546 71
1757478319221 45.39825128025644 72
1757478319259 45.06723503087356 73
1757478319297 44.741783595667115 74
1757478319333 44.421736579705495 75
1757478319379 44.10694101349974 76
1757478319418 43.79725085642764 77
1757478319455 43.4925265402376 78
1757478319493 43.192634549146106 79
1757478319532 42.89744703335401 80
1757478319569 42.60684145309126 81
1757478319607 42.32070025055733 82
1757478319644 42.038910547359365 83
1757478319682 41.76136386526416 84
1757478319719 41.48795586827355 85
1757478319758 41.21858612421011 86
1757478319821 40.95315788416054 87
1757478319864 40.691577878270536 88
1757478319910 40.43375612651815 89
1757478319949 40.17960576321327 90
1757478319987 39.929042874081944 91
1757478320053 39.68198634489369 92
1757478320092 39.43835772068184 93
1757478320128 39.19808107468997 94
1757478320167 38.96108288625297 95
1757478320231 38.72729192689031 96
1757478320283 38.49663915395204 97
1757478320321 38.269057611214556 98
1757478320359 38.04448233587602 99
1757478320409 37.822850271447926 100
1757478320447 37.60410018608312 101
1757478320486 37.388172595919556 102
1757478320523 37.175009693054825 103
1757478320562 36.964555277799704 104
1757478320601 36.756754694888016 105
1757478320639 36.55155477334787 106
1757478320678 36.3489037697637 107
1757478320715 36.14875131468129 108
1757478320753 35.95104836192849 109
1757478320793 35.75574714064317 110
1757478320831 35.562801109817 111
1757478320871 35.372164915179425 112
1757478320916 35.1837943482604 113
1757478320955 34.99764630748342 114
1757478320994 34.81367876115257 115
1757478321034 34.63185071220783 116
1757478321073 34.45212216463312 117
1757478321111 34.27445409141053 118
1757478321151 34.09880840392253 119
1757478321190 33.92514792271141 120
1757478321238 33.75343634951255 121
1757478321278 33.583638240484014 122
1757478321317 33.415718980561095 123
1757478321357 33.24964475886976 124
1757478321397 33.085382545137634 125
1757478321446 32.922900067046015 126
1757478321485 32.76216578847009 127
1757478321524 32.60314888855871 128
1757478321564 32.44581924160819 129
1757478321604 32.29014739768823 130
1757478321644 32.1361045639803 131
1757478321684 31.98366258679237 132
1757478321724 31.832793934215612 133
1757478321763 31.68347167939137 134
1757478321802 31.5356694843587 135
1757478321842 31.389361584454694 136
1757478321882 31.244522773241613 137
1757478321923 31.10112838793649 138
1757478321965 30.959154295320356 139
1757478322005 30.818576878105656 140
1757478322046 30.67937302174184 141
1757478322085 30.54152010164009 142
1757478322126 30.40499597079942 143
1757478322166 30.26977894781737 144
1757478322207 30.135847805269485 145
1757478322255 30.003181758442636 146
1757478322297 29.87176045440804 147
1757478322336 29.741563961420717 148
1757478322376 29.61257275863261 149
1757478322417 29.484767726107588 150
1757478322465 29.358130135126817 151
1757478322506 29.232641638773778 152
1757478322546 29.108284262788775 153
1757478322585 28.985040396683047 154
1757478322625 28.8628927851034 155
1757478322665 28.741824519438403 156
1757478322705 28.621819029657793 157
1757478322816 28.5028600763771 158
1757478322894 28.38493174313978 159
1757478323007 28.268018428909624 160
1757478323100 28.152104840766338 161
1757478323188 28.037175986797724 162
1757478323269 27.923217169182013 163
1757478323307 27.810213977454186 164
1757478323343 27.698152281950446 165
1757478323378 27.587018227425233 166
1757478323442 27.476798226835296 167
1757478323493 27.367478955285637 168
1757478323607 27.259047344132444 169
1757478323665 27.151490575238057 170
1757478323708 27.04479607537349 171
1757478323771 26.93895151076395 172
1757478323807 26.833944781773187 173
1757478323864 26.72976401772247 174
1757478323899 26.626397571840275 175
1757478323947 26.523834016338853 176
1757478324021 26.42206213761394 177
1757478324111 26.321070931564105 178
1757478324188 26.22084959902637 179
1757478324247 26.121387541324502 180
1757478324308 26.02267435592719 181
1757478324356 25.924699832212646 182
1757478324432 25.82745394733687 183
1757478324510 25.730926862202548 184
1757478324561 25.63510891752587 185
1757478324611 25.53999062999856 186
1757478324675 25.445562688542417 187
1757478324729 25.351815950653968 188
1757478324777 25.258741438836616 189
1757478324812 25.166330337118097 190
1757478324847 25.07457398765077 191
1757478324941 24.983463887392613 192
1757478325005 24.89299168486677 193
1757478325077 24.803149176997483 194
1757478325111 24.713928306020435 195
1757478325162 24.625321156465535 196
1757478325237 24.537319952210254 197
1757478325314 24.44991705360155 198
1757478325371 24.363104954644786 199
1757478325432 24.276876280257696 200
1757478325513 24.19122378358781 201
1757478325562 24.106140343391743 202
1757478325644 24.021618961474626 203
1757478325689 23.937652760188254 204
1757478325751 23.854234979986376 205
1757478325813 23.771358977035657 206
1757478325896 23.68901822088103 207
1757478325967 23.607206292163838 208
1757478326035 23.525916880391637 209
1757478326098 23.445143781758247 210
1757478326134 23.36488089701284 211
1757478326196 23.285122229376757 212
1757478326278 23.205861882506998 213
1757478326387 23.127094058505076 214
1757478326453 23.048813055970257 215
1757478326505 22.971013268095906 216
1757478326567 22.893689180808085 217
1757478326658 22.81683537094519 218
1757478326709 22.74044650447773 219
1757478326745 22.664517334767183 220
1757478326825 22.58904270086308 221
1757478326937 22.514017525837243 222
1757478326985 22.439436815154426 223
1757478327067 22.3652956550784 224
1757478327165 22.291589211112576 225
1757478327219 22.218312726474487 226
1757478327263 22.14546152060315 227
1757478327321 22.073030987698633 228
1757478327380 22.001016595293034 229
1757478327435 21.92941388285203 230
1757478327509 21.858218460406462 231
1757478327605 21.787426007213046 232
1757478327657 21.71703227044367 233
1757478327750 21.647033063902477 234
1757478327848 21.577424266770187 235
1757478327945 21.508201822374993 236
1757478328006 21.439361736989326 237
1757478328094 21.37090007865203 238
1757478328225 21.302812976015215 239
1757478328291 21.23509661721532 240
1757478328415 21.167747248767732 241
1757478328479 21.100761174484564 242
1757478328569 21.034134754414808 243
1757478328611 20.967864403806676 244
1757478328696 20.90194659209129 245
1757478328773 20.836377841887476 246
1757478328898 20.77115472802707 247
1757478329029 20.706273876600292 248
1757478329126 20.641731964020703 249
1757478329183 20.57752571610937 250
1757478329232 20.513651907197715 251
1757478329283 20.45010735924871 252
1757478329363 20.38688894099594 253
1757478329420 20.32399356710018 254
1757478329541 20.26141819732306 255
1757478329638 20.199159835717445 256
1757478329735 20.137215529834176 257
1757478329810 20.07558236994477 258
1757478329854 20.014257488279767 259
1757478329920 19.95323805828235 260
1757478329985 19.892521293876882 261
1757478330056 19.832104448752105 262
1757478330145 19.771984815658566 263
1757478330218 19.712159725720095 264
1757478330266 19.652626547758864 265
1757478330340 19.59338268763389 266
1757478330408 19.53442558759259 267
1757478330457 19.475752725635104 268
1757478330505 19.417361614891178 269
1757478330557 19.359249803009245 270
1757478330622 19.301414871557558 271
1757478330682 19.243854435436923 272
1757478330771 19.18656614230504 273
1757478330849 19.129547672011952 274
1757478330906 19.072796736046534 275
1757478330974 19.0163110769937 276
1757478331022 18.960088468002176 277
1757478331072 18.904126712262453 278
1757478331133 18.848423642494964 279
1757478331224 18.792977120447976 280
1757478331291 18.73778503640525 281
1757478331373 18.682845308703026 282
1757478331464 18.628155883256383 283
1757478331556 18.57371473309456 284
1757478331635 18.519519857905145 285
1757478331716 18.465569283587023 286
1757478331788 18.41186106181168 287
1757478331859 18.35839326959295 288
1757478331917 18.305164008864814 289
1757478331984 18.25217140606726 290
1757478332046 18.19941361173986 291
1757478332106 18.146888800123055 292
1757478332158 18.09459516876691 293
1757478332213 18.042530938147216 294
1757478332275 17.990694351288706 295
1757478332340 17.939083673395427 296
1757478332464 17.887697191487902 297
1757478332528 17.836533214047087 298
1757478332587 17.785590070664927 299
1757478332636 17.734866111701365 300
1757478332693 17.684359707947777 301
1757478332785 17.634069250296523 302
1757478332850 17.583993149416635 303
1757478332945 17.534129835435493 304
1757478333010 17.48447775762631 305
1757478333072 17.435035384101344 306
1757478333158 17.38580120151077 307
1757478333232 17.336773714747 308
1757478333305 17.287951446654414 309
1757478333377 17.23933293774438 310
1757478333471 17.190916745915434 311
1757478333559 17.14270144617856 312
1757478333644 17.0946856303874 313
1757478333718 17.046867906973386 314
1757478333794 16.99924690068562 315
1757478333866 16.951821252335442 316
1757478333928 16.904589618545586 317
1757478333994 16.857550671503844 318
1757478334064 16.810703098721135 319
1757478334118 16.7640456027939 320
1757478334190 16.71757690117074 321
1757478334248 16.67129572592319 322
1757478334309 16.625200823520615 323
1757478334375 16.57929095460904 324
1757478334459 16.53356489379396 325
1757478334529 16.48802142942694 326
1757478334579 16.442659363396015 327
1757478334652 16.397477510919778 328
1757478334738 16.352474700345066 329
1757478334882 16.307649772948256 330
1757478335034 16.26300158273998 331
1757478335139 16.218528996273303 332
1757478335184 16.174230892455217 333
1757478335226 16.13010616236148 334
1757478335265 16.08615370905461 335
1757478335310 16.04237244740509 336
1757478335349 15.998761303915662 337
1757478335418 15.955319216548649 338
1757478335548 15.912045134556294 339
1757478335618 15.868938018314015 340
1757478335660 15.825996839156511 341
1757478335739 15.783220579216733 342
1757478335784 15.740608231267561 343
1757478335856 15.698158798566277 344
1757478335936 15.655871294701603 345
1757478336001 15.613744743443428 346
1757478336138 15.571778178595089 347
1757478336225 15.529970643848111 348
1757478336342 15.488321192639498 349
1757478336443 15.446828888011375 350
1757478336522 15.405492802473058 351
1757478336612 15.36431201786543 352
1757478336739 15.323285625227603 353
1757478336795 15.28241272466586 354
1757478336909 15.241692425224777 355
1757478337005 15.201123844760493 356
1757478337098 15.160706109816156 357
1757478337143 15.12043835549941 358
1757478337198 15.080319725361957 359
1757478337319 15.040349371281096 360
1757478337423 15.000526453343271 361
1757478337500 14.960850139729542 362
1757478337581 14.921319606602953 363
1757478337663 14.881934037997775 364
1757478337742 14.842692625710567 365
1757478337829 14.803594569193047 366
1757478337871 14.764639075446743 367
1757478337912 14.72582535891934 368
1757478337949 14.68715264140278 369
1757478337987 14.64862015193299 370
1757478338024 14.61022712669128 371
1757478338062 14.57197280890733 372
1757478338101 14.533856448763792 373
1757478338148 14.495877303302413 374
1757478338187 14.458034636331716 375
1757478338226 14.420327718336138 376
1757478338265 14.382755826386706 377
1757478338304 14.34531824405308 378
1757478338343 14.308014261317092 379
1757478338386 14.270843174487615 380
1757478338426 14.233804286116849 381
1757478338466 14.196896904917942 382
1757478338504 14.160120345683906 383
1757478338549 14.123473929207869 384
1757478338588 14.086956982204578 385
1757478338626 14.05056883723317 386
1757478338664 14.014308832621156 387
1757478338705 13.978176312389628 388
1757478338743 13.942170626179658 389
1757478338782 13.906291129179852 390
1757478338821 13.870537182055042 391
1757478338859 13.834908150876128 392
1757478338903 13.799403407051024 393
1757478338943 13.764022327256658 394
1757478338982 13.728764293372093 395
1757478339021 13.693628692412647 396
1757478339060 13.65861491646507 397
1757478339097 13.623722362623738 398
1757478339135 13.588950432927838 399
1757478339171 13.554298534299512 400
1757478339209 13.519766078482997 401
1757478339248 13.485352481984679 402
1757478339284 13.451057166014099 403
1757478339323 13.416879556425856 404
1757478339363 13.382819083662415 405
1757478339403 13.348875182697777 406
1757478339448 13.315047292982065 407
1757478339488 13.28133485838689 408
1757478339527 13.247737327151619 409
1757478339575 13.214254151830431 410
1757478339614 13.180884789240178 411
1757478339655 13.147628700409056 412
1757478339699 13.114485350526069 413
1757478339739 13.081454208891222 414
1757478339780 13.048534748866484 415
1757478339822 13.015726447827527 416
1757478339862 12.983028787116144 417
1757478339904 12.950441251993425 418
1757478339954 12.917963331593592 419
1757478339996 12.885594518878586 420
1757478340037 12.853334310593267 421
1757478340078 12.821182207221367 422
1757478340119 12.789137712942003 423
1757478340160 12.757200335586923 424
1757478340204 12.725369586598339 425
1757478340247 12.69364498098741 426
1757478340288 12.662026037293325 427
1757478340329 12.630512277543009 428
1757478340369 12.599103227211392 429
1757478340410 12.567798415182297 430
1757478340455 12.536597373709895 431
1757478340495 12.5054996383807 432
1757478340535 12.474504748076168 433
1757478340584 12.443612244935798 434
1757478340625 12.412821674320794 435
1757478340664 12.382132584778253 436
1757478340706 12.351544528005874 437
1757478340746 12.32105705881716 438
1757478340786 12.290669735107162 439
1757478340827 12.260382117818692 440
1757478340868 12.23019377090901 441
1757478340910 12.200104261317032 442
1757478340954 12.170113158930972 443
1757478340995 12.140220036556455 444
1757478341036 12.1104244698851 445
1757478341078 12.080726037463524 446
1757478341118 12.051124320662838 447
1757478341164 12.021618903648516 448
1757478341209 11.99220937335073 449
1757478341251 11.962895319435102 450
1757478341297 11.933676334273827 451
1757478341344 11.904552012917286 452
1757478341383 11.875521953065963 453
1757478341426 11.84658575504285 454
1757478341471 11.817743021766132 455
1757478341511 11.788993358722362 456
1757478341552 11.760336373939943 457
1757478341604 11.73177167796298 458
1757478341645 11.703298883825541 459
1757478341686 11.674917607026217 460
1757478341727 11.646627465503071 461
1757478341769 11.618428079608938 462
1757478341809 11.590319072087023 463
1757478341849 11.562300068046877 464
1757478341889 11.534370694940675 465
1757478341931 11.506530582539838 466
1757478341972 11.478779362911961 467
1757478342021 11.451116670398054 468
1757478342065 11.423542141590108 469
1757478342106 11.39605541530894 470
1757478342147 11.368656132582348 471
1757478342187 11.341343936623593 472
1757478342229 11.314118472810097 473
1757478342273 11.286979388662507 474
1757478342315 11.259926333823977 475
1757478342356 11.232958960039772 476
1757478342397 11.206076921137111 477
1757478342439 11.179279873005305 478
1757478342479 11.152567473576122 479
1757478342546 11.125939382804459 480
1757478342598 11.099395262649233 481
1757478342645 11.072934777054547 482
1757478342688 11.046557591931068 483
1757478342730 11.0202633751377 484
1757478342772 10.994051796463452 485
1757478342814 10.967922527609568 486
1757478342855 10.941875242171877 487
1757478342905 10.915909615623388 488
1757478342970 10.890025325297087 489
1757478343017 10.864222050368964 490
1757478343060 10.838499471841294 491
1757478343101 10.812857272526056 492
1757478343143 10.787295137028654 493
1757478343184 10.761812751731775 494
1757478343225 10.736409804779491 495
1757478343268 10.711085986061551 496
1757478343309 10.685840987197876 497
1757478343351 10.660674501523246 498
1757478343392 10.635586224072194 499
