1757503777973 169.25484662757714 0
1757503778028 167.54305718561884 1
1757503778083 165.8668683343258 2
1757503778139 164.21899977931318 3
1757503778195 162.59893762103943 4
1757503778252 161.0061537485069 5
1757503778305 159.44013644698725 6
1757503778362 157.90038387536038 7
1757503778418 156.38640387390222 8
1757503778471 154.89771377582642 9
1757503778524 153.43384022250643 10
1757503778577 151.99431898230668 11
1757503778631 150.57869477295176 12
1757503778683 149.18652108736467 13
1757503778734 147.81736002290614 14
1757503778787 146.4707821139483 15
1757503778858 145.14636616771827 16
1757503778990 143.84369910334672 17
1757503779050 142.56237579405925 18
1757503779104 141.3019989124496 19
1757503779236 140.062178778773 20
1757503779362 138.84253321220237 21
1757503779468 137.642687384988 22
1757503779610 136.46227367946472 23
1757503779682 135.30093154785055 24
1757503779754 134.15830737478254 25
1757503779866 133.03405434253577 26
1757503779981 131.9278322988737 27
1757503780056 130.83930762747775 28
1757503780112 129.7681531209064 29
1757503780167 128.71404785603335 30
1757503780221 127.67667707191771 31
1757503780277 126.65573205005697 32
1757503780330 125.65090999697766 33
1757503780387 124.66191392911699 34
1757503780442 123.68845255995132 35
1757503780498 122.73024018932692 36
1757503780555 121.78699659495078 37
1757503780610 120.85844692599824 38
1757503780667 119.94432159879696 39
1757503780722 119.0443561945462 40
1757503780778 118.15829135903144 41
1757503780832 117.28587270429585 42
1757503780896 116.42685071223016 43
1757503780950 115.58098064004282 44
1757503781007 114.74802242757492 45
1757503781063 113.92774060642252 46
1757503781118 113.11990421083215 47
1757503781172 112.32428669033392 48
1757503781226 111.54066582407893 49
1757503781280 110.76882363684732 50
1757503781334 110.00854631669445 51
1757503781389 109.25962413420312 52
1757503781444 108.52193659626275 53
1757503781499 107.79520470673977 54
1757503781554 107.07923026253664 55
1757503781610 106.37381884136994 56
1757503781666 105.67877972847107 57
1757503781721 104.99392584471622 58
1757503781777 104.31907367615766 59
1757503781831 103.6540432049289 60
1757503781897 102.99865784149685 61
1757503781950 102.35274435823467 62
1757503782004 101.71613282428972 63
1757503782065 101.08865654172068 64
1757503782122 100.47015198288001 65
1757503782177 99.86045872901646 66
1757503782232 99.25941941007427 67
1757503782287 98.6668796456659 68
1757503782341 98.08268798719463 69
1757503782396 97.50669586110537 70
1757503782453 96.93875751324099 71
1757503782508 96.3787299542831 72
1757503782563 95.82647290625569 73
1757503782619 95.28184875007103 74
1757503782674 94.7447224740975 75
1757503782729 94.21496162372935 76
1757503782784 93.69243625193877 77
1757503782840 93.17701887079113 78
1757503782901 92.66858440390465 79
1757503782956 92.16701013983572 80
1757503783011 91.67217568637248 81
1757503783067 91.18396292571796 82
1757503783123 90.70225597054632 83
1757503783179 90.22694112091455 84
1757503783234 89.7579068220132 85
1757503783289 89.29504362273947 86
1757503783343 88.83824413507718 87
1757503783398 88.38740299426698 88
1757503783528 87.94241681975232 89
1757503783634 87.50318417688528 90
1757503783694 87.06960553937779 91
1757503783755 86.64158325248368 92
1757503783838 86.21902149689718 93
1757503783904 85.80182625335377 94
1757503783964 85.38990526792016 95
1757503784024 84.98316801795917 96
1757503784087 84.58152567875716 97
1757503784145 84.18489109080038 98
1757503784200 83.7931787276881 99
1757503784258 83.40630466466959 100
1757503784315 83.02418654779333 101
1757503784373 82.64674356365603 102
1757503784428 82.27389640973992 103
1757503784485 81.90556726532692 104
1757503784543 81.54167976297835 105
1757503784600 81.18215896056894 106
1757503784656 80.82693131386486 107
1757503784714 80.47592464963446 108
1757503784770 80.12906813928194 109
1757503784825 79.78629227299325 110
1757503784883 79.44752883438463 111
1757503784948 79.11271087564374 112
1757503785013 78.78177269315381 113
1757503785070 78.4546498035914 114
1757503785135 78.13127892048848 115
1757503785192 77.81159793125006 116
1757503785248 77.4955458746179 117
1757503785305 77.1830629185722 118
1757503785364 76.8740903386623 119
1757503785419 76.56857049675837 120
1757503785478 76.26644682021548 121
1757503785536 75.96766378144237 122
1757503785595 75.67216687786683 123
1757503785653 75.37990261228992 124
1757503785711 75.09081847362172 125
1757503785768 74.80486291799073 126
1757503785825 74.52198535022004 127
1757503785883 74.24213610566292 128
1757503785949 73.96526643239078 129
1757503786005 73.69132847372681 130
1757503786062 73.42027525111834 131
1757503786121 73.15206064734153 132
1757503786179 72.88663939003168 133
1757503786235 72.6239670355331 134
1757503786292 72.36399995306193 135
1757503786350 72.10669530917633 136
1757503786407 71.8520110525473 137
1757503786463 71.59990589902519 138
1757503786521 71.35033931699535 139
1757503786577 71.10327151301766 140
1757503786635 70.85866341774437 141
1757503786691 70.61647667211079 142
1757503786751 70.3766736137935 143
1757503786807 70.13921726393085 144
1757503786864 69.90407131410073 145
1757503786922 69.67120011355061 146
1757503786987 69.44056865667453 147
1757503787044 69.21214257073304 148
1757503787099 68.98588810381048 149
1757503787157 68.7617721130056 150
1757503787213 68.53976205285065 151
1757503787270 68.31982596395456 152
1757503787327 68.10193246186601 153
1757503787414 67.88605072615182 154
1757503787481 67.67215048968664 155
1757503787552 67.46020202814991 156
1757503787629 67.25017614972579 157
1757503787696 67.04204418500237 158
1757503787759 66.83577797706612 159
1757503787828 66.6313498717878 160
1757503787899 66.42873270829627 161
1757503787961 66.22789980963613 162
1757503788036 66.02882497360622 163
1757503788099 65.83148246377485 164
1757503788180 65.63584700066869 165
1757503788262 65.44189375313191 166
1757503788321 65.24959832985205 167
1757503788379 65.05893677104962 168
1757503788434 64.86988554032807 169
1757503788492 64.68242151668113 170
1757503788559 64.49652198665443 171
1757503788647 64.31216463665812 172
1757503788718 64.12932754542827 173
1757503788776 63.9479891766332 174
1757503788833 63.76812837162277 175
1757503788892 63.58972434231728 176
1757503788951 63.412756664233534 177
1757503789017 63.237205269645415 178
1757503789088 63.06305044087612 179
1757503789149 62.89027280371984 180
1757503789206 62.71885332099002 181
1757503789263 62.54877328619202 182
1757503789320 62.38001431731752 183
1757503789379 62.21255835075856 184
1757503789437 62.04638763533869 185
1757503789494 61.8814847264589 186
1757503789553 61.717832480356414 187
1757503789610 61.55541404847381 188
1757503789723 61.394212871936546 189
1757503789870 61.234212676136636 190
1757503790064 61.075397465420544 191
1757503790230 60.91775151787915 192
1757503790300 60.76125938023794 193
1757503790362 60.605905862845326 194
1757503790429 60.451676034757305 195
1757503790550 60.29855521891655 196
1757503790662 60.14652898742402 197
1757503790727 59.995583156901475 198
1757503790827 59.84570378394292 199
1757503790888 59.69687716065346 200
1757503790951 59.549089810273585 201
1757503791010 59.40232848288763 202
1757503791076 59.25658015121437 203
1757503791136 59.11183200647844 204
1757503791195 58.968071454360796 205
1757503791255 58.82528611102694 206
1757503791313 58.68346379923111 207
1757503791373 58.54259254449528 208
1757503791432 58.40266057136107 209
1757503791503 58.26365629971375 210
1757503791570 58.12556834117637 211
1757503791636 57.98838549557302 212
1757503791707 57.85209674745974 213
1757503791768 57.716691262721724 214
1757503791830 57.58215838523575 215
1757503791890 57.44848763359625 216
1757503791949 57.315668697904044 217
1757503792010 57.18369143661646 218
1757503792081 57.05254587345757 219
1757503792142 56.92222219438742 220
1757503792203 56.79271074462923 221
1757503792266 56.66400202575323 222
1757503792326 56.53608669281613 223
1757503792383 56.408955551555316 224
1757503792442 56.28259955563632 225
1757503792505 56.15700980395299 226
1757503792565 56.032177537978946 227
1757503792625 55.9080941391696 228
1757503792691 55.78475112641362 229
1757503792753 55.66214015353291 230
1757503792811 55.54025300683028 231
1757503792870 55.41908160268356 232
1757503792931 55.29861798518576 233
1757503792990 55.17885432382988 234
1757503793049 55.059782911237875 235
1757503793128 54.941396160932676 236
1757503793191 54.823686605152666 237
1757503793252 54.70664689270749 238
1757503793312 54.590269786874764 239
1757503793379 54.474548163336486 240
1757503793439 54.35947500815486 241
1757503793500 54.245043415786235 242
1757503793562 54.13124658713291 243
1757503793622 54.018077827631714 244
1757503793683 53.905530545378866 245
1757503793748 53.79359824929038 246
1757503793811 53.68227454729721 247
1757503793874 53.571553144574544 248
1757503793934 53.461427841804706 249
1757503793999 53.35189253347275 250
1757503794059 53.24294120619444 251
1757503794129 53.134567937075616 252
1757503794190 53.026766892102714 253
1757503794252 52.919532324563626 254
1757503794312 52.81285857349826 255
1757503794371 52.706740062178476 256
1757503794430 52.601171296616535 257
1757503794488 52.49614686410184 258
1757503794548 52.39166143176499 259
1757503794607 52.287709745169096 260
1757503794666 52.18428662692754 261
1757503794727 52.08138697534764 262
1757503794788 51.97900576309999 263
1757503794850 51.87713803591266 264
1757503794909 51.77577891129002 265
1757503794968 51.67492357725553 266
1757503795028 51.57456729111828 267
1757503795087 51.47470537826252 268
1757503795154 51.37533323095991 269
1757503795215 51.276446307204125 270
1757503795275 51.178040129567194 271
1757503795334 51.080110284077286 272
1757503795394 50.98265241911748 273
1757503795455 50.88566224434517 274
1757503795515 50.78913552963163 275
1757503795574 50.69306810402143 276
1757503795635 50.59745585471123 277
1757503795695 50.50229472604767 278
1757503795756 50.407580718543976 279
1757503795816 50.31330988791485 280
1757503795876 50.219478344129364 281
1757503795936 50.126082250481495 282
1757503795996 50.03311782267798 283
1757503796057 49.940581327943086 284
1757503796117 49.84846908414006 285
1757503796186 49.7567774589089 286
1757503796250 49.66550286882014 287
1757503796310 49.5746417785443 288
1757503796370 49.4841907000368 289
1757503796430 49.394146191737946 290
1757503796490 49.30450485778772 291
1757503796550 49.21526334725514 292
1757503796610 49.12641835338186 293
1757503796671 49.03796661283974 294
1757503796732 48.94990490500219 295
1757503796794 48.86223005122889 296
1757503796854 48.77493891416377 297
1757503796914 48.688028397045855 298
1757503796975 48.601495443032924 299
1757503797035 48.515337034537566 300
1757503797096 48.42955019257537 301
1757503797164 48.3441319761253 302
1757503797224 48.25907948150159 303
1757503797286 48.17438984173734 304
1757503797347 48.09006022597938 305
1757503797407 48.0060878388942 306
1757503797466 47.92246992008475 307
1757503797527 47.83920374351801 308
1757503797587 47.756286616962925 309
1757503797648 47.673715881438675 310
1757503797709 47.59148891067299 311
1757503797772 47.509603110570445 312
1757503797831 47.428055918690234 313
1757503797898 47.34684480373374 314
1757503797959 47.265967265041226 315
1757503798019 47.185420832097755 316
1757503798079 47.10520306404813 317
1757503798152 47.02531154922057 318
1757503798219 46.94574390465906 319
1757503798296 46.8664977756642 320
1757503798364 46.78757083534235 321
1757503798427 46.70896078416295 322
1757503798489 46.630665349523795 323
1757503798550 46.55268228532431 324
1757503798612 46.47500937154627 325
1757503798675 46.397644413842386 326
1757503798743 46.320585243132044 327
1757503798810 46.24382971520448 328
1757503798872 46.167375710329054 329
1757503798935 46.09122113287252 330
1757503798996 46.01536391092308 331
1757503799057 45.93980199592137 332
1757503799119 45.86453336229789 333
1757503799188 45.789556007116985 334
1757503799279 45.7148679497272 335
1757503799361 45.64046723141788 336
1757503799446 45.56635191508185 337
1757503799521 45.49252008488417 338
1757503799597 45.41896984593675 339
1757503799676 45.345699323978785 340
1757503799745 45.27270666506282 341
1757503799821 45.1999900352464 342
1757503799897 45.12754762028929 343
1757503799958 45.05537762535581 344
1757503800018 44.98347827472279 345
1757503800081 44.91184781149231 346
1757503800142 44.8404844973098 347
1757503800212 44.76938661208697 348
1757503800281 44.69855245372961 349
1757503800430 44.62798033787032 350
1757503800605 44.557668597605684 351
1757503800723 44.48761558323833 352
1757503800848 44.41781966202333 353
1757503800923 44.348279217919085 354
1757503801041 44.27899265134261 355
1757503801364 44.20995837892904 356
1757503801571 44.14117483329528 357
1757503801731 44.07264046280796 358
1757503801873 44.00435373135522 359
1757503801943 43.936313118122555 360
1757503802009 43.868517117372534 361
1757503802072 43.80096423822837 362
1757503802135 43.733653004461154 363
1757503802202 43.66658195428086 364
1757503802276 43.59974964013087 365
1757503802342 43.53315462848612 366
1757503802406 43.46679549965465 367
1757503802503 43.40067084758261 368
1757503802621 43.33477927966258 369
1757503802726 43.269119416545216 370
1757503802791 43.203689891954056 371
1757503802856 43.13848935250358 372
1757503802920 43.073516457520256 373
1757503802985 43.00876987886675 374
1757503803048 42.94424830076908 375
1757503803115 42.879950419646654 376
1757503803180 42.81587494394526 377
1757503803248 42.752020593972894 378
1757503803325 42.68838610173827 379
1757503803391 42.62497021079218 380
1757503803455 42.56177167607137 381
1757503803517 42.498789263745266 382
1757503803581 42.436021751065034 383
1757503803643 42.3734679262153 384
1757503803706 42.311126588168406 385
1757503803800 42.248996546540916 386
1757503803865 42.18707662145273 387
1757503803928 42.125365643388385 388
1757503803991 42.06386245306074 389
1757503804055 42.00256590127692 390
1757503804118 41.9414748488064 391
1757503804183 41.88058816625146 392
1757503804248 41.81990473391952 393
1757503804320 41.75942344169782 394
1757503804387 41.69914318893 395
1757503804451 41.63906288429478 396
1757503804514 41.57918144568662 397
1757503804577 41.519497800098314 398
1757503804641 41.46001088350555 399
1757503804706 41.40071964075322 400
1757503804771 41.34162302544381 401
1757503804835 41.28271999982733 402
1757503804899 41.22400953469326 403
1757503804963 41.16549060926415 404
1757503805026 41.10716221109081 405
1757503805088 41.04902333594951 406
1757503805150 40.991072987740445 407
1757503805215 40.93331017838817 408
1757503805275 40.8757339277434 409
1757503805346 40.81834326348643 410
1757503805410 40.761137221032264 411
1757503805473 40.70411484343695 412
1757503805536 40.64727518130565 413
1757503805600 40.5906172927021 414
1757503805665 40.534140243059426 415
1757503805728 40.47784310509246 416
1757503805792 40.42172495871142 417
1757503805859 40.36578489093688 418
1757503805923 40.310021995816136 419
1757503805986 40.25443537434091 420
1757503806051 40.19902413436621 421
1757503806116 40.14378739053063 422
1757503806180 40.08872426417771 423
1757503806244 40.03383388327866 424
1757503806308 39.97911538235614 425
1757503806383 39.92456790240939 426
1757503806446 39.87019059084037 427
1757503806512 39.815982601381016 428
1757503806575 39.76194309402179 429
1757503806639 39.70807123494111 430
1757503806704 39.65436619643598 431
1757503806768 39.60082715685367 432
1757503806832 39.54745330052435 433
1757503806899 39.49424381769487 434
1757503806962 39.44119790446337 435
1757503807026 39.38831476271509 436
1757503807091 39.33559360005893 437
1757503807154 39.283033629765086 438
1757503807218 39.230634070703616 439
1757503807281 39.17839414728385 440
1757503807353 39.126313089394756 441
1757503807439 39.07439013234621 442
1757503807521 39.022624516811035 443
1757503807640 38.971015488768025 444
1757503807713 38.919562299445694 445
1757503807778 38.86826420526692 446
1757503807841 38.81712046779437 447
1757503807905 38.766130353676736 448
1757503807970 38.71529313459571 449
1757503808033 38.66460808721383 450
1757503808097 38.61407449312289 451
1757503808218 38.56369163879339 452
1757503808289 38.51345881552434 453
1757503808355 38.46337531939413 454
1757503808430 38.413440451211926 455
1757503808509 38.3636535164697 456
1757503808574 38.31401382529514 457
1757503808640 38.26452069240507 458
1757503808746 38.21517343705954 459
1757503808815 38.16597138301665 460
1757503808886 38.11691385848795 461
1757503808953 38.06800019609443 462
1757503809019 38.019229732823206 463
1757503809086 37.970601809984764 464
1757503809152 37.92211577317076 465
1757503809216 37.873770972212505 466
1757503809281 37.82556676113993 467
1757503809348 37.77750249814114 468
1757503809428 37.72957754552257 469
1757503809511 37.68179126966957 470
1757503809579 37.634143041007725 471
1757503809644 37.58663223396446 472
1757503809739 37.539258226931345 473
1757503809812 37.492020402226835 474
1757503809887 37.44491814605952 475
1757503809960 37.39795084849189 476
1757503810029 37.351117903404536 477
1757503810094 37.30441870846088 478
1757503810160 37.257852665072335 479
1757503810229 37.21141917836395 480
1757503810292 37.165117657140534 481
1757503810356 37.118947513853115 482
1757503810435 37.07290816456599 483
1757503810500 37.026999028924074 484
1757503810565 36.9812195301208 485
1757503810631 36.93556909486629 486
1757503810696 36.89004715335604 487
1757503810762 36.84465313924002 488
1757503810826 36.7993864895921 489
1757503810891 36.754246644879885 490
1757503810957 36.70923304893499 491
1757503811042 36.664345148923616 492
1757503811116 36.61958239531755 493
1757503811188 36.57494424186556 494
1757503811277 36.53043014556502 495
1757503811355 36.48603956663405 496
1757503811446 36.44177196848388 497
1757503811520 36.39762681769166 498
1757503811594 36.35360358397353 499
