1757434960812 169.85644005248437 0
1757434960857 169.8361989535011 1
1757434960904 169.82369828153568 2
1757434960961 169.81130444226096 3
1757434961009 169.79906111275875 4
1757434961055 169.78696615347602 5
1757434961104 169.77501773055886 6
1757434961150 169.76321403128225 7
1757434961196 169.7515532655413 8
1757434961242 169.74003366555715 9
1757434961288 169.72865348559722 10
1757434961332 169.71741100169925 11
1757434961374 169.7063045113989 12
1757434961421 169.69533233346033 13
1757434961464 169.68449280761058 14
1757434961509 169.67378429427725 15
1757434961551 169.66320517432902 16
1757434961593 169.65275384882005 17
1757434961637 169.64242873873724 18
1757434961680 169.6322282847506 19
1757434961723 169.62215094696705 20
1757434961765 169.6121952046869 21
1757434961806 169.602359556164 22
1757434961849 169.59264251836802 23
1757434961892 169.58304262675063 24
1757434961936 169.57355843501398 25
1757434961988 169.56418851488232 26
1757434962030 169.55493145587658 27
1757434962072 169.54578586509152 28
1757434962113 169.53675036697595 29
1757434962153 169.52782360311545 30
1757434962194 169.519004232018 31
1757434962238 169.51029092890232 32
1757434962281 169.50168238548864 33
1757434962327 169.49317730979232 34
1757434962373 169.48477442592002 35
1757434962422 169.47647247386837 36
1757434962468 169.46827020932508 37
1757434962513 169.46016640347278 38
1757434962557 169.45215984279517 39
1757434962600 169.44424932888546 40
1757434962647 169.43643367825774 41
1757434962694 169.42871172215987 42
1757434962738 169.42108230638956 43
1757434962782 169.41354429111232 44
1757434962827 169.40609655068155 45
1757434962870 169.3987379734614 46
1757434962914 169.39146746165147 47
1757434962963 169.38428393111363 48
1757434963021 169.3771863112013 49
1757434963071 169.37017354459078 50
1757434963120 169.36324458711465 51
1757434963168 169.35639840759717 52
1757434963216 169.3496339876918 53
1757434963258 169.34295032172122 54
1757434963301 169.3363464165182 55
1757434963345 169.32982129127 56
1757434963389 169.3233739773633 57
1757434963434 169.31705035355643 58
1757434963480 169.31077730623778 59
1757434963525 169.30457872217463 60
1757434963569 169.2984534108453 61
1757434963612 169.29240047841557 62
1757434963655 169.28641904000776 63
1757434963699 169.28050822172725 64
1757434963743 169.27466716051075 65
1757434963786 169.26889500399128 66
1757434963827 169.26319091036493 67
1757434963869 169.25755404825875 68
1757434963910 169.25198359660138 69
1757434963955 169.24647874449371 70
1757434964007 169.24103869108293 71
1757434964051 169.2356626454366 72
1757434964093 169.23034982641937 73
1757434964136 169.22509946257068 74
1757434964179 169.21991079198423 75
1757434964384 169.21478306218887 76
1757434964479 169.20971553003093 77
1757434964578 169.20470746155814 78
1757434964710 169.19975813190496 79
1757434964762 169.19486682517933 80
1757434964822 169.1900328343508 81
1757434964926 169.18525546114 82
1757434965035 169.18053401590996 83
1757434965091 169.17586781755796 84
1757434965145 169.17125619340942 85
1757434965198 169.166698479113 86
1757434965248 169.16219401853655 87
1757434965296 169.15774216366506 88
1757434965341 169.1533422744994 89
1757434965387 169.1489937189565 90
1757434965432 169.14469587277048 91
1757434965478 169.1404481193958 92
1757434965523 169.13624984991063 93
1757434965568 169.1321004629221 94
1757434965610 169.12799936447243 95
1757434965653 169.1239459679465 96
1757434965695 169.1199396939803 97
1757434965738 169.1159799703706 98
1757434965783 169.11206623198578 99
1757434965827 169.10819792067798 100
1757434965870 169.10437448519582 101
1757434965912 169.10059538109886 102
1757434965955 169.09686007067242 103
1757434965999 169.09316802284442 104
1757434966050 169.08951871310205 105
1757434966096 169.08591162341054 106
1757434966139 169.08234624213245 107
1757434966183 169.07882206394788 108
1757434966226 169.0753385897762 109
1757434966269 169.07189532669787 110
1757434966312 169.06849178787823 111
1757434966357 169.0651274924917 112
1757434966402 169.06180196564665 113
1757434966445 169.05851473831208 114
1757434966490 169.0552653472443 115
1757434966535 169.0520533349152 116
1757434966579 169.04887824944095 117
1757434966622 169.0459452721913 118
1757434966665 169.04294162035634 119
1757434966707 169.0399725324299 120
1757434966750 169.0370370203861 121
1757434966791 169.03413468523453 122
1757434966832 169.03126512939298 123
1757434966873 169.02842796018157 124
1757434966915 169.02562278973974 125
1757434966959 169.02284923496694 126
1757434967002 169.02010691746335 127
1757434967043 169.0173954634718 128
1757434967091 169.0147145038199 129
1757434967135 169.01206367386348 130
1757434967186 169.00944261343025 131
1757434967234 169.00685096676463 132
1757434967281 169.00428838247257 133
1757434967325 169.0017545134678 134
1757434967369 168.99924901691844 135
1757434967417 168.99677155419408 136
1757434967466 168.99432179081379 137
1757434967514 168.99189939639484 138
1757434967563 168.98950404460166 139
1757434967610 168.98713541309587 140
1757434967657 168.98482384248314 141
1757434967705 168.98252264079503 142
1757434967751 168.9802471086515 143
1757434967795 168.97799688373632 144
1757434967844 168.9757716644619 145
1757434967890 168.97357115274872 146
1757434967934 168.97139505417346 147
1757434967983 168.96924307792307 148
1757434968032 168.96711493674994 149
1757434968100 168.9650103469277 150
1757434968145 168.96292902820753 151
1757434968191 168.96087070377502 152
1757434968239 168.95883510020755 153
1757434968283 168.95682194743233 154
1757434968329 168.95483097868473 155
1757434968374 168.95286193046724 156
1757434968419 168.95091454250905 157
1757434968464 168.94898855772607 158
1757434968508 168.94708372218128 159
1757434968571 168.9451997850458 160
1757434968625 168.94333649856037 161
1757434968676 168.94149361799734 162
1757434968730 168.93967090162286 163
1757434968788 168.93786811066016 164
1757434968945 168.9360850092526 165
1757434969057 168.9343213644275 166
1757434969160 168.93257694606058 167
1757434969224 168.93085152684054 168
1757434969288 168.92914488223428 169
1757434969367 168.92745679045237 170
1757434969489 168.92578703241514 171
1757434969599 168.92413539171918 172
1757434969705 168.9225016546041 173
1757434969796 168.92088560991982 174
1757434969907 168.91928704909418 175
1757434969964 168.91770576610122 176
1757434970021 168.9161415574294 177
1757434970076 168.9145942220507 178
1757434970134 168.9130635613896 179
1757434970189 168.91154937929318 180
1757434970240 168.9100514820005 181
1757434970290 168.90856967811362 182
1757434970338 168.90710377856792 183
1757434970386 168.90565359660343 184
1757434970434 168.9042189477363 185
