1757432300073 160.48215715838248 0
1757432300138 159.3584766246388 1
1757432300184 158.7192255232445 2
1757432300248 158.08222536428275 3
1757432300323 157.44757342465013 4
1757432300385 156.8152601190604 5
1757432300433 156.18527667950332 6
1757432300486 155.55761446166974 7
1757432300535 154.93226494763806 8
1757432300580 154.30921974403944 9
1757432300627 153.68847058027774 10
1757432300692 153.07000930677535 11
1757432300771 152.4538278932428 12
1757432300840 151.83991842697318 13
1757432300912 151.22827311116092 14
1757432300964 150.61888426324353 15
1757432301019 150.01174431326768 16
1757432301073 149.40684580227722 17
1757432301138 148.80418138072517 18
1757432301193 148.20374380690689 19
1757432301290 147.6055259454165 20
1757432301381 147.00952076562416 21
1757432301457 146.41572134017554 22
1757432301557 145.82412084351185 23
1757432301646 145.23471255041142 24
1757432301731 144.6474898345512 25
1757432301823 144.06244616708932 26
1757432301900 143.4795751152668 27
1757432301972 142.89887034102995 28
1757432302042 142.32032559967132 29
1757432302115 141.74393473849062 30
1757432302185 141.16969169547414 31
1757432302250 140.59759049799283 32
1757432302323 140.02762526151892 33
1757432302401 139.45979018836087 34
1757432302501 138.8940795664156 35
1757432302563 138.330487767939 36
1757432302635 137.76900924833348 37
1757432302740 137.20963854495284 38
1757432302832 136.65237027592383 39
1757432302903 136.0971991389846 40
1757432302959 135.54411991033953 41
1757432303039 134.99312744353017 42
1757432303096 134.44421666832218 43
1757432303171 133.8973825896082 44
1757432303354 133.35262028632613 45
1757432303442 132.80992491039243 46
1757432303488 132.2692916856512 47
1757432303539 131.73071590683756 48
1757432303643 131.19419293855586 49
1757432303706 130.65971821427254 50
1757432303788 130.12728723532308 51
1757432303895 129.59689556993305 52
1757432303954 129.06853885225308 53
1757432303998 128.54221278140753 54
1757432304061 128.01791312055653 55
1757432304136 127.49563569597144 56
1757432304212 126.97537639612345 57
1757432304265 126.45713117078486 58
1757432304318 125.94089603014342 59
1757432304393 125.42666704392904 60
1757432304478 124.91444034055301 61
1757432304525 124.40421210625927 62
1757432304574 123.8959785842879 63
1757432304629 123.3897360740504 64
1757432304694 122.88548093031676 65
1757432304762 122.38320956241388 66
1757432304823 121.8829184334356 67
1757432304882 121.38460405946385 68
1757432304924 120.8882630088008 69
1757432304981 120.39389190121213 70
1757432305029 119.90148740718077 71
1757432305107 119.41104624717147 72
1757432305163 118.92256519090573 73
1757432305234 118.43604105664713 74
1757432305314 117.95147071049664 75
1757432305375 117.46885106569812 76
1757432305446 116.98817908195369 77
1757432305494 116.50945176474875 78
1757432305568 116.03266616468663 79
1757432305622 115.55781937683282 80
1757432305673 115.0849085400684 81
1757432305732 114.61393083645271 82
1757432305779 114.14488349059515 83
1757432305825 113.67776376903589 84
1757432305889 113.21256897963539 85
1757432305947 112.74929647097267 86
1757432305995 112.28794363175203 87
1757432306042 111.82850789021845 88
1757432306087 111.37098671358108 89
1757432306144 110.91537760744512 90
1757432306204 110.46167811525173 91
1757432306268 110.00988581772594 92
1757432306325 109.55999833233248 93
1757432306400 109.11201331273928 94
1757432306446 108.66592844828872 95
1757432306506 108.2217414634764 96
1757432306567 107.7794501174373 97
1757432306639 107.33905220343945 98
1757432306712 106.90054554838447 99
1757432306801 106.46392801231586 100
1757432306864 106.02919748793349 101
1757432306928 105.59635190011585 102
1757432306996 105.1653892054486 103
1757432307053 104.73630739176004 104
1757432307114 104.30910447766318 105
1757432307181 103.88377851210447 106
1757432307239 103.46032757391883 107
1757432307293 103.03874977139112 108
1757432307360 102.61904324182402 109
1757432307420 102.20120615111175 110
1757432307503 101.78523669332031 111
1757432307612 101.37113309027339 112
1757432307769 100.9588935911445 113
1757432307888 100.54851647205464 114
1757432308022 100.14000003567607 115
1757432308149 99.73334261084139 116
1757432308250 99.32854255215864 117
1757432308352 98.92559823963154 118
1757432308401 98.52450807828548 119
1757432308450 98.12527049779855 120
1757432308525 97.72788395213831 121
1757432308597 97.33234691920329 122
1757432308656 96.93865790047002 123
1757432308716 96.5468154206449 124
1757432308786 96.15681802732121 125
1757432308836 95.76866429064093 126
1757432308927 95.38235280296149 127
1757432309001 94.99788217852743 128
1757432309071 94.61525105314641 129
1757432309117 94.23445808387032 130
1757432309193 93.85550194868078 131
1757432309245 93.478381346179 132
1757432309291 93.10309499528051 133
1757432309346 92.72964163491383 134
1757432309403 92.35802002372385 135
1757432309526 91.98822893977925 136
1757432309612 91.62026718028426 137
1757432309699 91.25413356129451 138
1757432309796 90.88982691743702 139
1757432309877 90.52734610163418 140
1757432309927 90.1666899848318 141
1757432309996 89.80785745573091 142
1757432310064 89.45084742052369 143
1757432310114 89.09565880263294 144
1757432310164 88.7422905424555 145
1757432310217 88.39074159710937 146
1757432310291 88.04101094018424 147
1757432310360 87.69309756149612 148
1757432310414 87.34700046684486 149
1757432310472 87.00271867777582 150
1757432310529 86.66025123134456 151
1757432310594 86.31959717988505 152
1757432310652 85.98075559078138 153
1757432310711 85.64372554624255 154
1757432310795 85.30850614308058 155
1757432310861 84.97509649249204 156
1757432310914 84.64349571984245 157
1757432310983 84.313702964454 158
1757432311068 83.98571737939622 159
1757432311152 83.65953813127986 160
1757432311225 83.33516440005356 161
1757432311313 83.01259537880362 162
1757432311374 82.6918302735566 163
1757432311453 82.37286830308487 164
1757432311504 82.05570869871471 165
1757432311583 81.74035070413773 166
1757432311650 81.42679357522448 167
1757432311706 81.11504415390735 168
1757432311783 80.80521096801098 169
1757432311850 80.49723786673724 170
1757432311927 80.19112487554497 171
1757432311990 79.88687200434434 172
1757432312066 79.58447926359675 173
1757432312132 79.28394666416254 174
1757432312187 78.98527421729378 175
1757432312255 78.68846193462578 176
1757432312316 78.39350982816904 177
1757432312503 78.1004179103012 178
1757432312610 77.80918619375899 179
1757432312655 77.51981469163056 180
1757432312707 77.23230341734777 181
1757432312846 76.94665238467853 182
1757432312960 76.66286160771949 183
1757432313048 76.38093110088857 184
1757432313121 76.10086087891781 185
1757432313204 75.82265095684632 186
1757432313280 75.54630135001307 187
1757432313347 75.27181207405025 188
1757432313426 74.99918314487627 189
1757432313479 74.72841457868927 190
1757432313565 74.45950639196039 191
1757432313637 74.19245860142739 192
1757432313698 73.92727122408822 193
1757432313749 73.66394427719482 194
1757432313814 73.40247777824683 195
1757432313862 73.14287174498573 196
1757432313921 72.88512619538851 197
1757432313971 72.62924114766217 198
1757432314033 72.37521662023768 199
1757432314127 72.12305263176434 200
1757432314208 71.87285969109 201
1757432314299 71.6255056112292 202
1757432314359 71.38028595929467 203
1757432314439 71.13712482468272 204
1757432314497 70.89593003898364 205
1757432314570 70.65661774056976 206
1757432314642 70.4191107925386 207
1757432314692 70.18333828919454 208
1757432314751 69.94923506247322 209
1757432314807 69.71674122837322 210
1757432314864 69.4858017687016 211
1757432314919 69.25636614546129 212
1757432314988 69.0283879453494 213
1757432315050 68.801824552033 214
1757432315106 68.57663684404896 215
1757432315162 68.35278891634069 216
1757432315233 68.13024782359844 217
1757432315319 67.90898334371106 218
1757432315379 67.68896775976768 219
1757432315433 67.47017565916929 220
1757432315493 67.25258374852014 221
1757432315582 67.03617068307312 222
1757432315674 66.8209169095969 223
1757432315742 66.60680452162096 224
1757432315808 66.39381712609477 225
1757432315868 66.18193972057273 226
1757432315938 65.97115858010395 227
1757432316013 65.76146115307131 228
1757432316095 65.55283596528079 229
1757432316151 65.34527253165777 230
1757432316225 65.13876127495584 231
1757432316285 64.93329345093038 232
1757432316397 64.7288610794711 233
1757432316480 64.52545688122738 234
1757432316548 64.32307421929615 235
1757432316649 64.12170704557563 236
1757432316744 63.92134985141891 237
1757432316830 63.721997622249646 238
1757432316916 63.52364579582891 239
1757432316990 63.32629022388583 240
1757432317101 63.12992713684716 241
1757432317303 62.93455311142183 242
1757432317434 62.74016504081514 243
1757432317540 62.54676010736494 244
1757432317623 62.35433575740838 245
1757432317705 62.16288967820274 246
1757432317766 61.972419776737496 247
1757432317821 61.78292416028754 248
1757432317878 61.59440111856934 249
1757432317952 61.406849107372445 250
1757432318023 61.2202667335487 251
1757432318099 61.034652741250945 252
1757432318178 60.8500059993214 253
1757432318243 60.666325489737304 254
1757432318323 60.48361029702967 255
1757432318385 60.3018595985962 256
1757432318434 60.12107265583713 257
1757432318498 59.94124880604695 258
1757432318570 59.76238745500143 259
1757432318630 59.58448807018335 260
1757432318702 59.40755017459504 261
1757432318794 59.23157334111019 262
1757432318853 59.05655718732079 263
1757432318932 58.88250137083851 264
1757432319003 58.709405585013734 265
1757432319078 58.53726955503722 266
1757432319139 58.36609303439352 267
1757432319205 58.19587580163636 268
1757432319259 58.02661765745976 269
1757432319341 57.85831842203992 270
1757432319415 57.69107431621539 271
1757432319471 57.52486214235976 272
1757432319528 57.359666325557974 273
1757432319581 57.1954854150734 274
1757432319647 57.03231784108527 275
1757432319733 56.87016204541855 276
1757432319816 56.70901647686285 277
1757432319890 56.548879591290685 278
1757432319941 56.38974985159144 279
1757432319991 56.231625727637706 280
1757432320073 56.07450569627105 281
1757432320143 55.918388241305045 282
1757432320224 55.763271853543024 283
1757432320302 55.609422566761445 284
1757432320367 55.45695309665572 285
1757432320426 55.30568623319845 286
1757432320498 55.15559769665158 287
1757432320566 55.00666222645107 288
1757432320631 54.85885555554706 289
1757432320692 54.71215435703756 290
1757432320764 54.56653619738845 291
1757432320846 54.42197949396819 292
1757432320917 54.278463475111174 293
1757432320986 54.13596814261987 294
1757432321057 53.99447423651768 295
1757432321118 53.85396320188685 296
1757432321182 53.71441715763825 297
1757432321247 53.575818867073 298
1757432321323 53.43815171010713 299
1757432321454 53.3013996570411 300
1757432321584 53.1655472437655 301
1757432321684 53.03057954830308 302
1757432321742 52.89648216859518 303
1757432321813 52.76324120144821 304
1757432321938 52.630843222562135 305
1757432322019 52.49927526756948 306
1757432322076 52.36852481401865 307
1757432322155 52.23857976424085 308
1757432322237 52.10942842904397 309
1757432322308 51.981059512182156 310
1757432322383 51.85346209555244 311
1757432322468 51.726625625074604 312
1757432322546 51.600539897212975 313
1757432322617 51.475195046102286 314
1757432322702 51.350581531242355 315
1757432322754 51.22669012572895 316
1757432322823 51.103511904990604 317
1757432322880 50.981038236003236 318
1757432322932 50.859260766956346 319
1757432322990 50.73817141734665 320
1757432323074 50.617762368476285 321
1757432323150 50.49802605433464 322
1757432323232 50.37895515284408 323
1757432323324 50.260542577451126 324
1757432323394 50.14278146904603 325
1757432323461 50.02566518819452 326
1757432323540 49.90918730766682 327
1757432323604 49.79334160524976 328
1757432323687 49.67812205682881 329
1757432323760 49.56352282972758 330
1757432323819 49.449538276292955 331
1757432323873 49.336162927715385 332
1757432323928 49.223391488073304 333
1757432323984 49.11121882859254 334
1757432324040 48.99963998211109 335
1757432324098 48.88865013774081 336
1757432324155 48.77824463571778 337
1757432324213 48.66847786089467 338
1757432324316 48.559676088149985 339
1757432324368 48.45162071904337 340
1757432324430 48.344294593143 341
1757432324502 48.237678807443345 342
1757432324590 48.13175525521763 343
1757432324659 48.02650656475844 344
1757432324731 47.92191606596564 345
1757432324796 47.81796775921517 346
1757432324892 47.71464628570275 347
1757432324963 47.61193689924985 348
1757432325044 47.50982543948439 349
1757432325112 47.40829830631855 350
1757432325194 47.30734243565138 351
1757432325281 47.20694527622848 352
1757432325351 47.1070947675957 353
1757432325430 47.00777931908734 354
1757432325495 46.90898778979394 355
1757432325573 46.81070946945725 356
1757432325636 46.7129340602441 357
1757432325708 46.61565165935339 358
1757432325776 46.518852742413245 359
1757432325872 46.42252814762818 360
1757432326054 46.326669060638324 361
1757432326176 46.23126700005512 362
1757432326298 46.13631380363981 363
1757432326394 46.04180161509326 364
1757432326475 45.947722871427175 365
1757432326535 45.85407029088856 366
1757432326606 45.760836861411036 367
1757432326684 45.66801582956762 368
1757432326767 45.5756006900016 369
1757432326851 45.48358517531267 370
1757432326934 45.39196324637757 371
1757432327007 45.30072908308458 372
1757432327067 45.209877075463275 373
1757432327120 45.11940181519117 374
1757432327187 45.029298087460276 375
1757432327248 44.93956086318735 376
1757432327325 44.8501852915521 377
1757432327404 44.7611666928491 378
1757432327494 44.67250055163915 379
1757432327565 44.584182510187006 380
1757432327649 44.49620836217272 381
1757432327720 44.408574046664796 382
1757432327797 44.321275642343544 383
1757432327861 44.234309361963874 384
1757432327925 44.14767154704711 385
1757432327980 44.061358662792 386
1757432328040 43.97536729319542 387
1757432328100 43.88969413637394 388
1757432328159 43.80433600007745 389
1757432328217 43.719289797386956 390
1757432328276 43.63455254258849 391
1757432328338 43.55012134721586 392
1757432328396 43.465993416254975 393
1757432328483 43.38216604450311 394
1757432328556 43.29863661307643 395
1757432328615 43.21540258605976 396
1757432328692 43.13246150729248 397
1757432328783 43.04981099728495 398
1757432328843 42.96744875026011 399
1757432328944 42.8853725313149 400
1757432329011 42.8035801736967 401
1757432329099 42.722069576189874 402
1757432329178 42.64083870060796 403
1757432329262 42.55988556938719 404
1757432329344 42.47920826327712 405
1757432329409 42.39880491912423 406
1757432329475 42.318673727744994 407
1757432329583 42.23881293188444 408
1757432329662 42.15922082425694 409
1757432329737 42.07989574566562 410
1757432329814 42.000836083197434 411
1757432329870 41.92204026849062 412
1757432329949 41.843506776071656 413
1757432330037 41.76523412175887 414
1757432330102 41.68722086113003 415
1757432330167 41.60946558805121 416
1757432330258 41.53196693326459 417
1757432330527 41.4547235630326 418
1757432330691 41.377734177836345 419
1757432330786 41.30099751112582 420
1757432330863 41.22451232812019 421
1757432330944 41.14827742465573 422
1757432331005 41.072291626079696 423
1757432331105 40.996553786188244 424
1757432331204 40.92106278620664 425
1757432331318 40.845817533809885 426
1757432331421 40.77081696218232 427
1757432331530 40.696060029114584 428
1757432331609 40.62154571613626 429
1757432331689 40.54727302768297 430
1757432331780 40.47324099029648 431
1757432331849 40.39944865185632 432
1757432331935 40.32589508084187 433
1757432332020 40.2525793656236 434
1757432332103 40.17950061378211 435
1757432332212 40.10665795145418 436
1757432332346 40.03405052270448 437
1757432332469 39.961677488921985 438
1757432332580 39.88953802824013 439
1757432332676 39.81763133497968 440
1757432332751 39.74595661911346 441
1757432332832 39.67451310575202 442
1757432332896 39.603300034649465 443
1757432332989 39.53231665972851 444
1757432333052 39.461562248624034 445
1757432333115 39.391036082244526 446
1757432333174 39.3207374543505 447
1757432333235 39.25066567114922 448
1757432333297 39.18082005090531 449
1757432333374 39.11119992356627 450
1757432333480 39.04180463040251 451
1757432333536 38.972633523661315 452
1757432333601 38.90368596623411 453
1757432333671 38.834961331336444 454
1757432333775 38.766459002200364 455
1757432333880 38.69817837177846 456
1757432333961 38.63011884245933 457
1757432334050 38.56227982579375 458
1757432334106 38.49466074223137 459
1757432334190 38.42726102086737 460
1757432334285 38.36008009919871 461
1757432334367 38.29311742288953 462
1757432334443 38.22637244554547 463
1757432334534 38.159844628496444 464
1757432334616 38.09353344058748 465
1757432334712 38.02743835797747 466
1757432334788 37.961558863945385 467
1757432334867 37.89589444870366 468
1757432334952 37.83044460921846 469
1757432335033 37.76520884903669 470
1757432335092 37.700186678119245 471
1757432335173 37.63537761268043 472
1757432335359 37.570781175033204 473
1757432335463 37.50639689344012 474
1757432335572 37.44222430196955 475
1757432335691 37.378262940357274 476
1757432335755 37.31451235387281 477
1757432335811 37.250972093190754 478
1757432335871 37.187641714266526 479
1757432335969 37.124520778216656 480
1757432336065 37.06160885120317 481
1757432336121 36.99890550432217 482
1757432336209 36.936410313496175 483
1757432336296 36.87412285937033 484
1757432336379 36.81204272721209 485
1757432336461 36.75016950681438 486
1757432336538 36.68850279240225 487
1757432336669 36.627042182542304 488
1757432336758 36.56578728005565 489
1757432336822 36.504737691933435 490
1757432336891 36.44389302925535 491
1757432336971 36.383252907110815 492
1757432337061 36.32281694452274 493
1757432337157 36.26258476437383 494
1757432337267 36.20255599333517 495
1757432337339 36.142730261797276 496
1757432337398 36.083107203803195 497
1757432337497 36.02368645698387 498
1757432337570 35.96446766249541 499
