1757508339353 166.18098141795815 0
1757508339414 168.44991689881184 1
1757508339477 173.67390525845187 2
1757508339541 168.52128393094753 3
1757508339601 165.9907196213366 4
1757508339661 166.45425362003897 5
1757508339722 169.31987614062308 6
1757508339785 170.69229853744946 7
1757508339844 169.70013647430784 8
1757508339909 168.47489648029705 9
1757508339969 173.40152469102847 10
1757508340034 165.01367354036765 11
1757508340093 170.47415687554786 12
1757508340150 168.74270514443472 13
1757508340209 166.64013276557642 14
1757508340276 169.15718655062048 15
1757508340342 169.97864265103263 16
1757508340403 169.35633798948123 17
1757508340462 171.0184576367274 18
1757508340520 170.17863164623913 19
1757508340575 166.92131190270942 20
1757508340632 172.21664887300028 21
1757508340691 170.01909016591688 22
1757508340746 169.01491817791674 23
1757508340803 168.85435721776884 24
1757508340861 168.8783479013631 25
1757508340923 162.42377171856592 26
1757508340987 168.0261652346072 27
1757508341057 167.34519384037156 28
1757508341117 171.0995744175427 29
1757508341174 170.0481544141919 30
1757508341232 167.4963102266257 31
