1757504740315 0.058777585140172624 0
1757504740407 0.08036818465229008 1
1757504740508 0.0008212004267892932 2
1757504740601 0.06331760076247919 3
1757504740689 3.1343819543338256 4
1757504740781 0.0616052941579283 5
1757504740872 0.02641145118761822 6
1757504740965 0.06245756793037863 7
1757504741055 0.12120906267193722 8
1757504741145 0.05300811880081707 9
1757504741236 0.30093846274816266 10
1757504741324 1.1967013686683319 11
1757504741416 0.014148369338053817 12
1757504741507 0.04540196407604931 13
1757504741597 0.26519198862702703 14
1757504741685 0.008512239581240191 15
1757504741774 0.0887184524211658 16
1757504741864 0.14644691310498095 17
1757504741957 0.04383250004945686 18
1757504742047 0.0005482049665143687 19
1757504742137 0.009758018040187196 20
1757504742228 0.010617798868184133 21
1757504742317 0.07812160538582844 22
1757504742405 0.010405745143233591 23
1757504742495 0.01416298172040005 24
1757504742585 0.17769601709991953 25
1757504742676 0.011397226141972118 26
1757504742760 1.0526085958672867e-05 27
1757504742854 0.22083355479354597 28
1757504742943 0.009238054723473632 29
1757504743034 1.939646758093201e-06 30
1757504743124 0.0003761953085165454 31
1757504743213 0.039735888878441504 32
1757504743306 0.004579838591634935 33
1757504743396 0.059526779614684375 34
1757504743492 0.03497164373899486 35
1757504743577 0.019760476017069012 36
1757504743668 0.06572433665491899 37
1757504743756 0.003956903855130577 38
1757504743856 1.990396776520648 39
1757504743944 0.3309053039135973 40
1757504744039 0.1246625190445701 41
1757504744129 0.02392172730709467 42
1757504744218 0.023539077917023556 43
1757504744307 0.12456767447888609 44
1757504744431 0.015384230263131814 45
1757504744544 0.15824336302509995 46
1757504744651 0.05436490500893088 47
1757504744756 1.5947215563240678e-06 48
1757504744878 0.2985455044022393 49
1757504744982 0.6235606483800819 50
1757504745095 3.3318546184570236e-05 51
1757504745204 0.008409999079275652 52
1757504745297 0.0003114115747439628 53
1757504745384 0.0030782845064792263 54
1757504745476 0.06517670262914532 55
1757504745563 0.37180638307361596 56
1757504745652 0.006241580110850509 57
1757504745737 0.26168793245893196 58
1757504745835 0.07395743228440398 59
1757504746024 0.17492814401308726 60
1757504746140 0.015386257219269612 61
1757504746232 0.020208907135334235 62
1757504746322 0.0033456253911799665 63
1757504746412 0.003397940478409282 64
1757504746503 0.0014699668997771786 65
1757504746591 0.0023283383627528817 66
1757504746684 0.016804047134899948 67
1757504746831 0.03894818474761528 68
1757504747023 0.08389524500624988 69
1757504747173 0.043588374027831125 70
1757504747315 0.07861081632325004 71
1757504747468 0.05746533578918193 72
1757504747642 0.35630031648768484 73
1757504747749 1.092501958044905 74
1757504747838 0.00044626521570813153 75
1757504747938 0.19978848501491822 76
1757504748026 0.010591879585854069 77
1757504748112 0.043475011083254224 78
1757504748205 0.7804043911098303 79
1757504748289 0.007083077322854228 80
1757504748375 0.050826739829388075 81
1757504748465 0.06701332786404149 82
1757504748555 0.0714663865520805 83
1757504748646 0.3270961666189753 84
1757504748738 0.04014400553138074 85
1757504748829 0.035269443553677324 86
1757504748925 0.0035956450913066937 87
1757504749019 0.10908290285997703 88
1757504749121 0.026342122959628362 89
1757504749216 0.0035789504960617364 90
1757504749323 0.019058537782056146 91
1757504749417 7.714668779771989e-06 92
1757504749509 0.016208830093641744 93
1757504749601 0.019920964608693543 94
1757504749701 0.050903476438111696 95
1757504749798 0.17457820706272234 96
1757504749889 0.3015223042973473 97
1757504749988 0.04364872393189066 98
1757504750095 0.007878062753503187 99
1757504750197 0.02281045074871635 100
1757504750293 0.029135363243079283 101
1757504750385 0.09732966710026349 102
1757504750490 0.00815651633114914 103
1757504750602 0.007458863806851832 104
1757504750696 0.00861716703949303 105
1757504750802 0.03482991273370177 106
1757504750941 0.03041943987880886 107
1757504751029 0.007028768102247642 108
1757504751121 0.30721898404465253 109
1757504751217 0.011421249842226507 110
1757504751312 0.008781296865943106 111
1757504751405 0.01181880093442657 112
1757504751498 0.0007879116459665566 113
1757504751586 0.09648589411826607 114
1757504751677 9.53249722790376e-05 115
1757504751772 0.0003891043833185721 116
1757504751864 0.17524968506995856 117
1757504751962 0.034218346744301256 118
1757504752054 2.2240563433827315e-05 119
1757504752145 0.0319166232401055 120
1757504752236 0.05406778936766679 121
1757504752326 0.037243065602014555 122
1757504752417 0.0361762333982958 123
1757504752508 0.0062750628569215585 124
1757504752597 0.04487882851158096 125
1757504752686 0.4260761967492591 126
1757504752779 7.025257847194899e-05 127
1757504752872 0.03727535277444455 128
1757504752977 0.0017028178112893637 129
1757504753070 0.13173816333360935 130
1757504753158 0.013248202157106637 131
1757504753252 0.27494717007652103 132
1757504753344 0.19569826375631305 133
1757504753434 0.5633390988822538 134
1757504753527 0.011813955347640405 135
1757504753619 0.03873614925470919 136
1757504753719 0.14124094016583472 137
1757504753812 0.7989016953626317 138
1757504753908 0.029867978664086144 139
1757504754000 0.10989512801574121 140
1757504754096 0.0002786134193870265 141
1757504754190 0.0875214163194373 142
1757504754282 0.19911757185315423 143
1757504754378 0.24646601655271935 144
1757504754486 0.006731711439369833 145
1757504754579 0.04167792308979637 146
1757504754674 1.1947940039444764 147
1757504754766 0.017586852587927894 148
1757504754855 0.0018170443552951395 149
1757504754943 0.11736537464146357 150
1757504755037 0.004188716223522176 151
1757504755129 0.14560224501745112 152
1757504755218 0.1211742294150648 153
1757504755307 0.06644137171996362 154
1757504755395 0.009682168520698404 155
1757504755487 0.055797727213772345 156
1757504755582 0.08219513753181867 157
1757504755675 0.0006271387879288265 158
1757504755769 0.047081341650774655 159
1757504755860 0.029080360701767744 160
1757504755950 0.04800962442226839 161
1757504756055 0.032949093109735976 162
1757504756148 0.008447497500432648 163
1757504756239 0.005759773363299463 164
1757504756331 0.013202023679530361 165
1757504756424 0.0020649718582362994 166
1757504756517 0.47695061494489566 167
1757504756609 0.01858818264068433 168
1757504756699 0.0033441646189066214 169
1757504756791 0.016230547822842663 170
1757504756881 0.04169760300354579 171
1757504756996 0.1498927870186332 172
1757504757180 0.09537350099905605 173
1757504757331 0.0660536115781646 174
1757504757460 0.05658434602894209 175
1757504757643 0.008125221222516993 176
1757504757869 0.01617117540953562 177
1757504758169 0.03410334623853512 178
1757504758318 0.0928116420963086 179
1757504758440 0.14660711314780528 180
1757504758547 0.0016696676513218505 181
1757504758642 0.14492923239205574 182
1757504758736 0.8923996881521058 183
1757504758826 0.0006169479115927682 184
1757504758917 0.03673514176859005 185
1757504759009 0.5440640867241147 186
1757504759114 0.118541064096682 187
1757504759229 0.4201703577033441 188
1757504759352 0.050013161495009666 189
1757504759449 0.19925340418713758 190
1757504759545 0.008943752812510199 191
1757504759638 0.04759155489359596 192
1757504759731 0.00561393145424656 193
1757504759824 0.024064272566156144 194
1757504759916 0.07520099197926886 195
1757504760014 0.000551677654696898 196
1757504760115 0.5438489870035225 197
1757504760210 0.32690176976125795 198
1757504760301 0.3177134347653927 199
1757504760395 0.09822628238063502 200
1757504760483 0.5008192738119234 201
1757504760575 0.4870837700761358 202
1757504760670 0.057198773057576896 203
1757504760764 0.1707530714226432 204
1757504760857 0.020507882742756594 205
1757504760954 0.04304538196046516 206
1757504761048 0.22452449983455863 207
1757504761151 0.6510102677463631 208
1757504761244 0.26228760843485627 209
1757504761339 0.028181665635259888 210
1757504761433 0.7505937380840731 211
1757504761525 2.296137705385512e-06 212
1757504761618 0.004541516336014183 213
1757504761715 0.7839846480980506 214
1757504761809 0.0928786490147833 215
1757504761903 0.10110300566998832 216
1757504761993 0.05274885658052753 217
1757504762084 0.05828630593499978 218
1757504762183 0.18472512829759413 219
1757504762275 0.27477927870350766 220
1757504762368 0.1145695843522652 221
1757504762461 0.009158681859215657 222
1757504762554 0.03507556959526605 223
1757504762648 0.09864941392893889 224
1757504762741 0.00022367644724826532 225
1757504762834 0.04350374578822301 226
1757504762927 5.246772494535446 227
1757504763015 0.02789893401610571 228
1757504763110 0.3593740233687482 229
1757504763215 0.14349209821561357 230
1757504763310 0.11021051047085374 231
1757504763400 0.013021392463069546 232
1757504763498 0.17216962558965077 233
1757504763591 0.12597100196512892 234
1757504763685 0.09609205597980636 235
1757504763778 0.004013351379207033 236
1757504763872 0.0930788037582093 237
1757504763965 0.07019559732223643 238
1757504764129 0.002074085873123433 239
1757504764286 0.003746094878032632 240
1757504764418 0.25081100495654396 241
1757504764517 0.0006920929776058037 242
1757504764616 0.03940586504913386 243
1757504764719 0.6119018877645989 244
1757504764814 0.019659061448585133 245
1757504764912 0.0982752837459463 246
1757504765010 0.1966315186686631 247
1757504765125 0.04806838468050919 248
1757504765233 0.047322256477871 249
1757504765329 0.08915909254896325 250
1757504765423 0.08252941271224108 251
1757504765520 0.24280970081266195 252
1757504765617 0.0002297079469028355 253
1757504765714 0.24058248361995446 254
1757504765810 0.00894089071561414 255
1757504765910 0.0019875972045760313 256
1757504766006 0.014463886300107667 257
1757504766103 0.009322670842065393 258
1757504766206 0.04270978079566239 259
1757504766302 0.0023663498969589514 260
1757504766397 0.38659692183929434 261
1757504766493 0.023912337506748805 262
1757504766582 0.0011593806082281014 263
1757504766672 0.0066333758840566425 264
1757504766765 0.057509392018740266 265
1757504766861 0.01831990960290196 266
1757504766952 0.07198235586516226 267
1757504767047 0.0013348614550155085 268
1757504767141 0.27823487432088595 269
1757504767236 0.5042852273415506 270
1757504767330 0.4773443815273537 271
1757504767428 0.021730023236458555 272
1757504767522 0.012464322739472502 273
1757504767613 0.0021211446619865773 274
1757504767705 0.21958985816603435 275
1757504767799 0.01685744726343099 276
1757504767934 0.014193374403159225 277
1757504768130 0.01484324984696835 278
1757504768285 0.11495749918860797 279
1757504768437 0.0029604497444578586 280
1757504768556 0.040792659340860724 281
1757504768707 0.013704497289704225 282
1757504768855 0.0009428476978159291 283
1757504768951 0.1676920525434559 284
1757504769044 0.043515603086545035 285
1757504769139 0.0240485441869064 286
1757504769231 0.0624928329780899 287
1757504769332 0.014392395306416967 288
1757504769428 0.13642353331391732 289
1757504769523 0.005272061182194793 290
1757504769616 0.03249481232193186 291
1757504769711 0.0006744188529272747 292
1757504769806 0.0016505437659819955 293
1757504769903 0.013393415120986648 294
1757504769997 0.0009622395517760454 295
1757504770096 0.3985659194776331 296
1757504770192 0.0411461044602729 297
1757504770284 0.029891583470760173 298
1757504770380 0.012982741523409128 299
1757504770475 0.17767990202888262 300
1757504770566 0.06599710858052917 301
1757504770708 0.12322483588359105 302
1757504770835 0.0022167687095918857 303
1757504770951 0.21198390793464897 304
1757504771070 0.12726471031710027 305
1757504771186 0.012174488264672899 306
1757504771299 0.2428710729015834 307
1757504771411 0.0009394595039010165 308
1757504771509 0.33071708273546674 309
1757504771606 0.01143874558476851 310
1757504771694 0.6029462095274309 311
1757504771791 0.10975473254638805 312
1757504771883 0.000314896594379624 313
1757504771979 0.08349790049636943 314
1757504772075 0.1095698407881715 315
1757504772170 0.04605710595747765 316
1757504772296 0.07074094865992926 317
1757504772420 0.05840069307668225 318
1757504772512 0.001635697920074177 319
1757504772608 0.01838060517721556 320
1757504772704 0.00018876901176862048 321
1757504772799 0.0011799829044458444 322
1757504772890 0.0048340209266479195 323
1757504772987 0.02498500946617055 324
1757504773083 0.10342023558838384 325
1757504773174 0.005079033063749861 326
1757504773270 0.21578974962709804 327
1757504773377 0.8271658943034329 328
1757504773474 0.4799951426058105 329
1757504773572 0.008650298510849908 330
1757504773670 0.0063498839306476195 331
1757504773768 0.0685473977165552 332
1757504773860 0.15082877508895928 333
1757504773952 0.1014783432317913 334
1757504774047 0.0004614430935061489 335
1757504774143 0.01544046996804386 336
1757504774247 0.23548765457727 337
1757504774343 0.30239945919509725 338
1757504774463 0.003958202507972811 339
1757504774562 0.4642068181257494 340
1757504774666 0.07400741634998625 341
1757504774765 2.0302535158811126 342
1757504774865 1.1140598789208809 343
1757504774963 0.006254173056754235 344
1757504775064 0.003939043845314775 345
1757504775164 0.32373239989376723 346
1757504775262 0.00444422305308995 347
1757504775359 0.03754986682216015 348
1757504775469 0.012595418559791226 349
1757504775570 0.13810671806838012 350
1757504775663 0.024091856182802726 351
1757504775770 0.00037132667440181705 352
1757504775866 0.00013264188040530708 353
1757504775961 0.013422333116191811 354
1757504776063 0.12332266765268758 355
1757504776160 0.21400043935698884 356
1757504776263 0.08328862316690878 357
1757504776363 0.391636907061786 358
1757504776463 0.23892821724910254 359
1757504776559 0.49906698080634276 360
1757504776658 0.027745719709453557 361
1757504776759 3.184459578464929e-05 362
1757504776865 0.21193150908664207 363
1757504776966 0.007771347220397629 364
1757504777061 0.01761246032940505 365
1757504777154 0.20126143609023647 366
1757504777251 0.01965083674078633 367
1757504777349 0.00902863244116693 368
1757504777456 0.008933275389448452 369
1757504777555 0.1761959225103351 370
1757504777652 0.1690416816463023 371
1757504777748 0.0005307738692447672 372
1757504777846 0.15512271609821257 373
1757504777942 0.11443753464638405 374
1757504778040 1.8115013235186774e-06 375
1757504778135 0.014418374079907212 376
1757504778235 0.10631268385011838 377
1757504778335 0.0003854832058768534 378
1757504778445 0.186486116483088 379
1757504778665 0.002326334029732388 380
1757504778850 0.09726103026471913 381
1757504779013 0.032887383831663945 382
1757504779136 0.04485830753979981 383
1757504779337 0.010427629553120842 384
1757504779481 0.017711533679048083 385
1757504779579 0.21330967477720972 386
1757504779680 6.481145724023164e-05 387
1757504779778 0.40096350409034975 388
1757504779877 0.04238782778449863 389
1757504779974 0.4082557481648844 390
1757504780073 0.02575051087962853 391
1757504780172 0.13380106567302888 392
1757504780270 0.13174137486936638 393
1757504780367 0.011645260373186377 394
1757504780475 0.10660343752007372 395
1757504780568 1.4021208158014048e-05 396
1757504780668 1.0806042745267685 397
1757504780765 0.08096417930248938 398
1757504780865 0.005050730160425058 399
1757504780964 0.045203958893256756 400
1757504781066 0.023408216198599795 401
1757504781161 0.05178215369522694 402
1757504781260 0.09206074559576652 403
1757504781356 0.0010102866931934646 404
1757504781457 0.013558065060786032 405
1757504781554 0.10541485744997282 406
1757504781645 0.33160655765100944 407
1757504781742 0.000956364519427485 408
1757504781841 0.4211070359521929 409
1757504781939 0.016890542600410875 410
1757504782038 0.0110330115926619 411
1757504782137 0.07621930735029839 412
1757504782231 0.18808814572396912 413
1757504782328 0.02985087183499043 414
1757504782429 0.03714836950854736 415
1757504782527 0.004221947244192229 416
1757504782625 0.014490086177128669 417
1757504782720 0.1263751834555093 418
1757504782820 0.001639763625150564 419
1757504782918 0.0006940609498894339 420
1757504783017 0.013523960791417568 421
1757504783114 0.006242049271218553 422
1757504783212 0.19682029670628026 423
1757504783310 0.601601162974438 424
1757504783411 0.04748732190852054 425
1757504783509 0.3124357902194312 426
1757504783626 0.004819431206435464 427
1757504783747 0.48188231788237873 428
1757504783868 0.04339229771953833 429
1757504783987 0.14742860680999464 430
1757504784120 0.0011845706111182912 431
1757504784236 0.06855433408767451 432
1757504784355 0.29453466337009676 433
1757504784466 0.030525752480635396 434
1757504784573 0.009710284662304022 435
1757504784670 0.0013549709392528843 436
1757504784766 0.108343296015741 437
1757504784862 0.020251971773571666 438
1757504784960 0.21334029976970584 439
1757504785058 0.9893375890924017 440
1757504785157 0.3335746898091428 441
1757504785290 0.0009374560575606532 442
1757504785392 0.018682902960146262 443
1757504785491 0.016737490304091635 444
1757504785593 0.25470196715259746 445
1757504785692 0.0573200928571162 446
1757504785801 0.08191476441128735 447
1757504785904 0.03250387083304453 448
1757504786004 0.005157363768429784 449
1757504786110 0.8960632190669973 450
1757504786208 0.017542587678173658 451
1757504786304 0.017156426556306312 452
1757504786409 0.012757592688412122 453
1757504786511 0.048739188320186734 454
1757504786614 0.0038098248768442832 455
1757504786710 0.4440312269691362 456
1757504786811 0.005623899190671898 457
1757504786915 0.032693367115468004 458
1757504787015 0.005070788992670598 459
1757504787117 0.008494017799813113 460
1757504787215 0.001630144211984763 461
1757504787310 0.19131508919323023 462
1757504787404 0.1003678106676104 463
1757504787504 0.3203897890232891 464
1757504787609 0.002678289565117261 465
1757504787711 0.009245383780902727 466
1757504787811 0.3533203675322707 467
1757504787912 0.07363201257565136 468
1757504788014 0.10024195719162982 469
1757504788114 0.03166406957724783 470
1757504788209 0.0536669144806911 471
1757504788309 0.008887876134129863 472
1757504788413 0.015522345618493612 473
1757504788524 0.020855681005122678 474
1757504788633 0.18192319510742758 475
1757504788735 0.07635712943383977 476
1757504788836 0.06836128446148163 477
1757504788945 0.006215474812389788 478
1757504789136 0.03458531046758143 479
1757504789274 1.5965051029085242 480
1757504789409 0.4656009487881055 481
1757504789548 0.36628665841360447 482
1757504789721 0.8103202066767489 483
1757504789832 0.01795114365011029 484
1757504789930 0.1368337406102626 485
1757504790029 0.0043267028767834375 486
1757504790132 0.21882005290352505 487
1757504790228 0.00011127375979797366 488
1757504790326 0.10655230746294532 489
1757504790428 0.03557559234385584 490
1757504790534 0.0005221331627121048 491
1757504790644 2.5795240281412496e-05 492
1757504790739 0.10112338182128912 493
1757504790840 0.0008449421906990242 494
1757504790939 0.1640916278443275 495
1757504791042 3.933567552231873e-05 496
1757504791143 0.1766158806452278 497
1757504791242 0.3202954584206244 498
1757504791342 0.19980905249029718 499
