1757575591226 0.008856588862936058 0
1757575591362 0.42508941789458987 1
1757575591507 0.626916660591551 2
1757575591755 0.08435012807138297 3
1757575591920 0.015929899066311436 4
1757575592048 0.15719902955288712 5
1757575592154 0.0029980260834251054 6
1757575592264 0.0014143303546254873 7
1757575592370 0.006892264538642593 8
1757575592476 0.10284502857208815 9
1757575592579 0.68992285734833 10
1757575592692 0.0659258474519892 11
1757575592813 0.05158836923265541 12
1757575592909 0.03768940251224679 13
1757575593003 0.007309997785178002 14
1757575593107 0.09798233717574115 15
1757575593211 0.13226213021807293 16
1757575593314 0.019026468300875177 17
1757575593411 0.9368510266513261 18
1757575593508 0.11296304766337 19
1757575593616 0.5156348671141578 20
1757575593720 0.5696111456853884 21
1757575593819 0.14697119994710905 22
1757575593917 0.051172262729866115 23
1757575594016 0.117789174568736 24
1757575594116 0.43516234703020595 25
1757575594220 0.007525772089642167 26
1757575594314 0.0015984045699881468 27
1757575594410 0.06644753173256993 28
1757575594507 0.002363344632072885 29
1757575594612 0.00557875889368521 30
1757575594719 0.06796704585620915 31
1757575594812 0.0066397772645015755 32
1757575594932 0.1274462464050962 33
1757575595029 0.00910315646547026 34
1757575595145 0.012864728609460228 35
1757575595261 0.015059638979121924 36
1757575595363 0.04476210245719289 37
1757575595456 0.012238457199936091 38
1757575595554 0.19322435466146554 39
1757575595663 0.17910921754413375 40
1757575595771 0.018351058509800542 41
1757575595869 2.2256036202666504e-05 42
1757575595977 0.0007384123008110672 43
1757575596072 0.015220349459919867 44
1757575596182 0.04447494729601576 45
1757575596279 0.37744641389779937 46
1757575596376 0.026784720428320998 47
1757575596494 0.0008628605082514982 48
1757575596591 0.22961911822151612 49
1757575596713 0.7821833504905946 50
1757575596811 0.01169152121894637 51
1757575596925 0.008143221035050604 52
1757575597023 0.5665087570474361 53
1757575597131 0.005950804486347016 54
1757575597243 0.001704396293695286 55
1757575597349 0.0010335394998881918 56
1757575597453 0.0040152175344415975 57
1757575597549 0.043884738299044296 58
1757575597642 0.11416638196301812 59
1757575597739 0.2760315585714655 60
1757575597834 0.008772698384739036 61
1757575597947 0.1461805079434 62
1757575598055 0.8501700136845687 63
1757575598169 0.012969469482474072 64
1757575598297 0.6161397542812935 65
1757575598406 0.0243330869605387 66
1757575598513 0.004819254893573409 67
1757575598615 0.2568272327083053 68
1757575598732 0.6171456069238643 69
1757575598849 0.017799316925209533 70
1757575598942 0.1258053620697432 71
1757575599036 9.954300317743834e-09 72
1757575599132 0.017364120014583876 73
1757575599228 0.023626051610192465 74
1757575599321 0.010434718026259103 75
1757575599418 0.010197348948196966 76
1757575599509 0.32497405626723086 77
1757575599599 0.03244481913310284 78
1757575599713 0.01253760973136631 79
1757575599855 0.15913327537634922 80
1757575599952 0.037680570209850925 81
1757575600046 0.5218126490795354 82
1757575600141 0.0006387047115407983 83
1757575600247 0.6075071160528207 84
1757575600349 0.032250388222596446 85
1757575600448 0.14227016460623176 86
1757575600542 0.045308556720721836 87
1757575600639 0.008145494081858792 88
1757575600735 0.016790019453099162 89
1757575600868 0.13973542118336965 90
1757575601002 0.018478796457807253 91
1757575601220 0.37876591870173815 92
1757575601504 0.005967670639365529 93
1757575601613 0.010205477994314963 94
1757575601719 0.30036826177586645 95
1757575601834 0.005150646816448569 96
1757575601940 1.2696441153952154 97
1757575602036 0.00024810467996318815 98
1757575602144 0.015668915751701123 99
1757575602243 0.0417719913041175 100
1757575602342 0.17167084705138097 101
1757575602444 0.06522043983085019 102
1757575602543 0.599354783013152 103
1757575602644 0.003396482900266672 104
1757575602740 0.2789953169169451 105
1757575602994 0.055979846566355206 106
1757575603171 0.5337109192530624 107
1757575603361 0.0648758161994288 108
1757575603569 0.1473469395099251 109
1757575603722 0.3560971886254927 110
1757575603844 5.948626745332584e-05 111
1757575603979 0.010086414881116746 112
1757575604123 6.0908696405995134e-05 113
1757575604237 0.047087914227239014 114
1757575604399 0.030721792666592213 115
1757575604587 0.007344830699540277 116
1757575604760 0.030326499487591276 117
1757575604867 0.3759562519509531 118
1757575604983 0.015682544540507003 119
1757575605109 0.07617580918391896 120
1757575605230 0.05925830828211039 121
1757575605383 0.0011662130411549997 122
1757575605486 0.14145738771833308 123
1757575605625 0.0002011561566756165 124
1757575605761 2.400822549056581 125
1757575605860 0.20637172679276533 126
1757575605985 0.16078416095229867 127
1757575606138 0.03920225200020295 128
1757575606263 0.014343208873578622 129
1757575606391 0.18791157973352118 130
1757575606515 0.01947973901322652 131
1757575606648 0.06565366381662847 132
1757575606788 0.026805605638960582 133
1757575606916 0.01883969860031965 134
1757575607049 0.051315734294420275 135
1757575607218 0.0047970634101373935 136
1757575607318 0.010665924735003529 137
1757575607415 0.0006211894624458702 138
1757575607511 0.004546183185733362 139
1757575607620 0.14387579468926884 140
1757575607720 0.16863566321316747 141
1757575607819 0.3055734985360549 142
1757575607927 0.012766529272586136 143
1757575608025 0.01957241151630443 144
1757575608129 0.010720751784149054 145
1757575608233 0.009748848806635194 146
1757575608331 0.003791939162637995 147
1757575608426 0.0041957470643144736 148
1757575608521 0.4438644597797535 149
1757575608618 0.18239002167704638 150
1757575608718 0.031596280238852616 151
1757575608817 0.03822946412880174 152
1757575608914 0.12812257134854296 153
1757575609011 0.004869841445553292 154
1757575609108 0.16506190614639785 155
1757575609212 0.12327230905337765 156
1757575609309 0.710816236395641 157
1757575609407 0.048888654026579145 158
1757575609512 0.03696587716822496 159
1757575609611 0.19680127965955063 160
1757575609715 0.017182375686352322 161
1757575609813 0.004663173223445158 162
1757575609918 0.02875452235357243 163
1757575610018 0.0017442088116836766 164
1757575610114 0.04157467359964711 165
1757575610216 0.011821551564878052 166
1757575610315 0.17708916692685348 167
1757575610413 0.08562274870864348 168
1757575610512 1.542688642080131 169
1757575610608 0.01324283904550899 170
1757575610710 0.001020476304326722 171
1757575610806 0.3999750731755361 172
1757575610908 0.014181609575723113 173
1757575611012 0.00035498866788712444 174
1757575611110 0.15343231215472125 175
1757575611207 0.03565702976451757 176
1757575611310 0.4245306750802226 177
1757575611403 0.3222913102552074 178
1757575611502 0.08127204396280614 179
1757575611599 2.0930532887120825 180
1757575611697 0.06209261943308078 181
1757575611801 0.013734447652541936 182
1757575611898 0.06606973415064285 183
1757575612002 0.0811309534481373 184
1757575612098 0.02351606350457288 185
1757575612195 0.03474328275462746 186
1757575612292 0.02415503972562288 187
1757575612398 0.001781425212635955 188
1757575612496 0.1569333045516257 189
1757575612593 0.004074427470422076 190
1757575612694 0.12073219637395265 191
1757575612797 0.005213255533777864 192
1757575612894 0.040270205956366746 193
1757575612998 0.12679188508041203 194
1757575613095 0.45369658849350025 195
1757575613194 0.042430268690045445 196
1757575613302 0.059238901719604324 197
1757575613395 0.12315312376245549 198
1757575613491 0.02033746782351528 199
1757575613590 0.02344538171601924 200
1757575613689 0.058575142908406534 201
1757575613798 0.02756249319679224 202
1757575613900 0.0004316369584435765 203
1757575613995 0.4035070961925575 204
1757575614090 0.0021367946704522332 205
1757575614190 17.14125055228886 206
1757575614290 0.44874531197979567 207
1757575614393 0.11711558527105231 208
1757575614492 0.011688207162347643 209
1757575614590 0.01890060049893862 210
1757575614689 0.15594736005032978 211
1757575614791 0.02636792493457441 212
1757575614895 0.1376465480845815 213
1757575614999 0.070188564984275 214
1757575615101 0.44485692059246035 215
1757575615212 0.00018040949326459315 216
1757575615311 0.04622893971758098 217
1757575615414 21.011517536879136 218
1757575615512 0.03645553317515863 219
1757575615610 2.132531893685664 220
1757575615709 0.07010744463409836 221
1757575615813 0.04105866457232015 222
1757575615916 0.03165156913558408 223
1757575616020 0.03032538007765704 224
1757575616114 0.03883384917497484 225
1757575616211 0.15786427220434465 226
1757575616312 0.11874632038238357 227
1757575616474 0.0043683482262525325 228
1757575616639 0.03460330490227747 229
1757575616824 0.015373169754078443 230
1757575616970 0.23651470357765864 231
1757575617109 0.006736782494360285 232
1757575617238 0.051406112551896914 233
1757575617412 0.014599239636564829 234
1757575617757 0.00012807796394361732 235
1757575617959 0.05305044757832183 236
1757575618110 0.005852232007302201 237
1757575618294 0.0007634366785315752 238
1757575618455 0.01355616392557717 239
1757575618738 0.007356798921665528 240
1757575618896 8.737837596127455e-05 241
1757575618996 70.89534951769254 242
1757575619098 0.7777963807524068 243
1757575619199 0.02713516829394381 244
1757575619299 0.558953789203543 245
1757575619397 0.13141351329167586 246
1757575619495 0.2966698224949816 247
1757575619599 0.7931367769830607 248
1757575619693 0.18749717624082166 249
1757575619792 0.5094273006325574 250
1757575619887 0.039169876966224135 251
1757575619989 0.49279034874609945 252
1757575620090 0.2554106367814744 253
1757575620226 0.007433921191839602 254
1757575620326 0.1074981260360326 255
1757575620429 0.03314371034992965 256
1757575620538 1.6976957860633261e-06 257
1757575620657 0.005508735703514213 258
1757575620757 0.2891546346741535 259
1757575620857 0.10520059507262892 260
1757575620965 0.2805659483649987 261
1757575621064 0.21652539030415452 262
1757575621172 0.004722214679882304 263
1757575621268 0.0498771018406843 264
1757575621366 0.03874954456920761 265
1757575621463 0.0021064495438772868 266
1757575621562 0.7960755298731627 267
1757575621662 0.5593763110190676 268
1757575621757 0.022571993541343902 269
1757575621854 0.03430976302868067 270
1757575621955 0.005406398676756332 271
1757575622053 0.1228121574897673 272
1757575622156 0.034429977013631 273
1757575622250 0.0942513913257235 274
1757575622348 0.22045601962032293 275
1757575622446 0.1576429069305879 276
1757575622555 0.17025428382593755 277
1757575622661 8.15604025604933e-05 278
1757575622761 12.66933423908225 279
1757575622858 0.06010895343342102 280
1757575622957 3.679267897031656e-05 281
1757575623058 0.04032551917238987 282
1757575623161 0.7953564459154191 283
1757575623259 0.0055552556541639255 284
1757575623359 0.010878140207180583 285
1757575623459 0.005697225995234492 286
1757575623554 0.26879629597812005 287
1757575623660 0.0013373650542133095 288
1757575623762 0.15386230861116845 289
1757575623860 0.04683934518589565 290
1757575623959 0.19154427084755185 291
1757575624058 0.10538601323374305 292
1757575624163 0.2252023282020026 293
1757575624269 0.012558673261790412 294
1757575624368 0.002831921481095164 295
1757575624474 0.015907145250800007 296
1757575624575 0.01311695060615084 297
1757575624675 0.0015633431160732487 298
1757575624778 0.4185615878252018 299
1757575624879 0.0014349491568353735 300
1757575625006 0.026466282768140215 301
1757575625126 0.1697460279930536 302
1757575625235 0.0003994964989655574 303
1757575625332 0.06288213381083176 304
1757575625430 0.0017552576567498963 305
1757575625528 0.3578647409112343 306
1757575625626 0.03991358127597939 307
1757575625722 4.498910701372986 308
1757575625824 1.1148628350182013 309
1757575625920 0.9951477074157848 310
1757575626017 0.29265646641314463 311
1757575626117 0.0004175241142997368 312
1757575626217 0.02251775065380687 313
1757575626321 0.07361456968926641 314
1757575626421 0.011908317985492209 315
1757575626540 0.2660208099606104 316
1757575626648 0.30422754755695 317
1757575626743 0.049222600171770964 318
1757575626849 0.07424622571245167 319
1757575626948 0.0010088736204547893 320
1757575627047 0.07315255177767509 321
1757575627151 0.005364874163483838 322
1757575627263 0.0012472683879171664 323
1757575627367 0.0017024691149477862 324
1757575627467 0.13922291671278753 325
1757575627562 0.12835831657941227 326
1757575627659 0.1846156597476055 327
1757575627757 0.0025832966850311977 328
1757575627861 0.01508475243377325 329
1757575627957 3.535127639959285 330
1757575628057 0.47018596178564476 331
1757575628157 0.06453320042423277 332
1757575628263 0.007642342444410511 333
1757575628364 0.12801382381999277 334
1757575628468 0.12978184782048038 335
1757575628606 0.010038400732824443 336
1757575628710 0.18176862080840608 337
1757575628835 0.0007303438521832834 338
1757575628956 0.0014389389710860489 339
1757575629084 0.001541270986633752 340
1757575629211 0.09272960808566398 341
1757575629313 0.48442747231544675 342
1757575629460 0.00017528594141187102 343
1757575629727 0.05111731395789935 344
1757575629883 0.08471085522473583 345
1757575630054 0.11206780896530356 346
1757575630176 0.055538316669144036 347
1757575630285 0.0005024559932008765 348
1757575630387 0.018862465253050794 349
1757575630492 0.004926773943395708 350
1757575630598 0.018984053966745726 351
1757575630700 5.158694776689997 352
1757575630802 0.03919073102476334 353
1757575630904 0.06126074736348876 354
1757575631011 0.03235359177954783 355
1757575631108 0.09811193210675125 356
1757575631227 0.005626776376845969 357
1757575631354 0.09896420564663855 358
1757575631479 0.1412262927003415 359
1757575631609 0.07903790688988366 360
1757575631715 0.07384007513223156 361
1757575631818 0.008888166073835989 362
1757575631933 5.215070440040684e-07 363
1757575632240 0.07399667725048575 364
1757575632409 0.11638118331241086 365
1757575632555 0.025895791521955123 366
1757575632703 0.004720917520141055 367
1757575632878 0.0009263132073301202 368
1757575632993 0.02461690595088756 369
1757575633107 0.0022973851561363143 370
1757575633216 0.004376558092645084 371
1757575633325 0.00012761860533818734 372
1757575633431 0.008716549116580144 373
1757575633539 0.04075652813945527 374
1757575633642 0.03859644720072198 375
1757575633742 0.0012351887167943588 376
1757575633848 0.020445955977489532 377
1757575633949 0.10205765541780162 378
1757575634047 0.13174780506678724 379
1757575634146 0.08807360207246456 380
1757575634248 0.15337936186259285 381
1757575634366 0.07102505217164783 382
1757575634467 7.889297105710743 383
1757575634575 0.004350135777305777 384
1757575634678 0.038586153159050764 385
1757575634779 0.605927688710542 386
1757575634883 0.14875821504210074 387
1757575634985 0.001213412055737344 388
1757575635090 0.0008008994566110997 389
1757575635191 0.18065212132090366 390
1757575635297 0.00012461945380776474 391
1757575635409 0.009704306619708239 392
1757575635552 0.03372724888372006 393
1757575635687 0.04925559899725474 394
1757575635799 0.03166099747157943 395
1757575635918 0.09402675291469673 396
1757575636039 0.5259823286834816 397
1757575636156 0.26967899798041806 398
1757575636257 0.503790131590669 399
1757575636361 0.0411561935699672 400
1757575636457 0.08323135496311412 401
1757575636555 0.03549589033719525 402
1757575636659 0.009785492553620661 403
1757575636758 0.12949531042497506 404
1757575636852 0.1390190050606404 405
1757575636951 0.1994345546024699 406
1757575637066 17.34775910341143 407
1757575637181 0.00045955878171091854 408
1757575637284 0.00359194253471319 409
1757575637388 0.002787484305486515 410
1757575637489 0.45631058812266256 411
1757575637590 0.2522045690390134 412
1757575637699 0.0007120087758655441 413
1757575637802 0.061304586242824775 414
1757575637903 0.17122658931201457 415
1757575638008 0.26157796491233415 416
1757575638111 0.07046844149380452 417
1757575638223 0.024038623312883593 418
1757575638326 0.018705020900357965 419
1757575638440 0.105325571630756 420
1757575638543 0.01751849621274763 421
1757575638648 0.03202161915326729 422
1757575638755 0.04236064518057391 423
1757575638858 0.23780598773366024 424
1757575638971 0.0068373944679536985 425
1757575639075 0.07228205556150372 426
1757575639183 0.03184035007791731 427
1757575639303 0.0047683241163141935 428
1757575639405 0.07128460377776498 429
1757575639508 0.24970255633205382 430
1757575639609 0.11101222267711496 431
1757575639715 0.0023763444376088466 432
1757575639818 0.10011654166477674 433
1757575639922 0.027372422213074392 434
1757575640030 0.001134802408669433 435
1757575640133 0.17767215440908188 436
1757575640244 0.2100220090898027 437
1757575640349 0.16556744822881755 438
1757575640464 0.001965178313780106 439
1757575640567 0.14227910849147174 440
1757575640672 0.08681773739348919 441
1757575640777 1.0951328600308898 442
1757575640882 0.0055794852200534446 443
1757575640991 0.09696837313088154 444
1757575641096 0.0001171934368929074 445
1757575641197 0.02527125809874796 446
1757575641306 0.1161773710358218 447
1757575641416 0.025080132345762975 448
1757575641523 0.029833877579072677 449
1757575641628 0.010105909936755864 450
1757575641731 0.009146997470605647 451
1757575641838 0.009553051623560384 452
1757575641944 0.22059471683016074 453
1757575642051 0.020090734754657454 454
1757575642163 0.03745245729767325 455
1757575642262 0.014008458426795524 456
1757575642370 2.3747047830369316e-07 457
1757575642479 0.11643681757602074 458
1757575642583 2.1631380810597096 459
1757575642685 0.10403596895138946 460
1757575642790 0.08836016178765742 461
1757575642897 0.07234022970308626 462
1757575643002 0.05658946427198181 463
1757575643107 0.13514843664971857 464
1757575643210 0.861013582932814 465
1757575643311 0.0026170127024336748 466
1757575643414 0.08938505651912453 467
1757575643519 0.042275853281018155 468
1757575643620 0.08213749928748393 469
1757575643721 0.7675832699837637 470
1757575643819 0.06919808465960187 471
1757575643926 0.029117785392026557 472
1757575644028 0.10277184947109658 473
1757575644132 0.0018218873594731096 474
1757575644234 0.07065350655560863 475
1757575644337 2.378971354143007 476
1757575644446 0.10897527140939708 477
1757575644556 0.16370120312814437 478
1757575644658 6.477328478816552 479
1757575644759 0.245997225274321 480
1757575644864 0.00019175322549570267 481
1757575644970 0.002865294753746167 482
1757575645068 8.950150932013196e-06 483
1757575645179 0.00011112962058413852 484
1757575645283 0.3260441534373237 485
1757575645404 0.00788446429222487 486
1757575645659 0.2228522794618369 487
1757575645843 1.1337179070411545 488
1757575645979 0.004512895267265311 489
1757575646129 0.014134950400088246 490
1757575646311 0.10294428693437858 491
1757575646433 0.07094237520911029 492
1757575646540 0.1719196624457208 493
1757575646651 0.004322611067886928 494
1757575646757 0.10434172644720281 495
1757575646864 0.1959044774622697 496
1757575646972 0.3607173575613636 497
1757575647079 0.7680899175660201 498
1757575647183 0.0007688758775751433 499
