1757490945593 166.79927651497994 0
1757490945683 159.40937863929196 1
1757490945774 147.85095305530976 2
1757490945861 138.9771447934518 3
1757490945946 169.21231441308666 4
1757490946061 159.25648770921902 5
1757490946167 148.16592677545225 6
1757490946270 180.28882087148668 7
1757490946404 173.51738388347397 8
1757490946497 159.30661631594717 9
1757490946587 148.04155972918926 10
1757490946673 170.58841572655908 11
1757490946789 177.74047621183382 12
1757490946982 163.16260220739403 13
1757490947173 180.0902405983988 14
1757490947384 179.18034914999464 15
