1757497100362 122.30784160482847 0
1757497100411 93.48151643442895 1
1757497100462 86.95140915123159 2
1757497100525 63.89008465555301 3
1757497100598 57.091419040534426 4
1757497100654 50.765670647632874 5
1757497100719 48.41679768655231 6
1757497100770 37.8375442930604 7
1757497100821 40.62849554510214 8
1757497100870 45.658191722729725 9
1757497100922 33.225633197993794 10
1757497100973 31.930046144525956 11
1757497101027 32.07845371578994 12
1757497101076 24.966716350750517 13
1757497101127 21.11861725823212 14
1757497101184 37.30297799283785 15
1757497101256 22.87441115110669 16
1757497101315 27.386597996915082 17
1757497101366 28.52828735307055 18
1757497101417 19.75998551934345 19
1757497101468 24.285199760641422 20
1757497101525 20.89334441642099 21
1757497101590 42.965291554424425 22
1757497101740 20.70644074204488 23
1757497101847 19.00409366309477 24
1757497101973 41.13020326102292 25
1757497102043 34.802543684107086 26
1757497102105 15.391510943175467 27
1757497102195 20.569242341263074 28
1757497102323 17.58849907545613 29
1757497102403 22.120326002199544 30
1757497102471 15.123470828930053 31
1757497102528 14.218595729472904 32
1757497102585 20.6904055819922 33
1757497102643 17.404569070094382 34
1757497102696 19.240654148101957 35
1757497102751 14.072622875049648 36
1757497102805 16.045283869505116 37
1757497102860 26.960500253460477 38
1757497102909 15.559495665475945 39
1757497102962 11.95766880022024 40
1757497103015 12.685137455081659 41
1757497103067 8.80156575642492 42
1757497103118 12.802422626138403 43
1757497103170 11.061664188529349 44
1757497103225 14.034908521342416 45
1757497103278 13.761416509615637 46
1757497103336 16.265895256747154 47
1757497103388 9.730599603774577 48
1757497103441 12.01112824059925 49
1757497103493 11.413867139259963 50
1757497103547 9.695621435175083 51
1757497103598 9.10137082921897 52
1757497103649 8.53914790932293 53
1757497103700 9.713121036635728 54
1757497103753 10.769262824209498 55
1757497103805 11.957911320544923 56
1757497103858 9.95186695816781 57
1757497103910 9.332814711306511 58
1757497103964 6.201942328374155 59
1757497104014 15.844820412942596 60
1757497104063 9.328028551425101 61
1757497104114 7.902196880709006 62
1757497104164 7.238615083321322 63
1757497104214 6.220450215881019 64
1757497104267 10.761405720009135 65
1757497104326 8.174616063466573 66
1757497104378 10.163764897957074 67
1757497104427 7.991152882882108 68
1757497104478 11.96540253795554 69
1757497104532 11.287907321712538 70
1757497104582 10.730524262532777 71
1757497104632 5.711573998126944 72
1757497104681 7.246907256720719 73
1757497104733 6.9845804267848886 74
1757497104782 4.711867621776691 75
1757497104830 5.831438976477497 76
1757497104880 10.040852968495091 77
1757497104932 10.221834426967517 78
1757497104983 6.500330859613501 79
1757497105032 5.4740210614992835 80
1757497105083 6.0402236955749045 81
1757497105141 7.060431077339917 82
1757497105192 4.798458251395334 83
1757497105241 5.90181475096277 84
1757497105291 10.684221477418781 85
1757497105353 8.303783679235925 86
1757497105404 6.377724345581863 87
1757497105456 6.854284939711729 88
1757497105508 4.719396162322986 89
1757497105556 8.583641794217408 90
1757497105605 3.8005174395997137 91
1757497105653 4.816225856306034 92
1757497105704 7.007301855342573 93
1757497105753 3.612672146947393 94
1757497105802 7.41336017930396 95
1757497105850 4.702198401815424 96
1757497105902 4.436334852897385 97
1757497105951 4.140536781330225 98
1757497106002 7.063712163851222 99
1757497106057 4.892666846795627 100
1757497106128 6.078891343726716 101
1757497106189 3.666566924218658 102
1757497106246 4.143345693781282 103
1757497106309 3.517827434107 104
1757497106377 4.559954937228816 105
1757497106435 3.845324820270907 106
1757497106495 2.935036731261165 107
1757497106587 4.200987816390835 108
1757497106657 3.061312016666008 109
1757497106717 2.8464121026305826 110
1757497106776 3.5592460645956785 111
1757497106831 3.4550283793407193 112
1757497106886 3.139420536137397 113
1757497106942 4.585096487797873 114
1757497106999 3.026172938843493 115
1757497107052 2.860264284435941 116
1757497107106 3.258782717289628 117
1757497107161 2.3487650359476038 118
1757497107213 3.1642772217218655 119
1757497107268 2.930320474056643 120
1757497107323 2.4723314051314342 121
1757497107380 2.898624218784496 122
1757497107433 2.897915190235287 123
1757497107486 4.191523630161175 124
1757497107540 3.3721053946466504 125
1757497107595 2.865980662505758 126
1757497107649 3.067744605643752 127
1757497107701 2.554527438609855 128
1757497107766 2.5748921084533243 129
1757497107869 2.07276581135782 130
1757497107941 4.310435503020626 131
1757497108009 2.552678015298467 132
1757497108075 4.513032565037316 133
1757497108144 1.8829382265471353 134
1757497108201 1.852521852279903 135
1757497108257 1.3913520111529583 136
1757497108313 1.8276487059384643 137
1757497108372 1.7618084684425817 138
1757497108435 2.01053657673669 139
1757497108490 2.0075180391656633 140
1757497108550 1.675387295258574 141
1757497108604 3.833299348575166 142
1757497108669 2.203001385492034 143
1757497108733 2.0469036017865583 144
1757497108798 1.613512293992011 145
1757497108863 1.9027536423198672 146
1757497108933 2.990589652068202 147
1757497108996 1.7760612297976648 148
1757497109061 1.4227230703781029 149
1757497109127 1.556716030885674 150
1757497109189 2.4111628768569213 151
1757497109247 1.4161642194669604 152
1757497109302 1.6651136584777333 153
1757497109357 1.358938312715391 154
1757497109417 1.5797408490105453 155
1757497109476 1.3714825996146953 156
1757497109533 1.2100352618757821 157
1757497109587 1.5191809053633276 158
1757497109641 1.5669422622917961 159
1757497109695 2.1991725521792262 160
1757497109750 1.5437978055172081 161
1757497109802 1.3200830837846513 162
1757497109858 0.9676370146936607 163
1757497109916 1.0728644867701957 164
1757497110176 1.4336518790014097 165
1757497110342 1.6425046354609425 166
1757497110494 1.2408214566941342 167
1757497110632 1.3661134321635968 168
1757497110735 1.1692402283201657 169
1757497110838 1.128125133678214 170
1757497110998 0.9893532868599729 171
1757497111150 1.774344436788427 172
1757497111233 1.3956648011740282 173
1757497111396 1.2743076110706375 174
1757497111483 1.175435297750928 175
1757497111549 1.3682037870686568 176
1757497111619 1.048516004970731 177
1757497111681 0.9297989147766779 178
1757497111744 0.9814357920715363 179
1757497111818 0.7301799540825437 180
1757497111879 1.1448578142338584 181
1757497111937 1.1905556931189152 182
1757497111994 1.1705742313041434 183
1757497112065 0.9151545638919085 184
1757497112122 1.056161620989106 185
1757497112177 1.327135405636809 186
1757497112234 1.6410581272044256 187
1757497112289 1.5856958534850243 188
1757497112346 0.9754634104814062 189
1757497112402 0.7066210028407335 190
1757497112457 0.6643269406912724 191
1757497112526 1.485467490555558 192
1757497112582 0.769844817210641 193
1757497112638 0.664580137273631 194
1757497112694 0.7899454941076014 195
1757497112762 0.8244635145353553 196
1757497112829 0.4252891195415068 197
1757497112900 1.430933438820815 198
1757497112959 0.7659168975360618 199
1757497113021 0.7346088992985865 200
1757497113078 0.906926976717183 201
1757497113135 0.7243391391494022 202
1757497113194 0.6321706398604188 203
1757497113264 0.6224323306611038 204
1757497113331 0.7723693355072571 205
1757497113389 0.708190087728799 206
1757497113446 0.8822478001391875 207
1757497113514 0.6758978469455226 208
1757497113572 0.6737001206310254 209
1757497113627 0.5596151739103777 210
1757497113683 0.8761664342333771 211
1757497113782 0.7804227966313956 212
1757497113841 0.5062594307018516 213
1757497113903 0.9051941112470399 214
1757497113964 0.5737507769843048 215
1757497114024 0.48591777084879456 216
1757497114082 0.7110959653973339 217
1757497114138 0.8328920983158067 218
1757497114195 0.4272051963710554 219
1757497114253 0.6730121077234529 220
1757497114308 0.52952633562781 221
1757497114362 0.726783892998374 222
1757497114417 0.4576784005205561 223
1757497114498 0.6419994008594194 224
1757497114572 0.5454333594030282 225
1757497114638 0.5437477884653654 226
1757497114702 0.6275304704358476 227
1757497114762 0.425435351759823 228
1757497114816 0.449826965972351 229
1757497114875 0.4960308626480094 230
1757497114967 0.5674837575224023 231
1757497115033 0.3908033700582825 232
1757497115091 0.6317025187505146 233
1757497115148 0.43779285849659405 234
1757497115205 0.4001762766567243 235
1757497115277 0.4652834469380411 236
1757497115353 0.5606577586481034 237
1757497115421 0.39603401446091996 238
1757497115489 0.42025493836840666 239
1757497115564 0.36305351167193917 240
1757497115630 0.8387561905038169 241
1757497115693 0.2849271063404421 242
1757497115755 0.5019653773321829 243
1757497115815 0.5505331582683403 244
1757497115873 0.4170983504728915 245
1757497115928 0.3165644873398097 246
1757497115984 0.44131955235493936 247
1757497116045 0.4312074820790155 248
1757497116114 0.5422235029895562 249
1757497116177 0.4427715100383451 250
1757497116239 0.45584099592327343 251
1757497116303 0.37914984993688644 252
1757497116366 0.4380893015833427 253
1757497116430 0.4983306890998092 254
1757497116499 0.26360030863972184 255
1757497116580 0.465843529230692 256
1757497116644 0.42736337303508926 257
1757497116708 0.39951816579403693 258
1757497116775 0.42677009916035863 259
1757497116839 0.3699354522494927 260
1757497116909 0.26040844971936467 261
1757497116970 0.34441227384239353 262
1757497117027 0.3277591779257744 263
1757497117083 0.3359338599302893 264
1757497117139 0.3062244975085954 265
1757497117209 0.5841928447838874 266
1757497117277 0.30218579254735783 267
1757497117337 0.4225941918294556 268
1757497117396 0.39860004944549354 269
1757497117453 0.3247852775813244 270
1757497117511 0.31893158721050285 271
1757497117568 0.3850828584696912 272
1757497117633 0.2716647339723335 273
1757497117688 0.36166013426095267 274
1757497117745 0.4651923165369147 275
1757497117802 0.3746123247177016 276
1757497117858 0.34313588951018437 277
1757497117914 0.3024389979027286 278
1757497117970 0.3156378309735682 279
1757497118025 0.2918307684219353 280
1757497118080 0.38285990294200706 281
1757497118135 0.3192946518755427 282
1757497118190 0.30214914094527406 283
1757497118247 0.6270350263801094 284
1757497118305 0.4225943178544274 285
1757497118361 0.21239376391895673 286
1757497118415 0.31909312238188065 287
1757497118470 0.3106189084827002 288
1757497118524 0.23011256832196106 289
1757497118579 0.49710132962959913 290
1757497118750 0.23218136733788822 291
1757497118872 0.31895349917306304 292
1757497118961 0.3260389784451512 293
1757497119041 0.26980587605688544 294
1757497119118 0.28176967641299583 295
1757497119204 0.39842087920979546 296
1757497119356 0.320450025741947 297
1757497119464 0.28956227147969266 298
1757497119574 0.23106758818781392 299
1757497119666 0.2822985745808649 300
1757497119736 0.4074588925456771 301
1757497119805 0.26859823832283974 302
1757497119877 0.25174468303188896 303
1757497119948 0.2155955694410948 304
1757497120013 0.1816017126486821 305
1757497120082 0.36096553214753196 306
1757497120162 0.26800527319562706 307
1757497120319 0.36466738774203317 308
1757497120463 0.4082127869276224 309
1757497120611 0.3460113498336242 310
1757497120795 0.25832745228150955 311
1757497120894 0.17430290466939327 312
1757497121035 0.25958643881099136 313
1757497121260 0.3056906982443091 314
1757497121390 0.2764928213796144 315
1757497121471 0.17765276464237698 316
1757497121542 0.2445378335706692 317
1757497121618 0.31854826095674477 318
1757497121696 0.24510317808964233 319
1757497121768 0.19635784833721326 320
1757497121835 0.3864625760334097 321
1757497121899 0.16217392987956022 322
1757497121962 0.26918093092483186 323
1757497122025 0.2945422670924916 324
1757497122093 0.34957748943456846 325
1757497122158 0.18033644697845555 326
1757497122236 0.18487035703521357 327
1757497122313 0.23071009849460608 328
1757497122376 0.15557194870335997 329
1757497122435 0.20132315580891916 330
1757497122495 0.21931054134858044 331
1757497122572 0.20468727055782207 332
1757497122631 0.3214830099989649 333
1757497122699 0.24486858150029622 334
1757497122763 0.21236882323495118 335
1757497122846 0.2451738878138419 336
1757497122950 0.32403356869330907 337
1757497123029 0.15157481067717102 338
1757497123105 0.2133205045299846 339
1757497123180 0.24063991517162053 340
1757497123245 0.4232315712479391 341
1757497123307 0.238858355883366 342
1757497123377 0.21859135270576316 343
1757497123448 0.31160388525015026 344
1757497123567 0.18847001343659 345
1757497123671 0.23460839737842798 346
1757497123743 0.18046990782933472 347
1757497123814 0.2153579455323992 348
1757497123882 0.25401007861349384 349
1757497123948 0.17671656441817576 350
1757497124011 0.15467195806666256 351
1757497124075 0.1879755873949748 352
1757497124135 0.26369487946091635 353
1757497124195 0.15316528109429758 354
1757497124254 0.21770294163187462 355
1757497124315 0.15824798921426017 356
1757497124375 0.2695986582240017 357
1757497124435 0.2512639530790532 358
1757497124494 0.24392344469170055 359
1757497124554 0.18988898482543407 360
1757497124615 0.16501620873438394 361
1757497124675 0.21949491997994772 362
1757497124747 0.17379786699162056 363
1757497124805 0.18746080679676883 364
1757497124863 0.21632601100675608 365
1757497124920 0.16056217793599126 366
1757497124979 0.17487805879158136 367
1757497125037 0.17239697469398496 368
1757497125094 0.1687656443659934 369
1757497125164 0.18422328692333315 370
1757497125223 0.15195290605148343 371
1757497125281 0.16840868012996477 372
1757497125350 0.2258641438070811 373
1757497125411 0.1856870544188267 374
1757497125471 0.1714153494312116 375
1757497125531 0.16951444317174125 376
1757497125590 0.21733256745400834 377
1757497125652 0.23666426057794795 378
1757497125711 0.31069424306977395 379
1757497125780 0.23418913786897014 380
1757497125842 0.3041940271096493 381
1757497125900 0.15925518918730977 382
1757497125960 0.22231166623668575 383
1757497126016 0.14078933814491515 384
1757497126076 0.19250147318724564 385
1757497126133 0.14066406112471322 386
1757497126200 0.1680638057182479 387
1757497126260 0.23387845477429367 388
1757497126321 0.19434761245906318 389
1757497126409 0.15981211389533773 390
1757497126478 0.20118957146572428 391
1757497126540 0.26052658435112047 392
1757497126639 0.16965248076596376 393
1757497126714 0.19323453910926228 394
1757497126788 0.17837138057894383 395
1757497126848 0.14005735105037304 396
1757497126912 0.09623835237214405 397
1757497126971 0.14421090924368546 398
1757497127040 0.1874503890773441 399
1757497127099 0.20511962874981138 400
1757497127158 0.23813992867071085 401
1757497127217 0.2564789709322333 402
1757497127278 0.1894419492938794 403
1757497127340 0.1296596807539143 404
1757497127401 0.12783692443633646 405
1757497127465 0.15167591963944485 406
1757497127535 0.1590599326031598 407
1757497127594 0.14361701228442797 408
1757497127652 0.19261997150804785 409
1757497127713 0.2374519147011367 410
1757497127771 0.14193060711691965 411
1757497127839 0.13469490066271858 412
1757497127902 0.1919654658057827 413
1757497127965 0.25163128635541304 414
1757497128026 0.1741947433570996 415
1757497128092 0.15472980590614346 416
1757497128154 0.22848996126173185 417
1757497128215 0.11348411659328715 418
1757497128277 0.2253778259047192 419
1757497128337 0.13629788005497698 420
1757497128398 0.229576798162756 421
1757497128457 0.16954298584937147 422
1757497128515 0.14257478555778536 423
1757497128575 0.12579139034708295 424
1757497128641 0.17836906075483383 425
1757497128700 0.22805257550876637 426
1757497128765 0.2150567534748463 427
1757497128838 0.12647083197160167 428
1757497128901 0.1797387263367826 429
1757497128964 0.2548424883418434 430
1757497129028 0.15945393823573303 431
1757497129087 0.16435576452416037 432
1757497129145 0.2201200171613412 433
1757497129210 0.24218929771266165 434
1757497129274 0.16311676759882845 435
1757497129334 0.11672489653691764 436
1757497129397 0.12163439129699888 437
1757497129459 0.19760955783384437 438
1757497129520 0.1868774630459147 439
1757497129581 0.17879332086223887 440
1757497129640 0.21718537982876193 441
1757497129700 0.20723311452856108 442
1757497129758 0.20365915971461815 443
1757497129815 0.15086937283921667 444
1757497129882 0.2409556775413143 445
1757497129943 0.1393821915385766 446
1757497130100 0.20027991329671666 447
1757497130271 0.27981175750817616 448
1757497130457 0.12460902153847657 449
1757497130556 0.17515848648780805 450
1757497130652 0.1342691183833995 451
1757497130852 0.1675215184525942 452
1757497131031 0.10783387583296734 453
1757497131129 0.09808699753751952 454
1757497131206 0.19332652047075718 455
1757497131276 0.20517842610602435 456
1757497131346 0.18653998200991714 457
1757497131421 0.19415965252342518 458
1757497131510 0.15724560049915837 459
1757497131609 0.20354833366933098 460
1757497131705 0.2941559620812207 461
1757497131793 0.17091761755144289 462
1757497131884 0.19522166571864788 463
1757497131960 0.12481445646432032 464
1757497132038 0.21611348942340358 465
1757497132123 0.1782547562864035 466
1757497132225 0.11544073794390247 467
1757497132302 0.1394073427575552 468
1757497132370 0.15884236843146807 469
1757497132439 0.16037347275118216 470
1757497132532 0.14722512197316232 471
1757497132605 0.15794961805852767 472
1757497132672 0.23222745350072557 473
1757497132738 0.1727524083166426 474
1757497132808 0.11960320373824501 475
1757497132872 0.14378748585796328 476
1757497132946 0.11596098344673793 477
1757497133012 0.1725146045917895 478
1757497133078 0.23966513213693952 479
1757497133166 0.15972778452707745 480
1757497133253 0.1545390734247223 481
1757497133337 0.20645376476558305 482
1757497133414 0.19621317463101307 483
1757497133489 0.20703697724888137 484
1757497133555 0.1785193430187116 485
1757497133627 0.16558311438158388 486
1757497133694 0.15869167665776707 487
1757497133759 0.13544701609146073 488
1757497133824 0.15842500688425232 489
1757497133888 0.16869863662424497 490
1757497133966 0.21574773108943127 491
1757497134033 0.14504795759771397 492
1757497134100 0.20162268415811965 493
1757497134163 0.16567666504880996 494
1757497134225 0.1150811105342056 495
1757497134290 0.1542819057018923 496
1757497134353 0.12184618253511481 497
1757497134417 0.3003074832419727 498
1757497134479 0.17933843154986465 499
