1757400859219 178.0058911560851 0
1757400859270 159.76403524845495 1
1757400859317 152.57851917124566 2
1757400859355 145.58859168588992 3
1757400859431 139.1089453509636 4
1757400859476 133.12930265361703 5
1757400859503 127.57164057373366 6
1757400859551 122.41557287060196 7
1757400859633 117.62784382678451 8
1757400859695 113.1787497668287 9
1757400859737 109.04103027073347 10
1757400859800 105.18970044824512 11
1757400859868 101.60185727487423 12
1757400859919 98.25650416662474 13
1757400859969 95.13439031539689 14
1757400860049 92.21786362253987 15
1757400860094 89.49073607436898 16
1757400860176 86.93816050567031 17
1757400860245 84.5465177863725 18
1757400860300 82.30331354835926 19
1757400860325 80.19708364424888 20
1757400860362 78.21730759847189 21
1757400860401 76.3543293736751 22
1757400860477 74.59928483286228 23
1757400860537 72.9440353301971 24
1757400860583 71.38110691145903 25
1757400860631 69.90363464913085 26
1757400860685 68.50531167735657 27
1757400860756 67.18034252885424 28
1757400860818 65.92340040959124 29
1757400860851 64.7295880778927 30
1757400860901 63.59440202290073 31
1757400860953 62.51369966315479 32
1757400860986 61.48366930972385 33
1757400861039 60.50080265997609 34
1757400861091 59.56186960789102 35
1757400861153 58.66389517495802 36
1757400861205 57.80413838230653 37
1757400861244 56.98007289990755 38
1757400861296 56.1893693225921 39
1757400861330 55.42987893536 40
1757400861361 54.699618842100726 41
1757400861416 53.99675834250957 42
1757400861450 53.319606451740015 43
1757400861483 52.666600466263745 44
1757400861514 52.0362954875836 45
1757400861548 51.42735482292582 46
1757400861595 50.83854118888459 47
1757400861642 50.26870865025935 48
1757400861705 49.71679523206003 49
1757400861753 49.181816147905934 50
1757400861799 48.66285759284831 51
1757400861839 48.15907105304435 52
1757400861891 47.66966808873556 53
1757400861939 47.19391555066735 54
1757400861995 46.73113119345876 55
1757400862038 46.28067965251725 56
1757400862085 45.84196875391858 57
1757400862117 45.41444612925703 58
1757400862157 44.997596109838035 59
1757400862211 44.59093687675113 60
1757400862262 44.19401784534372 61
1757400862307 43.80641726443136 62
1757400862339 43.42774001224049 63
1757400862389 43.05761557260085 64
1757400862432 42.69569617629577 65
1757400862465 42.341655093752784 66
1757400862586 41.99518506642292 67
1757400862737 41.655996865264385 68
1757400862839 41.323817965723265 69
1757400862917 40.99839132949824 70
1757400862990 40.67947428419508 71
1757400863047 40.36683749272575 72
1757400863082 40.06026400499331 73
1757400863142 39.759548385031444 74
1757400863227 39.4644959073426 75
1757400863263 39.1749218167046 76
1757400863299 38.89065064619781 77
1757400863377 38.61151558864554 78
1757400863431 38.33735791706432 79
1757400863510 38.068026450090485 80
1757400863566 37.8033770586875 81
1757400863622 37.54327221074878 82
1757400863676 37.2875805504939 83
1757400863717 37.03617650981642 84
1757400863771 36.7889399489788 85
1757400863828 36.54575582426772 86
1757400863923 36.306513880422955 87
1757400863967 36.07110836583483 88
1757400864004 35.839437768672795 89
1757400864053 35.611404572260845 90
1757400864121 35.38691502815528 91
1757400864174 35.16587894550925 92
1757400864210 34.94820949542544 93
1757400864250 34.7338230291064 94
1757400864295 34.522638908710526 95
1757400864350 34.31457934991195 96
1757400864393 34.109569275245256 97
1757400864457 33.907536177392004 98
1757400864512 33.708409991635186 99
1757400864559 33.512122976771536 100
1757400864610 33.318609603829664 101
1757400864654 33.12780645199567 102
1757400864698 32.939652111196494 103
1757400864732 32.75408709083639 104
1757400864767 32.57105373422262 105
1757400864812 32.390496138254555 106
1757400864873 32.212360077984414 107
1757400864928 32.03659293568997 108
1757400864992 31.86314363412795 109
1757400865037 31.691962573664203 110
1757400865102 31.523001573000222 111
1757400865147 31.356213813238764 112
1757400865201 31.191553785051145 113
1757400865248 31.028977238728025 114
1757400865297 30.86844113691247 115
1757400865339 30.70990360983013 116
1757400865383 30.553323912845595 117
1757400865433 30.398662386187596 118
1757400865493 30.245880416697705 119
1757400865525 30.094940401468648 120
1757400865602 29.94580571324834 121
1757400865700 29.79844066749552 122
1757400865800 29.652810490981324 123
1757400865831 29.50888129183925 124
1757400865863 29.366620030973195 125
1757400865891 29.2259944947401 126
1757400865921 29.086973268829805 127
1757400865949 28.94952571327049 128
1757400865977 28.813621938493352 129
1757400866008 28.6792327823948 130
1757400866038 28.546329788339175 131
1757400866067 28.414885184048764 132
1757400866097 28.2848718613319 133
1757400866181 28.15626335660319 134
1757400866235 28.029033832153303 135
1757400866263 27.903158058128454 136
1757400866292 27.77861139518265 137
1757400866325 27.655369777768165 138
1757400866429 27.533409698031857 139
1757400866485 27.412708190287457 140
1757400866565 27.293242816035523 141
1757400866613 27.174991649504797 142
1757400866683 27.05793326369027 143
1757400866773 26.9420467168649 144
1757400866849 26.827311539543366 145
1757400866920 26.71370772187733 146
1757400866991 26.60121570146335 147
1757400867038 26.489816351545315 148
1757400867082 26.379490969594524 149
1757400867148 26.270221266251514 150
1757400867213 26.161989354614583 151
1757400867279 26.054777739860864 152
1757400867322 25.94856930918656 153
1757400867396 25.843347322053628 154
1757400867434 25.739095400731046 155
1757400867474 25.63579752111924 156
1757400867551 25.53343800384692 157
1757400867586 25.432001505630232 158
1757400867632 25.33147301088435 159
1757400867726 25.231837823578577 160
1757400867771 25.133081559325888 161
1757400867802 25.03519013769892 162
1757400867831 24.938149774764174 163
1757400867941 24.841946975827085 164
1757400868017 24.746568528380585 165
1757400868092 24.652001495250413 166
1757400868165 24.558233207930467 167
1757400868220 24.465251260101965 168
1757400868279 24.37304350133034 169
1757400868360 24.281598030934163 170
1757400868439 24.190903192020546 171
1757400868489 24.10094756568167 172
1757400868542 24.011719965347385 173
1757400868596 23.92320943128907 174
1757400868633 23.835405225269916 175
1757400868699 23.748296825337263 176
1757400868761 23.661873920752562 177
1757400868806 23.576126407054847 178
1757400868925 23.491044381253662 179
1757400869023 23.4066181371476 180
1757400869069 23.322838160764714 181
1757400869122 23.23969512592123 182
1757400869165 23.157179889895005 183
1757400869219 23.07528348921058 184
1757400869290 22.99399713553238 185
1757400869354 22.913312211663044 186
1757400869415 22.833220267643938 187
1757400869488 22.753713016954826 188
1757400869542 22.674782332809936 189
1757400869583 22.596420244547723 190
1757400869621 22.518618934111643 191
1757400869674 22.44137073261949 192
1757400869724 22.36466811701866 193
1757400869779 22.288503706825185 194
1757400869833 22.212870260944012 195
1757400869872 22.137760674568444 196
1757400869925 22.063167976156496 197
1757400869993 21.989085324482065 198
1757400870046 21.915506005758935 199
1757400870102 21.842423430835563 200
1757400870147 21.769831132458823 201
1757400870184 21.697722762604787 202
1757400870222 21.626092089874735 203
1757400870274 21.5549329969547 204
1757400870324 21.484239478136807 205
1757400870495 21.414005636900807 206
1757400870580 21.344225683554154 207
1757400870615 21.27489393292906 208
1757400870654 21.206004802135197 209
1757400870762 21.137552808366284 210
1757400870799 21.069532566759438 211
1757400870844 21.001938788305687 212
1757400870875 20.93476627781047 213
1757400870937 20.86800993190268 214
1757400871029 20.80166473709113 215
1757400871127 20.73572576786705 216
1757400871200 20.670188184851593 217
1757400871248 20.605047232987054 218
1757400871338 20.54029823977075 219
1757400871398 20.4759366135304 220
1757400871440 20.41195784174004 221
1757400871489 20.34835748937532 222
1757400871564 20.28513119730725 223
1757400871635 20.222274680733417 224
1757400871677 20.15978372764563 225
1757400871775 20.097654197333224 226
1757400871869 20.035882018920947 227
1757400871924 19.974463189940696 228
1757400871960 19.913393774936118 229
1757400872014 19.852669904099443 230
1757400872088 19.79228777193944 231
1757400872161 19.73224363598005 232
1757400872204 19.672533815488652 233
1757400872273 19.613154690233394 234
1757400872319 19.55410269926878 235
1757400872380 19.495374339748818 236
1757400872440 19.436966165767128 237
1757400872506 19.378874787223147 238
1757400872574 19.321096868714037 239
1757400872640 19.263629128451424 240
1757400872691 19.206468337202548 241
1757400872730 19.14961131725509 242
1757400872773 19.09305494140514 243
1757400872823 19.03679613196775 244
1757400872886 18.980831859809527 245
1757400872939 18.92515914340267 246
1757400873004 18.869775047899964 247
1757400873080 18.81467668423029 248
1757400873137 18.759861208213987 249
1757400873194 18.705325819697755 250
1757400873234 18.65106776170852 251
1757400873303 18.597084319625832 252
1757400873352 18.543372820372372 253
1757400873398 18.489930631622066 254
1757400873444 18.436755161025523 255
1757400873492 18.383843855452156 256
1757400873543 18.331194200248806 257
1757400873613 18.27880371851439 258
1757400873668 18.2266699703901 259
1757400873711 18.174790552364996 260
1757400873754 18.123163096596368 261
1757400873795 18.071785270244742 262
1757400873836 18.020654774823047 263
1757400873901 17.969769345559666 264
1757400873971 17.91912675077502 265
1757400874069 17.868724791271386 266
1757400874160 17.81856129973558 267
1757400874279 17.76863414015436 268
1757400874379 17.718941207242015 269
1757400874433 17.66948042588003 270
1757400874470 17.620249750568572 271
1757400874529 17.57124716488931 272
1757400874608 17.522470680979545 273
1757400874663 17.473918339017256 274
1757400874702 17.425588206716842 275
1757400874744 17.377478378835296 276
1757400874809 17.32958697668861 277
1757400874852 17.28191214767813 278
1757400874916 17.23445206482668 279
1757400874973 17.18720492632417 280
1757400875036 17.140168955082547 281
1757400875078 17.093342398299807 282
1757400875137 17.046723527032917 283
1757400875173 17.000310635779357 284
1757400875210 16.95410204206726 285
1757400875261 16.908096086053717 286
1757400875303 16.86229113013129 287
1757400875381 16.8166855585424 288
1757400875427 16.771277777001455 289
1757400875494 16.72606621232457 290
1757400875574 16.681049312066705 291
1757400875614 16.63622554416599 292
1757400875680 16.591593396595172 293
1757400875730 16.547151377019958 294
1757400875796 16.50289801246413 295
1757400875864 16.458831848981276 296
1757400875913 16.414951451332982 297
1757400875973 16.371255402673377 298
1757400876014 16.327742304239806 299
1757400876063 16.28441077504963 300
1757400876113 16.24125945160289 301
1757400876157 16.19828698759079 302
1757400876208 16.155492053609816 303
1757400876248 16.11287333688143 304
1757400876298 16.07042954097715 305
1757400876354 16.02815938554894 306
1757400876415 15.98606160606482 307
1757400876469 15.944134953549497 308
1757400876566 15.902378194330005 309
1757400876658 15.860790109786192 310
1757400876784 15.81936949610594 311
1757400876845 15.778115164045094 312
1757400876915 15.737025938691868 313
1757400877041 15.696100659235793 314
1757400877096 15.655338178740935 315
1757400877202 15.614737363923492 316
1757400877264 15.574297094933442 317
1757400877345 15.534016265140423 318
1757400877456 15.49389378092349 319
1757400877532 15.45392856146487 320
1757400877599 15.414119538547544 321
1757400877662 15.37446565635658 322
1757400877757 15.334965871284123 323
1757400877842 15.295619151738014 324
1757400877900 15.256424477953965 325
1757400877962 15.217380841811119 326
1757400878034 15.178487246651054 327
1757400878077 15.139742707100059 328
1757400878162 15.101146248894718 329
1757400878197 15.062696908710574 330
1757400878229 15.024393733994001 331
1757400878324 14.986235782797081 332
1757400878398 14.948222123615459 333
1757400878484 14.910351835229168 334
1757400878588 14.872624006546271 335
1757400878675 14.835037736449351 336
1757400878742 14.797592133644715 337
1757400878791 14.760286316514351 338
1757400878917 14.723119412970453 339
1757400878991 14.686090560312609 340
1757400879091 14.649198905087484 341
1757400879197 14.612443602950986 342
1757400879233 14.575823818532884 343
1757400879334 14.539338725303823 344
1757400879459 14.502987505444654 345
1757400879534 14.466769349718078 346
1757400879566 14.430683457342527 347
1757400879596 14.394729035868266 348
1757400879628 14.358905301055625 349
1757400879659 14.323211476755384 350
1757400879690 14.287646794791227 351
1757400879732 14.252210494844201 352
1757400879764 14.216901824339217 353
1757400879796 14.181720038333477 354
1757400879826 14.146664399406827 355
1757400879858 14.11173417755401 356
1757400879888 14.07692865007874 357
1757400879921 14.042247101489583 358
1757400879952 14.007688823397656 359
1757400879988 13.973253114416027 360
1757400880030 13.938939280060806 361
1757400880062 13.904746632653982 362
1757400880095 13.870674491227826 363
1757400880127 13.836722181430954 364
1757400880159 13.802889035435939 365
1757400880190 13.769174391848521 366
1757400880221 13.735577595618265 367
1757400880253 13.7020979979508 368
1757400880285 13.668734956221428 369
1757400880316 13.635487833890265 370
1757400880347 13.602356000418707 371
1757400880379 13.569338831187348 372
1757400880411 13.5364357074152 373
1757400880444 13.50364601608029 374
1757400880477 13.470969149841542 375
1757400880515 13.438404506961932 376
1757400880547 13.405951491232933 377
1757400880579 13.373609511900169 378
1757400880610 13.34137798359028 379
1757400880642 13.309256326239028 380
1757400880674 13.277243965020492 381
1757400880705 13.245340330277468 382
1757400880750 13.213544857452995 383
1757400880785 13.181856987022945 384
1757400880817 13.150276164429746 385
1757400880849 13.118801840017138 386
1757400880880 13.087433468965987 387
1757400880913 13.056170511231139 388
1757400880945 13.025012431479263 389
1757400880977 12.993958699027697 390
1757400881010 12.963008787784258 391
1757400881041 12.932162176188006 392
1757400881073 12.901418347150967 393
1757400881105 12.87077678800077 394
1757400881137 12.840236990424152 395
1757400881169 12.80979845041141 396
1757400881200 12.779460668201692 397
1757400881246 12.749223148229124 398
1757400881279 12.71908539906986 399
1757400881311 12.689046933389859 400
1757400881344 12.659107267893546 401
1757400881382 12.629265923273243 402
1757400881415 12.59952242415938 403
1757400881448 12.569876299071497 404
1757400881480 12.540327080369993 405
1757400881511 12.510874304208603 406
1757400881543 12.48151751048764 407
1757400881575 12.452256242807918 408
1757400881622 12.423090048425415 409
1757400881654 12.394018478206599 410
1757400881686 12.365041086584451 411
1757400881718 12.336157431515172 412
1757400881759 12.30736707443551 413
1757400881791 12.278669580220768 414
1757400881823 12.250064517143445 415
1757400881857 12.221551456832458 416
1757400881889 12.193129974233058 417
1757400881922 12.16479964756726 418
1757400881955 12.136560058294949 419
1757400881987 12.108410791075507 420
1757400882019 12.080351433730034 421
1757400882069 12.052381577204152 422
1757400882112 12.024500815531324 423
1757400882153 11.996708745796765 424
1757400882207 11.969004968101842 425
1757400882263 11.94138908552903 426
1757400882304 11.91386070410738 427
1757400882343 11.886419432778474 428
1757400882389 11.859064883362924 429
1757400882426 11.831796670527329 430
1757400882473 11.80461441175171 431
1757400882507 11.77751772729745 432
1757400882550 11.75050624017569 433
1757400882584 11.723579576116164 434
1757400882628 11.696737363536533 435
1757400882667 11.6699792335121 436
1757400882714 11.643304819746017 437
1757400882762 11.61671375853991 438
1757400882799 11.590205688764907 439
1757400882832 11.563780251833094 440
1757400882866 11.537437091669391 441
1757400882899 11.511175854683813 442
1757400882936 11.484996189744152 443
1757400882972 11.458897748149 444
1757400883005 11.432880183601227 445
1757400883039 11.406943152181768 446
1757400883072 11.381086312323822 447
1757400883104 11.355309324787394 448
1757400883137 11.329611852634214 449
1757400883171 11.30399356120301 450
1757400883218 11.278454118085097 451
1757400883262 11.252993193100343 452
1757400883298 11.22761045827346 453
1757400883334 11.202305587810619 454
1757400883415 11.177078258076403 455
1757400883477 11.15192814757107 456
1757400883537 11.12685493690814 457
1757400883596 11.101858308792274 458
1757400883654 11.076937947997497 459
1757400883713 11.05209354134567 460
1757400883777 11.027324777685301 461
1757400883824 11.002631347870636 462
1757400883906 10.97801294474101 463
1757400883963 10.953469263100521 464
1757400884014 10.928999999697956 465
1757400884069 10.904604853206989 466
1757400884128 10.88028352420667 467
1757400884176 10.856035715162136 468
1757400884224 10.831861130405652 469
1757400884294 10.80775947611784 470
1757400884343 10.78373046030917 471
1757400884386 10.75977379280176 472
1757400884429 10.735889185211342 473
1757400884473 10.712076350929522 474
1757400884517 10.688335005106248 475
1757400884560 10.664664864632543 476
1757400884603 10.641065648123416 477
1757400884646 10.617537075901055 478
1757400884688 10.594078869978206 479
1757400884731 10.570690754041797 480
1757400884774 10.547372453436747 481
1757400884828 10.524123695150022 482
1757400884872 10.500944207794875 483
1757400884915 10.4778337215953 484
1757400884961 10.454791968370692 485
1757400885004 10.431818681520712 486
1757400885050 10.40891359601033 487
1757400885093 10.386076448355075 488
1757400885136 10.363306976606484 489
1757400885178 10.340604920337732 490
1757400885224 10.31797002062943 491
1757400885268 10.295402020055624 492
1757400885311 10.272900662669985 493
1757400885354 10.250465693992137 494
1757400885399 10.22809686099421 495
1757400885443 10.205793912087518 496
1757400885487 10.183556597109435 497
1757400885531 10.16138466731042 498
1757400885575 10.139277875341229 499
