1757572847838 183.70185219290633 0
1757572847942 164.685916858334 1
1757572848054 157.2878362560509 2
1757572848135 150.03920439283868 3
1757572848234 143.3771777071752 4
1757572848316 137.22938221121873 5
1757572848464 131.55227543952174 6
1757572848564 126.30512585561829 7
1757572848642 121.45089302292637 8
1757572848720 116.95583906803724 9
1757572848794 112.78923331830306 10
1757572848868 108.92308087802844 11
1757572848959 105.33187593917005 12
1757572849088 101.99237743570123 13
1757572849180 98.88340502037111 14
1757572849305 95.9856535187943 15
1757572849415 93.28152418381607 16
1757572849501 90.75497122544954 17
1757572849590 88.3913622302033 18
1757572849672 86.17735120954715 19
1757572849756 84.10076313174717 20
1757572849848 82.15048889537724 21
1757572849967 80.31638979743265 22
1757572850066 78.58921063498818 23
1757572850155 76.960500657544 24
1757572850242 75.42254165829452 25
1757572850339 73.96828255718853 26
1757572850439 72.59127988740691 27
1757572850528 71.28564365030412 28
1757572850613 70.04598805242355 29
1757572850697 68.86738668235046 30
1757572850773 67.74533172530569 31
1757572851005 66.6756968498778 32
1757572851217 65.6547034344686 33
1757572851393 64.67888983119181 34
1757572851512 63.745083392387976 35
1757572851634 62.850375009851724 36
1757572851727 61.992095939535666 37
1757572851804 61.16779670510454 38
1757572851880 60.375227892450695 39
1757572851961 59.612322664318 40
1757572852035 58.877180839670636 41
1757572852108 58.16805439652536 42
1757572852177 57.483334269770126 43
1757572852247 56.82153832713358 44
1757572852314 56.181300417054885 45
1757572852382 55.561360391826945 46
1757572852465 54.96055501813736 47
1757572852555 54.37780969508735 48
1757572852666 53.81213090700356 49
1757572852747 53.26259934493589 50
1757572852817 52.72836363671554 51
1757572852884 52.208634630886344 52
1757572852950 51.702680184767964 53
1757572853021 51.20982041140635 54
1757572853091 50.72942334425611 55
1757572853210 50.26090098215805 56
1757572853279 49.80370568055616 57
1757572853347 49.35732685797385 58
1757572853416 48.92128798956469 59
1757572853502 48.49514386209673 60
1757572853572 48.07847806704135 61
1757572853643 47.670900710540984 62
1757572853720 47.27204632094285 63
1757572853785 46.881571936325024 64
1757572853854 46.49915535602363 65
1757572853920 46.12449354160848 66
1757572853993 45.75730115406344 67
1757572854061 45.39730921511815 68
1757572854128 45.04426388176031 69
1757572854195 44.697925323942734 70
1757572854285 44.35806669639506 71
1757572854354 44.02447319626513 72
1757572854420 43.69694119905616 73
1757572854492 43.375277466000234 74
1757572854566 43.059298416622376 75
1757572854634 42.748829460807315 76
1757572854714 42.443704385189044 77
1757572854783 42.14376478914545 78
1757572854848 41.8488595661005 79
1757572854914 41.55884442621896 80
1757572854982 41.27358145692709 81
1757572855055 40.99293871800928 82
1757572855118 40.71678986831877 83
1757572855185 40.445013821403386 84
1757572855252 40.17749442758568 85
1757572855319 39.914120180254365 86
1757572855381 39.65478394432195 87
1757572855441 39.39938270498323 88
1757572855522 39.14781733507385 89
1757572855588 38.89999237947689 90
1757572855651 38.655815855161705 91
1757572855721 38.4151990655632 92
1757572855784 38.1780564281219 93
1757572855845 37.94430531390851 94
1757572855910 37.71386589834975 95
1757572855971 37.48666102215776 96
1757572856033 37.26261606164257 97
1757572856101 37.041658807658465 98
1757572856164 36.82371935249895 99
1757572856228 36.608729984114014 100
1757572856289 36.39662508707707 101
1757572856351 36.18734104977731 102
1757572856413 35.980816177358335 103
1757572856474 35.77699060996371 104
1757572856554 35.57580624588796 105
1757572856621 35.3772066692645 106
1757572856690 35.18113708195327 107
1757572856756 34.98754423931874 108
1757572856818 34.79637638961463 109
1757572856880 34.607583216715085 110
1757572856944 34.421115785953425 111
1757572857008 34.23692649284903 112
1757572857073 34.054969014520836 113
1757572857141 33.875198263602215 114
1757572857209 33.69757034448664 115
1757572857271 33.5220425117475 116
1757572857333 33.3485731305876 117
1757572857396 33.1771216391853 118
1757572857456 33.007648512814676 119
1757572857520 32.84011522962668 120
1757572857597 32.67448423798678 121
1757572857660 32.51071892527272 122
1757572857735 32.34878358804329 123
1757572857798 32.18864340349566 124
1757572857860 32.030264402135 125
1757572857924 31.873613441585768 126
1757572857999 31.71865818147899 127
1757572858061 31.5653670593551 128
1757572858126 31.41370926752561 129
1757572858189 31.263654730841317 130
1757572858255 31.115174085318376 131
1757572858319 30.968238657576777 132
1757572858380 30.82282044504897 133
1757572858442 30.678892096919284 134
1757572858503 30.536426895757383 135
1757572858575 30.395398739811313 136
1757572858642 30.255782125928203 137
1757572858706 30.117552133072408 138
1757572858770 29.98068440641309 139
1757572858834 29.845155141954844 140
1757572858895 29.710941071686523 141
1757572858974 29.578019449225152 142
1757572859037 29.446368035933062 143
1757572859098 29.315965087487545 144
1757572859182 29.18678934088392 145
1757572859269 29.058820001853526 146
1757572859338 28.932036732679563 147
1757572859405 28.80641964039449 148
1757572859470 28.681949265343547 149
1757572859541 28.558606570099975 150
1757572859623 28.436372928718086 151
1757572859693 28.315230116311074 152
1757572859758 28.195160298941392 153
1757572859824 28.076146023811717 154
1757572859887 27.95817020974545 155
1757572859952 27.84121613794613 156
1757572860015 27.72526744302568 157
1757572860079 27.6103081042917 158
1757572860149 27.496322437284935 159
1757572860213 27.38329508555783 160
1757572860278 27.27121101268611 161
1757572860346 27.160055494505173 162
1757572860408 27.049814111563858 163
1757572860469 26.940472741788138 164
1757572860533 26.832017553347928 165
1757572860599 26.72443499772014 166
1757572860670 26.61771180294166 167
1757572860736 26.511834967046195 168
1757572860800 26.406791751678917 169
1757572860862 26.302569675883365 170
1757572860926 26.199156510055165 171
1757572860988 26.096540270057243 172
1757572861050 25.99470921149172 173
1757572861115 25.89365182412338 174
1757572861177 25.793356826450335 175
1757572861240 25.693813160417196 176
1757572861304 25.595009986266582 177
1757572861369 25.49693667752477 178
1757572861529 25.399582816117423 179
1757572861741 25.30293818761171 180
1757572861867 25.206992776580815 181
1757572861983 25.11173676208753 182
1757572862066 25.017160513283294 183
1757572862184 24.923254585119338 184
1757572862335 24.830009714166803 185
1757572862432 24.73741681454257 186
1757572862507 24.645466973937907 187
1757572862574 24.554151449746875 188
1757572862651 24.463461665291813 189
1757572862720 24.373389206143074 190
1757572862788 24.283925816530385 191
1757572862860 24.19506339584329 192
1757572862929 24.106793995218204 193
1757572862997 24.01910981420965 194
1757572863065 23.93200319754338 195
1757572863132 23.84546663194914 196
1757572863200 23.759492743070847 197
1757572863267 23.67407429245216 198
1757572863333 23.589204174595285 199
1757572863402 23.504875414091114 200
1757572863465 23.42108116281878 201
1757572863528 23.337814697212686 202
1757572863592 23.255069415595262 203
1757572863663 23.172838835573668 204
1757572863729 23.091116591498807 205
1757572863795 23.009896431984846 206
1757572863858 22.929172217487835 207
1757572863924 22.848937917941733 208
1757572863988 22.769187610450317 209
1757572864051 22.68991547703369 210
1757572864114 22.611115802427705 211
1757572864181 22.53278297193516 212
1757572864244 22.454911469327243 213
1757572864308 22.377495874794036 214
1757572864384 22.30053086294279 215
1757572864549 22.224011200842696 216
1757572864623 22.147931746115013 217
1757572864709 22.072287445067317 218
1757572864783 21.997073330870904 219
1757572864858 21.922284521779993 220
1757572864933 21.847916219391948 221
1757572865004 21.773963706947256 222
1757572865074 21.70042234766838 223
1757572865146 21.62728758313647 224
1757572865215 21.55455493170497 225
1757572865282 21.482219986949225 226
1757572865350 21.410278416151165 227
1757572865416 21.33872595881817 228
1757572865485 21.26755842523536 229
1757572865551 21.196771695050312 230
1757572865619 21.126361715889608 231
1757572865687 21.056324502006213 232
1757572865764 20.986656132957137 233
1757572865832 20.91735275231043 234
1757572865900 20.84841056638098 235
1757572865970 20.779825842994242 236
1757572866036 20.71159491027731 237
1757572866104 20.643714155476733 238
1757572866171 20.57618002380221 239
1757572866236 20.50898901729575 240
1757572866313 20.44213769372558 241
1757572866393 20.37562266550422 242
1757572866464 20.309440598630154 243
1757572866534 20.24358821165251 244
1757572866604 20.178062274658206 245
1757572866712 20.112859608281056 246
1757572866818 20.047977082732245 247
1757572866905 19.983411616851715 248
1757572866993 19.91916017718002 249
1757572867075 19.855219777049967 250
1757572867178 19.791587475697817 251
1757572867263 19.72826037739344 252
1757572867346 19.66523563058901 253
1757572867429 19.6025104270858 254
1757572867516 19.54008200121867 255
1757572867598 19.477947629057834 256
1757572867741 19.416104627627462 257
1757572867848 19.354550354140773 258
1757572867936 19.293282205251263 259
1757572868038 19.232297616319542 260
1757572868122 19.171594060695654 261
1757572868272 19.11116904901629 262
1757572868375 19.051020128516733 263
1757572868465 18.99114488235705 264
1757572868632 18.931540928962374 265
1757572868792 18.872205921376725 266
1757572868901 18.81313754663031 267
1757572868990 18.754333525119787 268
1757572869071 18.695791610001354 269
1757572869409 18.637509586596245 270
1757572869519 18.57948527180847 271
1757572869613 18.521716513554395 272
1757572869701 18.464201190204044 273
1757572869784 18.406937210033714 274
1757572869879 18.34992251068975 275
1757572869988 18.293155058663178 276
1757572870077 18.236632848774985 277
1757572870189 18.18035390367178 278
1757572870286 18.124316273331626 279
1757572870385 18.06851803457981 280
1757572870468 18.012957290614338 281
1757572870550 17.95763217054091 282
1757572870631 17.902540828917207 283
1757572870705 17.847681445306264 284
1757572870778 17.793052223838743 285
1757572870861 17.738651392783865 286
1757572870936 17.684477204128882 287
1757572871012 17.63052793316685 288
1757572871085 17.576801878092546 289
1757572871172 17.523297359606335 290
1757572871243 17.470012720525837 291
1757572871315 17.416946325405195 292
1757572871388 17.36409656016182 293
1757572871458 17.311461831710407 294
1757572871534 17.259040567604103 295
1757572871606 17.206831215682644 296
1757572871677 17.15483224372734 297
1757572871747 17.103042139122746 298
1757572871820 17.051459408524845 299
1757572871905 17.000082577535686 300
1757572871979 16.948910190384264 301
1757572872051 16.89794080961352 302
1757572872119 16.84717301577339 303
1757572872198 16.796605407119685 304
1757572872267 16.74623659931876 305
1757572872336 16.696065225157792 306
1757572872411 16.64608993426062 307
1757572872479 16.5963093928089 308
1757572872547 16.546722283268636 309
1757572872617 16.497327304121832 310
1757572872685 16.448123169603242 311
1757572872753 16.399108609442045 312
1757572872820 16.350282368608436 313
1757572872895 16.30164320706492 314
1757572872971 16.253189899522308 315
1757572873037 16.204921235200263 316
1757572873105 16.15683601759229 317
1757572873172 16.10893306423517 318
1757572873243 16.06121120648262 319
1757572873311 16.01366928928318 320
1757572873385 15.966306170962202 321
1757572873452 15.919120723007909 322
1757572873517 15.87211182986136 323
1757572873587 15.82527838871029 324
1757572873655 15.778619309286773 325
1757572873724 15.732133513668561 326
1757572873792 15.685819936084084 327
1757572873861 15.639677522720994 328
1757572873942 15.593705231538237 329
1757572874013 15.547902032081524 330
1757572874081 15.50226690530216 331
1757572874154 15.456798843379158 332
1757572874227 15.411496849544582 333
1757572874300 15.36635993791205 334
1757572874370 15.321387133308328 335
1757572874439 15.276577471107961 336
1757572874507 15.231929997070852 337
1757572874577 15.187443767182812 338
1757572874647 15.143117847498893 339
1757572874714 15.098951313989607 340
1757572874786 15.054943252389801 341
1757572874859 15.0110927580503 342
1757572874937 14.967398935792131 343
1757572875009 14.923860899763378 344
1757572875078 14.880477773298539 345
1757572875150 14.837248688780411 346
1757572875219 14.794172787504356 347
1757572875291 14.75124921954502 348
1757572875362 14.708477143625354 349
1757572875434 14.665855726987946 350
1757572875505 14.623384145268616 351
1757572875574 14.581061582372225 352
1757572875644 14.538887230350628 353
1757572875716 14.496860289282788 354
1757572875789 14.454979967156955 355
1757572875856 14.413245479754888 356
1757572875934 14.371656050538109 357
1757572876008 14.33021091053609 358
1757572876077 14.288909298236412 359
1757572876146 14.247750459476784 360
1757572876216 14.206733647338933 361
1757572876285 14.165858122044336 362
1757572876355 14.125123150851707 363
1757572876424 14.084528007956262 364
1757572876610 14.044071974390695 365
1757572876809 14.003754337927862 366
1757572876961 13.963574392985104 367
1757572877049 13.923531440530187 368
1757572877140 13.883624787988877 369
1757572877328 13.843853749154045 370
1757572877443 13.804217644096312 371
1757572877687 13.76471579907623 372
1757572877812 13.725347546457924 373
1757572877896 13.686112224624171 374
1757572877988 13.647009177892938 375
1757572878068 13.608037756435294 376
1757572878143 13.569197316194712 377
1757572878224 13.530487218807705 378
1757572878303 13.4919068315258 379
1757572878380 13.453455527138788 380
1757572878455 13.415132683899273 381
1757572878535 13.376937685448482 382
1757572878608 13.33886992074325 383
1757572878681 13.300928783984263 384
1757572878757 13.263113674545476 385
1757572878845 13.225423996904672 386
1757572878920 13.187859160575185 387
1757572879001 13.150418580038735 388
1757572879079 13.113101674679367 389
1757572879151 13.075907868718447 390
1757572879221 13.03883659115076 391
1757572879292 13.001887275681618 392
1757572879364 12.965059360665009 393
1757572879436 12.92835228904273 394
1757572879505 12.891765508284523 395
1757572879575 12.855298470329195 396
1757572879643 12.818950631526626 397
1757572879710 12.782721452580802 398
1757572879780 12.746610398493685 399
1757572879858 12.710616938510038 400
1757572879930 12.674740546063106 401
1757572880010 12.638980698721161 402
1757572880085 12.603336878134941 403
1757572880154 12.56780856998589 404
1757572880222 12.53239526393522 405
1757572880291 12.497096453573826 406
1757572880365 12.461911636372927 407
1757572880438 12.426840313635559 408
1757572880507 12.391881990448777 409
1757572880576 12.357036175636663 410
1757572880643 12.322302381714023 411
1757572880710 12.287680124840854 412
1757572880778 12.253168924777489 413
1757572880850 12.218768304840488 414
1757572880920 12.184477791859162 415
1757572880993 12.150296916132845 416
1757572881069 12.116225211388759 417
1757572881141 12.082262214740586 418
1757572881209 12.048407466647655 419
1757572881276 12.014660510874792 420
1757572881347 11.981020894452747 421
1757572881419 11.947488167639266 422
1757572881490 11.914061883880752 423
1757572881559 11.880741599774508 424
1757572881627 11.84752687503158 425
1757572881694 11.814417272440132 426
1757572881762 11.78141235782943 427
1757572881830 11.748511700034337 428
1757572881902 11.715714870860351 429
1757572881975 11.683021445049203 430
1757572882048 11.650431000244946 431
1757572882123 11.61794311696058 432
1757572882197 11.585557378545168 433
1757572882267 11.553273371151437 434
1757572882335 11.521090683703905 435
1757572882410 11.48900890786744 436
1757572882484 11.457027638016337 437
1757572882553 11.425146471203806 438
1757572882624 11.393365007131969 439
1757572882693 11.361682848122259 440
1757572882760 11.330099599086294 441
1757572882829 11.298614867497166 442
1757572882902 11.267228263361151 443
1757572882974 11.235939399189842 444
1757572883049 11.204747889972717 445
1757572883121 11.173653353150062 446
1757572883194 11.14265540858634 447
1757572883264 11.11175367854392 448
1757572883336 11.080947787657205 449
1757572883409 11.050237362907131 450
1757572883479 11.019622033596043 451
1757572883554 10.989101431322938 452
1757572883622 10.958675189959056 453
1757572883691 10.928342945623832 454
1757572883760 10.898104336661211 455
1757572883828 10.867959003616265 456
1757572883898 10.8379065892122 457
1757572883972 10.80794673832763 458
1757572884046 10.77807909797425 459
1757572884163 10.748303317274761 460
1757572884248 10.71861904744115 461
1757572884331 10.689025941753274 462
1757572884426 10.659523655537729 463
1757572884534 10.63011184614705 464
1757572884636 10.600790172939162 465
1757572884731 10.571558297257182 466
1757572884826 10.542415882409445 467
1757572884918 10.513362593649846 468
1757572885009 10.484398098158438 469
1757572885108 10.455522065022334 470
1757572885201 10.426734165216835 471
1757572885292 10.39803407158684 472
1757572885385 10.369421458828526 473
1757572885480 10.34089600347126 474
1757572885572 10.312457383859774 475
1757572885666 10.2841052801366 476
1757572885756 10.255839374224696 477
1757572885846 10.227659349810372 478
1757572885948 10.19956489232643 479
1757572886073 10.171555688935493 480
1757572886173 10.14363142851365 481
1757572886259 10.115791801634213 482
1757572886337 10.088036500551793 483
1757572886417 10.06036521918654 484
1757572886495 10.032777653108592 485
1757572886571 10.005273499522792 486
1757572886649 9.977852457253508 487
1757572886724 9.950514226729764 488
1757572886798 9.923258509970504 489
1757572886876 9.896085010570072 490
1757572886955 9.868993433683885 491
1757572887033 9.841983486014303 492
1757572887110 9.815054875796672 493
1757572887194 9.788207312785563 494
1757572887269 9.761440508241192 495
1757572887342 9.734754174916008 496
1757572887415 9.708148027041469 497
1757572887488 9.68162178031499 498
1757572887562 9.65517515188706 499
