1757508217931 139.03740386117025 0
1757508217989 135.24047527164146 1
1757508218047 123.05038652574451 2
1757508218112 110.28661878409598 3
1757508218178 116.59579015120568 4
1757508218246 106.26468266693193 5
1757508218385 96.05054343304391 6
1757508218548 98.74685926218096 7
1757508218665 85.28814366929544 8
1757508218786 84.46953317574068 9
1757508218865 77.66960112395913 10
1757508218956 82.26534397607499 11
1757508219101 80.54430921468855 12
1757508219208 70.5825761887172 13
1757508219279 71.38767142565361 14
1757508219348 72.84361629568123 15
1757508219414 68.1512641645351 16
1757508219480 66.26821660523852 17
1757508219542 62.94075306279189 18
1757508219605 65.703592470744 19
1757508219671 65.74836777773645 20
1757508219733 100.93689602290105 21
1757508219795 60.34550405012772 22
1757508219868 53.073320367375345 23
1757508219928 49.087894139430034 24
1757508219989 51.49508318144709 25
1757508220049 51.08674319120427 26
1757508220109 45.76066334211587 27
1757508220171 45.82967877328698 28
1757508220232 51.521341528461654 29
1757508220293 49.55463162236155 30
1757508220353 44.07071932361927 31
1757508220415 38.73540107153483 32
1757508220475 43.99689078698551 33
1757508220537 57.8655838168002 34
1757508220597 38.88554745688353 35
1757508220690 43.43918757609183 36
1757508220762 41.09002721172338 37
1757508220835 36.01660677936698 38
1757508220911 53.11097318364073 39
1757508220988 34.32926468218585 40
1757508221059 37.48181190773288 41
1757508221138 37.53541821738807 42
1757508221213 35.95534360359685 43
1757508221287 30.669924260869063 44
1757508221368 29.50759790634815 45
1757508221445 38.70431752878992 46
1757508221518 43.50418482653467 47
1757508221598 35.17050288268526 48
1757508221676 29.095484153449775 49
1757508221753 59.08776227684723 50
1757508221819 26.913955664392848 51
1757508221896 45.99026595932916 52
1757508221965 29.50259668523604 53
1757508222034 35.5989016160916 54
1757508222105 45.7551325420529 55
1757508222176 32.04035850749575 56
1757508222245 26.968563660532325 57
1757508222313 57.633992804043324 58
1757508222382 31.82351896332354 59
1757508222453 29.50636859146736 60
1757508222523 36.05957823813846 61
1757508222591 30.226910953014794 62
1757508222663 28.14227734738617 63
1757508222751 35.67794826798703 64
1757508222844 25.776317429496476 65
1757508222920 32.517899834053146 66
1757508222986 32.14168649538629 67
1757508223051 34.26520422709364 68
1757508223115 28.527020742480904 69
1757508223180 27.07516551293052 70
1757508223240 28.495751127788782 71
1757508223303 26.367160655505117 72
1757508223364 32.029521505494806 73
1757508223425 26.068406155893367 74
1757508223488 32.92737349694418 75
1757508223549 36.81935642498988 76
1757508223609 30.275386780979954 77
1757508223668 37.30474750048053 78
1757508223731 25.25410308465308 79
1757508223788 65.08876480195583 80
1757508223845 25.62212248688843 81
1757508223906 25.57890167313137 82
1757508223972 25.953951867145623 83
1757508224030 25.9163443592599 84
1757508224088 19.75185603896843 85
1757508224147 29.098442025019143 86
1757508224205 49.96079189579089 87
1757508224264 24.421335580058898 88
1757508224322 27.369823149140274 89
1757508224383 22.912804646537115 90
1757508224447 24.41374909331013 91
1757508224506 32.40820762874602 92
1757508224565 21.63310468309527 93
1757508224623 28.728510335933635 94
1757508224681 19.363687480242323 95
1757508224741 20.49561585913963 96
1757508224801 25.551411350507237 97
1757508224859 24.733028229694995 98
1757508224916 56.78199706340049 99
1757508224974 18.87352590496282 100
1757508225032 24.80453161544217 101
1757508225088 24.658948463091416 102
1757508225145 21.295454098374016 103
1757508225204 46.365623097440825 104
1757508225261 24.86238440708038 105
1757508225320 23.921016536449827 106
1757508225379 32.50158963177022 107
1757508225439 44.771288719804495 108
1757508225497 20.57515218710148 109
1757508225557 25.07482366913568 110
1757508225625 24.4989348026363 111
1757508225693 24.258769403681725 112
1757508225759 17.961114894096312 113
1757508225822 24.50788687160274 114
1757508225882 18.380020334969938 115
1757508225951 23.785902098585648 116
1757508226010 20.40417592096645 117
1757508226069 18.15065863756836 118
1757508226128 23.084686106192596 119
1757508226186 18.948450180954197 120
1757508226245 21.679070324993972 121
1757508226302 16.97717612540841 122
1757508226360 39.51692870227444 123
1757508226418 49.127996478052296 124
1757508226486 22.73175078475319 125
1757508226547 16.37511818019037 126
1757508226604 23.433019170281852 127
1757508226663 17.83582222860299 128
1757508226723 20.72336125123747 129
1757508226784 23.604059412338348 130
1757508226843 14.60013059476889 131
1757508226900 43.15402766891009 132
1757508226969 20.383424099629867 133
1757508227027 24.716916485107504 134
1757508227085 23.139454057144622 135
1757508227143 23.79075081512288 136
1757508227204 22.262143724859744 137
1757508227263 20.14804021217625 138
1757508227318 16.206090917177438 139
1757508227379 21.701510008469455 140
1757508227437 17.425404730782336 141
1757508227506 18.800443803221295 142
1757508227564 15.693986733795967 143
1757508227622 18.568724198996865 144
1757508227679 17.465019324020073 145
1757508227737 17.940317276069113 146
1757508227814 21.03140020433541 147
1757508227872 22.120905608245703 148
1757508227930 30.24370578117293 149
1757508227987 19.89908976466508 150
1757508228046 19.49147119773308 151
1757508228123 18.441802357858585 152
1757508228203 17.45051990358688 153
1757508228320 21.289123846407794 154
1757508228388 22.35487898900811 155
1757508228451 15.304209091746435 156
1757508228516 40.72984169670534 157
1757508228580 16.633380928487995 158
1757508228642 16.94489156649963 159
1757508228703 17.596251939799732 160
1757508228767 33.94872364794471 161
1757508228828 13.492904622067035 162
1757508228887 13.889971148370917 163
1757508228947 15.245102158021004 164
1757508229021 13.931233737052532 165
1757508229083 15.583961338747685 166
1757508229145 18.60401018568154 167
1757508229207 10.871278925779974 168
1757508229276 31.965731232971432 169
1757508229339 14.809361630243535 170
1757508229400 17.160985622554918 171
1757508229462 19.746529681250053 172
1757508229525 12.836807922847285 173
1757508229585 14.172946676514933 174
1757508229645 34.01460914702075 175
1757508229706 16.87904219851659 176
1757508229769 21.380407877058307 177
1757508229832 14.317128148064995 178
1757508229893 31.01893024397242 179
1757508229956 14.34010316972846 180
1757508230016 15.03400623290743 181
1757508230077 13.535176559493065 182
1757508230139 14.766707588226092 183
1757508230198 14.250117950170683 184
1757508230258 16.381371250800814 185
1757508230319 20.731992644747546 186
1757508230378 15.784452977641498 187
1757508230438 15.008972277680149 188
1757508230502 12.89337749203551 189
1757508230563 9.017316623481255 190
1757508230623 15.27506481430146 191
1757508230682 14.753562942653764 192
1757508230743 15.427055053405091 193
1757508230803 13.364914869735953 194
1757508230862 10.75073090065746 195
1757508231107 13.528051129097202 196
1757508231378 13.165520013691264 197
1757508231545 15.060344629383264 198
1757508231673 16.664808914490397 199
1757508231805 17.93227577216516 200
1757508231883 11.974318501736498 201
1757508231977 14.57424427609394 202
1757508232134 13.263446765238337 203
1757508232247 11.439690455658544 204
1757508232320 13.365827651752767 205
1757508232387 28.54018905708837 206
1757508232454 11.90270719227692 207
1757508232525 15.133665041455009 208
1757508232590 15.909376371979187 209
1757508232656 15.182757344581853 210
1757508232724 11.007698701963411 211
1757508232788 14.92503076454632 212
1757508232855 9.539945701774565 213
1757508232919 13.480174845077448 214
1757508232981 16.67582545844473 215
1757508233046 15.965124400321097 216
1757508233118 10.681272337649125 217
1757508233180 11.26855219058485 218
1757508233240 21.38414761058029 219
1757508233300 11.625292189404355 220
1757508233361 13.726034667533355 221
1757508233424 14.62978596561789 222
1757508233485 9.641504398879702 223
1757508233552 34.86187266458048 224
1757508233615 10.564443263380086 225
1757508233675 13.446118101926823 226
1757508233737 7.876070093393724 227
1757508233799 14.995910464685823 228
1757508233860 12.133158564732666 229
1757508233921 14.422561477977448 230
1757508233980 11.07549735107864 231
1757508234053 8.479516772380883 232
1757508234122 25.255245511157213 233
1757508234182 10.877483917552459 234
1757508234242 25.42068921436997 235
1757508234304 13.095886790905121 236
1757508234363 27.132299842881682 237
1757508234426 12.617523870623396 238
1757508234490 11.167957933708246 239
1757508234555 11.759996858894077 240
1757508234617 9.65650159213579 241
1757508234681 18.17145105515769 242
1757508234744 8.920063275007953 243
1757508234807 28.85524975793811 244
1757508234870 15.502974212993385 245
1757508234933 12.378226651759846 246
1757508234996 15.843307529461569 247
1757508235061 11.5498556365106 248
1757508235133 10.139615598116068 249
1757508235198 16.513933915562266 250
1757508235262 10.590630123415977 251
1757508235326 14.459429481803417 252
1757508235391 13.856255728363175 253
1757508235455 15.292146000058167 254
1757508235518 13.604730603798686 255
1757508235588 8.736925533898956 256
1757508235654 11.055705321304101 257
1757508235718 10.229914312437495 258
1757508235785 10.0758481421848 259
1757508235848 11.863545661843167 260
1757508235911 15.388056879475982 261
1757508235977 10.550951245023633 262
1757508236043 11.019834615544317 263
1757508236108 12.07519491549274 264
1757508236182 12.757313308846529 265
1757508236247 10.928578368439979 266
1757508236310 11.20245173253282 267
1757508236375 11.691496992887283 268
1757508236439 15.770347420753163 269
1757508236503 11.214063330960016 270
1757508236570 9.756711881725215 271
1757508236650 8.937848738511308 272
1757508236739 17.5672314659925 273
1757508236810 8.672553874693664 274
1757508236881 20.483539467293237 275
1757508236959 16.597682881032405 276
1757508237032 8.955975595321902 277
1757508237106 8.518240652144925 278
1757508237194 8.817650697875406 279
1757508237268 9.249132911305752 280
1757508237341 9.738006345095455 281
1757508237415 10.505408596205436 282
1757508237488 12.780651722680567 283
1757508237564 9.37173597529824 284
1757508237634 9.93894651329174 285
1757508237710 7.051641802899783 286
1757508237772 8.652638860748198 287
1757508237848 9.108619123250664 288
1757508237913 9.777677617431317 289
1757508237981 20.6860516669535 290
1757508238052 7.251077705536292 291
1757508238134 18.43265706756883 292
1757508238211 8.129087945995336 293
1757508238282 7.882067053669769 294
1757508238353 11.899493170430148 295
1757508238425 9.833744004622801 296
1757508238508 11.686955644357814 297
1757508238600 11.051185678200062 298
1757508238704 10.833107306408058 299
1757508238776 9.075801336695294 300
1757508238848 10.606717074962365 301
1757508238918 9.281891815797708 302
1757508238985 9.888610373225967 303
1757508239053 11.389134483663122 304
1757508239122 9.866811627217766 305
1757508239192 9.793663112984701 306
1757508239259 16.670414675241318 307
1757508239326 7.244456790810521 308
1757508239397 7.41391064321063 309
1757508239463 8.78143949458768 310
1757508239531 8.489153355565831 311
1757508239601 8.559040426053135 312
1757508239666 8.262149332917085 313
1757508239731 8.87860537016649 314
1757508239800 10.628257481833778 315
1757508239866 10.176616065378632 316
1757508239929 10.172294903824367 317
1757508239993 11.34614499295828 318
1757508240059 9.620677073079852 319
1757508240130 9.454447283520814 320
1757508240198 9.732177494466006 321
1757508240271 7.1452161419387 322
1757508240335 8.236051207307776 323
1757508240406 6.879360091809804 324
1757508240469 8.379768075423561 325
1757508240534 9.142760630466666 326
1757508240597 8.749699814067064 327
1757508240665 16.184620556838066 328
1757508240729 13.998192131198715 329
1757508240793 10.820800467504347 330
1757508240858 15.890578687605922 331
1757508240923 6.995521173945387 332
1757508240988 7.651345083727958 333
1757508241051 8.685210512637928 334
1757508241114 5.7680881068799374 335
1757508241179 13.797499809565045 336
1757508241245 8.114147813356606 337
1757508241308 12.458369368749104 338
1757508241373 8.661314178711057 339
1757508241436 6.264364807571766 340
1757508241500 6.206907402119978 341
1757508241564 6.73350395059034 342
1757508241633 6.3715930437719654 343
1757508241696 8.6691022022018 344
1757508241761 8.303621119050513 345
1757508241825 7.5393071077436495 346
1757508241889 9.27519272600402 347
1757508241952 12.992615992771974 348
1757508242016 8.836190615536685 349
1757508242078 7.409599887131879 350
1757508242145 8.901685155482832 351
1757508242211 6.762903967529053 352
1757508242280 9.978986345533984 353
1757508242342 7.408793921786465 354
1757508242405 10.407583135948148 355
1757508242469 7.2853764707071775 356
1757508242531 8.556986120417042 357
1757508242598 9.67082923492881 358
1757508242665 6.759772674423196 359
1757508242729 8.077601571421019 360
1757508242794 14.878374892826772 361
1757508242857 8.518196099708065 362
1757508242920 6.000239062538007 363
1757508242983 8.713563715552898 364
1757508243047 8.654115028638001 365
1757508243109 7.525186418240142 366
1757508243172 9.214303282630487 367
1757508243236 7.877620890727677 368
1757508243309 7.894071484621573 369
1757508243371 7.486462362439197 370
1757508243437 11.694588013683317 371
1757508243503 6.040363996778512 372
1757508243569 13.37067898602013 373
1757508243640 7.42069953677284 374
1757508243820 7.495077419181349 375
1757508243968 7.514053594112634 376
1757508244095 7.181163256747664 377
1757508244198 6.836146325781972 378
1757508244290 6.8668847951173495 379
1757508244435 6.92809068768554 380
1757508244548 8.070589108256343 381
1757508244637 8.229585597314442 382
1757508244712 7.173359763542845 383
1757508244783 5.892978966362221 384
1757508244851 5.549579683653664 385
1757508244919 6.291104607122762 386
1757508244987 6.555678495342563 387
1757508245052 5.8374350526632925 388
1757508245119 10.478054472069774 389
1757508245185 6.600058422713947 390
1757508245251 8.44298393064099 391
1757508245319 7.279094542570495 392
1757508245386 6.09855624466969 393
1757508245452 7.748920475714222 394
1757508245517 9.029586927437153 395
1757508245583 6.674386074877446 396
1757508245649 6.666177078906688 397
1757508245715 13.720484588980193 398
1757508245783 5.037089840868094 399
1757508245849 4.873995724335125 400
1757508245916 7.112444402054048 401
1757508245983 4.897146062603027 402
1757508246047 8.658593930639881 403
1757508246113 4.598510258230267 404
1757508246180 6.623988324763282 405
1757508246247 6.691330039936368 406
1757508246319 5.667835857441897 407
1757508246388 7.187672226136267 408
1757508246458 6.888038198384476 409
1757508246524 6.289521498060211 410
1757508246589 7.304746492202831 411
1757508246656 6.84946099922377 412
1757508246731 5.644233229217696 413
1757508246799 7.5209671195325605 414
1757508246866 5.094766136972429 415
1757508246932 5.547154286386643 416
1757508246997 6.118061045740869 417
1757508247066 8.160191630941714 418
1757508247132 5.547888451155889 419
1757508247197 6.673565526355049 420
1757508247263 6.056840944424233 421
1757508247339 6.0450291680025074 422
1757508247404 7.106295159842659 423
1757508247469 5.553625231741639 424
1757508247534 4.523309480691748 425
1757508247601 7.363349841508451 426
1757508247667 8.564355540851848 427
1757508247735 7.214211591982757 428
1757508247802 6.034680589613026 429
1757508247871 6.375530147502649 430
1757508247938 4.69500173975314 431
1757508248004 6.162026998203468 432
1757508248071 10.609008109790492 433
1757508248156 3.747599109859038 434
1757508248224 6.112287226204039 435
1757508248290 5.329772015931382 436
1757508248367 4.09119226039226 437
1757508248437 5.360539497950943 438
1757508248502 9.444899423163479 439
1757508248569 5.356713368568239 440
1757508248634 4.848983895438196 441
1757508248699 5.828118526468297 442
1757508248767 6.6345052024285565 443
1757508248835 6.876091962810841 444
1757508248900 5.909226472039035 445
1757508248964 5.11643411314139 446
1757508249033 6.01384395902864 447
1757508249098 5.176973800318439 448
1757508249163 4.142481083505171 449
1757508249231 4.422278943809355 450
1757508249297 5.114484684001444 451
1757508249368 4.9365513462120605 452
1757508249438 6.353287728093534 453
1757508249503 4.82000792310535 454
1757508249572 3.453901632221052 455
1757508249640 5.052089955491163 456
1757508249705 6.091303750602942 457
1757508249772 8.752926763366276 458
1757508249838 5.372040525084169 459
1757508249906 5.839483443594136 460
1757508249974 4.54770706937331 461
1757508250041 4.923163954560852 462
1757508250108 5.349586123414592 463
1757508250174 6.183559825493773 464
1757508250241 4.375233046445492 465
1757508250310 5.77793394132862 466
1757508250384 3.534632779653039 467
1757508250450 4.886775612822542 468
1757508250517 9.926556707679335 469
1757508250585 5.721047260518401 470
1757508250654 3.827781830550266 471
1757508250722 8.980431577733691 472
1757508250791 5.295434078620292 473
1757508250858 5.674324525263053 474
1757508250925 5.379874812813983 475
1757508250992 5.044809365347301 476
1757508251057 4.856040298041788 477
1757508251124 5.4888317336346555 478
1757508251191 4.303965962217935 479
1757508251257 4.253342777996358 480
1757508251325 4.8250001051899325 481
1757508251399 4.8795389195357854 482
1757508251467 3.868643790096371 483
1757508251535 4.246542433096437 484
1757508251604 7.839838662367307 485
1757508251671 4.280682937960716 486
1757508251737 6.429137988199256 487
1757508251807 6.167214673127517 488
1757508251874 3.363119014272801 489
1757508251942 6.679470940602435 490
1757508252009 8.51780772811798 491
1757508252078 4.850549603640182 492
1757508252145 5.887458281979626 493
1757508252214 5.568639986806219 494
1757508252283 4.780474741528113 495
1757508252351 4.833844078013702 496
1757508252424 4.3739921856574115 497
1757508252530 5.405737387447243 498
1757508252621 4.29668865804974 499
