1757501292099 187.61348598003275 0
1757501292189 138.59764841391976 1
1757501292291 133.4451278441918 2
1757501292396 117.70175400780283 3
1757501292513 174.45875283131 4
1757501292619 147.21196989562583 5
1757501292718 146.96753651722966 6
1757501292816 146.51945933212363 7
1757501292922 170.57895766486098 8
1757501293019 202.9404404858425 9
1757501293137 220.3616226639459 10
1757501293244 188.01516364615242 11
1757501293339 186.72381187318172 12
1757501293431 177.84824253773098 13
1757501293521 196.39266116236897 14
1757501293624 168.3498490889445 15
1757501293722 190.20572536839884 16
1757501293848 201.73786959669775 17
1757501293944 172.3657112617252 18
1757501294039 202.70018702554717 19
1757501294134 212.32086290073758 20
1757501294228 163.7060357737668 21
1757501294321 151.58095178129417 22
1757501294462 267.0629578948282 23
1757501294607 149.47924295564027 24
1757501294736 155.79900287271252 25
1757501294860 189.87079393538846 26
1757501295034 197.59755398679079 27
1757501295138 156.5697204809543 28
1757501295236 217.36144718016686 29
1757501295333 195.50316546449 30
1757501295426 131.62717677143786 31
1757501295521 141.28459709253644 32
1757501295617 146.86079736846355 33
1757501295713 175.95534353793718 34
1757501295803 163.59346113455587 35
1757501295898 90.1357280881036 36
1757501295999 160.4440591653158 37
1757501296094 94.11789198222148 38
1757501296190 173.324076416034 39
1757501296287 229.85522885738914 40
1757501296381 155.1542113594887 41
1757501296471 194.40951205734527 42
1757501296565 106.44965286293358 43
1757501296658 200.41195281298818 44
1757501296753 226.85451238210734 45
1757501296851 169.9156587308673 46
1757501296947 144.55433483201892 47
1757501297044 184.3050037996677 48
1757501297134 201.51911573352527 49
1757501297232 145.6193819190518 50
1757501297329 160.3601120988464 51
1757501297428 162.41339426175125 52
1757501297523 116.24608937169069 53
1757501297619 130.41134700923593 54
1757501297712 185.22042590235066 55
1757501297808 179.91685077544406 56
1757501297897 85.70362417685615 57
1757501298002 156.58897474046384 58
1757501298099 141.99582058094148 59
1757501298190 153.65442233585907 60
1757501298286 200.47191464973181 61
1757501298375 182.97510396537973 62
1757501298466 198.75990602369168 63
1757501298561 161.94672808153402 64
1757501298652 137.48130826903386 65
1757501298741 153.8090695229056 66
1757501298843 212.66754938311118 67
1757501298938 254.6978395957481 68
1757501299046 81.72890614127549 69
1757501299141 201.30895463867006 70
1757501299239 160.88862223996333 71
1757501299336 132.75298379685648 72
1757501299437 141.13906610516415 73
1757501299536 95.95209454925492 74
1757501299633 141.32239454653143 75
1757501299729 147.16718574303752 76
1757501299825 184.38739901052404 77
1757501299921 165.8296347882162 78
1757501300017 255.98457131527059 79
1757501300115 159.4075603469799 80
1757501300212 139.05188017603783 81
1757501300309 165.7042548083257 82
1757501300407 182.55034315650298 83
1757501300501 282.6744337460649 84
1757501300593 163.48824818244736 85
1757501300702 196.1107915667494 86
1757501300799 147.90987633399243 87
1757501300900 186.60789418262087 88
1757501301003 208.26985274111692 89
1757501301101 146.78235069105622 90
1757501301203 150.6437054863109 91
1757501301303 137.42134218264644 92
1757501301400 225.2844262318173 93
1757501301501 176.253981998145 94
1757501301600 204.79113193843574 95
1757501301699 229.46097720911524 96
1757501301798 148.89171083679048 97
1757501301897 160.26450506082986 98
1757501301994 223.40348238045863 99
1757501302102 84.10000671315551 100
1757501302203 173.5676303179058 101
1757501302308 152.39025370209575 102
1757501302417 141.7227339735474 103
1757501302521 124.7666799536348 104
1757501302642 269.01335367122465 105
1757501302810 210.76360837393267 106
1757501302968 141.32694604457782 107
1757501303092 184.61066091598198 108
1757501303223 175.4865519586401 109
1757501303403 172.52290764337573 110
1757501303537 197.79099987805554 111
1757501303650 134.98424485923198 112
1757501303749 194.6595511305875 113
1757501303843 148.07017327932732 114
1757501303937 145.70819810115304 115
1757501304046 99.92743463837375 116
1757501304163 193.91320986462014 117
1757501304261 182.35063326599874 118
1757501304354 116.51302248355319 119
1757501304451 146.54555173247016 120
1757501304550 160.82594664658427 121
1757501304647 150.91004991338485 122
1757501304747 136.66042225768246 123
1757501304845 128.07760618779406 124
1757501304943 198.07905975443128 125
1757501305040 140.73117269434036 126
