1757506292665 64.54212951458345 0
1757506292764 35.85583797793384 1
1757506292855 15.292120756502515 2
1757506292942 3.8342619151902544 3
1757506293027 18.219529430073507 4
1757506293115 2.669202757760008 5
1757506293206 12.120946956042154 6
1757506293292 0.20507313427548773 7
1757506293378 18.428819312550896 8
1757506293463 0.9820386599293237 9
1757506293546 10.74747083758298 10
1757506293636 0.6810389628880539 11
1757506293721 0.9364767913277112 12
1757506293803 2.3914379576849343 13
1757506293903 2.6954234359876836 14
1757506293995 4.842947627254112 15
1757506294077 0.890061573772697 16
1757506294169 0.7199628941478095 17
1757506294253 1.7439727416304005 18
1757506294337 4.00499251242681 19
1757506294418 0.3505550180691738 20
1757506294502 0.15275387888942346 21
1757506294593 0.21737237303197482 22
1757506294692 1.991688097992242 23
1757506294780 0.44307103043615104 24
1757506294866 0.0031489584402022634 25
1757506294952 0.5084360036974394 26
1757506295039 0.5127440223072888 27
1757506295128 0.0806060047975615 28
1757506295210 0.12697527942932946 29
1757506295298 0.11085293769177319 30
1757506295381 0.006152395708953963 31
1757506295464 0.16233505432714046 32
1757506295562 0.035476562903967473 33
1757506295669 0.13077138433883861 34
1757506295756 6.40322690711883e-07 35
1757506295845 0.49977189288140017 36
1757506295930 0.015272129548392976 37
1757506296015 0.16459950047003669 38
1757506296102 0.1876123159985885 39
1757506296185 0.07533472783564255 40
1757506296270 0.013017607243464723 41
1757506296360 0.022534459426154913 42
1757506296446 0.259473218918762 43
1757506296533 0.5016802443034031 44
1757506296615 0.020537442433730877 45
1757506296708 0.012945818270558278 46
1757506296790 0.01738814944424269 47
1757506296876 0.007192210416780173 48
1757506296959 0.06729615019997728 49
1757506297047 0.7449149528387157 50
1757506297130 0.19716252850093008 51
1757506297212 0.02491221968043266 52
1757506297294 0.003332595399442762 53
1757506297377 0.13003874551853584 54
1757506297459 0.005828180951085105 55
1757506297542 0.009946046183410977 56
1757506297687 0.024940564229525303 57
1757506297792 0.04275209029759821 58
1757506297902 0.08808614515381169 59
1757506298007 0.041874399761622744 60
1757506298110 0.04838134863841797 61
1757506298219 0.1222908163450409 62
1757506298325 0.0437689774345069 63
1757506298434 0.04733586356947383 64
1757506298540 0.00093041027824887 65
1757506298629 0.4607312192372718 66
1757506298721 0.006624696613692374 67
1757506298809 0.346576982362101 68
1757506298901 0.7380692353142746 69
1757506298997 0.10272624682308217 70
1757506299105 0.713507323928635 71
1757506299206 0.06625450856410582 72
1757506299308 0.002301756676847897 73
1757506299418 0.03588266610060359 74
1757506299549 0.010576825578716883 75
1757506299651 0.020141623293006436 76
1757506299749 0.7469014791571404 77
1757506299839 0.022504375241668425 78
1757506299930 0.012360918271504687 79
1757506300020 0.07017353366144263 80
1757506300111 0.030361978380043335 81
1757506300204 0.17549458619009747 82
1757506300295 0.29403399518098344 83
1757506300381 0.43185278536057753 84
1757506300463 0.0005770233937492147 85
1757506300550 1.0624234082890878 86
1757506300633 0.16791941929246484 87
1757506300718 0.011283231796011636 88
1757506300807 0.006528311827382773 89
1757506300890 0.03723720219351445 90
1757506300974 0.021085381757807446 91
1757506301058 0.0021118214769509647 92
1757506301141 0.4777779334766871 93
1757506301228 2.3298152612230385e-05 94
1757506301311 0.0137715519222688 95
1757506301395 0.01751143190909964 96
1757506301477 0.0022273719512261917 97
1757506301559 0.021106067912111275 98
1757506301674 0.12226485100261425 99
1757506301854 0.3807700987356801 100
1757506302058 0.004653461605090699 101
1757506302218 0.014436976338373418 102
1757506302361 4.899608535881612e-07 103
1757506302499 0.023990068246639035 104
1757506302665 0.011023398821964698 105
1757506302779 0.03209308066408536 106
1757506302956 0.07728290161707228 107
1757506303157 0.00996576711152903 108
1757506303257 0.6128058570610869 109
1757506303351 0.05756462063895757 110
1757506303446 0.17012399930710778 111
1757506303539 0.02346587625205228 112
1757506303631 0.0629075031253656 113
1757506303722 0.05198722961621917 114
1757506303819 0.007814729953671811 115
1757506303906 0.30964322272167816 116
1757506303997 0.0008379689268734639 117
1757506304086 0.44622617732742054 118
1757506304192 0.39595744523655635 119
1757506304302 0.30542564544341955 120
1757506304400 0.014868988236653849 121
1757506304505 0.1849406858675222 122
1757506304594 0.005666561962419805 123
1757506304680 0.042431816565347655 124
1757506304770 0.38362086706888193 125
1757506304868 0.15803024152859885 126
1757506304953 0.3464727024245497 127
1757506305038 0.032114984620971565 128
1757506305122 0.6086983488664869 129
1757506305209 8.434517607151382e-06 130
1757506305294 0.0100780060411313 131
1757506305381 0.0023339105014053194 132
1757506305467 0.04804745474828641 133
1757506305551 0.03934014867783465 134
1757506305636 0.04299797766019348 135
1757506305722 0.008836469636457754 136
1757506305805 0.05129403496383816 137
1757506305896 0.040732115515876216 138
1757506305983 2.834550089061504e-07 139
1757506306067 0.036902730478622005 140
1757506306151 0.005717979815614154 141
1757506306234 0.08247376175738462 142
1757506306321 0.014024310711934735 143
1757506306407 0.004466029723918631 144
1757506306493 0.13206848932887438 145
1757506306575 0.01891341769058693 146
1757506306659 0.2963378846611321 147
1757506306743 0.01329319222693084 148
1757506306826 0.44051896514307726 149
1757506306932 0.0793347983536687 150
1757506307015 0.10526992781013612 151
1757506307099 0.003930636966673842 152
1757506307184 0.004792248968295017 153
1757506307267 0.0006369386567524195 154
1757506307353 6.804875224662956e-06 155
1757506307441 0.021450842916577947 156
1757506307529 0.09693152668642188 157
1757506307617 0.015010075352382577 158
1757506307707 0.035946916102533054 159
1757506307793 0.08764992198736567 160
1757506307882 0.0011256505661356034 161
1757506307970 0.11583274917986895 162
1757506308058 0.03726538738094216 163
1757506308156 0.7596590376898308 164
1757506308245 0.051108805647729516 165
1757506308333 0.06778749933526135 166
1757506308421 0.01067711100122221 167
1757506308513 0.47144072215804705 168
1757506308602 0.17249011433126493 169
1757506308694 0.05093675954998366 170
1757506308784 0.6672368784320799 171
1757506308878 0.060631022744097186 172
1757506308964 0.07067285335603755 173
1757506309054 0.07513922635905296 174
1757506309143 0.044224123898263856 175
1757506309231 0.0025001540800393567 176
1757506309321 0.03613837664260928 177
1757506309410 0.05789363239714935 178
1757506309497 0.03229686494816627 179
1757506309587 0.0011992769465193297 180
1757506309676 0.012031850418994924 181
1757506309766 0.05374371066550181 182
1757506309856 0.18969696383617277 183
1757506309953 0.03740733295066549 184
1757506310042 0.24677125837104769 185
1757506310131 0.5944100665522754 186
1757506310221 0.05256756304910957 187
1757506310309 0.007382498165115537 188
1757506310401 0.07030272439093814 189
1757506310492 0.021543498435607832 190
1757506310578 0.002360221518958632 191
1757506310666 0.09332528134691893 192
1757506310755 0.21823734410546303 193
1757506310843 0.01826652663826611 194
1757506310979 0.028725501594709938 195
1757506311070 0.07445424366654993 196
1757506311159 9.474576195005556e-05 197
1757506311248 0.000683860542498954 198
1757506311337 0.05468782111400122 199
