1757575774234 0.08668718190884317 0
1757575774334 0.003968710634984207 1
1757575774445 0.02341035332038881 2
1757575774542 0.0007733186946973685 3
1757575774647 0.39087148701505264 4
1757575774743 0.0008684277226854075 5
1757575774834 0.00032220404439558273 6
1757575774925 0.029414652036195567 7
1757575775020 0.005080213185258296 8
1757575775119 0.035621003566408696 9
1757575775248 0.0316171772036389 10
1757575775352 0.5643803420619872 11
1757575775447 0.14172632242535083 12
1757575775548 0.4261060932108465 13
1757575775647 0.18827745271840485 14
1757575775752 0.2528017641363867 15
1757575775847 0.02936666428965598 16
1757575775939 0.0007728169413259948 17
1757575776033 0.0015316353462374603 18
1757575776130 0.07210714997710503 19
1757575776225 0.014950045137049915 20
1757575776319 0.01118111428931924 21
1757575776415 0.03198112148854736 22
1757575776506 0.01753495183710181 23
1757575776596 0.4487316627595775 24
1757575776695 0.1962658554974601 25
1757575776794 8.101314171739888e-05 26
1757575776885 0.016808202560914844 27
1757575776971 6.266985587349484e-06 28
1757575777063 0.05728174430830877 29
1757575777155 0.0010954361857728062 30
1757575777249 0.13624701435747283 31
1757575777347 0.2190815416566422 32
1757575777439 0.007422061048625281 33
1757575777530 0.0982694767780056 34
1757575777664 0.03893221824634527 35
1757575777793 0.001188032969673335 36
1757575777890 0.036947492921137394 37
1757575777982 0.8447762938116117 38
1757575778077 0.12229680730390646 39
1757575778175 0.19373553138074387 40
1757575778269 0.004840735897612292 41
1757575778365 0.629343493959857 42
1757575778457 0.14959507674907682 43
1757575778549 0.06045842972913969 44
1757575778666 0.11670066892343901 45
1757575778910 0.04394379795202327 46
1757575779069 0.009364977189487615 47
1757575779190 0.01889510620487875 48
1757575779340 0.015447810209778513 49
1757575779505 0.036953520103121716 50
1757575779651 0.019581151218862027 51
1757575779859 0.005258393901007002 52
1757575779953 0.08581963019710447 53
1757575780046 2.3970379143241397e-07 54
1757575780139 0.016121399606152113 55
1757575780234 0.002457947157898291 56
1757575780329 0.003167208482531892 57
1757575780421 0.0020905759472417255 58
1757575780513 0.020263790533847446 59
1757575780608 0.0009270252872305544 60
1757575780701 0.04694166484352112 61
1757575780802 4.938599203345742e-06 62
1757575780902 0.0062908753315405914 63
1757575780995 0.01355313846002968 64
1757575781088 0.0004263584739002731 65
1757575781183 0.0036520827331647334 66
1757575781289 0.20566565502771889 67
1757575781384 0.009943151351180854 68
1757575781485 0.05711511151433457 69
1757575781580 0.021430284313459547 70
1757575781670 0.0020720381677705687 71
1757575781762 0.0010619268890713302 72
1757575781869 0.16287978148442714 73
1757575781968 1.2659349563678919 74
1757575782063 0.12434504827409819 75
1757575782153 0.024172620318759608 76
1757575782253 0.09207752204865975 77
1757575782348 0.03589389901324252 78
1757575782445 0.01307341970213246 79
1757575782540 0.0189464419881255 80
1757575782636 0.0005554875256568184 81
1757575782728 0.08326785275991713 82
1757575782822 0.5407173186454434 83
1757575782918 0.0444631609173915 84
1757575783013 0.19094322765840813 85
1757575783103 0.030640737963599028 86
1757575783196 1.3755288855200234 87
1757575783291 0.05261857691883606 88
1757575783379 0.012794528925315804 89
1757575783479 0.0011478937487301442 90
1757575783572 2.929925651287235 91
1757575783668 0.00862094288600708 92
1757575783762 0.03660867587088153 93
1757575783856 0.3952605077974777 94
1757575783961 0.00027485734893312506 95
1757575784088 0.07450713351476522 96
1757575784362 0.007830418662526576 97
1757575784549 0.0006802301486279268 98
1757575784666 0.05322712307531829 99
1757575784784 0.2118106453488894 100
1757575784899 0.0013411769887567055 101
1757575785019 0.01915326346064234 102
1757575785126 0.05125947545856182 103
1757575785227 0.014409679655351944 104
1757575785317 0.024500966779792216 105
1757575785419 0.07981760117036228 106
1757575785516 0.03506686532589125 107
1757575785611 0.017411155648010365 108
1757575785703 0.004376223582147378 109
1757575785805 0.10468927654030277 110
1757575785906 0.02390376222681727 111
1757575786011 0.059920169038677445 112
1757575786157 0.21061292278250895 113
1757575786255 0.03592235259496764 114
1757575786351 0.0004520994136426507 115
1757575786450 0.35062485962544504 116
1757575786557 0.24393072399098265 117
1757575786656 0.15077972797894354 118
1757575786753 0.07934686063258777 119
1757575786847 0.08342148057341504 120
1757575786953 0.04977259802231818 121
1757575787050 1.046461542468831 122
1757575787151 0.009078426364156759 123
1757575787245 0.01500489281944215 124
1757575787341 0.0006652796220963448 125
1757575787435 0.010834188869121696 126
1757575787537 0.07046549420345842 127
1757575787640 0.0012057958845383893 128
1757575787738 0.49671044129571745 129
1757575787835 0.1281728965343562 130
1757575787937 0.06617227707365299 131
1757575788034 0.04699500898827914 132
1757575788131 0.023737876759557085 133
1757575788224 0.09580605572600888 134
1757575788318 0.0003687414558499834 135
1757575788415 0.06397957826832193 136
1757575788510 0.07255974310799049 137
1757575788607 0.020240749228919292 138
1757575788706 0.03980072740865265 139
1757575788801 0.0009282681757152543 140
1757575788894 0.021562736878206354 141
1757575789000 0.019940919651248265 142
1757575789099 0.012386461455671259 143
1757575789196 0.014492400440590266 144
1757575789290 0.5883733945430988 145
1757575789386 0.004551607880116358 146
1757575789480 0.01640899276187217 147
1757575789584 0.03561275242744991 148
1757575789684 0.045646396263521155 149
1757575789783 0.015643833953482202 150
1757575789879 0.02990209773183262 151
1757575789983 0.19940687021322098 152
1757575790079 0.23708161953952475 153
1757575790171 0.3767158337005656 154
1757575790265 0.05340540219600609 155
1757575790362 0.027702423752404778 156
1757575790458 0.027658784504288624 157
1757575790555 0.032006279166987374 158
1757575790654 0.0008528310716684031 159
1757575790752 0.15650518511727743 160
1757575790847 0.054344856362656804 161
1757575790939 0.15538060533629616 162
1757575791038 0.0038199676321726364 163
1757575791138 0.14982463532477483 164
1757575791238 0.15770435987984066 165
1757575791334 0.018644668497388855 166
1757575791493 0.005538066589923305 167
1757575791732 0.09823987822994894 168
1757575791834 0.10368397330875861 169
1757575791965 0.06863335395772001 170
1757575792070 0.3803239911229592 171
1757575792170 0.2346381349348805 172
1757575792269 0.08688777636618172 173
1757575792449 0.002020160118771517 174
1757575792699 0.05907320614400887 175
1757575792898 0.16189279214090868 176
1757575793022 0.042122700228338646 177
1757575793133 0.07648727637034032 178
1757575793235 0.3835322008819251 179
1757575793373 0.04058888938350272 180
1757575793505 0.1753579709686697 181
1757575793621 0.051365411791340305 182
1757575793753 1.5603983327708906 183
1757575793858 0.15798973227949073 184
1757575793963 0.2409626895596808 185
1757575794089 0.07931455600760128 186
1757575794255 0.5608716954538122 187
1757575794408 0.0007775074306940732 188
1757575794541 0.14785239494308028 189
1757575794662 0.03176541200401099 190
1757575794809 0.03796950028002457 191
1757575794915 0.29242160465055683 192
1757575795024 0.046822329643945546 193
1757575795138 0.005020389206417297 194
1757575795264 0.005696684633446304 195
1757575795412 0.0012547361964702999 196
1757575795604 0.08296408050938205 197
1757575795746 0.017020386191050955 198
1757575795937 0.023453123022732947 199
1757575796069 0.060945446477487134 200
1757575796209 0.0021359615470231325 201
1757575796357 0.5946886160472893 202
1757575796488 0.03952564523660628 203
1757575796617 0.025836691316683324 204
1757575796774 0.047377981110383605 205
1757575796932 0.0004964655336738039 206
1757575797070 0.00978656849268823 207
1757575797187 0.01007064182848574 208
1757575797307 0.12952313858522677 209
1757575797452 0.01307930505934498 210
1757575797561 0.0023897953964600975 211
1757575797709 0.07366406188263289 212
1757575797836 0.06294344054102942 213
1757575797978 0.06787455441899519 214
1757575798109 0.00036437808459165004 215
1757575798233 0.23677637033086074 216
1757575798378 0.003429376672147988 217
1757575798510 0.09201395523685264 218
1757575798665 0.28623742177918376 219
1757575798790 0.2873974035457051 220
1757575798892 0.12317960639349747 221
1757575798992 0.03930450859284907 222
1757575799096 0.5817504726414238 223
1757575799198 0.00033549639344188824 224
1757575799298 0.5713514022398697 225
1757575799403 7.350089162544454e-05 226
1757575799506 0.09029106569834305 227
1757575799607 0.008657499310774605 228
1757575799707 1.0324161857100915 229
1757575799818 0.07864668270644118 230
1757575799924 0.16714931717809492 231
1757575800029 0.05814318377493614 232
1757575800127 0.00217073093258222 233
1757575800226 0.004705996810312988 234
1757575800326 0.034196200756740854 235
1757575800424 0.028870790026019492 236
1757575800520 0.0043445963122166415 237
1757575800622 0.040425295439101824 238
1757575800721 0.23748046769778908 239
1757575800827 0.1159066321109308 240
1757575800929 0.07687356016858604 241
1757575801025 0.0543967436947121 242
1757575801132 0.024069763242437422 243
1757575801233 0.04581093282392241 244
1757575801341 0.01567250209621803 245
1757575801442 0.0009530926352216069 246
1757575801544 0.22971155413006367 247
1757575801645 0.4660344502093936 248
1757575801745 0.0007035238401583174 249
1757575801848 0.0343981724274518 250
1757575801947 0.303715302427081 251
1757575802054 0.15867022225364685 252
1757575802153 0.10983148624214283 253
1757575802257 0.03541002714901192 254
1757575802355 0.43506324502301164 255
1757575802451 0.020201709065383034 256
1757575802555 0.4090782616550826 257
1757575802653 0.5690947677264908 258
1757575802761 0.0024435710661525616 259
1757575802893 0.004806149721092511 260
1757575803027 0.04963549395331075 261
1757575803163 0.03441216950840801 262
1757575803284 0.013478082073734894 263
1757575803396 0.7086031453338775 264
1757575803520 0.00044774733891323197 265
1757575803642 0.028820463019922957 266
1757575803761 0.110406197831531 267
1757575803873 0.03441798959638384 268
1757575803971 0.2274794655460642 269
1757575804071 0.004601324226007587 270
1757575804177 0.00954934492616082 271
1757575804278 0.07426885995671878 272
1757575804382 0.36987753946054297 273
1757575804480 0.021843851790392773 274
1757575804582 0.03244922607646039 275
1757575804704 0.001480371692969306 276
1757575804833 0.021410043898621382 277
1757575804936 0.12011271054338396 278
1757575805038 0.20384791253154205 279
1757575805140 0.00735888469283078 280
1757575805241 0.04280921526263679 281
1757575805342 0.03969124457078821 282
1757575805442 0.053541455175644334 283
1757575805540 0.002340158182964536 284
1757575805639 0.010274766988320434 285
1757575805739 0.00044209336978433944 286
1757575805847 0.12045119565105529 287
1757575805952 0.08953226399769684 288
1757575806056 0.012776274665690479 289
1757575806156 0.10500255882749908 290
1757575806266 0.050507675539549865 291
1757575806367 3.995756632493675e-05 292
1757575806468 0.22019112905956623 293
1757575806596 2.692105865154143e-05 294
1757575806862 0.032560192868505505 295
1757575806998 0.06668374833266058 296
1757575807172 0.0026459337735721977 297
1757575807301 0.0853989591799551 298
1757575807457 0.006565846927759068 299
1757575807677 0.02821749356253091 300
1757575807824 0.07788525589844336 301
1757575808061 0.820924382939371 302
1757575808163 0.02066725337140771 303
1757575808266 0.28021432221390496 304
1757575808370 0.0007622750427518624 305
1757575808473 0.05776967409415859 306
1757575808574 0.19256927425607764 307
1757575808680 0.25553076995458107 308
1757575808785 0.01696291370524734 309
1757575808886 0.0054732368433398305 310
1757575808990 0.28056660941786277 311
1757575809097 0.09954952994665127 312
1757575809196 0.03342834497157147 313
1757575809306 0.09339489169194344 314
1757575809404 0.13866689892240966 315
1757575809507 0.0050116406762787235 316
1757575809613 0.141741590725014 317
1757575809715 0.22300139702017924 318
1757575809818 3.4115882113246984e-05 319
1757575809920 0.013596415178571802 320
1757575810023 0.07079086749985385 321
1757575810126 0.3409338232112531 322
1757575810231 0.008618375147160491 323
1757575810344 0.029949980896391844 324
1757575810449 0.01535532868436317 325
1757575810550 0.328688452930075 326
1757575810657 0.004077306989957838 327
1757575810763 0.1713425424768663 328
1757575810862 0.03286082023557761 329
1757575810961 0.5031888962651861 330
1757575811063 0.09526464238783348 331
1757575811165 0.049386101320852076 332
1757575811269 0.03431957373627963 333
1757575811381 0.24024963337105518 334
1757575811492 0.36003316514979 335
1757575811604 0.32572773130449423 336
1757575811716 0.03901129022688252 337
1757575811826 0.01722575987831218 338
1757575811931 0.16043002994662256 339
1757575812034 0.39336726084802565 340
1757575812137 0.051927798196735306 341
1757575812237 0.09461718396302449 342
1757575812330 8.387089233279074e-07 343
1757575812432 0.07834824449002878 344
1757575812532 0.37468248721935327 345
1757575812632 0.03950248313594775 346
1757575812728 0.14326978355746953 347
1757575812830 0.3957389834580048 348
1757575812928 0.00031412509260940973 349
1757575813030 0.07325011518788785 350
1757575813132 0.3136160479520475 351
1757575813239 0.1203936672918439 352
1757575813337 0.2688982997284766 353
1757575813442 0.18224446786271595 354
1757575813542 0.14152009462352055 355
1757575813643 0.043968207478249366 356
1757575813743 0.016143132375443 357
1757575813848 0.018427410511096812 358
1757575813953 0.0011711095146731902 359
1757575814056 0.07108925314611389 360
1757575814162 0.04730591507498417 361
1757575814260 0.01480590946888701 362
1757575814369 0.5592705170230535 363
1757575814475 0.026402892409727128 364
1757575814574 0.0004201809091602475 365
1757575814675 0.03422127860239732 366
1757575814777 0.0005545299297286454 367
1757575814880 0.018158544231202566 368
1757575814982 0.1675596216017229 369
1757575815083 0.045155413738381917 370
1757575815189 0.0002193574273412879 371
1757575815291 0.020818343146304964 372
1757575815406 0.03653295543196634 373
1757575815511 0.04729774805617086 374
1757575815611 0.16443049906991133 375
1757575815712 0.2342753647901019 376
1757575815811 0.07420583843861125 377
1757575815910 0.14313045697223328 378
1757575816014 0.01551025746149097 379
1757575816118 0.3931788633988781 380
1757575816223 0.018116520819078084 381
1757575816324 0.03640613414725504 382
1757575816437 0.018043132209256203 383
1757575816543 0.0509010347692634 384
1757575816644 0.06165319953461526 385
1757575816746 0.16998455874778187 386
1757575816843 0.12083041271705645 387
1757575816946 0.10736867833998072 388
1757575817050 0.00829499179888374 389
1757575817151 0.16549233171908917 390
1757575817276 0.6667060631168876 391
1757575817377 0.00365154895158039 392
1757575817501 0.014046653905508858 393
1757575817601 0.3200574013666377 394
1757575817701 0.15281665249689583 395
1757575817803 0.004462942995312915 396
1757575817906 0.4680116723242106 397
1757575818006 0.00858140238874707 398
1757575818108 0.10278741981258294 399
1757575818214 0.029408225195117283 400
1757575818316 0.06974567775532742 401
1757575818418 0.13394899006060312 402
1757575818521 0.13145770316203845 403
1757575818625 0.2880825550872328 404
1757575818724 0.0041441522287872365 405
1757575818824 0.2321688928060656 406
1757575818925 0.07117981091754659 407
1757575819025 0.17195919978004665 408
1757575819127 0.017001051537052465 409
1757575819227 0.0621774318069737 410
1757575819330 0.00010897538881717668 411
1757575819436 0.01900829668380513 412
1757575819541 0.003993368529154173 413
1757575819648 0.062499824157771444 414
1757575819747 0.008534913403811104 415
1757575819849 0.0014810784240794758 416
1757575819951 0.00452423019169586 417
1757575820050 0.0002775179784651769 418
1757575820154 0.041304171791008606 419
1757575820260 0.08310518329659677 420
1757575820364 0.003270481060911297 421
1757575820474 0.20083007907971573 422
1757575820621 0.05750555804587218 423
1757575820844 0.0004169812914749665 424
1757575821019 0.05916904923949596 425
1757575821155 0.13910954105407333 426
1757575821317 0.04537292419691842 427
1757575821508 0.02541159624457464 428
1757575821667 0.07573004168255441 429
1757575821792 0.09922666272784848 430
1757575821912 0.2072004587415721 431
1757575822035 0.00015631438599867753 432
1757575822156 0.38679029367773055 433
1757575822276 0.04658106238176537 434
1757575822397 0.21365282815491832 435
1757575822510 0.8254252834634274 436
1757575822611 0.04637635057594261 437
1757575822718 0.02431966679386853 438
1757575822817 0.3230982470733488 439
1757575822917 0.003201818367546113 440
1757575823018 0.31320186272127143 441
1757575823117 0.07349398162893321 442
1757575823225 0.11379770429288937 443
1757575823344 0.08159255668699882 444
1757575823451 0.0988890459515724 445
1757575823563 0.04414766701383376 446
1757575823667 0.2091767757700508 447
1757575823772 0.0016271501304210999 448
1757575823878 0.04468110235447633 449
1757575823979 0.005516977655160295 450
1757575824088 0.08425473767385772 451
1757575824192 0.009084226974489391 452
1757575824296 0.27530166672026696 453
1757575824404 0.2801371708136352 454
1757575824509 0.043917950705965214 455
1757575824614 0.035511324157327245 456
1757575824720 0.0841058146186183 457
1757575824823 0.0013441119241570884 458
1757575824926 0.004105691190487741 459
1757575825029 0.030951452850458194 460
1757575825136 0.09025160360178243 461
1757575825243 0.007672507586893305 462
1757575825348 0.0005392348344785209 463
1757575825454 0.07741413070915272 464
1757575825568 0.026922348378963866 465
1757575825677 0.007233187481803196 466
1757575825787 0.2795950972517093 467
1757575825890 0.00015926158647704635 468
1757575825992 0.38373118034332165 469
1757575826090 0.001030621531390157 470
1757575826193 0.00041959776855715695 471
1757575826302 0.0025719692483024198 472
1757575826404 0.00016528600170126462 473
1757575826510 0.0006992537707612129 474
1757575826623 0.0007739547795107065 475
1757575826722 0.010041905144196542 476
1757575826827 0.004762625097535899 477
1757575826927 0.03694957783154657 478
1757575827031 0.0531376734131754 479
1757575827135 0.19853967985091914 480
1757575827237 0.012367705317118761 481
1757575827339 0.0781326215522567 482
1757575827443 0.023215858102068554 483
1757575827540 0.012325018406985286 484
1757575827650 0.02736406412529325 485
1757575827757 0.0428782538066351 486
1757575827868 0.2684018301252247 487
1757575827972 0.01635461109984399 488
1757575828091 0.059979570645483433 489
1757575828197 0.016184779242982165 490
1757575828339 0.010413067013051287 491
1757575828458 0.055337782309022296 492
1757575828567 0.02912012859461229 493
1757575828676 0.0008282943663933847 494
1757575828782 0.008454910843096327 495
1757575828887 0.0023463946822553728 496
1757575828993 0.0070139135198680185 497
1757575829098 0.1367057257950414 498
1757575829222 0.08289686473672454 499
