1757492505035 170.2113833958683 0
1757492505105 168.04009117707466 1
1757492505171 173.2123485608465 2
1757492505245 172.37382711640396 3
1757492505364 172.9174642799907 4
1757492505484 167.11994694752298 5
1757492505591 175.36584770733495 6
1757492505683 167.82677428036186 7
1757492505789 169.4014505339915 8
1757492505899 166.01712637426158 9
1757492506006 167.44106292665091 10
1757492506094 165.66304390141664 11
1757492506190 168.84166136400526 12
1757492506255 168.13032898247633 13
1757492506340 172.0231500597052 14
1757492506431 168.28087805995276 15
1757492506494 167.0263323282837 16
1757492506556 170.14384328893493 17
1757492506624 170.0358728991253 18
1757492506702 170.74813931350326 19
1757492506842 167.43033685165184 20
1757492506905 167.19098736412755 21
1757492506961 171.37211189145967 22
1757492507017 166.44401543335786 23
1757492507070 169.23077299936173 24
1757492507121 167.36872688587357 25
