1757489200992 106.72051556020511 0
1757489201106 104.01795765166808 1
1757489201234 28.12849093963714 2
1757489201350 13.353330497411138 3
1757489201469 15.064024361212368 4
1757489201583 39.70451173023356 5
1757489201707 0.6735257729052216 6
1757489201852 0.9387491184309579 7
1757489201991 0.24136169022248735 8
1757489202103 35.86483139012864 9
1757489202200 1.7721908914152635 10
1757489202325 8.585737778863482 11
1757489202474 2.0319961163694225 12
1757489202641 35.868931862697835 13
1757489202760 2.213471923453737 14
1757489202899 2.7807287508441525 15
1757489203022 10.380772275816323 16
1757489203127 7.351759091209605e-05 17
1757489203242 2.5922634658888413 18
1757489203356 3.885654814335633 19
1757489203476 16.47642167610553 20
1757489203597 0.03092475700712053 21
1757489203743 7.3930440685385665 22
1757489203856 12.554552807895966 23
1757489203976 3.7852918521685943 24
1757489204102 7.146465388542415 25
1757489204240 24.301201795345907 26
1757489204363 6.886469226627245 27
1757489204474 21.068763004783957 28
1757489204593 12.856131223655801 29
1757489204726 10.490665567353165 30
1757489204864 0.9472133802342749 31
1757489205001 0.0038171479089893234 32
1757489205130 10.6156955046887 33
1757489205251 3.070440247689243 34
1757489205398 35.20579513288438 35
1757489205524 14.313010436179173 36
1757489205660 10.313882620374658 37
1757489205822 1.2314574213701475 38
1757489205960 3.5523082789899454 39
1757489206110 0.250891274478858 40
1757489206229 8.612384923143724 41
1757489206401 0.003584588175056674 42
1757489206550 1.295576673446344 43
1757489206672 1.1141236251646536 44
1757489206810 0.7572595875401218 45
1757489206908 2.3655490879654435 46
1757489206999 0.7219781620249598 47
1757489207095 3.733687632949499 48
1757489207181 1.9381035044666648 49
1757489207270 4.236622270821472 50
1757489207362 12.318507814896904 51
1757489207451 7.86210916238104 52
1757489207535 0.6783837614412764 53
1757489207649 0.0034550482063015983 54
1757489207817 5.082207049280496 55
1757489207999 0.9283647212745644 56
1757489208093 0.05370350089359919 57
1757489208229 0.6590608546658332 58
1757489208395 1.045182778427243 59
1757489208516 5.079001555490076 60
1757489208610 12.469149506534967 61
1757489208689 9.484495138068072 62
1757489208771 0.2686647935230002 63
1757489208859 21.41767487093155 64
1757489208945 1.0661113521427381 65
1757489209029 0.8122918270162052 66
1757489209122 9.59209315090595 67
1757489209204 1.8558210475418415 68
1757489209288 2.1325431963747707 69
1757489209373 14.258544530942345 70
1757489209466 2.5668717874143723 71
1757489209556 0.04021722267092009 72
1757489209643 12.385950401903406 73
1757489209729 6.352516509440181 74
1757489209811 8.542348453899448 75
1757489209894 25.59486160000042 76
1757489210005 2.7844933280274615 77
1757489210093 6.9341497993906565 78
1757489210180 6.041996067560865 79
1757489210260 21.540397463688915 80
1757489210343 6.261357581521269 81
1757489210427 13.036795178494083 82
1757489210509 3.7735241292969706 83
1757489210595 14.666190425198275 84
1757489210680 3.6923255261366927 85
1757489210765 0.6271021538190164 86
1757489210851 0.08701744800060142 87
1757489210934 1.0475576449829793 88
1757489211017 19.00212756667873 89
1757489211102 0.31209515569090845 90
1757489211191 10.398018588514342 91
1757489211271 19.114719761289248 92
1757489211351 0.47105327936930314 93
1757489211432 0.022815484636615306 94
1757489211512 0.01362654442321375 95
1757489211602 17.76611141849159 96
1757489211688 0.12544689508592421 97
1757489211769 13.218541198897883 98
1757489211851 6.155032945785046 99
1757489211931 0.3556397591479872 100
1757489212012 9.423617246061065 101
1757489212086 5.1829964994847835 102
1757489212176 13.945045644313677 103
1757489212256 2.2665007610191372 104
1757489212345 3.8227807305304173 105
1757489212427 0.5637003300823509 106
1757489212509 8.091065791310207 107
1757489212590 6.5536188478373845 108
1757489212677 5.221087475047504 109
1757489212758 4.579347424959839 110
1757489212843 0.005990318969801491 111
1757489212930 19.038633824410578 112
1757489213054 0.09963390859916 113
1757489213157 2.0931291922493047 114
1757489213257 11.269053958583257 115
1757489213421 0.1315499997356312 116
1757489213560 2.91644027106899 117
1757489213688 14.326744247493892 118
1757489213872 3.8022080377927483 119
1757489214074 11.548800951202786 120
1757489214198 2.2900633614498407 121
1757489214306 11.377792713565082 122
1757489214407 6.040472590282604 123
1757489214500 0.044772669495175076 124
1757489214594 1.6152481188077623 125
1757489214690 9.283185693459425 126
1757489214781 8.779931851324974 127
1757489214869 2.999187101854521 128
1757489214957 11.202947071749382 129
1757489215045 8.211856921889039 130
1757489215127 0.30013209737061547 131
1757489215225 0.21493464949584737 132
1757489215314 0.5942689581916161 133
1757489215394 0.15588776917729805 134
1757489215477 0.22495142354776104 135
1757489215561 18.902213026934454 136
1757489215648 7.024308855698979 137
1757489215733 0.6046180416287995 138
1757489215819 3.5122328527290274 139
1757489215905 6.906597358602806 140
1757489215987 2.259086995320015 141
1757489216072 0.15930325986405708 142
1757489216156 14.887581458406107 143
1757489216250 16.61181923614553 144
1757489216336 3.244648152980125 145
1757489216421 4.360300234228753 146
1757489216506 3.4903361830017228 147
1757489216591 3.7616803830724765 148
1757489216677 22.118846381844726 149
1757489216763 4.617295971289908 150
1757489216850 12.868341266981977 151
1757489216927 8.659948656673853 152
1757489217009 7.442913757574316 153
1757489217093 2.1991312713983375 154
1757489217177 2.3277715795147174 155
1757489217270 2.2815699496624675 156
1757489217352 0.5068705330627675 157
1757489217435 3.615731236851854 158
1757489217514 20.044572772357768 159
1757489217597 0.9053493931747615 160
1757489217680 3.7553700430061223 161
1757489217763 0.5503073842815195 162
1757489217846 3.750949980873708 163
1757489217930 5.265934486279868 164
1757489218012 8.482424093708115 165
1757489218095 114.71440857423818 166
1757489218176 5.872359921660152 167
1757489218271 7.912831293405109 168
1757489218354 0.08534851848659969 169
1757489218437 15.135146651239047 170
1757489218519 5.487464924211792 171
1757489218602 0.8191842887647328 172
1757489218684 30.494802339484128 173
1757489218828 0.025967576919593262 174
1757489218968 15.965773530188402 175
1757489219143 5.645829570494436 176
1757489219254 1.176548383452326 177
1757489219354 0.053537827449132325 178
1757489219490 7.271419417972162 179
1757489219660 1.6935314607358263 180
1757489219782 8.428891474595423 181
1757489219875 1.0200549168347413 182
1757489219965 3.737273277169113e-05 183
1757489220059 0.5814786745295429 184
1757489220149 8.205405853969811 185
1757489220237 5.942159616812188 186
1757489220334 0.26783738215218134 187
1757489220422 22.21027429916533 188
1757489220508 2.4357656125482627 189
1757489220595 4.236348366208647 190
1757489220682 1.2023892008807666 191
1757489220769 0.02899786802864719 192
1757489220856 1.9871145960050212 193
1757489220943 1.6143931648981185 194
1757489221031 29.512226297632697 195
1757489221120 0.057556968352079005 196
1757489221200 0.0012979823729681956 197
1757489221297 15.454574240248178 198
1757489221386 13.16142713953411 199
1757489221486 5.460544726650952 200
1757489221576 12.672630653187241 201
1757489221663 21.450080992120018 202
1757489221752 12.131959075499758 203
1757489221838 0.2573511848602862 204
1757489221924 0.1810752242595826 205
1757489222008 4.830955611109356 206
1757489222095 11.927853719826265 207
1757489222179 22.292572779528598 208
1757489222263 14.637355531329128 209
1757489222355 14.108842760914317 210
1757489222438 3.3876523968661107 211
1757489222523 3.3258762062952942 212
1757489222608 0.3327698943163846 213
1757489222692 0.5391534835756071 214
1757489222775 5.760058883025068 215
1757489222860 0.8303271178188253 216
1757489222942 0.2869141726174595 217
1757489223020 0.01458605597050756 218
1757489223105 20.61159136274387 219
1757489223197 2.0787892417017595 220
1757489223284 0.1806328428884445 221
1757489223379 8.682288232318712 222
1757489223463 6.084776205323364 223
1757489223559 0.0315608129785602 224
1757489223644 1.5517561266927793 225
1757489223730 9.32585099687802 226
1757489223838 7.07673938170822 227
1757489223923 12.251150009636827 228
1757489224002 13.757323908719181 229
1757489224093 4.635146195477351 230
1757489224178 4.807339055067197 231
1757489224265 9.965393386973378 232
1757489224357 13.959022714946332 233
1757489224443 0.7359029694527867 234
1757489224547 2.897020038622993 235
1757489224718 0.590473051030284 236
1757489224893 23.550063340271027 237
1757489225000 19.474154559365658 238
1757489225130 6.868912107212671 239
1757489225254 14.14297950828261 240
1757489225395 0.0809897930920563 241
1757489225507 12.783427167007824 242
1757489225630 3.4107467637527313 243
1757489225754 8.166348829053883 244
1757489225877 0.4048848950414408 245
1757489226009 5.699091028743854 246
1757489226129 2.618197352903079 247
1757489226285 0.22243904267428763 248
1757489226418 7.17021803437463 249
1757489226577 19.277994778061192 250
1757489226726 11.769469837439578 251
1757489226854 7.1830555201650315 252
1757489226980 1.0101333526164664 253
1757489227105 10.5727629206799 254
1757489227228 0.7598960460921725 255
1757489227346 7.9903656170597515 256
1757489227468 0.4599189260490175 257
1757489227610 5.626578144954335 258
1757489227725 13.818185201227056 259
1757489227839 8.431402927599482 260
1757489228008 10.637655268775767 261
1757489228136 1.2879374969889978 262
1757489228286 4.271240406109285 263
1757489228435 0.905736538989563 264
1757489228547 7.386240518258406 265
1757489228684 5.54692849183904 266
1757489228809 1.095672320525895 267
1757489228947 0.3394872533318139 268
1757489229076 0.30376998426159413 269
1757489229211 3.7958914797896135 270
1757489229330 0.9520005327843563 271
1757489229468 10.386390849385737 272
1757489229592 8.13472026656197 273
1757489229730 2.1790064388765815 274
1757489229860 0.7367058222362282 275
1757489230001 17.395464530809665 276
1757489230131 9.606715527534154 277
1757489230265 0.040333525425832704 278
1757489230382 64.96664238560093 279
1757489230520 2.9771759079840145 280
1757489230619 13.773716745036708 281
1757489230714 0.0707882201242015 282
1757489230821 2.3855629282326105 283
1757489230920 1.6893903064781295 284
1757489231012 5.973266719563925 285
1757489231102 16.30741100706577 286
1757489231194 5.411819644951787 287
1757489231284 1.5592018811990873 288
1757489231376 0.6655812096276736 289
1757489231466 1.60936727179725 290
1757489231604 11.201726251177453 291
1757489231790 0.9067628613146012 292
1757489231972 13.00781336059817 293
1757489232158 1.0515114593378918 294
1757489232288 1.8393064041225868 295
1757489232427 4.900251201870242 296
1757489232540 2.616489415539658 297
1757489232673 0.4925290360963873 298
1757489232813 10.005578761304347 299
1757489232955 7.035414017855794 300
1757489233074 14.006798854933153 301
1757489233184 1.0749859961182637 302
1757489233324 0.5922458762609079 303
1757489233463 0.7486167257588348 304
1757489233605 10.2857621620223 305
1757489233722 0.06449194329043896 306
1757489233835 0.03891984823729265 307
1757489233948 1.0601984464486343 308
1757489234055 0.8319893035024573 309
1757489234186 6.506193593067788 310
1757489234302 4.552572304545388 311
1757489234421 6.388469833579521 312
1757489234548 1.748821070810716 313
1757489234706 12.619927944664804 314
1757489234834 10.290838211771087 315
1757489234960 1.614106488938526 316
1757489235113 1.4711003142960983 317
1757489235249 11.175363060659265 318
1757489235382 3.2208384079750902 319
1757489235518 0.4356558405025427 320
1757489235657 1.2671508144605577 321
1757489235812 6.344507991945298 322
1757489235941 4.82918449048499 323
1757489236057 69.21295143613953 324
1757489236193 8.465713373876598 325
1757489236318 0.09161536732981855 326
1757489236468 0.0290994097056342 327
1757489236599 1.2985842610361702 328
1757489236732 19.51965522961844 329
1757489236856 7.543767500100953 330
1757489237009 4.707601148324996 331
1757489237151 0.03007837210157357 332
1757489237284 2.582998686567292 333
1757489237417 2.4794619523818624 334
1757489237532 7.407122735077419 335
1757489237650 3.685761291263 336
1757489237774 10.141796452445663 337
1757489237934 14.027141887521221 338
1757489238032 2.1950117780700587 339
1757489238125 49.269928765798014 340
1757489238218 9.056597318884396 341
1757489238309 8.524113881562405 342
1757489238398 6.660416104581805 343
1757489238489 0.15702914000000676 344
1757489238674 5.199009904169615 345
1757489238882 0.03676597344511169 346
1757489239053 3.5410878746721752 347
1757489239172 4.849397760462335 348
1757489239304 23.458587694600133 349
1757489239448 0.09257606541593107 350
1757489239632 0.262961649451284 351
1757489239751 2.414942043762912 352
1757489239887 1.3811964595309603 353
1757489240013 23.98464172159521 354
1757489240127 7.532799195412784 355
1757489240256 6.183906596196533 356
1757489240408 15.16304854028772 357
1757489240527 5.175197420257416 358
1757489240646 0.19979989261382305 359
1757489240769 12.694022806145187 360
1757489240888 0.00211780241377583 361
1757489241012 10.039934422949628 362
1757489241132 0.12297068419072023 363
1757489241251 5.077251782262711 364
1757489241381 6.126404974346039 365
1757489241531 12.147650953532928 366
1757489241684 6.246011740921335 367
1757489241833 11.655446457270514 368
1757489241972 19.538558712608417 369
1757489242099 4.210355795478625 370
1757489242234 13.285686189763693 371
1757489242379 0.15362611069445703 372
1757489242530 1.8304302372225338 373
1757489242674 6.894441227651437 374
1757489242815 8.723690022520248 375
1757489242945 18.43646122193286 376
1757489243066 32.70133336453487 377
1757489243188 4.378180551236001 378
1757489243310 1.3632677556704114 379
1757489243465 14.41844182593431 380
1757489243605 0.5782653908282713 381
1757489243733 18.48482806431405 382
1757489243875 12.069191696051988 383
1757489244004 12.685006969635426 384
1757489244140 6.779541555801365 385
1757489244268 40.51236230273545 386
1757489244386 8.42273611065239 387
1757489244500 1.6197272641428837 388
1757489244674 11.14916767394056 389
1757489244776 13.586343878894935 390
1757489244873 2.377803194939281 391
1757489244970 0.31129313322785124 392
1757489245063 0.9176197808631553 393
1757489245189 0.8698589002919546 394
1757489245300 0.009965760599508142 395
1757489245396 1.7657646818618897 396
1757489245491 1.3148090676744884 397
1757489245617 0.6604413015026174 398
1757489245840 9.819613428788315 399
1757489246062 8.551446926339906 400
1757489246245 6.063042551287365 401
1757489246405 7.3641202017502545 402
1757489246584 0.8260021193815864 403
1757489246714 0.4901438939968972 404
1757489246846 18.598219111041164 405
1757489246995 3.7728760835573554 406
1757489247132 4.446193658795132 407
1757489247264 0.07269306345837845 408
1757489247372 16.174334192876767 409
1757489247492 4.5863360024304214e-07 410
1757489247629 11.305753748160651 411
1757489247777 8.283066698004713 412
1757489247909 4.594207047255682 413
1757489248055 5.10672943524022 414
1757489248188 4.529185855641106 415
1757489248317 0.01204811233340565 416
1757489248448 2.1929294676167888 417
1757489248569 2.0917681331840257 418
1757489248704 1.2725438763250845 419
1757489248835 12.634069769067686 420
1757489248950 11.115207210744767 421
1757489249087 16.565658034409847 422
1757489249256 1.303865784364295 423
1757489249389 0.17315269011732118 424
1757489249540 18.79370109016574 425
1757489249670 8.692258895144452 426
1757489249825 10.257165896170488 427
1757489249974 11.898228066448137 428
1757489250144 4.2404742899572065 429
1757489250278 7.326223551312872 430
1757489250420 10.956511895885951 431
1757489250538 14.444780100051302 432
1757489250660 7.023720984098929 433
1757489250795 5.771504888536476 434
1757489250943 0.009207511881229731 435
1757489251071 4.839779288429287 436
1757489251248 0.018483328293573943 437
1757489251410 12.340234850126816 438
1757489251551 9.321594903081966 439
1757489251678 7.784906527673594 440
1757489251812 0.24742867188163073 441
1757489251953 0.8442219405138374 442
1757489252091 2.9738815340220186 443
1757489252223 3.0004829753814297 444
1757489252325 20.308418013726023 445
1757489252417 1.37938970175327 446
1757489252514 15.635553567967676 447
1757489252610 3.891520083110132 448
1757489252708 18.445279810288785 449
1757489252901 1.3565112188860846 450
1757489253041 8.396379640614366 451
1757489253229 11.001263419577995 452
1757489253345 18.704432553414325 453
1757489253531 20.710709381694784 454
1757489253700 0.0950357545724827 455
1757489253809 15.520158894588045 456
1757489253912 0.40650126372151857 457
1757489254014 0.16776672749013413 458
1757489254115 23.17075158809526 459
1757489254213 1.3781578363372222 460
1757489254309 0.17495430791136712 461
1757489254402 6.050153123036915 462
1757489254499 8.23987772161528 463
1757489254593 9.714609348177403 464
1757489254690 3.689715431672357 465
1757489254790 13.782387262491131 466
1757489254884 1.2078656037908957 467
1757489254980 4.259793199150044 468
1757489255074 7.992333919014477 469
1757489255166 4.643127856479885 470
1757489255258 114.4430381053485 471
1757489255352 3.457417023805926 472
1757489255441 6.665921833448236 473
1757489255531 11.234598491982597 474
1757489255622 7.91091256510672 475
1757489255712 3.8736990392668327 476
1757489255804 0.38530777054512183 477
1757489255895 3.1322090646509255 478
1757489255989 23.216855618331 479
1757489256078 7.2736194897156565 480
1757489256169 1.6523371360250798 481
1757489256259 0.832822753513859 482
1757489256351 12.430625953546718 483
1757489256440 0.012563580143431964 484
1757489256529 3.9244082411471055 485
1757489256623 9.428069252063656 486
1757489256709 9.29022470802279 487
1757489256803 5.879526551949919 488
1757489256900 5.791933198701594 489
1757489256995 3.1726732809681693 490
1757489257086 4.211625696450199 491
1757489257179 1.0963488625769813 492
1757489257270 0.22357841805308318 493
1757489257361 14.690841107581635 494
1757489257452 0.5648343123976111 495
1757489257537 1.9588913584174834 496
1757489257628 5.008804135716608 497
1757489257724 11.988531861919519 498
1757489257812 1.1927910632045435 499
