1757500121186 0.10058059872531129 0
1757500121317 1.0650565178988163 1
1757500121479 0.4766342956298862 2
1757500121609 0.022154255751063383 3
1757500121771 1.111294123920549 4
1757500121891 1.196504991805367 5
1757500121996 0.42229322179529594 6
1757500122130 2.0080045646933216 7
1757500122246 0.021760687233862035 8
1757500122367 6.277789195082223 9
1757500122510 3.1080977671091934 10
1757500122631 2.1357055490069434e-05 11
1757500122740 4.312172669640018e-05 12
1757500122850 0.9875198150039276 13
1757500122962 25.763133543656718 14
1757500123079 14.082807275047319 15
1757500123184 3.120759927625164 16
1757500123292 1.672795377265343 17
1757500123407 1.0279662478037155 18
1757500123532 0.31938163922924323 19
1757500123641 3.141602727007984 20
1757500123750 0.6654780092191427 21
1757500123892 0.036591554963906266 22
1757500124008 3.261919406367249 23
1757500124122 4.684780721461821 24
1757500124236 0.05671050039049749 25
1757500124457 1.3518991932527935 26
1757500124597 2.7528226586824465 27
1757500124729 0.5987503702172696 28
1757500124886 0.5674848899428656 29
1757500125064 0.356828134506066 30
1757500125192 0.064628390121629 31
1757500125316 0.013174895857095062 32
1757500125432 0.5327544776721802 33
1757500125544 73.36017253080065 34
1757500125708 0.7301475162566783 35
1757500125822 0.2586336672502442 36
1757500125935 2.598828730602704 37
1757500126045 0.030477932010744325 38
1757500126148 0.8239801648225503 39
1757500126259 0.5660039228765426 40
1757500126362 2.653353139265354 41
1757500126465 0.09230250493281367 42
1757500126568 1.374888874857636 43
1757500126678 2.3673713302390436 44
1757500126804 0.08487561728069609 45
1757500126910 0.7037097990145119 46
1757500127015 1.3275623294238625 47
1757500127117 0.10932526675451915 48
1757500127221 0.6956726677704282 49
1757500127327 1.9056760541771403 50
1757500127432 0.25044480418302445 51
1757500127533 0.240236170365174 52
1757500127623 2.969360253500301 53
1757500127739 0.7718664994899629 54
1757500127839 0.004334371115117504 55
1757500127938 2.50196896163862 56
1757500128036 2.910905027667691 57
1757500128138 0.043555027107049685 58
1757500128238 0.18629785013476347 59
1757500128338 2.0075303303095917 60
1757500128449 0.08500689487364659 61
1757500128546 1.5256076988662344 62
1757500128656 1.2459532828152247 63
1757500128757 1.4678237932975247 64
1757500128856 0.9648107203740507 65
1757500128948 0.8177044179412551 66
1757500129051 0.46245156460705933 67
1757500129155 0.4987669534072169 68
1757500129262 2.1481198038791023 69
1757500129459 0.7108205846516887 70
1757500129598 0.05995555712741285 71
1757500129750 2.198498831430339 72
1757500129864 0.011517393100627838 73
1757500129971 2.5216204153071398 74
1757500130079 9.5844369853634 75
1757500130189 0.42160675664300645 76
1757500130325 0.3743489982684755 77
1757500130541 0.01761601196432906 78
1757500130736 2.6548181521259604 79
1757500130919 0.8588198251230864 80
1757500131074 0.568847513940878 81
1757500131206 0.8912553266121991 82
1757500131327 1.5999730732771928 83
1757500131469 0.0015568889087308724 84
1757500131623 2.6693793972586435 85
1757500131768 69.31172869864335 86
1757500131894 0.7384036019246173 87
1757500132015 3.5657190810307338 88
1757500132125 0.11438726772235455 89
1757500132237 2.621669012719945 90
1757500132343 0.8651805374912801 91
1757500132465 0.010097678252143348 92
1757500132578 0.37988382903126167 93
1757500132676 0.7454531069070114 94
1757500132784 4.193216740648936 95
1757500132892 0.5866078982127582 96
1757500132998 1.4522153499959867 97
1757500133101 3.147474404725161 98
1757500133210 0.5690859367597391 99
1757500133320 3.024711402462246 100
1757500133466 0.22053602160883898 101
1757500133588 2.899374645400684 102
1757500133708 2.497514514266618 103
1757500133833 1.1773102970246843 104
1757500133942 0.5373571584593292 105
1757500134080 1.1345471834032568 106
1757500134195 1.0158234157885786 107
1757500134301 8.667925726136493 108
1757500134407 0.14603760920845107 109
1757500134557 2.6034294240828877 110
1757500134746 4.692608281307317 111
1757500134890 0.187245631824004 112
1757500135021 1.8419942110856595 113
1757500135160 2.653068786427664 114
1757500135358 0.010933027919152656 115
1757500135603 1.4287131795747892 116
1757500135768 0.4212891779495007 117
1757500135930 0.1563272275604652 118
1757500136057 0.336800113272818 119
1757500136173 0.809250175546913 120
1757500136287 1.1659820378123686 121
1757500136404 0.0025806208002462417 122
1757500136517 3.9442423382742997 123
1757500136619 0.3060759145879738 124
1757500136733 0.0019286363319894787 125
1757500136849 0.3137808239791596 126
1757500136970 1.6739464172038032 127
1757500137077 2.7499186702113882 128
1757500137178 1.1685867386113895 129
1757500137285 0.6828516612314303 130
1757500137401 0.30803117580117184 131
1757500137510 2.86410291475927 132
1757500137620 0.029141492023764804 133
1757500137774 0.21976204637069538 134
1757500138154 0.8316590846499331 135
1757500138264 1.7829783865060882 136
1757500138372 1.5984348173794682 137
1757500138487 1.6672333602600593 138
1757500138594 1.2497311742315962 139
1757500138713 0.5914182428683892 140
1757500138811 3.84806330344573 141
1757500138946 1.7864709321884256 142
1757500139070 0.6458230865634861 143
1757500139178 0.4844176655432554 144
1757500139278 1.6655969583209371 145
1757500139376 0.044677228920312236 146
1757500139478 4.484010193457608 147
1757500139582 0.023965018371723008 148
1757500139686 2.527420589844226 149
1757500139790 0.2747176859559868 150
1757500139901 2.9655722392881336 151
1757500140007 0.10369418484478642 152
1757500140116 0.15096482374420814 153
1757500140223 6.464807343967543 154
1757500140328 5.020590277646242 155
1757500140432 1.5853103331692964 156
1757500140603 2.484563162039367 157
1757500140748 0.3440923994350939 158
1757500140886 0.003986328637475926 159
1757500141045 0.028922021708647966 160
1757500141180 2.040851549778614e-05 161
1757500141328 0.10754110257359706 162
1757500141480 0.02420225637706329 163
1757500141649 0.8402754265180696 164
1757500141773 1.0480067195712728 165
1757500141894 0.16421940013311206 166
1757500142017 107.37886641050379 167
1757500142120 0.16428966824414912 168
1757500142230 3.405122097475452 169
1757500142337 0.4733872749852539 170
1757500142443 1.7072849900081777 171
1757500142551 1.2406257052610947 172
1757500142657 0.5616908518984725 173
1757500142765 0.006019043278720306 174
1757500142873 0.2609480454842285 175
1757500142973 0.3806726746502117 176
1757500143074 1.3952399511393644e-05 177
1757500143178 2.1098046739145 178
1757500143285 1.9755265227918786 179
1757500143381 0.9967499355475892 180
1757500143484 1.806470603068876 181
1757500143586 0.07919575337899039 182
1757500143687 2.2361736939277104 183
1757500143808 0.5181573289559123 184
1757500143903 0.9930621985259653 185
1757500144010 0.019336413777712204 186
1757500144113 4.73835403342273 187
1757500144217 0.16651385341849223 188
1757500144319 9.264051854459156 189
1757500144492 0.8669971800829341 190
1757500144672 1.471515505895399 191
1757500144833 1.2133431860402555 192
1757500144976 0.5773754535146782 193
1757500145198 0.4065011950918555 194
1757500145323 0.0009084639387797747 195
1757500145433 0.35750871916572186 196
1757500145537 5.718074689186259 197
1757500145650 2.2866630249456583 198
1757500145762 0.8221087590222014 199
1757500145872 0.3325890082819505 200
1757500145984 0.403691652822885 201
1757500146101 0.09754398620657828 202
1757500146208 2.348775373139112 203
1757500146321 0.001430562897101268 204
1757500146432 0.08324685017423633 205
1757500146545 3.391835931206142 206
1757500146656 0.026942219449570756 207
1757500146759 0.105536014972533 208
1757500146857 1.1891653730302927 209
1757500146961 4.453898362348381 210
1757500147072 0.07831661664133877 211
1757500147234 0.040399532188125746 212
1757500147344 5.359301352890369 213
1757500147458 0.6481353920611533 214
1757500147564 0.5435078237961712 215
1757500147671 1.1358286078668558 216
1757500147776 0.19286837611947513 217
1757500147887 0.9618829323658885 218
1757500148018 91.12380239450064 219
1757500148140 1.9835714401640192 220
1757500148251 15.60838865221781 221
1757500148365 0.619530145932205 222
1757500148474 0.1874956185358594 223
1757500148582 2.0678695123498767 224
1757500148688 0.02014229711633712 225
1757500148793 1.5982141390265172 226
1757500148897 5.103152939114089 227
1757500149003 0.002853908055664106 228
1757500149109 0.0012457150518446162 229
1757500149213 1.3403907036399683 230
1757500149319 1.528422582934401 231
1757500149428 0.1270447508352025 232
1757500149537 1.1628244653022102 233
1757500149636 4.180683310666843 234
1757500149742 0.0026129214883723276 235
1757500149846 0.17980682041938537 236
1757500149951 0.2483300424261497 237
1757500150054 0.521867484396482 238
1757500150169 0.13678598502912878 239
1757500150272 0.6344110153352838 240
1757500150377 32.60726982697829 241
1757500150499 1.7394962719548417 242
1757500150635 1.138561885848384 243
1757500150755 1.509517269500986 244
1757500150873 0.09314485974179845 245
1757500150984 1.903380046029182 246
1757500151100 0.9902388014017478 247
1757500151223 0.0744971525670053 248
1757500151365 4.48191454027565 249
1757500151483 0.13820011224355455 250
1757500151600 0.7061170889580262 251
1757500151715 0.24212823165143033 252
1757500151821 0.2651633066184047 253
1757500151929 0.26449060190375145 254
1757500152030 0.11863546967283027 255
1757500152144 1.6104018585931354 256
1757500152247 3.295161543999315 257
1757500152357 2.5351381572937477 258
1757500152462 0.5303621835632638 259
1757500152567 0.3204373185659702 260
1757500152670 1.159017731181162 261
1757500152774 3.6991095905531988 262
1757500152878 0.7155797755141635 263
1757500152981 1.7126021810164307 264
1757500153086 0.5041447359133967 265
1757500153192 0.3679679003224865 266
1757500153296 4.857343099909436 267
1757500153399 1.525149149922231 268
1757500153585 0.8790492092693043 269
1757500153738 0.10870012017933235 270
1757500153883 15.604757454833765 271
1757500154051 0.7913480710538117 272
1757500154207 0.011875202731097396 273
1757500154322 0.9235994574839314 274
1757500154432 0.5299382333182869 275
1757500154541 0.0496274466843978 276
1757500154649 1.1791632121352786 277
1757500154754 1.3794777951303705 278
1757500154858 0.01488994099498245 279
1757500154964 0.5785624694396219 280
1757500155069 0.19202201537105518 281
1757500155174 0.5409313490404637 282
1757500155285 0.24919948630067593 283
1757500155390 1.2765506015679322 284
1757500155526 0.9630607905391649 285
1757500155643 0.16108583057104225 286
1757500155755 0.027184667144527646 287
1757500155855 0.5819892823777282 288
1757500155965 0.663625309111653 289
1757500156109 0.39539921132616496 290
1757500156239 0.36403540234220744 291
1757500156356 0.006488198297962249 292
1757500156470 0.04020837035504527 293
1757500156581 0.0003706082761169518 294
1757500156690 10.612085224135589 295
1757500156789 2.9569438760062403 296
1757500156901 1.5548008018481196 297
1757500157008 0.767801257223288 298
1757500157115 0.28091463026337254 299
1757500157223 0.5532113578271858 300
1757500157336 0.3085482929957777 301
1757500157436 0.17941249401579717 302
1757500157544 0.39967442296072253 303
1757500157650 3.1526124734606267 304
1757500157756 2.4843916717365597 305
1757500157861 0.8463022349589352 306
1757500157967 3.0697033246003462 307
1757500158072 0.4042395371643084 308
1757500158176 0.8351879045383872 309
1757500158276 0.012565442996452458 310
1757500158378 0.09657107658648115 311
1757500158486 0.3608225565041625 312
1757500158611 0.7065166041346739 313
1757500158724 2.0239411882395086 314
1757500158826 0.7210814732611106 315
1757500158939 0.23045986624168688 316
1757500159046 0.0022571543346974034 317
1757500159170 0.3511021416243692 318
1757500159299 0.003200640499541595 319
1757500159404 1.7625738373947664 320
1757500159510 0.46119204226671984 321
1757500159616 44.03849953621574 322
1757500159723 0.320422573991099 323
1757500159829 0.24671252443566433 324
1757500159938 1.474145477157002 325
1757500160046 0.011002811986291805 326
1757500160153 0.2054753396772098 327
1757500160284 0.09470044481202718 328
1757500160458 3.2507197165359853 329
1757500160619 0.783267960828457 330
1757500160776 0.0011833424368113087 331
1757500160905 1.9897080214719831 332
1757500161038 0.020060445403307522 333
1757500161166 0.09051013408860298 334
1757500161328 0.17058689951233746 335
1757500161456 2.2848386358581783 336
1757500161576 0.08732874605974537 337
1757500161743 0.9845539034994957 338
1757500161868 5.792681096004535 339
1757500161988 0.012917996540995057 340
1757500162112 4.569761294208342 341
1757500162222 0.6332319539736702 342
1757500162334 0.23540363351268867 343
1757500162448 0.009618699987930484 344
1757500162565 0.8261295586213158 345
1757500162670 0.004825526615328963 346
1757500162785 0.95400748292412 347
1757500162900 0.7263805261092433 348
1757500163139 0.2930806418528255 349
1757500163347 0.10944037899659882 350
1757500163490 0.6871204335293317 351
1757500163677 0.46267872216376993 352
1757500163868 0.5564483549569427 353
1757500164008 2.569415184203249 354
1757500164138 0.0388273562603828 355
1757500164284 0.6519441559238343 356
1757500164408 0.39954713363158184 357
1757500164526 1.6368129980963078 358
1757500164631 9.767372596999603 359
1757500164740 1.0185287201339563 360
1757500164854 14.88504581515931 361
1757500164967 0.9613209417496457 362
1757500165077 0.15206952642113936 363
1757500165189 1.4302159340858047 364
1757500165299 7.403053387054863 365
1757500165410 6.4874062754005095 366
1757500165519 0.675146676909965 367
1757500165642 1.3904110602405477 368
1757500165768 0.7247722875829721 369
1757500165906 0.2389587498424528 370
1757500166062 1.5260834641824126 371
1757500166216 2.1498909411401685 372
1757500166364 0.0005625384648457635 373
1757500166585 0.5945744936096097 374
1757500166717 2.259772987930962 375
1757500166844 1.4962379912844415 376
1757500166968 0.10932464355616321 377
1757500167082 2.4955476354693724 378
1757500167198 2.7295145209254645 379
1757500167317 1.193197491228566 380
1757500167436 1.0107581415447098 381
1757500167547 0.2986984374506722 382
1757500167660 0.002540949718662048 383
1757500167775 2.1521801502609708 384
1757500167877 1.8852629070687275 385
1757500167985 0.5706597284111754 386
1757500168094 0.09962668164638627 387
1757500168204 3.113556936620646 388
1757500168313 0.21002793869000747 389
1757500168425 1.0346256626490435 390
1757500168539 0.07328822279554101 391
1757500168647 0.021994021264889044 392
1757500168747 5.9446269201883285e-05 393
1757500168860 1.8919894659420045 394
1757500168968 2.4929676802014655 395
1757500169070 2.980442712345876 396
1757500169186 0.049169933124660135 397
1757500169291 1.900531256999094 398
1757500169397 2.354164375177973 399
1757500169504 0.10196829738257775 400
1757500169603 0.2473512293358846 401
1757500169708 1.4710749208540526 402
1757500169815 0.7221381990710842 403
1757500169922 2.537860687056552 404
1757500170022 0.291187757699571 405
1757500170135 0.0015782036855869835 406
1757500170237 0.07100332898603111 407
1757500170402 1.3125005516403268 408
1757500170547 0.14780966630317616 409
1757500170670 1.1181630487269163 410
1757500170781 4.081260387031345 411
1757500170895 0.11305373371808461 412
1757500171019 2.9553097504130275 413
1757500171159 0.804369504707719 414
1757500171272 0.9149254473698828 415
1757500171385 20.625925614731 416
1757500171509 0.5686780177559226 417
1757500171616 0.2738118463064117 418
1757500171730 50.856702512853325 419
1757500171838 1.062780806614095 420
1757500171953 0.0110699592507105 421
1757500172064 2.830267888484959 422
1757500172170 3.507673118291477 423
1757500172284 0.002366701452496714 424
1757500172398 0.06134948695630182 425
1757500172514 0.020131396370433277 426
1757500172627 0.5250067532130733 427
1757500172810 0.7875213539816508 428
1757500172980 3.91968679536812 429
1757500173157 0.05511788904186081 430
1757500173351 0.5819144392596799 431
1757500173564 1.639927855967396 432
1757500173756 0.19466989581761368 433
1757500173890 1.0689277447650107 434
1757500174017 0.7827483483684308 435
1757500174137 0.4467759774002399 436
1757500174255 1.9253792617274423 437
1757500174373 2.2567983276561416 438
1757500174481 1.65266479778944 439
1757500174587 0.4749833676202986 440
1757500174703 1.9568189215909773 441
1757500174807 0.006477459542170645 442
1757500174911 1.2101337947869064 443
1757500175021 0.6911019280428738 444
1757500175126 0.19334248051812752 445
1757500175237 0.009569553671816106 446
1757500175347 0.9034151383850779 447
1757500175462 2.2154095934125273 448
1757500175564 0.5182100428214051 449
1757500175684 0.7342798916128884 450
1757500175794 1.804429186516192 451
1757500175895 0.5195098037754665 452
1757500176002 0.24266025892720672 453
1757500176112 0.3465693163350012 454
1757500176221 0.7003087882524031 455
1757500176326 0.9828488903491396 456
1757500176434 0.019139168892231932 457
1757500176535 0.098460073488905 458
1757500176655 0.055314210504555636 459
1757500176762 0.8020988232929273 460
1757500176868 0.29816125411433364 461
1757500176968 1.753946731138231 462
1757500177073 1.7405994502759317 463
1757500177183 0.06956128225622789 464
1757500177289 0.8368720529415054 465
1757500177397 0.002154084921355686 466
1757500177497 2.249734865023426 467
1757500177604 0.24696639236425705 468
1757500177717 0.14981524476848052 469
1757500177824 2.317123840497287 470
1757500177969 0.9147215098834902 471
1757500178120 0.009122714023922346 472
1757500178272 1.4049922606730039 473
1757500178392 1.0880710140730718 474
1757500178496 1.386893920313298 475
1757500178607 0.19100848406855173 476
1757500178730 1.1441036195167218 477
1757500178842 0.3044983941528412 478
1757500178954 0.07849257244453585 479
1757500179065 0.6234609121867963 480
1757500179170 1.5006261997877515 481
1757500179276 0.3038062536538806 482
1757500179383 0.6051629754314382 483
1757500179494 0.3597260165806183 484
1757500179675 1.7992374985024058 485
1757500179793 0.07386994225115039 486
1757500179908 1.2971203881665478 487
1757500180020 0.6058554933381436 488
1757500180147 0.8525731959380877 489
1757500180267 1.7518725473260472 490
1757500180400 0.2567724909617069 491
1757500180534 0.33989956732958 492
1757500180698 0.18742277212928501 493
1757500180870 0.10846932238175068 494
1757500181019 1.1517306896131398 495
1757500181147 0.6939377165942195 496
1757500181269 0.19352569977241074 497
1757500181383 0.27913462871475775 498
1757500181500 0.004467957254054543 499
