1757491744181 94.31127158145308 0
1757491744230 61.877541771416745 1
1757491744278 47.62221624127137 2
1757491744327 59.798839726795684 3
1757491744386 37.4414374206667 4
1757491744448 35.977616778634534 5
1757491744496 33.535794807524326 6
1757491744544 26.298539704323684 7
1757491744591 25.643631489086406 8
1757491744637 28.485403676306895 9
1757491744685 40.24695659120814 10
1757491744735 19.376207724195222 11
1757491744782 18.86359240320042 12
1757491744837 21.104204204410316 13
1757491744888 31.798748194928056 14
1757491744938 36.64748596762778 15
1757491744987 14.63867627079069 16
1757491745102 20.913045875793237 17
1757491745236 18.153251737501993 18
1757491745338 17.342875469204284 19
1757491745404 16.63485695268089 20
1757491745495 13.28915582122862 21
1757491745593 10.30435320760309 22
1757491745678 16.471379372629233 23
1757491745763 13.093790492883354 24
1757491745838 13.199101592165377 25
1757491745913 16.22578841318163 26
1757491745996 15.649984955424467 27
1757491746097 15.001420734676724 28
1757491746185 12.948347717769591 29
1757491746310 12.280357359469667 30
1757491746401 12.539701026384407 31
1757491746476 9.898096436838042 32
1757491746538 13.897903759534135 33
1757491746603 25.647176994060263 34
1757491746680 12.122738643649763 35
1757491746762 10.927137371143607 36
1757491746862 11.203610082388087 37
1757491746983 11.212140449654768 38
1757491747067 10.672975547924077 39
1757491747144 10.825027612879017 40
1757491747219 10.726250798306857 41
1757491747312 14.066652011619322 42
1757491747430 10.239671712019025 43
1757491747530 9.048924720324166 44
1757491747622 9.738270248671682 45
1757491747693 8.043570254563011 46
1757491747778 7.621200749529578 47
1757491747866 10.505018543833923 48
1757491747935 7.634364926838069 49
1757491748007 9.433798921367586 50
1757491748088 10.744939498279031 51
1757491748215 8.893038760820849 52
1757491748336 8.854743676150267 53
1757491748486 10.772184148093665 54
1757491748629 9.34179393429161 55
1757491748767 7.9950062190157265 56
1757491748863 7.2643280366730805 57
1757491748976 8.363232266046198 58
1757491749065 8.280599129601127 59
1757491749161 8.494506476266443 60
1757491749248 9.135143293744115 61
1757491749325 7.538661222727773 62
1757491749404 7.421057010674361 63
1757491749482 18.052125224664827 64
1757491749580 8.668728038759301 65
1757491749679 6.843627438615951 66
1757491749782 11.51647789973796 67
1757491749868 12.412043228995099 68
1757491749942 9.26274806535896 69
1757491750021 7.671446188866242 70
1757491750092 46.65587906067228 71
1757491750173 8.499615905503497 72
1757491750250 16.177920989663722 73
1757491750328 6.983664526943146 74
1757491750399 7.143034211575362 75
1757491750470 6.682478160362298 76
1757491750537 9.03835349596732 77
1757491750622 13.400438718700462 78
1757491750716 7.570796758750433 79
1757491750780 4.994990305126672 80
1757491750837 7.254838578265258 81
1757491750924 5.72231671127065 82
1757491751013 7.777864569859485 83
1757491751098 16.703181186230353 84
1757491751183 5.984835240530325 85
1757491751266 6.687818885653417 86
1757491751345 6.50342689434113 87
1757491751418 5.958441198442211 88
1757491751479 6.478134041406546 89
1757491751568 5.956679009724603 90
1757491751639 7.857690846580999 91
1757491751709 7.154098059172241 92
1757491751778 7.410068575581071 93
1757491751865 6.696438162242782 94
1757491751992 6.693546948753286 95
1757491752094 7.006664487878457 96
1757491752152 8.998909136868296 97
1757491752212 8.652120068651369 98
1757491752268 6.2344885837779085 99
1757491752325 7.349588328526287 100
1757491752382 7.99758826245976 101
1757491752438 5.433765983036093 102
1757491752492 7.017474488165831 103
1757491752546 7.0594130125780294 104
1757491752610 8.716817030987457 105
1757491752666 7.492790297190871 106
1757491752719 6.173147122853922 107
1757491752772 6.383579349134376 108
1757491752824 7.637560662057851 109
1757491752874 6.762620236512386 110
1757491752925 5.9797834620488794 111
1757491752975 6.14080033790608 112
1757491753026 7.790475098392339 113
1757491753077 7.401072238899585 114
1757491753127 8.30477420217011 115
1757491753180 7.480367323575557 116
1757491753233 7.768701568779366 117
1757491753282 5.319450391527997 118
1757491753331 8.949812706230682 119
1757491753391 5.800920412968807 120
1757491753531 7.921076876621554 121
1757491753645 6.794882920838972 122
1757491753779 10.04038692190893 123
1757491753914 6.587007577383005 124
1757491753983 6.563039857720294 125
1757491754047 6.530860211256865 126
1757491754154 6.312177501470549 127
1757491754246 6.930465703256997 128
1757491754322 6.114048337425067 129
1757491754409 6.096812615412806 130
1757491754517 8.112740035639245 131
1757491754589 5.430194584927326 132
1757491754674 6.690010442068821 133
1757491754789 6.223353493230503 134
1757491754885 5.592224308445445 135
1757491754966 6.923661903129138 136
1757491755086 9.20970742055743 137
1757491755163 5.776633765983058 138
1757491755237 8.073333880099014 139
1757491755324 6.305959553638074 140
1757491755414 5.495694970674173 141
1757491755513 5.731342845910652 142
1757491755603 7.082319291277776 143
1757491755690 7.385141168277028 144
1757491755779 7.596324539684583 145
1757491755860 6.259376279730941 146
1757491755941 6.474476489184967 147
1757491756012 6.1145919786951035 148
1757491756077 6.076041553904493 149
1757491756174 7.212763439794553 150
1757491756250 4.823689384140723 151
1757491756315 7.221891389547045 152
1757491756393 6.041188701345662 153
1757491756476 37.84414536939066 154
1757491756574 6.595740023333091 155
1757491756670 6.719973288907769 156
1757491756740 16.78865939658649 157
1757491756805 5.15305370919847 158
1757491756897 7.028550222530088 159
1757491757036 5.530819063009984 160
1757491757125 4.772961213188967 161
1757491757215 5.795412956434832 162
1757491757285 5.497869354818739 163
1757491757388 8.911220351262651 164
1757491757482 6.959298765895622 165
1757491757565 7.9764140434073365 166
1757491757642 6.685175850483894 167
1757491757729 4.696796997199958 168
1757491757830 8.904738912338438 169
1757491757905 10.109083086630925 170
1757491757994 6.929520590696879 171
1757491758079 6.205370806486069 172
1757491758179 6.027692277818645 173
1757491758250 5.1290137545630134 174
1757491758333 5.278603257870043 175
1757491758420 7.012813891838341 176
1757491758500 9.944843813020242 177
1757491758581 6.399749039302871 178
1757491758667 6.588565297631844 179
1757491758739 5.493703230319107 180
1757491758832 6.189729224840885 181
1757491758921 5.508604456119605 182
1757491758989 6.254266702809751 183
1757491759062 5.378615718304865 184
1757491759157 5.283655180674938 185
1757491759257 6.172440799898075 186
1757491759341 6.351252859080179 187
1757491759431 6.238791256923024 188
1757491759515 6.242605958942938 189
1757491759603 7.269208412832458 190
1757491759675 6.408261156891866 191
1757491759755 9.845016055881402 192
1757491759822 8.304038611296015 193
1757491759889 7.118971068698167 194
1757491759961 5.41544171218954 195
1757491760079 6.9282893057873745 196
1757491760173 5.234357451452325 197
1757491760232 5.841700584185007 198
1757491760288 6.207135167766212 199
1757491760344 6.226977588063104 200
1757491760399 6.4743095669727975 201
1757491760454 7.046223977846651 202
1757491760507 7.414444912803766 203
1757491760562 5.407475448164023 204
1757491760615 5.985151210391799 205
1757491760670 4.763533049166488 206
1757491760723 6.1126271706456095 207
1757491760784 13.130973972932397 208
1757491760838 6.270378907690368 209
1757491760892 5.358038405961989 210
1757491760943 7.048901864233206 211
1757491760998 13.011342536545266 212
1757491761052 5.80646970602597 213
1757491761103 7.184942736648194 214
1757491761153 7.275857019054562 215
1757491761224 6.690890290570604 216
1757491761281 6.522188332023054 217
1757491761336 6.3230185597084825 218
1757491761390 6.748433834600438 219
1757491761535 7.626075809917916 220
1757491761684 7.099477320075604 221
1757491761847 7.608231913078649 222
1757491762017 5.712541512916504 223
1757491762094 4.939939277864934 224
1757491762192 6.52409233419803 225
1757491762326 6.954671216112135 226
1757491762431 7.102864737090517 227
1757491762516 5.252204253164162 228
1757491762575 9.55370018067887 229
1757491762631 6.741551775696378 230
1757491762687 7.475996918540682 231
1757491762743 5.600448475697435 232
1757491762809 5.824638477951831 233
1757491762862 5.530170770808202 234
1757491762916 6.947403108241061 235
1757491762973 6.490413672638138 236
1757491763027 4.731265816179773 237
1757491763080 6.786112424860148 238
1757491763134 6.90955746247053 239
1757491763189 6.603109420577902 240
1757491763242 6.576562132804102 241
1757491763296 5.590502819575541 242
1757491763348 5.58256056963374 243
1757491763401 9.87719591692768 244
1757491763453 6.730539099935967 245
1757491763505 6.4539949455090335 246
1757491763557 6.391215380814603 247
1757491763608 6.1534104556177445 248
1757491763659 7.071911672193968 249
1757491763710 6.388923843270863 250
1757491763761 7.339877435137599 251
1757491763819 7.562610325073381 252
1757491763875 6.277238312865798 253
1757491763926 6.327643641079395 254
1757491763980 5.065272739165062 255
1757491764032 5.726624931573689 256
1757491764083 5.904355541457963 257
1757491764139 5.955588392651072 258
1757491764192 6.347395478664009 259
1757491764244 5.7579069281528295 260
1757491764295 5.364942853463644 261
1757491764347 6.586291123092837 262
1757491764404 5.430146704057317 263
1757491764455 6.550558571580121 264
1757491764508 6.592947824507314 265
1757491764560 5.402691056356903 266
1757491764612 5.852534236897513 267
1757491764666 6.689585503807442 268
1757491764717 39.52515546695715 269
1757491764771 7.3000307320731155 270
1757491764823 6.97084152170574 271
1757491764936 5.281133282196375 272
1757491765031 7.042775000202618 273
1757491765093 6.46419782895349 274
1757491765173 7.428403836420613 275
1757491765230 5.687548685006928 276
1757491765289 8.110682925941093 277
1757491765346 4.787045872946879 278
1757491765402 6.042310122462026 279
1757491765460 5.561039977709177 280
1757491765518 6.089524879111276 281
1757491765574 7.246089116267578 282
1757491765629 5.617359808135551 283
1757491765697 37.52063816214875 284
1757491765754 8.895439445479104 285
1757491765812 6.472584107636999 286
1757491765880 5.158654196323266 287
1757491765938 7.193260588386146 288
1757491765992 6.025811162492119 289
1757491766049 7.588342306207914 290
1757491766103 8.631386422004867 291
1757491766157 6.1214497530970045 292
1757491766211 6.369383001895946 293
1757491766264 5.391723605164433 294
1757491766317 6.372701204074538 295
1757491766372 6.034988850704696 296
1757491766425 6.589388321432596 297
1757491766479 11.190109285265644 298
1757491766534 7.145491792465786 299
1757491766589 5.888084542559249 300
1757491766642 6.097571491800417 301
1757491766695 6.0266185180780205 302
1757491766749 8.784806855278319 303
1757491766803 7.410130582151272 304
1757491766858 7.645187871310097 305
1757491766915 6.823615848849933 306
1757491766968 6.083920304906231 307
1757491767025 4.839590028766944 308
1757491767079 6.210701351684122 309
1757491767133 4.58755709408372 310
1757491767188 7.671181744817984 311
1757491767242 5.479215695693518 312
1757491767295 5.444076213155785 313
1757491767350 6.757316311949024 314
1757491767405 6.237817608060377 315
1757491767459 7.21735729336536 316
1757491767513 6.350191985575323 317
1757491767593 9.533545162069714 318
1757491767654 5.93813511851386 319
1757491767711 6.611951247299306 320
1757491767767 6.817269110283132 321
1757491767842 6.716760132838017 322
1757491767931 6.256631780268056 323
1757491767991 6.07553147059047 324
1757491768054 8.66930987583342 325
1757491768111 6.952127156106117 326
1757491768167 5.888297637656178 327
1757491768223 7.443695589392408 328
1757491768280 6.47146132918274 329
1757491768337 5.707388864162067 330
1757491768393 8.888982906915555 331
1757491768448 6.305160963728138 332
1757491768506 5.431877010984354 333
1757491768563 5.718004422581714 334
1757491768621 6.447659705245928 335
1757491768679 6.548990012348425 336
1757491768735 5.8863663309374825 337
1757491768790 5.065034899312297 338
1757491768845 6.93695255276962 339
1757491768937 5.2513934174568355 340
1757491769074 6.368884198465043 341
1757491769193 6.805658850824141 342
1757491769287 6.6631770206778915 343
1757491769353 6.359112827573207 344
1757491769474 7.536318729768551 345
1757491769606 5.11778965435284 346
1757491769686 6.073250711643838 347
1757491769747 6.562806974244862 348
1757491769806 5.964546997104138 349
1757491769866 6.006606047511324 350
1757491769932 6.07152227476107 351
1757491769993 6.768153701240662 352
1757491770050 6.19911173650124 353
1757491770109 6.281688726421814 354
1757491770165 6.553829427110486 355
1757491770223 12.949338549078051 356
1757491770279 9.681780187696717 357
1757491770337 5.897705294302125 358
1757491770394 6.783439695615042 359
1757491770451 6.3834529169698095 360
1757491770508 5.440308870915903 361
1757491770566 6.671585272148116 362
1757491770628 7.1106244819040105 363
1757491770686 5.954560301252441 364
1757491770743 7.832037248437506 365
1757491770798 6.525729967521402 366
1757491770853 7.5846431550387505 367
1757491770907 5.081422951762777 368
1757491770971 8.53053365444446 369
1757491771025 5.652021465095878 370
1757491771079 5.705977152258997 371
1757491771137 5.482543992349269 372
1757491771192 7.147028275324837 373
1757491771246 5.1282659663391765 374
1757491771300 8.814499750180852 375
1757491771356 6.291669689313588 376
1757491771411 9.42280890333372 377
1757491771465 6.804884500747018 378
1757491771520 15.224018584207236 379
1757491771576 5.979842321527333 380
1757491771631 8.57707476431228 381
1757491771686 6.126912472206585 382
1757491771743 5.206054634189058 383
1757491771798 5.529870408411931 384
1757491771853 5.8126990995653145 385
1757491771908 6.948767608224016 386
1757491771968 7.637405869392399 387
1757491772027 8.225155833497045 388
1757491772082 6.636047771135646 389
1757491772138 7.291552740409122 390
1757491772195 6.668208475732998 391
1757491772250 5.476658970831465 392
1757491772305 10.723442987426546 393
1757491772360 6.208193653186529 394
1757491772415 5.935512880352746 395
1757491772470 6.553034980904847 396
1757491772525 5.322080162306023 397
1757491772582 6.419777345308292 398
1757491772638 4.497678292992789 399
1757491772694 7.243114634862664 400
1757491772748 8.078801741373386 401
1757491772807 4.961993897830186 402
1757491772873 8.842056705087938 403
1757491772929 38.03746460671477 404
1757491772992 6.369066413971023 405
1757491773051 6.323954207142274 406
1757491773106 4.407775195649877 407
1757491773163 11.8101842960091 408
1757491773220 6.529297900467732 409
1757491773276 7.528137065358497 410
1757491773331 6.145705053669005 411
1757491773386 5.141181771290919 412
1757491773443 6.778072612440981 413
1757491773497 4.6570509971267 414
1757491773553 9.32139299399726 415
1757491773608 5.531453755862444 416
1757491773668 6.880167367422431 417
1757491773723 5.080623857003978 418
1757491773779 13.692721712016631 419
1757491773836 5.8782198682740034 420
1757491773891 5.086374088977178 421
1757491773947 11.148636363262204 422
1757491774033 7.764616157190293 423
1757491774090 7.191654429338915 424
1757491774154 6.437871082576244 425
1757491774213 7.0859557600985985 426
1757491774305 6.425477902199921 427
1757491774367 5.787086743167929 428
1757491774439 7.154779806681498 429
1757491774497 5.545527342716462 430
1757491774554 7.273409553565835 431
1757491774612 6.8941841284346435 432
1757491774674 6.895327868776997 433
1757491774730 7.141413975897286 434
1757491774788 5.749909429648351 435
1757491774848 6.0167501307510625 436
1757491774906 5.743604193858992 437
1757491774963 7.044638981890812 438
1757491775024 6.57434838524852 439
1757491775084 6.576988650094128 440
1757491775140 6.24355056722237 441
1757491775198 7.752015589575295 442
1757491775255 10.765918511482285 443
1757491775312 6.553619543554366 444
1757491775368 6.402992228477345 445
1757491775425 9.774192023187188 446
1757491775482 6.972189879373207 447
1757491775538 8.718407202496861 448
1757491775663 6.219962507753245 449
1757491775776 6.907369494537144 450
1757491775902 7.5183920796387715 451
1757491775968 7.010762200409068 452
1757491776075 7.225754632617244 453
