1757492451780 173.8380430105608 0
1757492451848 174.2511108026229 1
1757492451950 167.39345850447472 2
1757492452037 168.91045767453264 3
1757492452131 165.03773544734065 4
1757492452200 167.87262560321304 5
1757492452272 175.32409314372526 6
1757492452333 169.07814407633464 7
1757492452388 166.29873846230723 8
1757492452445 169.02078248015124 9
1757492452503 175.13914158082434 10
1757492452559 175.00469394719718 11
1757492452612 165.42694948228288 12
1757492452664 169.39042056053225 13
1757492452718 166.59199114186316 14
1757492452777 173.46408655950873 15
1757492452841 169.4408128293335 16
1757492452897 164.39015768279074 17
1757492452962 168.63050923992668 18
1757492453018 167.1749224993696 19
1757492453073 170.30655578727647 20
1757492453128 168.79206674456256 21
1757492453183 169.41899356958808 22
1757492453238 168.5951719650756 23
1757492453297 164.2348128867205 24
1757492453357 169.78241791414197 25
1757492453411 167.27170333051316 26
1757492453463 169.59397081362226 27
1757492453521 165.59104146509995 28
1757492453577 167.71037298927618 29
1757492453634 167.86719862629155 30
1757492453692 166.9956757586914 31
1757492453748 166.5604508397879 32
1757492453803 168.4814258040732 33
1757492453857 169.1624911239237 34
1757492453908 167.02970878411043 35
1757492453960 169.22460884090918 36
1757492454012 166.71190675965823 37
1757492454067 167.4270732234858 38
1757492454122 168.01113410675603 39
1757492454181 168.18401817280775 40
1757492454242 167.84349062035966 41
1757492454300 167.61944167962673 42
1757492454369 168.88015971822136 43
1757492454426 168.8832216305399 44
1757492454485 169.19347797772542 45
1757492454540 166.207408852518 46
1757492454596 167.8368252568391 47
