1757498931434 169.66412573140843 0
1757498931482 169.64486797631056 1
1757498931531 169.6387377050658 2
1757498931589 169.63100863703255 3
1757498931643 169.6233770711683 4
1757498931702 169.6158311798627 5
1757498931753 169.60837003160574 6
1757498931803 169.6009926378306 7
1757498931854 169.59369802220556 8
1757498931904 169.5864852200522 9
1757498931956 169.5793532782069 10
1757498932009 169.57230125488138 11
1757498932063 169.56532821952507 12
1757498932114 169.5584332526892 13
1757498932165 169.55161544589234 14
1757498932216 169.5448739014875 15
1757498932269 169.53820773253136 16
1757498932317 169.53161606265462 17
1757498932365 169.52509802593406 18
1757498932414 169.51865276676625 19
1757498932464 169.51227943974254 20
1757498932515 169.5059772095261 21
1757498932566 169.49974525072994 22
1757498932621 169.49358274779647 23
1757498932678 169.48748889487896 24
1757498932736 169.48146289572392 25
1757498932788 169.47550396355527 26
1757498932839 169.4696113209597 27
1757498932891 169.4637841997737 28
1757498932945 169.45802184097147 29
1757498932997 169.45232349455495 30
1757498933048 169.4466884194444 31
1757498933100 169.44111588337083 32
1757498933153 169.43560516276963 33
1757498933211 169.43015554267527 34
1757498933292 169.42476631661773 35
1757498933352 169.41943678651958 36
1757498933411 169.41416626259513 37
1757498933477 169.40895406324984 38
1757498933530 169.40379951498176 39
1757498933588 169.3987019522839 40
1757498933643 169.39366071754745 41
1757498933714 169.3886751609669 42
1757498933781 169.38374464044557 43
1757498933857 169.37886852150282 44
1757498933915 169.37404617718204 45
1757498933974 169.36927698796 46
1757498934030 169.36456034165727 47
1757498934084 169.35989563334957 48
1757498934139 169.35528226528038 49
1757498934195 169.35071964677445 50
1757498934249 169.3462071941526 51
1757498934305 169.3417443306473 52
1757498934362 169.33733048631936 53
1757498934417 169.3329650979758 54
1757498934479 169.3286476090885 55
1757498934539 169.32437746971388 56
1757498934598 169.3201541364137 57
1757498934654 169.31597707217657 58
1757498934708 169.31184574634085 59
