1757498239967 169.66412573140843 0
1757498240013 169.49323052920806 1
1757498240063 169.3239445406802 2
1757498240132 169.1549277241889 3
1757498240184 168.98617961080862 4
1757498240234 168.81769973245088 5
1757498240283 168.64948762186233 6
1757498240332 168.48154281262345 7
1757498240382 168.3138648391471 8
1757498240436 168.1464532366768 9
1757498240489 167.9793075412855 10
1757498240539 167.8124272898739 11
1757498240590 167.645812020169 12
1757498240646 167.4794612707227 13
1757498240716 167.3133745809103 14
1757498240765 167.1475514909288 15
1757498240814 166.9819915417958 16
1757498240862 166.8166942753478 17
1757498240957 166.65165923423856 18
1757498241114 166.48688596193807 19
1757498241181 166.32237400273073 20
1757498241241 166.158122901714 21
1757498241299 165.99413220479684 22
1757498241387 165.83040145869856 23
1757498241522 165.666930210947 24
1757498241582 165.50371800987722 25
1757498241639 165.34076440463008 26
1757498241693 165.1780689451508 27
1757498241746 165.01563118218738 28
1757498241803 164.85345066728942 29
1757498241858 164.69152695280638 30
1757498241912 164.5298595918863 31
1757498241966 164.36844813847432 32
1757498242019 164.20729214731142 33
1757498242070 164.04639117393265 34
1757498242122 163.88574477466597 35
1757498242182 163.72535250663074 36
1757498242234 163.56521392773635 37
1757498242285 163.40532859668073 38
1757498242338 163.24569607294882 39
1757498242390 163.08631591681154 40
1757498242443 162.92718768932397 41
1757498242495 162.76831095232407 42
1757498242548 162.60968526843143 43
1757498242599 162.45131020104566 44
1757498242666 162.29318531434507 45
1757498242717 162.13531017328526 46
1757498242769 161.9776843435978 47
1757498242821 161.82030739178865 48
1757498242872 161.66317888513692 49
1757498242923 161.50629839169358 50
1757498242973 161.34966548027973 51
1757498243024 161.19327972048552 52
1757498243074 161.0371406826687 53
1757498243124 160.88124793795313 54
1757498243182 160.72560105822757 55
1757498243231 160.5701996161441 56
1757498243280 160.41504318511707 57
1757498243331 160.26013133932125 58
1757498243380 160.10546365369103 59
1757498243430 159.95103970391852 60
1757498243481 159.79685906645264 61
1757498243534 159.64292131849732 62
1757498243585 159.4892260380106 63
1757498243635 159.33577280370292 64
1757498243687 159.18256119503593 65
1757498243737 159.02959079222114 66
1757498243786 158.87686117621854 67
1757498243839 158.72437192873514 68
1757498243890 158.5721226322239 69
1757498243940 158.4201128698822 70
1757498243989 158.26834222565043 71
1757498244041 158.11681028421083 72
1757498244090 157.9655166309862 73
1757498244141 157.81446085213818 74
1757498244200 157.66364253456643 75
1757498244253 157.51306126590706 76
1757498244304 157.3627166345312 77
1757498244354 157.21260822954386 78
1757498244424 157.06273564078262 79
1757498244477 156.91309845881602 80
1757498244533 156.7636962749428 81
1757498244587 156.61452868118985 82
1757498244640 156.46559527031178 83
1757498244690 156.31689563578868 84
1757498244742 156.16842937182562 85
1757498244812 156.0201960733509 86
1757498244886 155.87219533601464 87
1757498244941 155.72442675618805 88
1757498244993 155.57688993096156 89
1757498245048 155.42958445814378 90
1757498245100 155.2825099362602 91
1757498245151 155.1356659645519 92
1757498245210 154.98905214297423 93
1757498245263 154.8426680721955 94
1757498245316 154.6965133535958 95
1757498245368 154.55058758926563 96
1757498245421 154.40489038200465 97
1757498245471 154.25942133532044 98
1757498245524 154.1141800534271 99
1757498245576 153.96916614124427 100
1757498245627 153.82437920439546 101
1757498245677 153.6798188492071 102
1757498245728 153.53548468270722 103
1757498245781 153.391376312624 104
1757498245835 153.24749334738476 105
1757498245886 153.10383539611462 106
1757498245936 152.96040206863512 107
1757498245988 152.81719297546317 108
1757498246038 152.67420772780963 109
1757498246089 152.53144593757818 110
1757498246140 152.38890721736405 111
1757498246193 152.2465911804527 112
1757498246245 152.10449744081868 113
1757498246298 151.9626256131243 114
1757498246351 151.8209753127185 115
1757498246408 151.6795461556356 116
1757498246461 151.53833775859388 117
1757498246512 151.39734973899468 118
1757498246565 151.25658171492083 119
1757498246617 151.11603330513572 120
1757498246668 150.9757041290819 121
1757498246719 150.8355938068798 122
1757498246771 150.69570195932687 123
1757498246822 150.55602820789582 124
1757498246873 150.41657217473391 125
1757498246926 150.27733348266145 126
1757498246977 150.13831175517066 127
1757498247027 149.99950661642444 128
1757498247079 149.8609176912553 129
1757498247132 149.72254460516396 130
1757498247183 149.5843869843183 131
1757498247235 149.44644445555198 132
1757498247286 149.3087166463636 133
1757498247338 149.17120318491504 134
1757498247388 149.03390370003058 135
1757498247438 148.89681782119573 136
1757498247489 148.75994517855577 137
1757498247541 148.6232854029149 138
1757498247592 148.48683812573475 139
1757498247644 148.35060297913344 140
1757498247694 148.21457959588426 141
1757498247745 148.07876760941463 142
1757498247795 147.94316665380464 143
1757498247846 147.80777636378625 144
1757498247896 147.67259637474183 145
1757498247947 147.53762632270318 146
1757498247997 147.4028658443502 147
1757498248048 147.2683145770099 148
1757498248100 147.1339721586551 149
1757498248151 146.99983822790318 150
1757498248202 146.86591242401536 151
1757498248262 146.73219438689497 152
1757498248312 146.5986837570867 153
1757498248365 146.46538017577524 154
1757498248415 146.33228328478432 155
1757498248466 146.19939272657535 156
1757498248517 146.06670814424638 157
1757498248571 145.934229181531 158
1757498248624 145.80195548279707 159
1757498248675 145.66988669304573 160
1757498248728 145.53802245791016 161
1757498248782 145.4063624236545 162
1757498248833 145.27490623717267 163
1757498248886 145.14365354598723 164
1757498249007 145.01260399824832 165
1757498249113 144.8817572427325 166
1757498249214 144.75111292884156 167
1757498249284 144.6206707066016 168
1757498249345 144.49043022666157 169
1757498249484 144.3603911402925 170
1757498249563 144.23055309938613 171
1757498249679 144.1009157564539 172
1757498249741 143.97147876462597 173
1757498249799 143.84224177764975 174
1757498249862 143.71320444988922 175
1757498249920 143.5843664363234 176
1757498249978 143.45572739254564 177
1757498250035 143.32728697476225 178
1757498250100 143.19904483979155 179
1757498250169 143.07100064506255 180
1757498250237 142.9431540486142 181
1757498250307 142.81550470909394 182
1757498250372 142.6880522857569 183
1757498250431 142.56079643846456 184
1757498250492 142.43373682768387 185
1757498250549 142.30687058728512 186
1757498250606 142.18020246258354 187
1757498250662 142.053729559349 188
1757498250718 141.92745154045932 189
1757498250776 141.80136806939208 190
1757498250831 141.67547881022392 191
1757498250887 141.5497809869383 192
1757498250943 141.42427917522772 193
1757498250998 141.29897057116207 194
1757498251054 141.17385484120277 195
1757498251110 141.04893165240497 196
1757498251165 140.9241983034957 197
1757498251219 140.799659229429 198
1757498251277 140.67531170117329 199
1757498251339 140.5511553881471 200
1757498251394 140.42718996035723 201
1757498251449 140.30341279083552 202
1757498251504 140.17982817459654 203
1757498251558 140.05643345706739 204
1757498251611 139.9332283105973 205
1757498251666 139.81021016750884 206
1757498251718 139.68738321111465 207
1757498251772 139.56474484625534 208
1757498251825 139.44229474760584 209
1757498251879 139.32003259041988 210
1757498251931 139.19795588054032 211
1757498251982 139.07606866276862 212
1757498252034 138.95436841561863 213
1757498252087 138.83285481664888 214
1757498252140 138.7115254303684 215
1757498252192 138.59038419101464 216
1757498252245 138.46942863588927 217
1757498252304 138.34865844483923 218
1757498252360 138.22807329828083 219
1757498252412 138.10767083346633 220
1757498252464 137.98745484753823 221
1757498252516 137.86742295069303 222
1757498252569 137.74757482561492 223
1757498252622 137.6279081676035 224
1757498252675 137.5084266643653 225
1757498252728 137.3891279842649 226
1757498252784 137.2700118122381 227
1757498252841 137.15107590135855 228
1757498252894 137.03232383039528 229
1757498252947 136.91375332560713 230
1757498252999 136.7953621834216 231
1757498253052 136.6771539008267 232
1757498253104 136.55912624752514 233
1757498253166 136.4412789123544 234
1757498253229 136.3236097490403 235
1757498253288 136.20612214650117 236
1757498253354 136.08881393185771 237
1757498253412 135.97168479615493 238
1757498253470 135.85473265014707 239
1757498253526 135.73796077517568 240
1757498253598 135.62136705550895 241
1757498253674 135.50495118438363 242
1757498253737 135.3887111293133 243
1757498253794 135.27265006455406 244
1757498253851 135.156765931252 245
1757498253909 135.04105673951628 246
1757498253965 134.92552558320642 247
1757498254023 134.81017044615285 248
1757498254079 134.69499102539007 249
1757498254137 134.57998538731826 250
1757498254192 134.46515651956693 251
1757498254249 134.3505024623754 252
1757498254306 134.23602132438924 253
1757498254367 134.12171601348098 254
1757498254422 134.00758461222358 255
1757498254476 133.89362527135899 256
1757498254531 133.7798408192753 257
1757498254586 133.66622938072976 258
1757498254641 133.55279065810026 259
1757498254697 133.43952285775669 260
1757498254751 133.32642870306915 261
1757498254807 133.2135063745396 262
1757498254859 133.10075412028797 263
1757498254912 132.9881745848333 264
1757498254966 132.8757659905149 265
1757498255020 132.76352662705486 266
1757498255075 132.65145906039146 267
1757498255131 132.53956155455333 268
1757498255187 132.42783244071765 269
1757498255242 132.31627420651114 270
1757498255297 132.2048851575044 271
1757498255360 132.09366366618283 272
1757498255415 131.98261214213034 273
1757498255469 131.87172893231232 274
1757498255522 131.76101245037614 275
1757498255577 131.6504650281307 276
1757498255631 131.54008505378968 277
1757498255686 131.42987098201652 278
1757498255742 131.31982506711216 279
1757498255795 131.2099457383925 280
1757498255850 131.1002314913915 281
1757498255904 130.99068450316855 282
1757498255958 130.8813032439961 283
1757498256012 130.7720862501337 284
1757498256065 130.66303562166468 285
1757498256119 130.55414986967278 286
1757498256174 130.44542757099867 287
1757498256227 130.3368707490144 288
1757498256282 130.2284779554702 289
1757498256337 130.12024780764372 290
1757498256399 130.01218225245987 291
1757498256454 129.90427880727106 292
1757498256509 129.79653936764538 293
1757498256562 129.68896255305933 294
1757498256616 129.58154704813563 295
1757498256671 129.47429467243367 296
1757498256725 129.36720408571242 297
1757498256780 129.26027401264957 298
1757498256836 129.15350619705777 299
1757498256889 129.04689836709736 300
1757498256943 128.94045221569016 301
1757498256998 128.8341664696841 302
1757498257052 128.7280399204676 303
1757498257189 128.622074185651 304
1757498257320 128.51626803198394 305
1757498257409 128.41062029053066 306
1757498257468 128.30513250385002 307
1757498257589 128.1998026089406 308
1757498257696 128.09463209793265 309
1757498257759 127.98961980403261 310
1757498257817 127.88476462438666 311
1757498257876 127.78006797650522 312
1757498257935 127.67552792711962 313
1757498257995 127.57114584359906 314
1757498258053 127.46692062521441 315
1757498258111 127.36285123480292 316
1757498258170 127.25893896554386 317
1757498258229 127.15518201314165 318
1757498258286 127.0515816209201 319
1757498258343 126.94813675382402 320
1757498258402 126.84484643999326 321
1757498258464 126.74171184898934 322
1757498258522 126.63873130473424 323
1757498258579 126.53590592721848 324
1757498258642 126.43323474667243 325
1757498258706 126.3307168561519 326
1757498258771 126.2283533023108 327
1757498258831 126.12614253653683 328
1757498258889 126.02408555619597 329
1757498258947 125.92218086377558 330
1757498259004 125.82042940746658 331
1757498259062 125.71883030841181 332
1757498259119 125.61738275006523 333
1757498259177 125.51608760787373 334
1757498259234 125.41494351074408 335
1757498259292 125.31395128522927 336
1757498259348 125.21310961091865 337
1757498259405 125.11241926558354 338
1757498259469 125.01187946052724 339
1757498259525 124.9114894688534 340
1757498259583 124.81124999617782 341
1757498259644 124.71115984747033 342
1757498259700 124.61121967984433 343
1757498259758 124.5114283485381 344
1757498259815 124.4117864622741 345
1757498259881 124.31229292644112 346
1757498259939 124.21294830148184 347
1757498259995 124.11375191363909 348
1757498260050 124.01470315030447 349
1757498260105 123.91580250051612 350
1757498260163 123.81704899371825 351
1757498260219 123.71844307094601 352
1757498260276 123.61998381138385 353
1757498260331 123.52167160817449 354
1757498260388 123.42350559012577 355
1757498260453 123.3254861025982 356
1757498260510 123.22761232390654 357
1757498260567 123.1298845517391 358
1757498260623 123.03230225125039 359
1757498260678 122.93486494795516 360
1757498260734 122.83757286904635 361
1757498260793 122.74042531529061 362
1757498260849 122.64342246648259 363
1757498260905 122.54656367248998 364
1757498260962 122.4498490658185 365
1757498261018 122.35327804532142 366
1757498261073 122.25685069632452 367
1757498261130 122.16056646655153 368
1757498261186 122.06442539425709 369
1757498261242 121.96842697592028 370
1757498261300 121.8725712028334 371
1757498261356 121.77685762011612 372
1757498261413 121.68128617220664 373
1757498261474 121.5858564527508 374
1757498261531 121.49056835944103 375
1757498261588 121.39542153433489 376
1757498261645 121.30041582848703 377
1757498261701 121.20555093225273 378
1757498261758 121.11082665015675 379
1757498261815 121.01624272073812 380
1757498261871 120.92179890209925 381
1757498261928 120.8274949808494 382
1757498262000 120.73333066877605 383
1757498262064 120.63930580044527 384
1757498262128 120.5454200414368 385
1757498262189 120.45167327416033 386
1757498262249 120.35806511809486 387
1757498262310 120.26459550338073 388
1757498262373 120.17126400350298 389
1757498262464 120.07807059622 390
1757498262542 119.9850148091294 391
1757498262606 119.89209666749503 392
1757498262668 119.79931565313349 393
1757498262728 119.70667183870191 394
1757498262794 119.61416466034194 395
1757498262855 119.52179423799201 396
1757498262914 119.42955996222483 397
1757498262977 119.33746200014825 398
1757498263037 119.24549969687176 399
1757498263099 119.15367326656114 400
1757498263160 119.0619820089682 401
1757498263223 118.97042618520526 402
1757498263284 118.8790050497718 403
1757498263345 118.78771891061558 404
1757498263407 118.69656728081544 405
1757498263466 118.60554961549538 406
1757498263533 118.5146662934558 407
1757498263593 118.42391645571773 408
1757498263651 118.33330052763995 409
1757498263709 118.24281760535844 410
1757498263768 118.15246816068007 411
1757498263827 118.06225124496017 412
1757498263885 117.97216737634365 413
1757498263941 117.88221556150931 414
1757498264001 117.79239636483021 415
1757498264057 117.70270917768649 416
1757498264114 117.61315333423288 417
1757498264171 117.52372946878627 418
1757498264229 117.43443647598201 419
1757498264287 117.34527503609115 420
1757498264345 117.25624399943595 421
1757498264402 117.16734409213257 422
1757498264458 117.0785741202935 423
1757498264515 116.98993485577103 424
1757498264575 116.90142559143946 425
1757498264633 116.81304556353864 426
1757498264690 116.72479561312875 427
1757498264748 116.63667443544148 428
1757498264810 116.54868291700177 429
1757498264869 116.4608197091918 430
1757498264926 116.37309759524732 431
1757498264984 116.2855041266407 432
1757498265041 116.19803846333107 433
1757498265098 116.11070160570625 434
1757498265156 116.02349209413343 435
1757498265214 115.93641097438892 436
1757498265271 115.84945674305115 437
1757498265329 115.76263049117718 438
1757498265387 115.67593135929441 439
1757498265477 115.58935843190777 440
1757498265624 115.50291286860127 441
1757498265739 115.41659305612046 442
1757498265813 115.33040019906157 443
1757498265903 115.244333383989 444
1757498266034 115.15839164176764 445
1757498266157 115.07257624511873 446
1757498266222 114.98688547159044 447
1757498266284 114.90132063864898 448
1757498266345 114.81588077920503 449
1757498266409 114.73056487079106 450
1757498266471 114.64537429859844 451
1757498266531 114.5603072316104 452
1757498266599 114.47536509949732 453
1757498266658 114.39054688182395 454
1757498266717 114.30585150309659 455
1757498266777 114.22128046031294 456
1757498266839 114.13683181452068 457
1757498266898 114.05250710693198 458
1757498266956 113.968305264072 459
1757498267017 113.88422515772547 460
1757498267075 113.80026839603617 461
1757498267134 113.71643293274248 462
1757498267193 113.63272041993937 463
1757498267252 113.54912973141717 464
1757498267310 113.46565968654252 465
1757498267371 113.38231200394812 466
1757498267430 113.29908453068632 467
1757498267487 113.21597902907916 468
1757498267544 113.13299432048566 469
1757498267607 113.05012917215615 470
1757498267666 112.96738541255849 471
1757498267724 112.88476183157643 472
1757498267786 112.80225716517346 473
1757498267848 112.71987330772902 474
1757498267907 112.63760901776007 475
1757498267967 112.55546300005118 476
1757498268027 112.47343721465977 477
1757498268086 112.39152927546279 478
1757498268144 112.30974118563532 479
1757498268204 112.22807165192569 480
1757498268263 112.1465193276615 481
1757498268323 112.06508628130833 482
1757498268388 111.98377118853539 483
1757498268448 111.90257267177745 484
1757498268508 111.82149286455899 485
1757498268568 111.7405304115774 486
1757498268630 111.65968390448143 487
1757498268689 111.57895554162343 488
1757498268746 111.49834393683602 489
1757498268808 111.41784765108846 490
1757498268868 111.33746894733073 491
1757498268926 111.25720514681699 492
1757498268986 111.17705855489643 493
1757498269046 111.09702773446658 494
1757498269104 111.01711119586884 495
1757498269163 110.937311308668 496
1757498269224 110.85762660518061 497
1757498269282 110.77805556535098 498
1757498269342 110.69860062273112 499
