1757564412724 0.026059131874181175 0
1757564412817 1.7006754225637004 1
1757564412911 0.004766835289484267 2
1757564412999 0.022784049625278857 3
1757564413093 0.00434953456501587 4
1757564413184 0.07116951448835016 5
1757564413281 0.029266403396261617 6
1757564413371 0.17358784479701683 7
1757564413459 0.005448533839092989 8
1757564413548 0.00029710429924389455 9
1757564413638 0.34165932639020935 10
1757564413732 0.3082327967549733 11
1757564413826 0.06447143675647715 12
1757564413915 0.008130728439229217 13
1757564414007 0.02407787074725803 14
1757564414101 0.36157122557865135 15
1757564414236 0.010558040736176765 16
1757564414337 0.00048724498431207067 17
1757564414437 0.002859811093241192 18
1757564414532 0.05645715301595324 19
1757564414634 0.44688152666985337 20
1757564414724 0.1708285680123144 21
1757564414815 0.005176807878373069 22
1757564414907 0.1448191281622151 23
1757564414998 0.08583541703806569 24
1757564415089 0.003509243553745046 25
1757564415181 0.0005434116379372525 26
1757564415272 4.4152980588005414e-05 27
1757564415357 0.00333254417131796 28
1757564415460 0.004980911662421935 29
1757564415551 0.33692711978310197 30
1757564415642 0.2587874591678171 31
1757564415731 0.022147851070264315 32
1757564415821 0.0035401777215466014 33
1757564415923 0.017446096498192225 34
1757564416039 0.0522010647057753 35
1757564416132 0.22000001392798124 36
1757564416226 0.003035081379645668 37
1757564416320 0.020657976492242287 38
1757564416469 0.020816650129769406 39
1757564416590 0.14778574287686877 40
1757564416680 0.06406169125878751 41
1757564416770 0.0664856510125025 42
1757564416863 0.04522137535202713 43
1757564416965 0.0025100792458385927 44
1757564417064 0.3284354693841822 45
1757564417153 0.11722481747073527 46
1757564417244 0.0022085875054425877 47
1757564417333 0.28119839570738364 48
1757564417425 0.11857874821757855 49
1757564417513 0.017358601161670446 50
1757564417605 0.2940678277963789 51
1757564417694 0.18811937657473482 52
1757564417786 0.42485864038130244 53
1757564417872 0.0980395442780476 54
1757564417961 0.19182470981233057 55
1757564418056 1.0708619767469614 56
1757564418151 3.221587739616157e-05 57
1757564418245 0.0016708998207238712 58
1757564418346 0.0030204889460066615 59
1757564418476 1.995312423970539e-05 60
1757564418572 0.14339987488648445 61
1757564418666 0.0025525738570374187 62
1757564418754 0.23275143167493398 63
1757564418846 0.003188387582074191 64
1757564418936 0.00016265564531651037 65
1757564419025 0.20059135407410075 66
1757564419114 0.086479331705006 67
1757564419205 0.013423079150070578 68
1757564419365 0.6698887743462507 69
1757564419463 4.290389064578187 70
1757564419559 0.053330172953409596 71
1757564419651 0.03702576238062157 72
1757564419744 0.016654062202852593 73
1757564419845 0.7014910814128292 74
1757564419935 0.8356030634841953 75
1757564420027 0.11326694568961052 76
1757564420117 0.4876467791677525 77
1757564420229 0.36546903934727815 78
1757564420318 0.044721348500661104 79
1757564420419 0.05678772798411503 80
1757564420544 0.17813894070332442 81
1757564420790 0.0027759025471145453 82
1757564420939 0.017259898940946 83
1757564421047 0.09728686540639983 84
1757564421193 0.03168466671503179 85
1757564421353 0.530355058495748 86
1757564421543 0.0021746451019830754 87
1757564421680 0.3000270819546932 88
1757564421771 0.039255177225144836 89
1757564421863 0.24301782505488426 90
1757564421954 0.03157804201219303 91
1757564422052 0.06156317948617874 92
1757564422144 0.04166291509287993 93
1757564422253 0.030025481831878528 94
1757564422342 0.6000316369311898 95
1757564422440 0.16951532067750336 96
1757564422541 0.009697904841440251 97
1757564422633 0.38455228373401956 98
1757564422725 0.08505878798454478 99
1757564422817 0.013119442778334009 100
1757564422936 0.003230739489149395 101
1757564423027 0.03677874883903717 102
1757564423157 0.007820942954029972 103
1757564423247 0.04247858141820386 104
1757564423339 0.050950202682728936 105
1757564423438 0.08916651801878692 106
1757564423546 0.01176931028509137 107
1757564423638 0.0017558286669725148 108
1757564423726 0.009973154881153336 109
1757564423818 0.1697580235959192 110
1757564423908 0.6044162027278882 111
1757564424000 0.003058520425961261 112
1757564424104 0.6581449281891799 113
1757564424208 0.014613932225499155 114
1757564424320 0.003324589746677254 115
1757564424410 0.016553526617621137 116
1757564424500 0.011589970333262548 117
1757564424592 0.5814699108579888 118
1757564424709 0.02545715752857435 119
1757564424802 0.00022534159671274863 120
1757564424893 0.010557675884358278 121
1757564424986 0.00047326641838416533 122
1757564425077 0.016307180075377577 123
1757564425167 0.00031992735799277937 124
1757564425257 0.07748569035045277 125
1757564425350 0.10187877266364961 126
1757564425448 0.03081272822286191 127
1757564425539 0.17046506453725152 128
1757564425626 0.09690804297750935 129
1757564425747 0.0005940250494469742 130
1757564425859 0.046194846734756566 131
1757564425953 0.27741807473401514 132
1757564426046 0.033870123593071955 133
1757564426139 0.010170364355230279 134
1757564426231 0.10536529778042242 135
1757564426323 0.0003741216596933695 136
1757564426421 0.01928435130126295 137
1757564426522 0.2934456285755216 138
1757564426616 0.8295391608091133 139
1757564426708 0.008191826015894072 140
1757564426803 0.002720213216662965 141
1757564426893 0.05218179118805017 142
1757564426984 0.04681029397228999 143
1757564427077 0.009019184150193817 144
1757564427166 0.3125171964782278 145
1757564427258 0.1528704574949858 146
1757564427351 0.12105179054734568 147
1757564427450 0.08679933958935827 148
1757564427542 0.0015719293990862752 149
1757564427635 0.0836544040524141 150
1757564427721 0.004876209902272369 151
1757564427814 0.051240628724954704 152
1757564427907 0.16143498485956978 153
1757564427996 0.2222869252918177 154
1757564428086 0.034004119487591404 155
1757564428178 0.009137736471311556 156
1757564428269 0.004793963947383316 157
1757564428360 0.018750775935639372 158
1757564428453 0.02259409193981567 159
1757564428550 0.003706490320058477 160
1757564428644 0.2579028876420853 161
1757564428734 0.01235297448299339 162
1757564428827 0.0005737874094193446 163
1757564428918 0.0186765330311275 164
1757564429011 9.549578806878271e-05 165
1757564429104 0.05234376827039096 166
1757564429197 0.06788919521704362 167
1757564429289 0.00013763866745517448 168
1757564429381 0.007001656125341452 169
1757564429473 0.36907466173642967 170
1757564429574 0.45548204190154573 171
1757564429668 0.134669196370036 172
1757564429761 0.01474067302037709 173
1757564429852 0.05532257060263789 174
1757564429946 0.006151963291184253 175
1757564430038 0.1303174830969886 176
1757564430129 0.03133086978763469 177
1757564430221 0.208213573298214 178
1757564430313 0.20619446752169002 179
1757564430403 0.09455975409903543 180
1757564430498 0.016596087120855155 181
1757564430595 0.951168524176321 182
1757564430690 0.010248354733447275 183
1757564430781 0.33237030707126114 184
1757564430872 0.0638076456886084 185
1757564430964 0.3597624029011984 186
1757564431056 0.00042659463117940207 187
1757564431146 0.045504413582530226 188
1757564431240 0.0008950819697591197 189
1757564431331 0.3335698922558634 190
1757564431424 0.08157550234811886 191
1757564431524 0.5322550115263261 192
1757564431613 0.06246597131368952 193
1757564431701 0.22787238930362141 194
1757564431790 0.05097295814701622 195
1757564431900 0.10868414819014766 196
1757564432008 0.0013522745942444712 197
1757564432103 0.07273579703211186 198
1757564432201 0.08643932603133282 199
1757564432316 0.04054579795081242 200
1757564432419 0.039929053091577654 201
1757564432514 0.02544211048767653 202
1757564432610 0.0027814738272952245 203
1757564432702 0.01726337377072632 204
1757564432871 7.486700547823339e-06 205
1757564433071 0.33312917568540223 206
1757564433258 0.4953002628933886 207
1757564433439 0.00758598735449764 208
1757564433573 0.022510705242007385 209
1757564433676 0.046933724106824844 210
1757564433793 0.00891862499948544 211
1757564433903 0.0016579497130227083 212
1757564434016 0.1063053272460282 213
1757564434129 0.03867990003048796 214
1757564434232 0.02104004159038703 215
1757564434350 0.10850324634929336 216
1757564434488 0.059487474658660645 217
1757564434602 0.0002454809088312564 218
1757564434718 0.012763324519837211 219
1757564434827 0.02964242398176219 220
1757564434935 0.259662019979975 221
1757564435036 0.0039020927203132277 222
1757564435131 0.07662784153344143 223
1757564435231 0.08247217695905912 224
1757564435347 0.007422916901404309 225
1757564435462 0.1003221231644536 226
1757564435634 0.03471792459911057 227
1757564435742 0.02723153314891759 228
1757564435883 0.2639306434363503 229
1757564435981 0.17123090598756213 230
1757564436115 0.08444619614956032 231
1757564436257 0.3109824193141316 232
1757564436509 0.0013702347009393922 233
1757564436673 0.07124644517218602 234
1757564436787 0.00010872915531771134 235
1757564436922 0.03518147973999834 236
1757564437040 0.710859439215887 237
1757564437158 0.022958145678476417 238
1757564437285 0.03542734911819107 239
1757564437390 0.4524395133658608 240
1757564437503 0.31140035141260025 241
1757564437605 0.09581871427456974 242
1757564437715 0.37377038999476525 243
1757564437828 0.019228654159577984 244
1757564437938 0.15630575526679097 245
1757564438035 0.040529581942809575 246
1757564438131 0.012856375771199167 247
1757564438225 0.06054189859204852 248
1757564438321 0.02286837688599059 249
1757564438418 0.9418869401473835 250
1757564438516 0.12035707946775859 251
1757564438609 0.11466313645459537 252
1757564438710 0.006947537215654823 253
1757564438806 0.002594001551829356 254
1757564438901 0.004744996849641332 255
1757564438998 0.0013167374302413281 256
1757564439095 0.34026398817681625 257
1757564439191 0.057625488000263174 258
1757564439286 0.008106838038601188 259
1757564439382 0.3280376575265769 260
1757564439480 0.004845476816584978 261
1757564439575 0.16078486617326074 262
1757564439679 0.13720776752936423 263
1757564439769 0.03683804406487248 264
1757564439861 0.6086878476621596 265
1757564439955 0.0668539770841016 266
1757564440052 0.6456847085843291 267
1757564440147 0.36312732419529004 268
1757564440242 0.007327197588573168 269
1757564440337 0.023326290532700363 270
1757564440447 0.02368847080858652 271
1757564440546 0.08719803569028539 272
1757564440643 0.005218414312831806 273
1757564440741 0.010848521415491618 274
1757564440834 0.04281190718324126 275
1757564440950 0.3211129755171528 276
1757564441046 0.02340540228361299 277
1757564441139 0.0035355946429087935 278
1757564441236 0.06497016114064616 279
1757564441329 0.06613486308098783 280
1757564441423 0.03804943764598771 281
1757564441519 0.050987403419376555 282
1757564441614 0.06702487050000158 283
1757564441704 0.02567575246128869 284
1757564441800 0.0012255750893542473 285
1757564441891 0.047853869687387376 286
1757564441986 0.012730162361403606 287
1757564442084 0.08025067342653573 288
1757564442178 0.0024818438787600934 289
1757564442272 0.09776222275025322 290
1757564442368 0.0005455228038205562 291
1757564442467 6.7789652245816515e-06 292
1757564442567 0.0057195897180274315 293
1757564442662 0.2248152366321546 294
1757564442765 0.04600657502316454 295
1757564442855 0.24715736626231058 296
1757564442948 0.08073280838424475 297
1757564443045 1.2203100323140864e-05 298
1757564443141 0.004029103196935171 299
1757564443239 0.020869314816185012 300
1757564443381 0.8922146791203024 301
1757564443487 0.9713906015576824 302
1757564443584 0.0010220521076309318 303
1757564444036 0.8399996606769161 304
1757564444128 0.2982122439880106 305
1757564444254 0.16281275081639043 306
1757564444370 0.5921796362242437 307
1757564444498 0.005175461061644398 308
1757564444614 0.5736807283480269 309
1757564444716 0.9086608501612681 310
1757564444823 0.0006053623443818418 311
1757564444922 0.044920400640691895 312
1757564445022 0.027624365596112723 313
1757564445119 0.15775714447625816 314
1757564445215 0.10296838285351528 315
1757564445314 0.5056965947852281 316
1757564445411 0.056515172743998976 317
1757564445511 0.005330011683031664 318
1757564445611 0.0003788091179106042 319
1757564445708 0.04684615490430111 320
1757564445830 0.0748728006737307 321
1757564446069 0.1898799232686621 322
1757564446251 0.023492043267780097 323
1757564446443 0.17727652382098175 324
1757564446576 0.056670351107694736 325
1757564446747 0.004966474109226284 326
1757564446872 0.05504926893672061 327
1757564446981 0.06219328472101879 328
1757564447078 0.014080499836283893 329
1757564447173 0.23636862540510878 330
1757564447272 0.07102064574338308 331
1757564447369 1.0410380261234466 332
1757564447467 0.05270722437148389 333
1757564447565 0.05527242024810982 334
1757564447661 0.011468954970776496 335
1757564447759 0.09265693975767632 336
1757564447859 0.06749523388421852 337
1757564447959 0.013056311636946235 338
1757564448052 0.014716226911803049 339
1757564448148 0.0004938431349654497 340
1757564448246 0.03134394304598811 341
1757564448338 0.09386682285690354 342
1757564448435 0.028447493389784438 343
1757564448560 0.0506426145894827 344
1757564448663 0.15080889982215026 345
1757564448764 0.04437911115363594 346
1757564448868 0.043392062005622 347
1757564448966 0.0007570402395109596 348
1757564449099 0.15041536671166542 349
1757564449199 0.11619761019017023 350
1757564449298 0.14850296527726534 351
1757564449394 0.0008256888971392923 352
1757564449492 0.09629831460994093 353
1757564449589 0.13872890919184921 354
1757564449686 0.6069963642636775 355
1757564449783 0.18791497670402035 356
1757564449889 0.30348415216980806 357
1757564449986 0.0003578482269297451 358
1757564450084 0.1295426219426834 359
1757564450187 0.009696460228361285 360
1757564450286 0.0011906932113331312 361
1757564450384 0.010730048849680951 362
1757564450480 0.10425205890770733 363
1757564450577 0.39796011017955946 364
1757564450676 0.012532389083430812 365
1757564450769 0.0012346228273098013 366
1757564450864 0.0008950334372315137 367
1757564450962 0.19205969281058302 368
1757564451055 0.004465000843009141 369
1757564451154 0.020459197844666037 370
1757564451246 0.07398221143624563 371
1757564451338 0.21924330800673136 372
1757564451434 0.9241382521155462 373
1757564451532 0.09992051215280526 374
1757564451623 0.04351580380117817 375
1757564451719 0.031327707072142066 376
1757564451817 3.8656146056188815e-05 377
1757564451920 0.16955600527108153 378
1757564452017 0.023536461212106858 379
1757564452114 0.014211046373723831 380
1757564452213 0.1306303148062758 381
1757564452311 0.07343649497776719 382
1757564452403 0.5629510170318384 383
1757564452501 0.0007156423867703792 384
1757564452599 0.5910075236167318 385
1757564452697 0.07984580774897031 386
1757564452794 0.07662149138501978 387
1757564452893 0.14526810757147823 388
1757564452990 0.04098710212057435 389
1757564453085 0.09244188230395915 390
1757564453179 0.0450346668445797 391
1757564453275 0.0011911842757797019 392
1757564453372 0.11191228175293673 393
1757564453471 0.17818583763048157 394
1757564453570 0.011713152329300598 395
1757564453667 0.0012614726942472513 396
1757564453768 0.05793131003590763 397
1757564453865 0.014801746363613769 398
1757564453965 1.2828551446137748e-05 399
1757564454064 0.055821349137132145 400
1757564454163 1.8128884828640468 401
1757564454260 0.10073938904832522 402
1757564454357 0.028527639397186395 403
1757564454453 0.01944903271536334 404
1757564454553 5.043015329068101e-05 405
1757564454650 0.03528523265361017 406
1757564454750 0.005994542637593124 407
1757564454849 0.19276978872386086 408
1757564454956 0.0043454001660440875 409
1757564455054 0.11523282931904212 410
1757564455150 0.0015118879249616645 411
1757564455247 0.09851614065374648 412
1757564455347 0.0037770822058385703 413
1757564455439 0.16256065078521084 414
1757564455539 0.10754976282869724 415
1757564455635 0.3884199037153262 416
1757564455734 0.0019493601921227511 417
1757564455844 0.5774930358668562 418
1757564455939 0.051055409155907255 419
1757564456040 0.05257626180133184 420
1757564456140 0.019420327386854726 421
1757564456240 0.05263319053066069 422
1757564456340 0.1030568133251709 423
1757564456442 0.024703594025307866 424
1757564456541 0.11514291027587262 425
1757564456640 0.44911217626702693 426
1757564456758 0.11536621530428162 427
1757564456856 0.4598840284111577 428
1757564456948 0.06645203947125813 429
1757564457042 0.07783410925357163 430
1757564457148 0.47543333263354615 431
1757564457264 0.05946323338586442 432
1757564457362 0.04397737530417301 433
1757564457456 0.030240635637303524 434
1757564457555 0.032985742133754686 435
1757564457649 0.04946747123361293 436
1757564457747 0.014583835341255522 437
1757564457848 1.6232323412288079 438
1757564457951 0.0002443307947016452 439
1757564458050 0.0018343828602482286 440
1757564458148 3.2059389342584675e-06 441
1757564458275 0.01658325416322177 442
1757564458588 0.05976802663851735 443
1757564458817 0.031323190258988665 444
1757564458992 0.05833632665027272 445
1757564459237 0.030562826305995817 446
1757564459444 0.3000518569384732 447
1757564459772 0.006976017013854012 448
1757564459911 0.09330364160025509 449
1757564460062 0.013966418078559653 450
1757564460192 0.13353567301397917 451
1757564460329 0.002360656665627355 452
1757564460470 0.08092398875591711 453
1757564460593 0.10545447795576574 454
1757564460699 0.003655717843860861 455
1757564460822 0.03602914826661265 456
1757564460926 0.0008867797175159569 457
1757564461038 0.046034105394880176 458
1757564461138 0.010604085660077573 459
1757564461237 0.03815772306910576 460
1757564461336 0.006007819906291829 461
1757564461430 0.3249083964961246 462
1757564461530 0.03772989645722561 463
1757564461631 0.03327755368358515 464
1757564461730 0.03375731369425132 465
1757564461829 0.0001133238578158048 466
1757564461923 0.05815041129686342 467
1757564462023 0.18030458826319626 468
1757564462133 0.024909574132140323 469
1757564462234 0.0016210105397243628 470
1757564462329 0.18103456771265564 471
1757564462430 0.057779740208636424 472
1757564462528 0.00971707174741731 473
1757564462628 0.3316974101185277 474
1757564462727 0.02435884976860962 475
1757564462827 0.014401050419392436 476
1757564462927 0.034296311347675836 477
1757564463030 0.0010279186724846394 478
1757564463135 5.2118095092009004e-06 479
1757564463237 0.0006398008681696281 480
1757564463333 0.03397378282027162 481
1757564463433 0.013275460119394126 482
1757564463531 0.47620053107601645 483
1757564463631 0.23820467086704517 484
1757564463737 0.07448386237647985 485
1757564463848 0.0009243304125177807 486
1757564463946 0.08739824980413313 487
1757564464050 0.04951686182512881 488
1757564464160 0.005633905634170649 489
1757564464262 0.010033230613314792 490
1757564464363 0.033900505400339224 491
1757564464469 0.45922328791052336 492
1757564464567 0.003553747035099913 493
1757564464671 0.09112042876206115 494
1757564464789 0.012883955264771969 495
1757564464909 0.014662147272486294 496
1757564465017 0.013463986932789229 497
1757564465113 0.04636982685221573 498
1757564465211 0.4218566165262764 499
