1757491210219 116.6714845808417 0
1757491210374 117.47731279471235 1
1757491210511 47.796961917367 2
1757491210630 158.90068310567148 3
1757491210756 210.590842511375 4
1757491210886 175.8696920166709 5
1757491210986 158.0694340867865 6
1757491211091 151.49320438516506 7
1757491211221 148.1451075477857 8
1757491211338 159.86170713590332 9
1757491211439 275.3930773744184 10
1757491211535 466.2980980021454 11
1757491211629 155.22126577953185 12
1757491211717 157.73605922063243 13
1757491211803 118.26252716343303 14
1757491211896 245.82444429821703 15
1757491211990 263.7815298680818 16
1757491212215 163.50483128709797 17
1757491212345 157.0251503167674 18
1757491212469 246.47945291609665 19
1757491212583 138.19500608003202 20
1757491212685 154.55103217237607 21
1757491212796 226.6347031093188 22
1757491212928 209.1226309401137 23
1757491213053 142.72179841937364 24
1757491213180 158.87528012342213 25
1757491213297 190.19744476574485 26
1757491213570 144.2614681480339 27
1757491213723 176.97972850337933 28
1757491213834 272.58033558254425 29
1757491213941 214.67237237861298 30
1757491214052 183.51168721482216 31
1757491214152 155.60874981472486 32
1757491214247 155.99916158727615 33
1757491214357 214.63174964413014 34
1757491214447 169.1552380203455 35
1757491214537 186.43046739361043 36
1757491214627 155.3800684102419 37
1757491214719 143.34398616949898 38
1757491214808 211.36627461662377 39
1757491214898 156.64886106733232 40
1757491214986 197.04567653942289 41
1757491215075 153.00847836270478 42
1757491215158 185.60145405547752 43
1757491215247 146.96247591443068 44
1757491215341 200.17208640116345 45
1757491215427 106.44942317037633 46
1757491215515 211.58018127639605 47
1757491215598 168.6907093970938 48
1757491215688 201.27236062224551 49
1757491215775 269.44244751791484 50
1757491215859 146.97796145804782 51
1757491215939 144.7305423460271 52
1757491216018 179.58299730008798 53
1757491216102 95.76840342106439 54
1757491216186 96.9616395288054 55
1757491216273 218.8900060352581 56
1757491216376 178.66457746656738 57
1757491216471 192.28201242764783 58
1757491216559 162.2101294606911 59
1757491216642 174.43269312423595 60
1757491216731 144.18721769884348 61
1757491216815 169.21863244565878 62
1757491216901 208.7203598106922 63
1757491216984 140.07568619793648 64
1757491217103 87.29656377125116 65
1757491217289 150.09788841324072 66
1757491217536 138.81144300732836 67
1757491217731 375.70203389368925 68
1757491217852 179.1335307943893 69
1757491217995 128.13162863117995 70
1757491218199 122.70407027933751 71
1757491218397 146.76602586588118 72
1757491218532 155.0766470943331 73
1757491218656 187.80028170918652 74
1757491218761 209.63464120589686 75
1757491218857 144.1350304523231 76
1757491218955 201.197409218386 77
1757491219064 167.90132052702864 78
1757491219161 160.47712973661507 79
1757491219253 120.90733753917333 80
1757491219342 122.00658382173569 81
1757491219430 100.37796566761601 82
1757491219519 138.39844772162922 83
1757491219604 168.05629153416436 84
1757491219683 115.41795672960828 85
1757491219765 187.3049583397748 86
1757491219846 192.4509866066939 87
1757491219925 96.33280888377725 88
1757491220009 141.91673188517046 89
1757491220100 145.11695031555118 90
1757491220253 113.02585682280028 91
1757491220355 314.003171602725 92
1757491220472 153.7997121437261 93
1757491220573 218.58390923552065 94
1757491220709 178.22323573206342 95
1757491220813 181.4491934821077 96
1757491220904 160.61958986434456 97
1757491221025 161.83897011906288 98
1757491221188 222.85553499233035 99
1757491221296 159.05559132423997 100
1757491221425 145.5756416942103 101
1757491221528 172.35742342880292 102
1757491221623 163.44306250480722 103
1757491221715 185.0892837817546 104
1757491221809 209.6878434991251 105
1757491221897 146.75314396207193 106
1757491222051 252.78895757390094 107
1757491222166 213.77828853955478 108
1757491222279 203.0284082976605 109
1757491222380 236.13963790322333 110
1757491222475 190.46742217841097 111
1757491222599 151.66189832100275 112
1757491222709 233.78886865883658 113
1757491222815 166.2581478349245 114
1757491222907 193.973787526287 115
1757491223001 174.29877360651923 116
1757491223141 272.18918464055736 117
1757491223250 173.87542666389726 118
1757491223423 213.8330098198004 119
1757491223529 226.1055130284836 120
1757491223634 194.96874735031474 121
1757491223755 141.45138918167564 122
1757491223852 179.31570845481272 123
1757491223960 142.02459597071638 124
1757491224051 198.70065145506786 125
1757491224138 121.12017615843953 126
1757491224241 139.8500229061104 127
1757491224330 118.88256383938915 128
1757491224417 106.98536145125982 129
1757491224503 184.0679759638571 130
1757491224587 125.10068672034392 131
1757491224672 172.50746365896202 132
1757491224757 163.96863411770073 133
1757491224843 138.01063361610235 134
1757491224928 164.7527814719547 135
1757491225014 68.87712179108442 136
1757491225096 104.53073060685725 137
1757491225180 99.72329873834835 138
1757491225275 163.69131426009477 139
1757491225442 174.3462944569493 140
1757491225620 161.598047044334 141
1757491225790 178.17638886495132 142
1757491225913 187.88096530988682 143
1757491226078 189.78735463740134 144
1757491226224 115.20792342906452 145
1757491226326 122.48520076275088 146
1757491226426 170.7170505861044 147
1757491226515 205.19249491335606 148
1757491226605 198.4950249431106 149
1757491226698 177.51580389756384 150
1757491226785 76.3487630611026 151
1757491226872 213.88409407200405 152
1757491226951 221.12487983511286 153
1757491227037 176.70688204848335 154
1757491227123 177.9867376414314 155
1757491227213 194.55795414235888 156
1757491227304 234.05085784197323 157
1757491227386 119.40682456477295 158
1757491227468 148.93874827355594 159
1757491227551 116.08382822637287 160
1757491227635 255.96159137193243 161
1757491227720 165.41433586949793 162
1757491227802 176.31653927682865 163
1757491227884 155.1517915580712 164
1757491227967 128.835206386722 165
1757491228050 168.55828901211564 166
1757491228132 152.5610477781775 167
1757491228217 186.28133795586137 168
1757491228308 151.43638647599923 169
1757491228393 133.39013673278833 170
1757491228492 220.9618154950916 171
1757491228590 157.97912944259943 172
1757491228690 284.3496633552816 173
1757491228782 148.11755086363672 174
1757491228870 199.03695249073132 175
1757491228958 140.13103444903743 176
1757491229044 146.49279093033638 177
1757491229128 166.6017433898246 178
1757491229217 201.49452778877617 179
1757491229310 130.398580695656 180
1757491229398 237.60910792832436 181
1757491229476 141.3683402302082 182
1757491229583 173.88073205143965 183
1757491229681 115.11599048348887 184
1757491229773 184.24170721809452 185
1757491229883 164.7229648741687 186
1757491229976 179.0539409742909 187
1757491230068 189.22899262470514 188
1757491230157 191.76862966553867 189
1757491230243 149.13263437951528 190
1757491230330 152.98510078448638 191
1757491230418 163.87312321948855 192
1757491230503 183.1852826860069 193
1757491230593 153.59516373476944 194
1757491230679 182.26551813359674 195
1757491230761 191.22249209840965 196
1757491230842 149.54118436618796 197
1757491230926 105.34747817155936 198
1757491231010 153.43416940472568 199
1757491231094 239.3339876968668 200
1757491231174 230.60902744348812 201
1757491231259 195.28635024230385 202
1757491231343 175.28252682256098 203
1757491231426 113.71985697204761 204
1757491231512 198.95746731212745 205
1757491231629 165.2850655772906 206
1757491231797 102.26184883203761 207
1757491231938 185.86245184439025 208
1757491232053 188.47896036566144 209
1757491232220 143.67936429420533 210
1757491232341 177.48790593486618 211
1757491232437 152.5358549620589 212
1757491232529 168.2765816099191 213
1757491232620 183.36612572734165 214
1757491232709 159.07410059721593 215
1757491232797 171.91446126510024 216
1757491232885 182.03677147791186 217
1757491232976 134.91012728322607 218
1757491233062 165.09086375146276 219
1757491233151 226.53657336467396 220
1757491233240 157.07068565087928 221
1757491233332 165.01983413197516 222
1757491233428 271.7379270789081 223
1757491233517 242.01488356423124 224
1757491233604 187.08064083563244 225
1757491233687 132.80956206834378 226
1757491233772 125.96788474308578 227
1757491233862 171.35192793564397 228
1757491233947 179.85927111010415 229
1757491234038 163.29942040399771 230
1757491234122 53.84815674232948 231
1757491234207 125.22298946542061 232
1757491234290 176.12685912360402 233
1757491234380 196.11815359894868 234
1757491234465 152.22076575078276 235
1757491234552 180.5064206391686 236
1757491234636 146.3655429773089 237
1757491234718 279.00114986439075 238
1757491234803 168.98821509373073 239
1757491234886 174.72504461125 240
1757491234970 155.06540165967434 241
1757491235056 96.73865110033515 242
1757491235140 172.44587274815296 243
1757491235227 199.59402990240056 244
1757491235312 148.60227941675785 245
1757491235399 221.6325971991235 246
1757491235483 181.02261081729455 247
1757491235568 206.00985729157503 248
1757491235654 206.67117666167985 249
1757491235749 188.43685520767204 250
1757491235843 175.1932859455331 251
1757491235935 223.94340226292738 252
1757491236054 164.18409645909315 253
1757491236148 165.8996665021903 254
1757491236243 135.86249744708942 255
1757491236330 120.00285579818285 256
1757491236428 155.04053573057863 257
1757491236517 159.52623241121051 258
1757491236605 139.8740127398367 259
1757491236698 127.39548810210448 260
1757491236797 199.37589634228243 261
1757491236919 233.7159974430393 262
1757491237016 158.0922338603641 263
1757491237110 14.11038606873974 264
1757491237197 170.59894587154616 265
1757491237281 135.9046408116415 266
1757491237376 123.67108384618726 267
1757491237516 211.69890905177715 268
1757491237646 245.98778667449758 269
1757491237768 157.78046327616994 270
1757491237930 126.09429717943878 271
1757491238196 121.79181449909555 272
1757491238381 197.89295129051774 273
1757491238504 142.27872740377614 274
1757491238659 180.80322350585195 275
1757491238824 168.19338202709096 276
1757491238937 195.08831322999902 277
1757491239045 156.4914592168677 278
1757491239145 102.48430824352894 279
1757491239247 150.38691788713504 280
1757491239351 169.04742457879703 281
1757491239455 208.13010229519568 282
1757491239580 281.5492746660433 283
1757491239702 190.0318388463196 284
1757491239809 194.31602498140313 285
1757491239913 183.40495021932037 286
1757491240008 201.72620646697618 287
1757491240102 186.83060446387975 288
1757491240196 229.99481300099714 289
1757491240301 164.47914939240965 290
1757491240412 123.73788323647783 291
1757491240517 196.2778995653678 292
1757491240617 275.22529351511764 293
1757491240710 172.94481010703427 294
1757491240805 196.53677039882737 295
1757491240900 195.68213631574778 296
1757491240991 95.44365169329646 297
1757491241082 142.93263786835186 298
1757491241174 206.2352231864129 299
1757491241265 140.8460989849739 300
1757491241351 144.2816519494537 301
1757491241439 165.6348528044255 302
1757491241532 168.47418802654784 303
1757491241618 147.84317140632058 304
1757491241703 181.59541993487358 305
1757491241792 179.52851741714778 306
1757491241879 138.0119708774305 307
1757491241988 198.9533932309358 308
1757491242078 184.7804499947562 309
1757491242191 198.33496966543032 310
1757491242295 156.6199814058431 311
1757491242390 117.5139923173144 312
1757491242485 163.25412584808737 313
1757491242582 201.0515353404581 314
1757491242680 203.22618427594867 315
1757491242771 119.50063201263167 316
1757491242861 165.0286530907247 317
1757491242950 149.7063927335928 318
1757491243043 237.79191342839997 319
1757491243132 128.60767900859202 320
1757491243225 175.06480366417165 321
1757491243311 157.60067180709498 322
1757491243400 252.93496805922211 323
1757491243486 36.12104916294608 324
1757491243574 169.98033779689214 325
1757491243661 151.35493890111496 326
1757491243755 136.64715742063825 327
1757491243846 211.9004755119554 328
1757491243932 180.34304675152268 329
1757491244018 193.36359379167962 330
1757491244108 194.13618884047736 331
1757491244196 176.59371974958924 332
1757491244287 194.1520007753741 333
1757491244375 157.49837256934057 334
1757491244474 184.1658288103289 335
1757491244562 153.6754056468791 336
1757491244681 193.47884545932175 337
1757491244885 155.90135217521154 338
1757491245084 153.7773226198208 339
1757491245260 201.8896453660387 340
1757491245411 167.45579000049335 341
1757491245578 124.45403224922798 342
1757491245694 129.6962273437136 343
1757491245798 172.69583298419997 344
1757491245899 226.4221213496251 345
1757491245993 138.87927996400484 346
1757491246084 138.65122698140433 347
1757491246175 209.53178569226816 348
1757491246266 181.01190809278546 349
1757491246373 152.05606850938193 350
1757491246477 144.91404665653792 351
1757491246575 181.25332577368795 352
1757491246677 157.7129359655816 353
1757491246769 223.4192213950626 354
1757491246859 187.82354028147813 355
1757491246951 126.26810354058634 356
1757491247042 180.24697937441655 357
1757491247128 200.2591385670546 358
1757491247216 173.3749457606954 359
1757491247303 179.08948372563728 360
1757491247389 152.51424999535848 361
1757491247478 118.39307547063609 362
1757491247565 162.90876932570106 363
1757491247653 162.56618322473653 364
1757491247741 229.05176423138712 365
1757491247831 139.76750539911933 366
1757491247918 155.281381811588 367
1757491248008 191.37376022097246 368
1757491248100 181.7959409790322 369
1757491248194 231.87782428044946 370
1757491248295 171.4113479502537 371
1757491248418 184.41963113880286 372
1757491248516 191.42954645089972 373
1757491248604 124.7074717338566 374
1757491248703 150.75302535453324 375
1757491248794 192.98806537273322 376
1757491248886 153.65124826234506 377
1757491248977 167.60436594333362 378
1757491249065 199.78029908082956 379
1757491249152 140.81185965446932 380
1757491249234 206.77641457439054 381
1757491249323 325.9814656821484 382
1757491249411 187.19514323948718 383
1757491249499 128.92851738283224 384
1757491249587 138.0766781433402 385
1757491249673 81.56325773859247 386
1757491249762 141.1368125925181 387
1757491249849 130.2599941073293 388
1757491249939 179.5094109298152 389
1757491250028 196.41311023076616 390
1757491250138 189.77877407261929 391
1757491250239 159.01640906234562 392
1757491250335 170.0799112319665 393
1757491250429 183.55806792669952 394
1757491250524 239.0840058274745 395
1757491250615 264.0956239115455 396
1757491250711 144.93368758275255 397
1757491250800 178.2236545965273 398
1757491250888 146.77390338476414 399
1757491250980 152.04280826120888 400
1757491251071 204.42142135639614 401
1757491251160 164.70386688550494 402
1757491251248 152.86364241554938 403
1757491251339 258.9632402690585 404
1757491251457 233.60273320251045 405
1757491251651 157.1485230704453 406
1757491251826 232.65537553570067 407
1757491252013 81.43709299691541 408
1757491252175 153.69901358044584 409
1757491252288 141.66772248727568 410
1757491252385 200.5864814215847 411
1757491252480 136.42156635205225 412
1757491252573 226.2448954789272 413
1757491252669 222.60593543860733 414
1757491252763 164.84601540954444 415
1757491252857 215.86878886294397 416
1757491252949 257.1160466786412 417
1757491253042 249.1320997212852 418
1757491253134 105.82264622151962 419
1757491253228 171.8002441213059 420
1757491253320 109.10735767014431 421
1757491253408 192.90880552089385 422
1757491253503 198.4196247402671 423
1757491253605 170.02112282298717 424
1757491253698 183.80041414138336 425
1757491253808 225.93381627856374 426
1757491253906 173.3259956187957 427
1757491253994 243.78275390537118 428
1757491254087 237.93377786551108 429
1757491254177 148.20662203514297 430
1757491254279 186.25481935213003 431
1757491254378 189.00348587654594 432
1757491254475 104.97603570090149 433
1757491254594 154.43925096192567 434
1757491254690 100.97846963147559 435
1757491254807 172.7055009720892 436
1757491254903 208.1738885578412 437
1757491255012 197.1458545916557 438
1757491255106 190.8698454938316 439
1757491255205 206.91263049887712 440
1757491255296 128.01663663965266 441
1757491255391 162.48604883670166 442
1757491255482 147.38334557673676 443
1757491255572 157.72788678200726 444
1757491255660 195.82161984748993 445
1757491255754 151.59046508953244 446
1757491255850 169.87904435460834 447
1757491255939 193.0476866444712 448
1757491256034 164.4750990137562 449
1757491256123 153.44848912746434 450
1757491256215 222.50033659037996 451
1757491256322 167.45425892956186 452
1757491256427 156.44561763337606 453
1757491256527 190.1981612472732 454
1757491256626 40.7990814199292 455
1757491256721 175.90395099935967 456
1757491256824 150.53897830405617 457
1757491256918 194.3829976909679 458
1757491257011 158.64028203040337 459
1757491257104 170.67374684724024 460
1757491257193 182.48449160276252 461
1757491257283 151.4165322071697 462
1757491257375 221.67670541639245 463
1757491257464 48.34556892357648 464
1757491257552 169.25161010937134 465
1757491257643 228.48782375764637 466
1757491257733 110.38803838022528 467
1757491257827 151.9661171499361 468
1757491257919 135.4469088210553 469
1757491258009 231.5109239052724 470
1757491258126 168.28082263462593 471
1757491258331 199.55083474165036 472
1757491258475 145.69247170633386 473
1757491258586 89.56519818486434 474
1757491258764 220.49001936975267 475
1757491258895 236.96916060647595 476
1757491258996 216.64904432677594 477
1757491259098 200.15836107685215 478
1757491259187 169.7080087774203 479
1757491259284 202.17726661532853 480
1757491259378 159.95620457365615 481
1757491259475 163.37488137995936 482
1757491259569 166.22786601293936 483
1757491259658 216.14809416227186 484
1757491259748 194.9869723106959 485
1757491259843 187.83887848698018 486
1757491259935 129.30154854278067 487
1757491260023 170.70763842766405 488
1757491260116 173.19202393050645 489
1757491260205 157.78341509072783 490
1757491260296 115.94720167679132 491
1757491260385 151.94301121408887 492
1757491260502 236.1650632911184 493
1757491260605 117.70047007717699 494
1757491260710 147.92949560661162 495
1757491260829 163.04868661556654 496
1757491260935 183.98883632841034 497
1757491261035 168.6811946088152 498
1757491261138 234.84213363612093 499
