1757478177443 163.66880327988778 0
1757478177474 148.80450307137235 1
1757478177506 142.9247883771754 2
1757478177536 137.13738019818268 3
1757478177565 131.81651775372785 4
1757478177597 126.84183118702036 5
1757478177630 122.21074067084358 6
1757478177663 117.89513826921586 7
1757478177698 113.87006696009264 8
1757478177729 110.11259940541807 9
1757478177761 106.60170253265956 10
1757478177791 103.31807741352303 11
1757478177821 100.24401419782768 12
1757478177851 97.36325917774084 13
1757478177880 94.66089303457626 14
1757478177910 92.12321932262888 15
1757478177942 89.73766232774352 16
1757478177974 87.49267351085855 17
1757478178006 85.37764581335824 18
1757478178035 83.38283516203508 19
1757478178097 81.49928856729034 20
1757478178136 79.71877825931868 21
1757478178171 78.03374135383098 22
1757478178207 76.4372245817285 23
1757478178249 74.92283365638782 24
1757478178284 73.48468688815085 25
1757478178315 72.11737268852103 26
1757478178344 70.81591063669602 27
1757478178375 69.5757158086581 28
1757478178408 68.39256609430656 29
1757478178442 67.2625722512491 30
1757478178485 66.18215046505243 31
1757478178537 65.1479972051484 32
1757478178568 64.15706618335315 33
1757478178598 63.206547238219926 34
1757478178628 62.29384698333948 35
1757478178660 61.41657107133766 36
1757478178690 60.572507937807906 37
1757478178725 59.75961390085005 38
1757478178758 58.97599950235785 39
1757478178790 58.219916986785236 40
1757478178820 57.48974882190104 41
1757478178851 56.783997174081705 42
1757478178881 56.10127425805296 43
1757478178910 55.440293487733804 44
1757478178940 54.79986136100834 45
1757478178970 54.178870016905115 46
1757478179001 53.5762904088395 47
1757478179032 52.99116604231539 48
1757478179069 52.42260722982357 49
1757478179101 51.86978581964902 50
1757478179132 51.33193035894009 51
1757478179163 50.80832165472573 52
1757478179193 50.298288699620045 53
1757478179224 49.80120493174892 54
1757478179256 49.31648480099352 55
1757478179288 48.84358061599037 56
1757478179319 48.38197964847439 57
1757478179349 47.931201473517625 58
1757478179378 47.49079552601749 59
1757478179408 47.06033885543696 60
1757478179438 46.639434062309675 61
1757478179471 46.22770740140625 62
1757478179505 45.82480703772425 63
1757478179537 45.43040144262523 64
1757478179568 45.044177918503955 65
1757478179599 44.665841241348666 66
1757478179629 44.29511241144212 67
1757478179658 43.931727503269514 68
1757478179690 43.57543660644735 69
1757478179720 43.22600285017146 70
1757478179752 42.8832015043103 71
1757478179786 42.54681915084367 72
1757478179827 42.21665291987326 73
1757478179866 41.89250978491383 74
1757478179906 41.57420591261449 75
1757478179945 41.26156606246514 76
1757478179987 40.95442303241248 77
1757478180028 40.65261714664998 78
1757478180071 40.35599578215713 79
1757478180119 40.06441293084769 80
1757478180160 39.77772879444784 81
1757478180202 39.495809409464286 82
1757478180241 39.21852629982098 83
1757478180284 38.945756154944185 84
1757478180326 38.67738053125915 85
1757478180367 38.41328557523028 86
1757478180407 38.15336176623078 87
1757478180446 37.89750367766972 88
1757478180486 37.64560975493336 89
1757478180528 37.39758210881679 90
1757478180568 37.15332632323089 91
1757478180608 36.91275127606882 92
1757478180647 36.67576897220835 93
1757478180687 36.44229438770957 94
1757478180729 36.21224532434473 95
1757478180771 35.98554227366711 96
1757478180811 35.76210828989063 97
1757478180852 35.541868870910776 98
1757478180895 35.32475184685199 99
1757478180935 35.11068727557612 100
1757478180975 34.89960734463254 101
1757478181017 34.691446279171934 102
1757478181058 34.48614025538444 103
1757478181106 34.283627319057985 104
1757478181147 34.083847308884756 105
1757478181187 33.88674178417362 106
1757478181228 33.692253956653374 107
1757478181270 33.50032862607639 108
1757478181313 33.31091211935569 109
1757478181355 33.12395223298892 110
1757478181396 32.93939817854219 111
1757478181437 32.757200530984534 112
1757478181479 32.577311179679825 113
1757478181521 32.39968328185805 114
1757478181563 32.22427121840147 115
1757478181604 32.051030551793644 116
1757478181644 31.879917986091343 117
1757478181684 31.710891328789348 118
1757478181726 31.543909454458394 119
1757478181766 31.378932270045336 120
1757478181809 31.215920681732836 121
1757478181855 31.05483656326346 122
1757478181896 30.895642725640183 123
1757478181937 30.7383028881216 124
1757478181978 30.582781650436043 125
1757478182023 30.429044466144433 126
1757478182067 30.277057617086417 127
1757478182109 30.12678818884928 128
1757478182156 29.97820404720309 129
1757478182196 29.831273815449677 130
1757478182238 29.685966852636508 131
1757478182278 29.542253232589964 132
1757478182321 29.40010372372551 133
1757478182364 29.259489769595188 134
1757478182405 29.12038347013539 135
1757478182447 28.982757563580314 136
1757478182488 28.846585409008856 137
1757478182532 28.71184096949452 138
1757478182574 28.578498795830185 139
1757478182615 28.44653401080089 140
1757478182656 28.315922293979927 141
1757478182697 28.186639867024695 142
1757478182738 28.058663479450296 143
1757478182779 27.931970394860187 144
1757478182823 27.806538377614373 145
1757478182867 27.682345679916814 146
1757478182910 27.559371029304597 147
1757478182950 27.437593616522605 148
1757478182992 27.316993083768242 149
1757478183036 27.19754951329149 150
1757478183078 27.079243416336602 151
1757478183119 26.962055722412174 152
1757478183169 26.84596776887731 153
1757478183210 26.730961290832017 154
1757478183253 26.61701841130068 155
1757478183294 26.504121631697895 156
1757478183338 26.39225382256664 157
1757478183382 26.281398214579113 158
1757478183425 26.17153838979103 159
1757478183466 26.062658273140677 160
1757478183508 25.954742124184328 161
1757478183549 25.84777452906006 162
1757478183592 25.741740392672426 163
1757478183635 25.63662493109054 164
1757478183688 25.532413664152763 165
1757478183731 25.42909240827121 166
1757478183774 25.326647269429728 167
1757478183817 25.22506463636919 168
1757478183862 25.12433117395422 169
1757478183906 25.024433816715735 170
1757478183947 24.925359762563804 171
1757478184023 24.827096466665665 172
1757478184152 24.729631635483898 173
1757478184280 24.63295322096983 174
1757478184414 24.537049414907674 175
1757478184513 24.441908643404755 176
1757478184557 24.347519561523672 177
1757478184595 24.253871048052144 178
1757478184636 24.160952200406523 179
1757478184707 24.06875232966519 180
1757478184767 23.977260955727964 181
1757478184907 23.886467802598116 182
1757478184946 23.796362793783263 183
1757478185006 23.706936047811958 184
1757478185064 23.61817787386269 185
1757478185106 23.530078767502072 186
1757478185163 23.44262940652922 187
1757478185206 23.355820646923416 188
1757478185275 23.26964351889215 189
1757478185356 23.18408922301677 190
1757478185425 23.09914912649316 191
1757478185466 23.014814759464688 192
1757478185550 22.931077811445157 193
1757478185629 22.847930127829045 194
1757478185702 22.765363706486934 195
1757478185738 22.683370694443653 196
1757478185837 22.601943384637064 197
1757478185911 22.521074212755195 198
1757478185970 22.44075575414981 199
1757478186005 22.360980720824188 200
1757478186053 22.28174195849336 201
1757478186142 22.203032443714708 202
1757478186220 22.12484528108721 203
1757478186258 22.047173700517487 204
1757478186315 21.970011054550888 205
1757478186403 21.893350815765906 206
1757478186521 21.817186574230394 207
1757478186609 21.74151203501783 208
1757478186740 21.66632101578214 209
1757478186814 21.591607444389634 210
1757478186888 21.51736535660648 211
1757478186994 21.443588893840342 212
1757478187053 21.37027230093479 213
1757478187148 21.29740992401519 214
1757478187232 21.22499620838464 215
1757478187308 21.15302569646876 216
1757478187402 21.08149302580816 217
1757478187467 21.01039292709721 218
1757478187553 20.939720222268086 219
1757478187597 20.869469822618914 220
1757478187652 20.799636726984872 221
1757478187786 20.73021601995122 222
1757478187854 20.661202870107143 223
1757478187967 20.59259252833947 224
1757478188067 20.52438032616519 225
1757478188176 20.456561674101906 226
1757478188249 20.389132060075127 227
1757478188308 20.322087047861665 228
1757478188399 20.255422275568108 229
1757478188467 20.189133454143573 230
1757478188513 20.123216365925856 231
1757478188557 20.057666863220202 232
1757478188662 19.992480866909826 233
1757478188742 19.927654365097514 234
1757478188808 19.863183411777392 235
1757478188935 19.799064125536308 236
1757478189038 19.735292688283934 237
1757478189096 19.671865344011028 238
1757478189189 19.608778397575048 239
1757478189310 19.546028213512592 240
1757478189450 19.483611214877886 241
1757478189568 19.42152388210678 242
1757478189696 19.359762751905595 243
1757478189795 19.29832441616425 244
1757478189964 19.237205520893042 245
1757478190070 19.176402765182583 246
1757478190173 19.115912900186274 247
1757478190286 19.05573272812481 248
1757478190358 18.99585910131219 249
1757478190423 18.936288921202717 250
1757478190498 18.8770191374585 251
1757478190624 18.81804674703693 252
1757478190706 18.75936879329775 253
1757478190756 18.700982365129136 254
1757478190802 18.642884596092433 255
1757478190846 18.585072663585123 256
1757478190890 18.527543788021447 257
1757478190933 18.47029523203049 258
1757478190978 18.413324299671096 259
1757478191061 18.35662833566345 260
1757478191118 18.300204724636735 261
1757478191165 18.244050890392547 262
1757478191212 18.188164295183856 263
1757478191265 18.132542439008883 264
1757478191308 18.077182858919834 265
1757478191352 18.022083128345866 266
1757478191396 17.967240856430234 267
1757478191441 17.912653687381045 268
1757478191486 17.858319299835504 269
1757478191530 17.80423540623723 270
1757478191579 17.750399752226386 271
1757478191624 17.696810116042265 272
1757478191669 17.64346430793822 273
1757478191713 17.590360169608424 274
1757478191758 17.53749557362637 275
1757478191802 17.484868422894795 276
1757478191846 17.43247665010673 277
1757478191889 17.380318217217464 278
1757478191933 17.328391114927197 279
1757478191977 17.276693362174093 280
1757478192021 17.2252230056375 281
1757478192068 17.1739781192512 282
1757478192119 17.12295680372633 283
1757478192167 17.072157186083878 284
1757478192216 17.021577419196458 285
1757478192262 16.971215681339213 286
1757478192317 16.921070175749595 287
1757478192360 16.871139130195914 288
1757478192404 16.821420796554328 289
1757478192448 16.771913450394226 290
1757478192494 16.722615390571722 291
1757478192539 16.673524938831132 292
1757478192593 16.62464043941426 293
1757478192647 16.575960258677274 294
1757478192691 16.527482784715072 295
1757478192737 16.47920642699297 296
1757478192781 16.43112961598546 297
1757478192827 16.383250802822005 298
1757478192871 16.33556845893968 299
1757478192916 16.288081075742458 300
1757478192960 16.240787164267097 301
1757478193006 16.193685254855357 302
1757478193050 16.146773896832574 303
1757478193098 16.100051658192292 304
1757478193143 16.053517125286955 305
1757478193192 16.007168902524437 306
1757478193237 15.961005612070347 307
1757478193289 15.915025893555955 308
1757478193337 15.869228403791633 309
1757478193382 15.823611816485691 310
1757478193427 15.778174821968499 311
1757478193473 15.732916126921777 312
1757478193519 15.687834454112936 313
1757478193567 15.642928542134403 314
1757478193619 15.598197145147788 315
1757478193673 15.553639032632796 316
1757478193719 15.509252989140807 317
1757478193774 15.465037814053002 318
1757478193831 15.420992321342979 319
1757478193877 15.377115339343703 320
1757478193926 15.333405710518768 321
1757478193979 15.28986229123784 322
1757478194026 15.246483951556238 323
1757478194074 15.203269574998478 324
1757478194123 15.160218058345825 325
1757478194178 15.117328311427674 326
1757478194235 15.074599256916715 327
1757478194286 15.032029830127824 328
1757478194347 14.989618978820562 329
1757478194395 14.947365663005263 330
1757478194442 14.905268854752574 331
1757478194489 14.863327538006455 332
1757478194538 14.821540708400478 333
1757478194584 14.779907373077455 334
1757478194633 14.738426550512262 335
1757478194685 14.697097270337808 336
1757478194731 14.655918573174118 337
1757478194778 14.614889510460406 338
1757478194883 14.574009144290166 339
1757478195038 14.53327654724914 340
1757478195175 14.492690802256135 341
1757478195327 14.452251002406669 342
1757478195423 14.411956250819319 343
1757478195479 14.371805660484808 344
1757478195641 14.331798354117655 345
1757478195724 14.291933464010484 346
1757478195766 14.252210131890823 347
1757478195829 14.212627508780415 348
1757478195869 14.17318475485692 349
1757478195975 14.133881039318073 350
1757478196119 14.094715540248126 351
1757478196180 14.055687444486628 352
1757478196304 14.016795947499434 353
1757478196388 13.978040253251944 354
1757478196428 13.939419574084495 355
1757478196472 13.900933130589904 356
1757478196512 13.862580151493063 357
1757478196556 13.824359873532618 358
1757478196601 13.78627154134463 359
1757478196643 13.748314407348222 360
1757478196686 13.710487731633146 361
1757478196733 13.672790781849274 362
1757478196775 13.635222833097895 363
1757478196815 13.597783167824916 364
1757478196860 13.560471075715792 365
1757478196976 13.523285853592235 366
1757478197020 13.486226805310649 367
1757478197060 13.449293241662273 368
1757478197150 13.412484480274964 369
1757478197260 13.37579984551661 370
1757478197329 13.339238668400178 371
1757478197377 13.302800286490298 372
1757478197469 13.266484043811392 373
1757478197581 13.230289290757343 374
1757478197673 13.194215384002629 375
1757478197772 13.158261686414923 376
1757478197852 13.122427566969113 377
1757478197984 13.086712400662762 378
1757478198055 13.051115568432914 379
1757478198162 13.015636457074265 380
1757478198246 12.980274459158684 381
1757478198330 12.945028972956004 382
1757478198395 12.909899402356139 383
1757478198461 12.874885156792429 384
1757478198573 12.839985651166243 385
1757478198655 12.80520030577278 386
1757478198760 12.77052854622808 387
1757478198872 12.735969803397195 388
1757478198964 12.701523513323508 389
1757478199007 12.667189117159214 390
1757478199062 12.63296606109687 391
1757478199104 12.598853796302054 392
1757478199194 12.564851778847105 393
1757478199242 12.530959469645905 394
1757478199314 12.497176334389696 395
1757478199438 12.4635018434839 396
1757478199535 12.429935471985978 397
1757478199690 12.39647669954421 398
1757478199784 12.363125010337507 399
1757478199889 12.329879893016093 400
1757478199987 12.296740840643196 401
1757478200080 12.263707350637567 402
1757478200234 12.230778924716999 403
1757478200353 12.197955068842617 404
1757478200406 12.165235293164129 405
1757478200449 12.132619111965866 406
1757478200529 12.100106043613703 407
1757478200619 12.06769561050277 408
1757478200707 12.035387339005979 409
1757478200759 12.003180759423364 410
1757478200876 11.971075405932186 411
1757478200916 11.939070816537793 412
1757478200957 11.907166533025274 413
1757478200999 11.875362100911815 414
1757478201085 11.843657069399805 415
1757478201127 11.812050991330658 416
1757478201165 11.780543423139305 417
1757478201204 11.74913392480945 418
1757478201245 11.717822059829444 419
1757478201286 11.68660739514885 420
1757478201330 11.65548950113566 421
1757478201373 11.624467951534175 422
1757478201422 11.593542323423506 423
1757478201463 11.562712197176696 424
1757478201502 11.531977156420476 425
1757478201542 11.501336787995616 426
1757478201582 11.47079068191785 427
1757478201621 11.440338431339434 428
1757478201661 11.409979632511222 429
1757478201701 11.37971388474535 430
1757478201742 11.349540790378459 431
1757478201782 11.31945995473547 432
1757478201822 11.289470986093878 433
1757478201867 11.259573495648606 434
1757478201911 11.229767097477358 435
1757478201952 11.200051408506479 436
1757478201992 11.170426048477344 437
1757478202031 11.14089063991321 438
1757478202071 11.111444808086581 439
1757478202111 11.082088180987043 440
1757478202151 11.052820389289543 441
1757478202193 11.023641066323192 442
1757478202233 10.994549848040455 443
1757478202272 10.965546372986848 444
1757478202315 10.936630282271032 445
1757478202359 10.907801219535369 446
1757478202401 10.879058830926882 447
1757478202451 10.850402765068663 448
1757478202493 10.821832673031672 449
1757478202533 10.793348208306941 450
1757478202573 10.7649490267782 451
1757478202615 10.736634786694871 452
1757478202655 10.708405148645483 453
1757478202695 10.680259775531406 454
1757478202734 10.65219833254102 455
1757478202775 10.62422048712426 456
1757478202817 10.596325908967449 457
1757478202859 10.568514269968576 458
1757478202905 10.540785244212842 459
1757478202945 10.513138507948641 460
1757478202987 10.485573739563808 461
1757478203027 10.45809061956224 462
1757478203067 10.430688830540833 463
1757478203108 10.403368057166743 464
1757478203149 10.376127986154978 465
1757478203189 10.348968306246293 466
1757478203229 10.321888708185403 467
1757478203271 10.294888884699498 468
1757478203311 10.267968530477035 469
1757478203355 10.24112734214687 470
1757478203402 10.214365018257647 471
1757478203450 10.187681259257488 472
1757478203491 10.161075767473946 473
1757478203534 10.134548247094255 474
1757478203574 10.108098404145855 475
1757478203615 10.081725946477164 476
1757478203657 10.055430583738627 477
1757478203698 10.029212027364029 478
1757478203740 10.003069990552063 479
1757478203781 9.977004188248138 480
1757478203823 9.95101433712645 481
1757478203866 9.925100155572302 482
1757478203910 9.899261363664637 483
1757478203951 9.873497683158831 484
1757478203992 9.847808837469731 485
1757478204033 9.822194551654883 486
1757478204074 9.796654552398019 487
1757478204116 9.771188567992766 488
1757478204157 9.745796328326549 489
1757478204199 9.72047756486475 490
1757478204240 9.69523201063503 491
1757478204284 9.670059400211905 492
1757478204327 9.644959469701508 493
1757478204371 9.619931956726546 494
1757478204418 9.594976600411497 495
1757478204467 9.570093141367936 496
1757478204507 9.54528132168012 497
1757478204549 9.520540884890732 498
1757478204592 9.495871575986824 499
