1757488222894 23.451288865078528 0
1757488222980 19.36344832328228 1
1757488223032 11.942466496488208 2
1757488223086 7.456794329160519 3
1757488223158 4.827953395233457 4
1757488223199 3.091092859848439 5
1757488223241 2.196589574348893 6
1757488223278 1.383473000861114 7
1757488223319 1.108942886776404 8
1757488223357 0.7583776200434604 9
1757488223405 0.7209954872685381 10
1757488223485 0.4863720994332712 11
1757488223535 0.30947781601258034 12
1757488223620 0.28554524344932625 13
1757488223653 0.255915132711219 14
1757488223683 0.30685584530703675 15
1757488223713 0.14076059193667154 16
1757488223743 0.17805477013279036 17
1757488223773 0.16107541550453744 18
1757488223803 0.14970980935043052 19
1757488223832 0.08799897011859846 20
1757488223862 0.16490071234292158 21
1757488223901 0.1403926532432229 22
1757488223942 0.12616052947342216 23
1757488223973 0.17921550455995003 24
1757488224003 0.1471427165137407 25
1757488224038 0.13026102570651574 26
1757488224071 0.09720481412676507 27
1757488224105 0.1392633723410524 28
1757488224138 0.07676200848759128 29
1757488224169 0.2056783269239705 30
1757488224201 0.12280001752767529 31
1757488224231 0.09612601741786021 32
1757488224261 0.12936812995246158 33
1757488224291 0.10509731616955437 34
1757488224321 0.1370031605642165 35
1757488224351 0.1030116565086639 36
1757488224383 0.12036366360879429 37
1757488224418 0.12529295453291286 38
1757488224461 0.12145206311359237 39
1757488224494 0.11613291580699749 40
1757488224525 0.07454465162392998 41
1757488224558 0.17964562122228125 42
1757488224596 0.054690955808665474 43
1757488224632 0.09925396887384359 44
1757488224667 0.0960951535765449 45
1757488224698 0.1252500497807009 46
1757488224731 0.11337554098033813 47
1757488224766 0.0908189691141593 48
1757488224800 0.12152642514358669 49
1757488224833 0.1418912721637519 50
1757488224863 0.10520939780850698 51
1757488224899 0.154329565857195 52
1757488224931 0.07950971420609682 53
1757488224961 0.07911082715966901 54
1757488224992 0.08697170431505853 55
1757488225022 0.1297391565855247 56
1757488225054 0.09168824914828948 57
1757488225085 0.06849629708542486 58
1757488225116 0.1019688925035938 59
1757488225147 0.08373562172997877 60
1757488225178 0.18773332975512455 61
1757488225209 0.13413663102737203 62
1757488225240 0.060417035667339275 63
1757488225270 0.0954449852269721 64
1757488225302 0.12911263114941005 65
1757488225333 0.21548947018303735 66
1757488225363 0.12287903525196153 67
1757488225396 0.09177165082237142 68
1757488225428 0.09390317802524972 69
1757488225463 0.09534045996532946 70
1757488225500 0.11227913928880816 71
1757488225530 0.1185628379056471 72
1757488225566 0.157708180225716 73
1757488225609 0.11877425417786765 74
1757488225641 0.12870562886675233 75
1757488225673 0.1421339075255235 76
1757488225704 0.10408124730764373 77
1757488225735 0.12371501328811407 78
1757488225766 0.10840918025894597 79
1757488225799 0.09489081548956814 80
1757488225829 0.07567162746029986 81
1757488225860 0.10372069354855218 82
1757488225893 0.11387977520423485 83
1757488225926 0.08717891506097793 84
1757488225957 0.11555881341015005 85
1757488225989 0.1194151849012779 86
1757488226020 0.09841256712856901 87
1757488226052 0.0969591498094704 88
1757488226085 0.1438725807755767 89
1757488226117 0.14174054774548592 90
1757488226149 0.12400725610272316 91
1757488226180 0.1488789608034987 92
1757488226211 0.12967449515888987 93
1757488226242 0.09012196136752064 94
1757488226274 0.09589857467427658 95
1757488226306 0.0936499086914321 96
1757488226338 0.08280340473197878 97
1757488226369 0.08155939171097017 98
1757488226402 0.07897716733948434 99
1757488226434 0.09226708557372991 100
1757488226466 0.09410451957139972 101
1757488226508 0.142468045429635 102
1757488226541 0.058840725688254825 103
1757488226573 0.10386986955261264 104
1757488226606 0.10277639893247953 105
1757488226640 0.16568614091800213 106
1757488226672 0.09605972491389869 107
1757488226704 0.10390851503733473 108
1757488226737 0.11712855978430375 109
1757488226770 0.10631376759886103 110
1757488226802 0.0723079830690642 111
1757488226834 0.07207780665581098 112
1757488226865 0.12862462793666132 113
1757488226900 0.09111064085816224 114
1757488226935 0.09581357402072999 115
1757488226970 0.1313028665941718 116
1757488227004 0.1447073060446118 117
1757488227038 0.08063889099895168 118
1757488227074 0.11106407223407318 119
1757488227113 0.13891613048087836 120
1757488227149 0.0877583835691011 121
1757488227184 0.09275220606942831 122
1757488227218 0.12626539311725754 123
1757488227252 0.1103383892508346 124
1757488227286 0.08115068933134666 125
1757488227324 0.09483975387972625 126
1757488227366 0.12538753734964989 127
1757488227402 0.10717377568763252 128
1757488227439 0.11809767143451423 129
1757488227475 0.09279919115749626 130
1757488227519 0.07675580910377691 131
1757488227568 0.1007441518300032 132
1757488227605 0.1021165660266747 133
1757488227641 0.09143993003080018 134
1757488227676 0.11202610356484254 135
1757488227710 0.12203913380603593 136
1757488227755 0.1214612086997866 137
1757488227791 0.16740733650912967 138
1757488227865 0.09381016810660166 139
1757488227916 0.08289291856700627 140
1757488227963 0.09761755409827695 141
1757488228016 0.11571443695467154 142
1757488228069 0.17872068444067193 143
1757488228130 0.09194942109131778 144
1757488228168 0.12162927969767107 145
1757488228204 0.13259437097491042 146
1757488228263 0.11138205078637714 147
1757488228298 0.10878420251033931 148
1757488228333 0.061542170120308735 149
1757488228388 0.08341630698187341 150
1757488228424 0.09222924041025278 151
1757488228460 0.19406464971919177 152
1757488228518 0.1075885426731243 153
1757488228559 0.16942299688706575 154
1757488228596 0.10245744523353269 155
1757488228640 0.10997053714141573 156
1757488228676 0.0988638309125884 157
1757488228711 0.0961239227993078 158
1757488228769 0.0928685566592643 159
1757488228804 0.09466745805387111 160
1757488228839 0.08336248459998885 161
1757488228885 0.16506043878470714 162
1757488228929 0.1263082479121608 163
1757488228966 0.09852987686495811 164
1757488229002 0.11635273895988274 165
1757488229044 0.11677067228656363 166
1757488229081 0.07670985512502225 167
1757488229135 0.14789273655319393 168
1757488229171 0.12272536267963285 169
1757488229206 0.09350015894100316 170
1757488229241 0.09977531788070552 171
1757488229288 0.11175158049319889 172
1757488229324 0.14588648044268746 173
1757488229358 0.10840647273810385 174
1757488229392 0.10452811434342174 175
1757488229425 0.14478406698532123 176
1757488229460 0.07720740807420066 177
1757488229497 0.1161045059548907 178
1757488229542 0.10047181223167652 179
1757488229578 0.145067547016927 180
1757488229614 0.10686420779725665 181
1757488229650 0.08224804820295822 182
1757488229684 0.10264491558418659 183
1757488229720 0.08721299124649619 184
1757488229759 0.08746552494646499 185
1757488229796 0.1306118969806601 186
1757488229832 0.13633425493380022 187
1757488229867 0.06078108033124404 188
1757488229901 0.08554035000719502 189
1757488229935 0.1350468142208626 190
1757488229969 0.1435469712936995 191
1757488230006 0.11732169860242807 192
1757488230040 0.13403294617587702 193
1757488230075 0.19876988694790151 194
1757488230111 0.12828033016264284 195
1757488230147 0.0788913320163442 196
1757488230183 0.12363793536374477 197
1757488230218 0.14000110086188353 198
1757488230252 0.11827881921871396 199
1757488230286 0.0810850801148985 200
1757488230319 0.13082673158924246 201
1757488230354 0.1810322434646048 202
1757488230387 0.16828362257602159 203
1757488230422 0.15127396527699857 204
1757488230456 0.19019576083023995 205
1757488230492 0.0978601467433798 206
1757488230536 0.10845621760109884 207
1757488230572 0.12799327016192621 208
1757488230611 0.18107165787651777 209
1757488230647 0.12776136164989876 210
1757488230681 0.0840015418913125 211
1757488230716 0.1054476185998346 212
1757488230753 0.05241249910664359 213
1757488230788 0.06987242450296634 214
1757488230823 0.11804766164695273 215
1757488230857 0.13238852018753577 216
1757488230892 0.10115025966128545 217
1757488230927 0.10241581321200616 218
1757488230962 0.08722649678618788 219
1757488230997 0.09623158605789879 220
1757488231032 0.09114621461999899 221
1757488231067 0.10692577798988705 222
1757488231104 0.1411111508713743 223
1757488231141 0.14448516850090903 224
1757488231178 0.08536742594252149 225
1757488231214 0.08698348026142022 226
1757488231249 0.12543798157743621 227
1757488231284 0.16511096108917908 228
1757488231319 0.1110957546078694 229
1757488231354 0.10556822913571824 230
1757488231389 0.10727075286999838 231
1757488231424 0.12201025720639486 232
1757488231460 0.0973502291884336 233
1757488231498 0.09671022476287756 234
1757488231547 0.10813329103144358 235
1757488231587 0.13040560764376244 236
1757488231625 0.07753441026758891 237
1757488231662 0.149388251613744 238
1757488231699 0.07158499188251079 239
1757488231735 0.11091005798904797 240
1757488231771 0.08878190751800381 241
1757488231806 0.10377543834121981 242
1757488231841 0.06867854113917402 243
1757488231876 0.07256564657567115 244
1757488231911 0.08494627297613301 245
1757488231946 0.06994664439287468 246
1757488231981 0.09712990350529645 247
1757488232018 0.1036934320318831 248
1757488232055 0.1224968496622032 249
1757488232092 0.12355840595528371 250
1757488232130 0.09970636263872389 251
1757488232166 0.08498215880847419 252
1757488232204 0.16604117071996002 253
1757488232239 0.09894167549392076 254
1757488232289 0.11480125312947453 255
1757488232376 0.08436365543895596 256
1757488232415 0.07778250902649943 257
1757488232457 0.10388624590180863 258
1757488232529 0.11258307778471066 259
1757488232607 0.10974950715150818 260
1757488232658 0.0847383446991037 261
1757488232705 0.1422380944636798 262
1757488232764 0.1181695599060466 263
1757488232828 0.12211287655400847 264
1757488232880 0.11449590715486196 265
1757488232931 0.1415583007421096 266
1757488232989 0.09496252056959621 267
1757488233077 0.10204835550869114 268
1757488233136 0.06678598969381523 269
1757488233185 0.12444259705371263 270
1757488233235 0.1597275988168034 271
1757488233281 0.15361259881351313 272
1757488233329 0.16898530555637784 273
1757488233413 0.20324624746190822 274
1757488233468 0.08388832124375929 275
1757488233515 0.1099045691024425 276
1757488233561 0.11926839166191465 277
1757488233618 0.12088086465959524 278
1757488233664 0.1403816461790747 279
1757488233711 0.14936735450696445 280
1757488233760 0.10272356477818233 281
1757488233807 0.162479215467124 282
1757488233856 0.08465631771000644 283
1757488233903 0.09685198822738456 284
1757488233951 0.07876602506587377 285
1757488233998 0.21050237507108227 286
1757488234046 0.12372690828507339 287
1757488234092 0.07330455731341083 288
1757488234139 0.08840410130088892 289
1757488234186 0.16328281562656782 290
1757488234232 0.07818896685219796 291
1757488234279 0.11609714063210352 292
1757488234326 0.09054256175439439 293
1757488234372 0.08998296918436026 294
1757488234417 0.10215494079451144 295
1757488234465 0.08605565697230495 296
1757488234511 0.08427334908791027 297
1757488234558 0.1638617683263682 298
1757488234613 0.13797132154930325 299
1757488234662 0.18930475895442536 300
1757488234708 0.08853943718089723 301
1757488234753 0.0971610786178095 302
1757488234799 0.17363781552658775 303
1757488234845 0.11277937200813988 304
1757488234890 0.11777924835717539 305
1757488234936 0.12818116387022244 306
1757488234983 0.06433221950496763 307
1757488235033 0.09213231392897864 308
1757488235083 0.11495796418459965 309
1757488235134 0.15937461326154354 310
1757488235181 0.09823728604404967 311
1757488235232 0.13401753782244366 312
1757488235280 0.12262147185761339 313
1757488235326 0.0750741965785551 314
1757488235376 0.11399001101174361 315
1757488235427 0.14223293409766172 316
1757488235478 0.13586794727473675 317
1757488235525 0.11109875505714327 318
1757488235577 0.11661938094089698 319
1757488235633 0.13058760100451575 320
1757488235681 0.09963147094775077 321
1757488235728 0.08335771358108024 322
1757488235775 0.1196215468562244 323
1757488235823 0.1268758878315357 324
1757488235869 0.16931118833414752 325
1757488235916 0.10395552019035585 326
1757488235963 0.15772747190853567 327
1757488236009 0.08656683333422016 328
1757488236056 0.17109613362144302 329
1757488236103 0.12169159330860126 330
1757488236173 0.11528274418200113 331
1757488236220 0.1042624618702624 332
1757488236271 0.09898278386600945 333
1757488236320 0.13174213052942763 334
1757488236366 0.1171820145505172 335
1757488236412 0.0924062618897274 336
1757488236458 0.09389111523712712 337
1757488236507 0.1001742397108676 338
1757488236556 0.1035192892916919 339
1757488236603 0.08697153291933228 340
1757488236658 0.0732268976757237 341
1757488236706 0.09136239652738047 342
1757488236754 0.1165646423347128 343
1757488236800 0.10673448301247802 344
1757488236847 0.10766747016320116 345
1757488236894 0.1923878603041562 346
1757488236941 0.1250273164262389 347
1757488236989 0.10873748863271308 348
1757488237035 0.0835365870529385 349
1757488237085 0.10275644778935393 350
1757488237131 0.14045825344361088 351
1757488237178 0.1226027265738383 352
1757488237225 0.17947646871388598 353
1757488237275 0.05993300485594593 354
1757488237322 0.1337616570911907 355
1757488237368 0.10005733237366725 356
1757488237413 0.10959022436636763 357
1757488237462 0.15121225374438696 358
1757488237508 0.1077395533537437 359
1757488237555 0.1230998725454998 360
1757488237601 0.12537516582963995 361
1757488237657 0.11792205839348864 362
1757488237704 0.08872849641471992 363
1757488237762 0.0892126948764166 364
1757488237818 0.09853845344144392 365
1757488237885 0.1590809411802612 366
1757488237934 0.1510207292133803 367
1757488238001 0.07660410736222766 368
1757488238085 0.10677419394451342 369
1757488238137 0.15079677189128843 370
1757488238183 0.11555179750363413 371
1757488238259 0.13319293861001358 372
1757488238435 0.07760224006229767 373
1757488238542 0.10399222244380996 374
1757488238597 0.11669415906905607 375
1757488238690 0.1824675104261586 376
1757488238777 0.11661128927905695 377
1757488238876 0.06550216696390576 378
1757488238966 0.08997445653929888 379
1757488239021 0.13547106050056498 380
1757488239118 0.06536337016204123 381
1757488239224 0.12917489356006043 382
1757488239318 0.16157652185204355 383
1757488239380 0.08472525736155583 384
1757488239459 0.11150249907452803 385
1757488239511 0.07316787133134454 386
1757488239616 0.07943652997016976 387
1757488239713 0.09238362588119466 388
1757488239773 0.15086010177750017 389
1757488239870 0.09191433849943864 390
1757488239921 0.16155505109327553 391
1757488239978 0.08196271405299159 392
1757488240058 0.1846566504864231 393
1757488240152 0.09927556594645859 394
1757488240253 0.0841830342824897 395
1757488240319 0.10559919171904182 396
1757488240370 0.09852656052101039 397
1757488240448 0.14544899552054288 398
1757488240520 0.15500675547287643 399
1757488240581 0.13058752416626024 400
1757488240642 0.08891101939526307 401
1757488240712 0.07891350064236567 402
1757488240769 0.06573620136619228 403
1757488240821 0.1794166799982703 404
1757488240872 0.07523841410844904 405
1757488240923 0.03516492458111459 406
1757488240975 0.1312784994117893 407
1757488241060 0.09969694010395765 408
1757488241148 0.08770989170966198 409
1757488241199 0.177963532479528 410
1757488241291 0.12653146895246206 411
1757488241373 0.11412615246045782 412
1757488241457 0.11779565028595258 413
1757488241529 0.07858324765946417 414
1757488241613 0.09996016733823561 415
1757488241700 0.09134519093544043 416
1757488241789 0.10209918241928606 417
1757488241860 0.06575153708669303 418
1757488241932 0.12942834424070704 419
1757488242012 0.13718408570843493 420
1757488242101 0.09331305881074137 421
1757488242179 0.1334328705273338 422
1757488242281 0.11005024149864528 423
1757488242391 0.1530775623431533 424
1757488242467 0.11002458993474107 425
1757488242554 0.09396784644742219 426
1757488242618 0.10118142191613914 427
1757488242688 0.20420207212442823 428
1757488242788 0.12008764421730118 429
1757488242859 0.12656304971084306 430
1757488242951 0.17880864760109216 431
1757488243044 0.10478381845266686 432
1757488243107 0.11594810694785983 433
1757488243184 0.13683084492729028 434
1757488243278 0.09637212323698204 435
1757488243358 0.08551481417564356 436
1757488243445 0.10090919824539896 437
1757488243499 0.14991032448733085 438
1757488243580 0.14542583547705668 439
1757488243644 0.08403458698084476 440
1757488243717 0.08491033778860124 441
1757488243776 0.09083195956403702 442
1757488243829 0.08785305920612761 443
1757488243892 0.18472722185016913 444
1757488244011 0.09027205408112465 445
1757488244152 0.09186168609778793 446
1757488244323 0.09117435046205913 447
1757488244409 0.14255966404597553 448
1757488244509 0.2519506407900813 449
1757488244647 0.07795147567165824 450
1757488244729 0.1398576691180488 451
1757488244794 0.08941689376897118 452
1757488244847 0.11479927763992726 453
1757488244901 0.06328463212231591 454
1757488244953 0.08965243424895923 455
1757488245005 0.13934797292639275 456
1757488245059 0.1233043891041391 457
1757488245111 0.14964467156386416 458
1757488245164 0.08670643926267425 459
1757488245216 0.12368996202981684 460
1757488245269 0.13420203669240216 461
1757488245321 0.09015823836348986 462
1757488245372 0.09765611539052617 463
1757488245426 0.11209282752449386 464
1757488245480 0.1291029874844879 465
1757488245532 0.09440005656187049 466
1757488245584 0.0961984796499747 467
1757488245638 0.12139826570631074 468
1757488245689 0.11047847998620812 469
1757488245741 0.10651543306501743 470
1757488245795 0.1427802649166499 471
1757488245851 0.1352218644474323 472
1757488245905 0.08864560394845024 473
1757488245957 0.11616325128067273 474
1757488246010 0.10078661758344325 475
1757488246063 0.0951248622924467 476
1757488246117 0.08153432600800338 477
1757488246170 0.08653336871271539 478
1757488246224 0.10472779554387496 479
1757488246277 0.11087013422010723 480
1757488246329 0.16526026184255863 481
1757488246382 0.1395802064229262 482
1757488246437 0.09058546154654336 483
1757488246490 0.1315449450158655 484
1757488246542 0.12709959635817566 485
1757488246595 0.08713167406217331 486
1757488246649 0.13541653750092922 487
1757488246702 0.16519625285429498 488
1757488246757 0.07527788459516706 489
1757488246813 0.10598372633588699 490
1757488246866 0.1292291232680081 491
1757488246920 0.0788318137727702 492
1757488246981 0.1704476091026975 493
1757488247034 0.05930320510595851 494
1757488247087 0.08413261223169105 495
1757488247139 0.1034238294629532 496
1757488247193 0.11358036134751777 497
1757488247247 0.08498326307922806 498
1757488247299 0.09992411968449366 499
