1757327487281 12202.10732434901 0
1757327487327 2.476039033061431e+18 1
1757327487351 5.0577345165547655e+32 2
1757327487374 1.0331290459634087e+47 3
1757327487398 2.1103433209466337e+61 4
1757327487422 4.310738285468562e+75 5
1757327487446 8.805422502282212e+89 6
1757327487471 1.79865861272694e+104 7
1757327487495 3.674068796015511e+118 8
1757327487521 7.504915842472988e+132 9
1757327487543 1.5330078158494075e+147 10
1757327487566 3.1314314680988843e+161 11
1757327487589 6.396486004845773e+175 12
1757327487611 1.3065920051901262e+190 13
1757327487633 2.668938330723228e+204 14
1757327487663 5.451764426009295e+218 15
1757327487686 1.113616414982753e+233 16
1757327487709 2.2747525806554762e+247 17
1757327487732 4.64657240462722e+261 18
1757327487755 9.491421306673166e+275 19
1757327487777 1.9387856375821777e+290 20
1757327487799 3.960302284603196e+304 21
1757327487822 inf 22
