1757507194397 36.938753327175384 0
1757507194454 23.31991167227212 1
1757507194516 17.38465459905485 2
1757507194576 16.837477201462374 3
1757507194633 10.82650622459518 4
1757507194686 7.946537392757947 5
1757507194742 7.179754157065199 6
1757507194797 9.381095292451777 7
1757507194854 3.991048629178886 8
1757507194911 4.837307542708416 9
1757507194966 5.124880436217021 10
1757507195022 3.295274002114202 11
1757507195085 2.677781095459464 12
1757507195142 1.7611693926895258 13
1757507195196 2.9845569278645225 14
1757507195250 1.257234097809937 15
1757507195304 1.040544993639278 16
1757507195359 1.5541953917851972 17
1757507195414 0.6276167914357046 18
1757507195469 0.7743983141536396 19
1757507195527 0.47443421668544966 20
1757507195584 0.5202413416306804 21
1757507195643 0.44915172094803724 22
1757507195698 0.30999091607167417 23
1757507195753 0.2201786584542703 24
1757507195808 0.3058710309908609 25
1757507195863 0.24652007060778755 26
1757507195920 0.29363143223625254 27
1757507195979 0.2001157028238429 28
1757507196040 0.23136924158628863 29
1757507196107 0.13709134706714562 30
1757507196164 0.13414433534974526 31
1757507196220 0.16498297277885804 32
1757507196276 0.12038497481991932 33
1757507196333 0.1508812519933928 34
1757507196387 0.1090100794930463 35
1757507196443 0.1502489846902816 36
1757507196500 0.15948724834876055 37
1757507196563 0.1807268871752683 38
1757507196663 0.10702725386351956 39
1757507196737 0.1118786882725068 40
1757507196824 0.14160409878589447 41
1757507196903 0.15265081998323918 42
1757507196982 0.12254356429636483 43
1757507197072 0.14269685195482007 44
1757507197159 0.11126065459568438 45
1757507197247 0.12600234431579846 46
1757507197335 0.14224968645519978 47
1757507197419 0.12835923531344842 48
1757507197505 0.13147368782388322 49
1757507197596 0.08494258213438595 50
1757507197676 0.06554407712992956 51
1757507197748 0.1917208307641811 52
1757507197814 0.06732584614713748 53
1757507197884 0.08705220118518724 54
1757507197962 0.12187788830597186 55
1757507198039 0.1254246644813383 56
1757507198121 0.07888709331173555 57
1757507198189 0.0937795293681192 58
1757507198264 0.14839628516886594 59
1757507198333 0.08485963504288108 60
1757507198403 0.09901603484320022 61
1757507198475 0.11704519529941217 62
1757507198551 0.12858338299788674 63
1757507198630 0.1347962012959563 64
1757507198732 0.09559963737563344 65
1757507198808 0.08497210230189498 66
1757507198878 0.08762587628286898 67
1757507198941 0.19058323125511312 68
1757507199007 0.16097313231123658 69
1757507199070 0.07580734225257178 70
1757507199133 0.08345064484257717 71
1757507199197 0.11418639164362977 72
1757507199258 0.07756384866008435 73
1757507199319 0.12261923939676607 74
1757507199379 0.1103956002270926 75
1757507199440 0.12360252515274227 76
1757507199500 0.08318605315079713 77
1757507199561 0.08414804195142668 78
1757507199622 0.1599512361565969 79
1757507199682 0.12056727469680198 80
1757507199739 0.162058979755016 81
1757507199796 0.06872277855423706 82
1757507199854 0.15874994488005176 83
1757507199917 0.09091907043819712 84
1757507199976 0.1360844615097983 85
1757507200035 0.1491128054052079 86
1757507200093 0.07102069301533749 87
1757507200156 0.07349858271727519 88
1757507200225 0.21333371130747453 89
1757507200283 0.1244740011643812 90
1757507200340 0.06369929740564571 91
1757507200397 0.11184880421059312 92
1757507200455 0.18568066108989842 93
1757507200513 0.10879246245268508 94
1757507200575 0.12045715366285213 95
1757507200636 0.07971384765242047 96
1757507200694 0.1340466555050105 97
1757507200756 0.12120088720096155 98
1757507200814 0.1255475416154304 99
1757507200871 0.06304729672625442 100
1757507200929 0.11581058522445456 101
1757507200986 0.08482421207628246 102
1757507201044 0.13743874029786113 103
1757507201104 0.1137658135879289 104
1757507201168 0.0872104898109106 105
1757507201229 0.17197969999106907 106
1757507201285 0.07042700092545781 107
1757507201340 0.14254490462377634 108
1757507201400 0.09931584908368798 109
1757507201459 0.07482709457949123 110
1757507201515 0.15910431632129243 111
1757507201571 0.12672341160666867 112
1757507201629 0.11568403838299927 113
1757507201687 0.09362525430133692 114
1757507201745 0.10523029796987315 115
1757507201803 0.10406151895855029 116
1757507201860 0.08637341419466134 117
1757507201920 0.10056995115303483 118
1757507201984 0.08078301544754267 119
1757507202043 0.14036405108117697 120
1757507202103 0.08882177569129268 121
1757507202173 0.14458143223172887 122
1757507202240 0.09358746253305852 123
1757507202360 0.11327236286278819 124
1757507202514 0.10362432563527461 125
1757507202609 0.07195384685604955 126
1757507202719 0.14879414235043487 127
1757507202794 0.17459956933608478 128
1757507202900 0.10112046221846901 129
1757507203025 0.07459706494462326 130
1757507203106 0.0786141484322988 131
1757507203323 0.08919068172800583 132
1757507203431 0.13377122413991277 133
1757507203502 0.08947692316337501 134
1757507203570 0.10060054267812543 135
1757507203636 0.1345304004815354 136
1757507203707 0.14682340022966953 137
1757507203771 0.08900277100240354 138
1757507203840 0.07076558569272381 139
1757507203903 0.14357738446725934 140
1757507203968 0.14396611514503743 141
1757507204032 0.11215944500519576 142
1757507204097 0.14884335199628876 143
1757507204160 0.15851863724806722 144
1757507204231 0.091945691694855 145
1757507204303 0.14561839196614978 146
1757507204368 0.1270138000948321 147
1757507204428 0.12152142527174659 148
1757507204490 0.11421956916504633 149
1757507204551 0.11122881151204331 150
1757507204623 0.09988235216106046 151
1757507204701 0.09160475182061618 152
1757507204826 0.09072007847302176 153
1757507204904 0.10657966828243581 154
1757507204970 0.15952555131196566 155
1757507205036 0.06685821726187934 156
1757507205099 0.15185646750353252 157
1757507205159 0.11051129799696287 158
1757507205220 0.09899001130718972 159
1757507205291 0.10371733852406902 160
1757507205359 0.07524088234101262 161
1757507205419 0.10349306255006285 162
1757507205479 0.13341668074856505 163
1757507205537 0.10267778085453523 164
1757507205596 0.11522747133971513 165
1757507205655 0.09481833491557938 166
1757507205714 0.07047869009343667 167
1757507205776 0.0834492431867104 168
1757507205838 0.054276819070260565 169
1757507205902 0.11217837866431761 170
1757507205964 0.08400181854130623 171
1757507206024 0.14084953359772337 172
1757507206082 0.10701625977453062 173
1757507206142 0.12958068362557085 174
1757507206201 0.17161964816351416 175
1757507206268 0.09676534921609084 176
