1757434680035 169.17871969648291 0
1757434680106 169.1714172875605 1
1757434680194 169.16634379235654 2
1757434680323 169.16132063594577 3
1757434680423 169.1563604099037 4
1757434680485 169.15146222689202 5
1757434680542 169.1466252975607 6
1757434680592 169.14184884210277 7
1757434680643 169.13713209070866 8
1757434680695 169.13247428343382 9
1757434680742 169.12787467007183 10
1757434680790 169.12333251002923 11
1757434680838 169.1188470722021 12
1757434680889 169.1144176348541 13
1757434680935 169.1100434854958 14
1757434680992 169.10572392076608 15
1757434681044 169.1014582463147 16
1757434681092 169.0972457766866 17
1757434681148 169.0930858352075 18
1757434681215 169.08897775387086 19
1757434681269 169.084920873227 20
1757434681326 169.0809145422725 21
1757434681379 169.07695811834222 22
1757434681442 169.07305096700185 23
1757434681492 169.06919246194212 24
1757434681539 169.0653819848746 25
1757434681585 169.06161892542846 26
1757434681641 169.05790268104886 27
1757434681688 169.0542326568964 28
1757434681736 169.0506082657482 29
1757434681780 169.04702892789967 30
1757434681837 169.0434940710684 31
1757434681897 169.04000313029843 32
1757434681948 169.0365555478663 33
1757434681997 169.03315077318808 34
1757434682049 169.0297882627277 35
1757434682094 169.0264674799064 36
1757434682137 169.02318789501328 37
1757434682182 169.0199489851173 38
1757434682226 169.01675023398 39
1757434682270 169.01359113196946 40
1757434682314 169.01047117597574 41
1757434682361 169.0073898693269 42
1757434682407 169.00434672170633 43
1757434682458 169.00134124907117 44
1757434682506 168.99837297357186 45
1757434682553 168.99544142347233 46
1757434682597 168.99254613307173 47
1757434682643 168.98968664262682 48
1757434682686 168.98686249827549 49
1757434682728 168.98407325196123 50
1757434682771 168.98131846135865 51
1757434682812 168.9785976897998 52
1757434682854 168.97591050620161 53
1757434682895 168.97325648499415 54
1757434682938 168.97063520604976 55
1757434682979 168.9680462546134 56
1757434683019 168.9654892212335 57
1757434683061 168.9629637016938 58
1757434683103 168.96046929694646 59
1757434683143 168.9580056130454 60
1757434683184 168.9555722610809 61
1757434683226 168.9531688571151 62
1757434683267 168.95079502211792 63
1757434683310 168.94845038190437 64
1757434683354 168.946134567072 65
1757434683396 168.9438472129399 66
1757434683437 168.9415879594879 67
1757434683488 168.9393564512966 68
1757434683532 168.93715233748875 69
1757434683571 168.93497527167054 70
1757434683610 168.93282491187432 71
1757434683650 168.93070092050172 72
1757434683690 168.92860296426753 73
1757434683729 168.9265307141445 74
1757434683768 168.92448384530852 75
1757434683809 168.92246203708478 76
1757434683851 168.92046497289468 77
1757434683893 168.91849234020304 78
1757434683932 168.9165438304663 79
1757434683972 168.91461913908137 80
1757434684012 168.91271796533502 81
1757434684051 168.91084001235402 82
1757434684090 168.90898498705587 83
1757434684132 168.9071526001001 84
1757434684260 168.90534256584047 85
1757434684376 168.9035546022773 86
1757434684480 168.90178843101086 87
1757434684542 168.9000437771954 88
1757434684588 168.89832036949312 89
1757434684638 168.89661794002942 90
1757434684724 168.89493622434867 91
1757434684832 168.89327496137 92
1757434684910 168.89163389334428 93
1757434684967 168.89001276581132 94
1757434685051 168.88841132755763 95
1757434685105 168.8868293305749 96
1757434685160 168.88526653001884 97
1757434685209 168.88372268416862 98
1757434685257 168.88219755438683 99
1757434685308 168.88069090507994 100
1757434685356 168.87920250365937 101
1757434685402 168.87773212050269 102
1757434685447 168.87627952891594 103
1757434685492 168.87484450509595 104
1757434685549 168.8734268280931 105
1757434685595 168.87202627977507 106
1757434685638 168.8706426447905 107
1757434685681 168.8692757105335 108
1757434685728 168.8679252671082 109
1757434685771 168.8665911072944 110
1757434685813 168.86527302651288 111
1757434685858 168.8639708227919 112
