1757327832419 5159.937273902246 0
1757327832441 2.50475811882853e+18 1
1757327832464 5.098574069708529e+32 2
1757327832486 1.0378430555898057e+47 3
1757327832509 2.1125871534069116e+61 4
1757327832531 4.300288426754068e+75 5
1757327832555 8.753475814454612e+89 6
1757327832589 1.781818595179175e+104 7
1757327832616 3.6269906645353584e+118 8
1757327832640 7.38294084269774e+132 9
1757327832662 1.5028385934309339e+147 10
1757327832684 3.05911138396741e+161 11
1757327832706 6.226991042434317e+175 12
1757327832728 1.2675385945662651e+190 13
1757327832751 2.580145174075825e+204 14
1757327832773 5.252028733361574e+218 15
1757327832796 1.069079604248845e+233 16
1757327832818 2.176170882236075e+247 17
1757327832840 4.429716636507676e+261 18
1757327832872 9.016934120352852e+275 19
1757327832895 1.835446995880149e+290 20
1757327832918 3.736154251234167e+304 21
1757327832943 inf 22
