1757328617929 82.00159103879805 0
1757328617957 10238.595351490925 1
1757328617985 4391741.366068331 2
1757328618013 1891892691.5099783 3
1757328618042 815033486148.8519 4
1757328618074 351118794685404.06 5
1757328618102 1.5126300009390096e+17 6
1757328618134 6.516454126758585e+19 7
1757328618162 2.8073074287986027e+22 8
1757328618189 1.2093962217002948e+25 9
1757328618216 5.210114168681908e+27 10
1757328618244 2.244532367774081e+30 11
1757328618273 9.669510853079929e+32 12
1757328618301 4.1656534554925824e+35 13
1757328618329 1.794575648646193e+38 14
1757328618356 7.731084193927717e+40 15
1757328618403 3.330573601546898e+43 16
1757328618601 1.434820813881919e+46 17
1757328618663 6.181249881379603e+48 18
1757328618755 2.6629004629981435e+51 19
1757328618821 1.1471852799862983e+54 20
1757328618973 4.942107618756142e+56 21
1757328619024 2.1290743650109657e+59 22
1757328619101 9.172114412368318e+61 23
1757328619184 3.951373619264884e+64 24
1757328619239 1.7022632707206866e+67 25
1757328619318 7.333399779552584e+69 26
1757328619413 3.159249996857045e+72 27
1757328619471 1.3610141056908455e+75 28
1757328619495 5.863288431533623e+77 29
1757328619549 2.525921743765158e+80 30
1757328619573 1.0881744485417996e+83 31
1757328619598 4.687887237132629e+85 32
1757328619651 2.0195554837296747e+88 33
1757328619687 8.70030388008498e+90 34
1757328619715 3.748116266953418e+93 35
1757328619760 1.6146994109892705e+96 36
1757328619850 6.956172119944241e+98 37
1757328619904 2.9967392217381117e+101 38
1757328619972 1.2910039901622703e+104 39
1757328620035 5.561682813522267e+106 40
1757328620076 2.3959891645525393e+109 41
1757328620142 1.032199114752736e+112 42
1757328620206 4.446743867872648e+114 43
1757328620244 1.9156702174851017e+117 44
1757328620292 8.25276312556104e+119 45
1757328620388 3.555314405630464e+122 46
1757328620441 1.5316398072462756e+125 47
1757328620502 6.598348926402219e+127 48
1757328620532 2.8425879471512537e+130 49
1757328620565 1.2245951718251097e+133 50
1757328620633 5.27559168876466e+135 51
1757328620701 2.272740274247747e+138 52
1757328620784 9.791031336235322e+140 53
1757328620849 4.218004833784711e+143 54
1757328620883 1.817128774982771e+146 55
1757328620930 7.828243719454498e+148 56
1757328621015 3.372430208297149e+151 57
1757328621080 1.4528527620532085e+154 58
1757328621143 6.2589320396089975e+156 59
1757328621213 2.6963661631535265e+159 60
1757328621293 1.161602401142776e+162 61
1757328621351 5.00421699685837e+164 62
1757328621391 2.1558312661036025e+167 63
1757328621425 9.287383922055374e+169 64
1757328621489 4.001032059969554e+172 65
1757328621555 1.7236562716965257e+175 66
1757328621605 7.425561451215598e+177 67
1757328621651 3.1989535135974733e+180 68
1757328621709 1.37811849641112e+183 69
1757328621765 5.936974645232107e+185 70
1757328621836 2.5576659793711918e+188 71
1757328621905 1.1018499577535349e+191 72
1757328621980 4.7468017293640135e+193 73
1757328622022 2.0449360186782495e+196 74
1757328622076 8.809643964311793e+198 75
1757328622122 3.795220293889617e+201 76
1757328622239 1.6349919630692833e+204 77
1757328622394 7.043593025693527e+206 78
1757328622538 3.0344004027068244e+209 79
1757328622653 1.3072285366800756e+212 80
1757328622699 5.6315786327551255e+214 81
1757328622728 2.4261004871763983e+217 82
1757328622754 1.0451711602929277e+220 83
1757328622781 4.5026278181058807e+222 84
1757328622882 1.939745186108924e+225 85
1757328622926 8.356478792012533e+227 86
1757328622974 3.5999954169977237e+230 87
1757328623000 1.5508885171577662e+233 88
1757328623025 6.681272929668688e+235 89
1757328623096 2.8783118494249905e+238 90
1757328623164 1.2399851330352912e+241 91
1757328623191 5.34189209016982e+243 92
1757328623257 2.3013026803932477e+246 93
1757328623302 9.914079014308158e+248 94
1757328623354 4.2710141320979935e+251 95
1757328623400 1.8399653351818475e+254 96
1757328623515 7.926624286321055e+256 97
1757328623544 3.4148128432150664e+259 98
1757328623578 1.4711113246921272e+262 99
1757328623621 6.337590459569239e+264 100
1757328623701 2.73025243970769e+267 101
1757328623765 1.176200707837542e+270 102
1757328623826 5.067106927539833e+272 103
1757328623899 2.1829244315221477e+275 104
1757328623957 9.40410206825823e+277 105
1757328624023 4.051314577507008e+280 106
1757328624075 1.7453181267906805e+283 107
1757328624160 7.518881354255559e+285 108
1757328624210 3.239155999790521e+288 109
1757328624282 1.3954378446257268e+291 110
1757328624344 6.0115869020807424e+293 111
1757328624408 2.589809157065085e+296 112
1757328624467 1.11569733237936e+299 113
1757328624520 4.80645662280795e+301 114
1757328624601 2.0706355206269575e+304 115
1757328624665 inf 116
