1757478693801 175.0476252510902 0
1757478693846 157.28750007077986 1
1757478693906 150.39290887201128 2
1757478693962 143.63008841544712 3
1757478694019 137.41497347137306 4
1757478694106 131.6769173667616 5
1757478694195 126.37432225609241 6
1757478694261 121.46835468590635 7
1757478694343 116.92389519860461 8
1757478694448 112.70911757212652 9
1757478694571 108.79517589867729 10
1757478694670 105.1559184731767 11
1757478694726 101.76762959804054 12
1757478694775 98.60879639058675 13
1757478694843 95.65989817011712 14
1757478694919 92.90321622708795 15
1757478694976 90.32266199164296 16
1757478695040 87.90362181206568 17
1757478695116 85.63281672815866 18
1757478695186 83.49817578198278 19
1757478695257 81.48872155045288 20
1757478695374 79.5944667124858 21
1757478695442 77.80632057908882 22
1757478695503 76.11600461917926 23
1757478695572 74.51597610814402 24
1757478695622 72.99935911117359 25
1757478695663 71.55988209013677 26
1757478695712 70.19182149200975 27
1757478695757 68.88995073936603 28
1757478695817 67.64949409983221 29
1757478695875 66.4660849623135 30
1757478695956 65.33572809372784 31
1757478696033 64.25476549144469 32
1757478696097 63.219845484039915 33
1757478696160 62.22789476674596 34
1757478696215 61.27609308845376 35
1757478696272 60.36185033462941 36
1757478696330 59.48278577533514 37
1757478696389 58.63670926995204 38
1757478696440 57.821604240426865 39
1757478696510 57.03561224312012 40
1757478696563 56.27701898581058 41
1757478696658 55.54424165128399 42
1757478696723 54.835817402359496 43
1757478696773 54.15039295532568 44
1757478696838 53.48671511969791 45
1757478696908 52.843622212083915 46
1757478696965 52.2200362608593 47
1757478697045 51.6149559264029 48
1757478697103 51.0274500689075 49
1757478697159 50.45665190234113 50
1757478697242 49.90175367905655 51
1757478697321 49.36200185489374 52
1757478697379 48.83669268944831 53
1757478697455 48.32516824053821 54
1757478697527 47.826812715837995 55
1757478697595 47.3410491482042 56
1757478697639 46.86733636442642 57
1757478697699 46.405166220037295 58
1757478697763 45.95406107543342 59
1757478697821 45.51357149092427 60
1757478697940 45.08327412046241 61
1757478698023 44.66276978573798 62
1757478698107 44.2516817140638 63
1757478698167 43.84965392505253 64
1757478698254 43.456349752509894 65
1757478698327 43.071450489254225 66
1757478698407 42.69465414373434 67
1757478698499 42.3256742983675 68
1757478698578 41.96423906046888 69
1757478698647 41.61009009750109 70
1757478698705 41.26298174914859 71
1757478698756 40.922680209422055 72
1757478698815 40.58896277263264 73
1757478698865 40.26161713764856 74
1757478698922 39.94044076536544 75
1757478698999 39.62524028479079 76
1757478699073 39.31583094356702 77
1757478699132 39.01203609914157 78
1757478699176 38.713686747140066 79
1757478699240 38.42062108381308 80
1757478699322 38.13268409971121 81
1757478699400 37.849727202001596 82
1757478699460 37.57160786307198 83
1757478699516 37.29818929328014 84
1757478699591 37.02934013589772 85
1757478699690 36.76493418247166 86
1757478699802 36.504850106983156 87
1757478699957 36.248971217327274 88
1757478700052 35.997185222765395 89
1757478700128 35.74938401612034 90
1757478700196 35.50546346959013 91
1757478700277 35.265323243153624 92
1757478700327 35.02886660462835 93
1757478700377 34.79600026052134 94
1757478700445 34.56663419688569 95
1757478700513 34.34068152946155 96
1757478700613 34.11805836244046 97
1757478700674 33.89868365524595 98
1757478700745 33.682479096773385 99
1757478700804 33.469368986576804 100
1757478700862 33.25928012253188 101
1757478700907 33.0521416945416 102
1757478700963 32.847885183885246 103
1757478701006 32.64644426784273 104
1757478701058 32.44775472925456 105
1757478701130 32.251754370703985 106
1757478701181 32.058382933031154 107
1757478701247 31.867582017911573 108
1757478701337 31.679295014250243 109
1757478701405 31.493467028161692 110
1757478701458 31.310044816322385 111
1757478701533 31.12897672249753 112
1757478701665 30.950212617058167 113
1757478701727 30.773703839317477 114
1757478701798 30.599403142526832 115
1757478701846 30.427264641383257 116
1757478701913 30.257243761909894 117
1757478701978 30.089297193580105 118
1757478702044 29.92338284356465 119
1757478702103 29.759459792989034 120
1757478702160 29.597488255095374 121
1757478702206 29.437429535209823 122
1757478702269 29.27924599242292 123
1757478702329 29.122901002895638 124
1757478702383 28.96835892470965 125
1757478702467 28.815585064184837 126
1757478702524 28.664545643591815 127
1757478702572 28.515207770191598 128
1757478702622 28.367539406538295 129
1757478702717 28.221509341984373 130
1757478702789 28.077087165331626 131
1757478702866 27.934243238574084 132
1757478702926 27.79294867168192 133
1757478702999 27.653175298378553 134
1757478703062 27.514895652865242 135
1757478703133 27.378082947450366 136
1757478703206 27.24271105104264 137
1757478703262 27.108754468469503 138
1757478703332 26.97618832058426 139
1757478703393 26.84498832512714 140
1757478703479 26.715130778307348 141
1757478703544 26.586592537074733 142
1757478703614 26.459351002051406 143
1757478703678 26.3333841010949 144
1757478703748 26.208670273466094 145
1757478703809 26.085188454576166 146
1757478703871 25.962918061288363 147
1757478703945 25.84183897775113 148
1757478704028 25.721931541740762 149
1757478704081 25.60317653149224 150
1757478704147 25.48555515299841 151
1757478704216 25.369049027758034 152
1757478704297 25.253640180954722 153
1757478704393 25.139311030049065 154
1757478704456 25.026044373767416 155
1757478704522 24.913823381471403 156
1757478704587 24.80263158289287 157
1757478704667 24.692452858219887 158
1757478704752 24.58327142851974 159
1757478704815 24.475071846485815 160
1757478704876 24.367838987495553 161
1757478704922 24.26155804096739 162
1757478704983 24.15621450200507 163
1757478705059 24.051794163318153 164
1757478705198 23.948283107408177 165
1757478705336 23.845667699010182 166
1757478705438 23.743934577779957 167
1757478705491 23.643070651217545 168
1757478705541 23.543063087818187 169
1757478705619 23.443899310441996 170
1757478705686 23.345566989894294 171
1757478705753 23.24805403870862 172
1757478705834 23.151348605124934 173
1757478705893 23.055439067255755 174
1757478705963 22.96031402743331 175
1757478706014 22.86596230673102 176
1757478706145 22.772372939653003 177
1757478706217 22.67953516898535 178
1757478706272 22.58743844080351 179
1757478706340 22.496072399629906 180
1757478706399 22.405426883736563 181
1757478706448 22.315491920587473 182
1757478706496 22.22625772241571 183
1757478706546 22.13771468193059 184
1757478706617 22.049853368150174 185
1757478706705 21.9626645223548 186
1757478706753 21.876139054157345 187
1757478706843 21.790268037686175 188
1757478706910 21.705042707876867 189
1757478706981 21.620454456868963 190
1757478707051 21.53649483050413 191
1757478707111 21.45315552492224 192
1757478707173 21.3704283832521 193
1757478707221 21.28830539239352 194
1757478707291 21.206778679887805 195
1757478707372 21.125840510873466 196
1757478707421 21.045483285124586 197
1757478707466 20.96569953416884 198
1757478707516 20.886481918482705 199
1757478707565 20.80782322476124 200
1757478707630 20.72971636326005 201
1757478707713 20.65215436520704 202
1757478707779 20.575130380281685 203
1757478707828 20.49863767415975 204
1757478707901 20.42266962612119 205
1757478707986 20.347219726719416 206
1757478708047 20.27228157550975 207
1757478708124 20.197848878835494 208
1757478708186 20.123915447669486 209
1757478708260 20.050475195509687 210
1757478708313 19.977522136326954 211
1757478708409 19.90505038256343 212
1757478708543 19.833054143180092 213
1757478708628 19.761527721751794 214
1757478708694 19.690465514608466 215
1757478708772 19.61986200902117 216
1757478708835 19.54971178143136 217
1757478708908 19.480009495722506 218
1757478708966 19.410749901532345 219
1757478709042 19.341927832605 220
1757478709093 19.27353820518146 221
1757478709150 19.205576016427532 222
1757478709248 19.13803634289803 223
1757478709311 19.07091433903632 224
1757478709367 19.004205235708 225
1757478709447 18.937904338767915 226
1757478709502 18.87200702765956 227
1757478709564 18.80650875404584 228
1757478709640 18.741405040470372 229
1757478709706 18.67669147904861 230
1757478709760 18.61236373018771 231
1757478709809 18.54841752133462 232
1757478709951 18.484848645751438 233
1757478710044 18.421652961317356 234
1757478710114 18.35882638935653 235
1757478710195 18.296364913491093 236
1757478710288 18.234264578518722 237
1757478710357 18.17252148931406 238
1757478710427 18.111131809753378 239
1757478710582 18.05009176166186 240
1757478710724 17.989397623783017 241
1757478710851 17.929045730769484 242
1757478710955 17.869032472194842 243
1757478711036 17.809354291585752 244
1757478711090 17.750007685474074 245
1757478711183 17.69098920246829 246
1757478711267 17.6322954423439 247
1757478711324 17.573923055152186 248
1757478711407 17.515868740346985 249
1757478711463 17.458129245929026 250
1757478711523 17.40070136760733 251
1757478711589 17.343581947977324 252
1757478711640 17.286767875715267 253
1757478711708 17.230256084788557 254
1757478711780 17.17404355368156 255
1757478711828 17.11812730463661 256
1757478711881 17.062504402909806 257
1757478711929 17.007171956041258 258
1757478712002 16.952127113139444 259
1757478712082 16.897367064179384 260
1757478712165 16.84288903931426 261
1757478712223 16.78869030820021 262
1757478712291 16.734768179334 263
1757478712354 16.681119999403254 264
1757478712422 16.62774315264899 265
1757478712485 16.574635060240162 266
1757478712547 16.52179317965996 267
1757478712602 16.4692150041036 268
1757478712661 16.416898061887352 269
1757478712716 16.36483991586853 270
1757478712767 16.31303816287631 271
1757478712819 16.261490433152957 272
1757478712871 16.210194389805434 273
1757478712924 16.159147728267044 274
1757478712981 16.108348175768935 275
1757478713068 16.057793490821247 276
1757478713129 16.007481462703698 277
1757478713186 15.957409910965426 278
1757478713271 15.907576684933876 279
1757478713416 15.857979663232545 280
1757478713472 15.808616753307403 281
1757478713549 15.759485890961825 282
1757478713606 15.710585039899836 283
1757478713692 15.66191219127751 284
1757478713756 15.613465363262357 285
1757478713833 15.565242600600557 286
1757478713890 15.517241974191814 287
1757478713968 15.469461580671767 288
1757478714028 15.421899542001754 289
1757478714125 15.374554005065779 290
1757478714212 15.327423141274558 291
1757478714279 15.280505146176504 292
1757478714338 15.233798239075497 293
1757478714411 15.18730066265534 294
1757478714469 15.141010682610714 295
1757478714554 15.09492658728456 296
1757478714630 15.049046687311744 297
1757478714689 15.003369315268872 298
1757478714743 14.95789282533014 299
1757478714811 14.91261559292914 300
1757478714858 14.86753601442644 301
1757478714931 14.822652506782878 302
1757478715010 14.777963507238463 303
1757478715080 14.733467472996749 304
1757478715143 14.689162880914589 305
1757478715228 14.645048227197185 306
1757478715312 14.601122027098306 307
1757478715382 14.5573828146256 308
1757478715440 14.51382914225089 309
1757478715508 14.470459580625391 310
1757478715561 14.427272718299701 311
1757478715635 14.384267161448536 312
1757478715701 14.341441533600083 313
1757478715767 14.29879447536991 314
1757478715828 14.256324644199339 315
1757478715886 14.21403071409818 316
1757478715988 14.171911375391813 317
1757478716055 14.12996533447244 318
1757478716101 14.088191313554516 319
1757478716300 14.046588050434263 320
1757478716446 14.005154298253133 321
1757478716540 13.963888825265276 322
1757478716596 13.92279041460878 323
1757478716654 13.881857864080754 324
1757478716718 13.841089985916135 325
1757478716810 13.800485606570087 326
1757478716887 13.760043566504073 327
1757478716949 13.719762719975389 328
1757478717014 13.679641934830185 329
1757478717082 13.639680092299878 330
1757478717169 13.599876086800931 331
1757478717243 13.560228825737859 332
1757478717324 13.520737229309551 333
1757478717391 13.48140023031865 334
1757478717443 13.44221677398414 335
1757478717497 13.40318581775693 336
1757478717552 13.36430633113849 337
1757478717605 13.325577295502388 338
1757478717740 13.286997703918784 339
1757478717824 13.248566560981736 340
1757478717895 13.210282882639314 341
1757478717984 13.172145696026481 342
1757478718051 13.134154039300677 343
1757478718124 13.096306961480055 344
1757478718201 13.058603522284322 345
1757478718274 13.021042791978191 346
1757478718321 12.983623851217285 347
1757478718401 12.946345790896606 348
1757478718475 12.909207712001374 349
1757478718552 12.872208725460295 350
1757478718608 12.835347952001209 351
1757478718661 12.798624522008987 352
1757478718715 12.762037575385772 353
1757478718784 12.725586261413431 354
1757478718861 12.689269738618194 355
1757478718911 12.653087174637484 356
1757478718978 12.61703774608886 357
1757478719051 12.581120638441035 358
1757478719151 12.545335045886986 359
1757478719277 12.509680171219063 360
1757478719359 12.474155225706062 361
1757478719436 12.438759428972304 362
1757478719501 12.403492008878594 363
1757478719593 12.368352201405077 364
1757478719650 12.33333925053596 365
1757478719723 12.298452408146053 366
1757478719817 12.263690933889102 367
1757478719910 12.229054095087898 368
1757478719970 12.19454116662611 369
1757478720056 12.160151430841838 370
1757478720120 12.12588417742282 371
1757478720181 12.091738703303324 372
1757478720249 12.057714312562622 373
1757478720333 12.023810316325118 374
1757478720411 11.990026032661971 375
1757478720489 11.956360786494333 376
1757478720579 11.922813909498048 377
1757478720630 11.889384740009897 378
1757478720694 11.856072622935244 379
1757478720785 11.822876909657216 380
1757478720864 11.789796957947203 381
1757478720915 11.756832131876838 382
1757478721003 11.723981801731309 383
1757478721091 11.69124534392403 384
1757478721156 11.65862214091262 385
1757478721227 11.626111581116255 386
1757478721364 11.59371305883423 387
1757478721418 11.561425974165816 388
1757478721489 11.529249732931374 389
1757478721558 11.497183746594686 390
1757478721621 11.46522743218646 391
1757478721785 11.433380212229068 392
1757478721950 11.401641514662405 393
1757478722091 11.370010772770929 394
1757478722195 11.33848742511179 395
1757478722293 11.307070915444106 396
1757478722402 11.2757606926593 397
1757478722470 11.24455621071253 398
1757478722555 11.213456928555157 399
1757478722618 11.18246231006825 400
1757478722674 11.15157182399715 401
1757478722753 11.120784943886981 402
1757478722813 11.090101148019196 403
1757478722890 11.059519919349063 404
1757478722966 11.029040745444126 405
1757478723018 10.998663118423613 406
1757478723076 10.968386534898737 407
1757478723140 10.938210495913959 408
1757478723213 10.908134506889086 409
1757478723308 10.87815807756231 410
1757478723404 10.848280721934062 411
1757478723475 10.818501958211769 412
1757478723541 10.7888213087554 413
1757478723613 10.759238300023885 414
1757478723675 10.729752462522315 415
1757478723730 10.700363330749946 416
1757478723782 10.671070443149016 417
1757478723834 10.64187334205429 418
1757478723888 10.612771573643412 419
1757478723948 10.58376468788797 420
1757478724009 10.554852238505342 421
1757478724069 10.526033782911211 422
1757478724127 10.497308882172845 423
1757478724191 10.468677100963038 424
1757478724269 10.440138007514788 425
1757478724322 10.411691173576614 426
1757478724387 10.383336174368559 427
1757478724476 10.355072588538855 428
1757478724544 10.326899998121227 429
1757478724646 10.298817988492845 430
1757478724705 10.270826148332903 431
1757478724843 10.242924069581795 432
1757478724924 10.215111347400928 433
1757478724997 10.187387580133123 434
1757478725092 10.159752369263582 435
1757478725177 10.132205319381484 436
1757478725275 10.10474603814208 437
1757478725351 10.077374136229428 438
1757478725429 10.05008922731963 439
1757478725515 10.022890928044598 440
1757478725586 9.995778857956426 441
1757478725649 9.968752639492196 442
1757478725718 9.941811897939395 443
1757478725785 9.91495626140175 444
1757478725857 9.888185360765641 445
1757478725926 9.86149882966695 446
1757478726003 9.834896304458463 447
1757478726079 9.808377424177655 448
1757478726157 9.78194183051504 449
1757478726219 9.75558916778293 450
1757478726281 9.72931908288466 451
1757478726379 9.703131225284272 452
1757478726452 9.677025246976628 453
1757478726536 9.651000802457972 454
1757478726588 9.625057548696889 455
1757478726650 9.599195145105742 456
1757478726732 9.573413253512456 457
1757478726797 9.547711538132761 458
1757478726860 9.522089665542806 459
1757478726929 9.496547304652191 460
1757478726991 9.471084126677376 461
1757478727076 9.445699805115469 462
1757478727199 9.420394015718383 463
1757478727253 9.395166436467411 464
1757478727313 9.370016747548103 465
1757478727493 9.344944631325536 466
1757478727653 9.31994977231994 467
1757478727765 9.29503185718268 468
1757478727830 9.27019057467252 469
1757478727903 9.245425615632326 470
1757478727987 9.22073667296601 471
1757478728097 9.196123441615851 472
1757478728179 9.171585618540126 473
1757478728287 9.147122902691054 474
1757478728359 9.12273499499304 475
1757478728449 9.098421598321275 476
1757478728532 9.074182417480571 477
1757478728606 9.050017159184542 478
1757478728669 9.025925532035059 479
1757478728728 9.001907246502002 480
1757478728785 8.977962014903287 481
1757478728841 8.954089551385184 482
1757478728897 8.93028957190289 483
1757478728990 8.906561794201407 484
1757478729070 8.882905937796647 485
1757478729153 8.859321723956837 486
1757478729221 8.835808875684142 487
1757478729288 8.8123671176966 488
1757478729347 8.78899617641024 489
1757478729426 8.765695779921503 490
1757478729529 8.742465657989879 491
1757478729622 8.719305542020777 492
1757478729704 8.696215165048656 493
1757478729780 8.673194261720372 494
1757478729838 8.650242568278749 495
1757478729893 8.627359822546389 496
1757478729949 8.60454576390969 497
1757478730036 8.581800133303098 498
1757478730107 8.559122673193546 499
