1757478735564 8.003245784894254e-06 0
1757478735634 1.1748771949128025e-06 1
1757478735712 0.002805290274449949 2
1757478735791 0.15278642384332322 3
1757478735870 0.07495538764290074 4
1757478735941 0.018727264758781673 5
1757478736012 0.007385621765399092 6
1757478736089 0.14784920756338402 7
1757478736163 0.007953965669573898 8
1757478736234 0.005481059512682738 9
1757478736304 0.2853570098267037 10
1757478736376 0.04423884447872881 11
1757478736453 0.5816762943923725 12
1757478736526 0.0039051632819801538 13
1757478736602 0.11386819863779342 14
1757478736675 0.4079207334432268 15
1757478736747 1.1150124459659672 16
1757478736818 0.0024820777599246233 17
1757478736895 0.046492937810718976 18
1757478736971 0.024662947800672432 19
1757478737042 0.14237275290900617 20
1757478737116 0.0047086277164787825 21
1757478737188 0.0063575991840705585 22
1757478737257 0.05618239657496487 23
1757478737327 0.025645787505828646 24
1757478737399 0.02822786565384146 25
1757478737474 0.006659465097904718 26
1757478737545 0.04616245267790655 27
1757478737615 0.0846730764488082 28
1757478737684 0.013105506005690734 29
1757478737755 0.0034658323483548192 30
1757478737823 0.20808046453416454 31
1757478737904 0.0567807090988669 32
1757478737981 0.03147494186162161 33
1757478738052 0.16384534975276863 34
1757478738124 0.023436950517812107 35
1757478738193 0.002495347337828797 36
1757478738260 0.10049999961165258 37
1757478738330 0.0727312493712753 38
1757478738401 0.5330307590140031 39
1757478738477 0.0005672834083470113 40
1757478738550 0.08520373222512512 41
1757478738623 1.3919079629130404 42
1757478738693 0.33991996339421165 43
1757478738765 0.32810208619197356 44
1757478738835 0.02116375722797411 45
1757478738911 0.03187051472587691 46
1757478738987 0.00429610993235663 47
1757478739058 0.5510624326892135 48
1757478739130 0.026773623048677846 49
1757478739203 0.05411719928185407 50
1757478739273 0.084138235725879 51
1757478739343 0.01228726083712418 52
1757478739414 0.0337807313829978 53
1757478739488 0.003805993333771302 54
1757478739560 0.004942288510002259 55
1757478739735 0.0065207851387191085 56
1757478739851 0.04420168863454552 57
1757478739954 0.6241850051029424 58
1757478740051 0.02432400867001908 59
1757478740203 0.007900568071118564 60
1757478740324 0.04859631107405369 61
1757478740408 0.5241654628778696 62
1757478740487 0.26808221673564736 63
1757478740597 0.041886661939759304 64
1757478740668 0.244845903350618 65
1757478740739 0.0016111279579855507 66
1757478740809 0.010510898354217854 67
1757478740881 0.13672689491460252 68
1757478740964 0.047286103303026406 69
1757478741038 0.07958721060859705 70
1757478741110 0.030787997213247383 71
1757478741182 0.022091919369238554 72
1757478741254 0.14935167564848095 73
1757478741325 0.24743564356081255 74
1757478741397 0.02731212292698218 75
1757478741468 0.0014021022314216719 76
1757478741544 0.2404632839666444 77
1757478741613 0.013078456707843954 78
1757478741685 0.004261629621867861 79
1757478741757 0.0044314942182085435 80
1757478741828 0.012774898653233951 81
1757478741901 0.05474732350141652 82
1757478741983 0.16074029849167207 83
1757478742058 0.01042400528622304 84
1757478742130 0.050712197887727205 85
1757478742202 0.007227728342585835 86
1757478742275 0.08431172004125889 87
1757478742347 0.13627759014283844 88
1757478742420 0.11909026809543642 89
1757478742492 0.014515079159413536 90
1757478742565 0.022798095176233688 91
1757478742638 0.000660797756750816 92
1757478742707 0.0001840618838621134 93
1757478742779 0.11728211094271973 94
1757478742850 0.06267165898219863 95
1757478742923 0.1308498444603445 96
1757478743007 0.10713111719074762 97
1757478743083 0.023267705687858502 98
1757478743154 0.18913127368022606 99
1757478743230 0.022486103214221065 100
1757478743302 0.022570269506805105 101
1757478743374 0.017108849950000768 102
1757478743448 0.7481764175567299 103
1757478743520 0.5160993498475719 104
1757478743597 0.5933823023967177 105
1757478743669 0.04885113114658735 106
1757478743741 0.01496284857810022 107
1757478743814 0.03559539057085686 108
1757478743886 0.04871013195712899 109
1757478743960 0.003341579282101542 110
1757478744032 0.0035940795547545405 111
1757478744109 0.001206082776356747 112
1757478744180 0.14335628225426592 113
1757478744253 0.006613994635717999 114
1757478744419 1.1123558682743329e-07 115
1757478744569 0.2081994246796758 116
1757478744723 0.12171602099729474 117
1757478744827 0.05240421829721725 118
1757478744920 0.02472752162501957 119
1757478745044 0.618676115283086 120
1757478745185 1.6120544148994176 121
1757478745297 0.02129153830208455 122
1757478745370 0.002054728142979262 123
1757478745443 0.01632424820463534 124
1757478745515 0.2732307934870223 125
1757478745589 0.036935376400847375 126
1757478745688 0.0035803297601947324 127
1757478745769 0.03288786805157798 128
1757478745849 0.03589158893087193 129
1757478745921 0.007807418518201327 130
1757478745992 0.3816131267590438 131
1757478746075 0.2719361804574157 132
1757478746177 0.02400128776291722 133
1757478746253 0.4335457348801013 134
1757478746331 0.043117207404479184 135
1757478746404 0.01925378898153039 136
1757478746478 0.0032521901775666245 137
1757478746550 0.02068660381795686 138
1757478746624 0.0010409692937480093 139
1757478746703 0.0186778453444777 140
1757478746778 0.0959302889845135 141
1757478746853 0.001021886669770689 142
1757478746927 1.7193167927307425e-08 143
1757478746995 0.26332640778639615 144
1757478747074 0.22889643388054864 145
1757478747147 0.027822610204423098 146
1757478747224 0.029639517176969447 147
1757478747299 0.4266750405493242 148
1757478747374 0.2529685797767924 149
1757478747448 0.21035017959831967 150
1757478747521 0.12192149351274251 151
1757478747594 0.22754946467462508 152
1757478747667 0.00018267257300146988 153
1757478747779 0.027515327324547482 154
1757478747854 0.005039650947997953 155
1757478747929 0.0658068156258706 156
1757478748007 0.001858600208477329 157
1757478748089 0.00922586065761791 158
1757478748165 0.02003654468456254 159
1757478748243 0.013731396677131405 160
1757478748319 0.43501834655685795 161
1757478748394 0.006486593448798048 162
1757478748468 0.01807920696847988 163
1757478748542 1.487605004306354 164
1757478748616 0.28746342761051635 165
1757478748691 0.05944228466535711 166
1757478748770 0.0760169340793768 167
1757478748844 0.1592575881833624 168
1757478748918 0.18827844940325825 169
1757478748992 0.034864281321326095 170
1757478749068 0.00042668103848852773 171
1757478749141 0.09131816026025512 172
1757478749216 0.19687670630495002 173
1757478749323 0.004285560929898589 174
1757478749552 0.004561823566863718 175
1757478749708 0.24019389221032317 176
1757478749874 0.039581549666061235 177
1757478750031 0.08488514987303243 178
1757478750132 0.8519344144193164 179
1757478750244 0.029823109538723414 180
1757478750332 0.0004411453735204822 181
1757478750440 0.6566047055376474 182
1757478750542 0.0018234861464252869 183
1757478750675 0.05888420559164073 184
1757478750786 0.846925931071625 185
1757478750877 0.0028292579141106214 186
1757478750961 0.4282123826708759 187
1757478751054 0.010077751226831176 188
1757478751158 0.0006229956332269907 189
1757478751291 0.004665976081496192 190
1757478751401 0.022326248440128243 191
1757478751521 1.2675785443892977 192
1757478751662 0.021127610556278993 193
1757478751757 0.06667280841595433 194
1757478751849 0.00048450619474802733 195
1757478751941 0.22503420553483003 196
1757478752033 0.05917317624542633 197
1757478752148 0.21986338471669797 198
1757478752260 0.0026082859486032503 199
1757478752391 0.021904118577757054 200
1757478752528 0.06382893188148964 201
1757478752639 0.2449976174680077 202
1757478752753 0.5133950569026324 203
1757478752867 0.16928634097460762 204
1757478752969 0.006093250560537374 205
1757478753072 0.11448711469091645 206
1757478753177 0.0687661218541456 207
1757478753321 0.04213181817596644 208
1757478753424 0.008933650429663265 209
1757478753536 0.17076942944271348 210
1757478753630 0.7028605568193063 211
1757478753745 0.49662560932421934 212
1757478753865 0.15455606836042535 213
1757478753980 0.010913332914274054 214
1757478754073 0.05144409759363892 215
1757478754172 0.0022931460270203246 216
1757478754273 0.24958733821435516 217
1757478754354 0.24881795434422535 218
1757478754478 0.000428716852169019 219
1757478754589 0.32900781707566035 220
1757478754692 0.004901529633693355 221
1757478754784 0.09241253244833415 222
1757478754890 0.03733061445317495 223
1757478754993 0.3774082393100073 224
1757478755166 0.00013457828618396414 225
1757478755319 0.03934705453459285 226
1757478755514 0.07241828739862395 227
1757478755609 0.02562672026018256 228
1757478755731 0.14525314430810043 229
1757478755837 0.016954587342547643 230
1757478755941 0.023701063417923017 231
1757478756057 0.0007869088672098321 232
1757478756183 0.22936324304697162 233
1757478756276 0.016510674868932155 234
1757478756376 0.011293946614473905 235
1757478756465 0.1524807629108678 236
1757478756562 0.25675978749891976 237
1757478756679 0.050924390554393885 238
1757478756816 0.3748010806681254 239
1757478756935 0.010249520221492413 240
1757478757105 0.11835237319162568 241
1757478757217 0.18299278993308507 242
1757478757297 0.0016353876019906297 243
1757478757382 0.05344505481744051 244
1757478757468 0.03548206920015746 245
1757478757550 0.1931828901151768 246
1757478757681 0.013245024836662327 247
1757478757794 0.00013967967079774773 248
1757478757892 0.03161594117239613 249
1757478758009 0.014595193586931806 250
1757478758167 0.05116075011615828 251
1757478758389 0.01542932627022876 252
1757478758541 0.007797694254787977 253
1757478758678 0.02004280283505579 254
1757478758806 0.2844892564444619 255
1757478758918 0.001731926674360508 256
1757478759038 0.011941546342642021 257
1757478759133 0.004815533360300487 258
1757478759235 0.5360106597374558 259
1757478759328 0.0007040273656275009 260
1757478759444 0.13163525494964096 261
1757478759556 0.401494543853863 262
1757478759658 0.02492935903849636 263
1757478759748 0.030129182353953256 264
1757478759852 0.1499868967456573 265
1757478759952 0.0007591334756702702 266
1757478760047 0.46064409295584613 267
1757478760175 0.020931641723363443 268
1757478760295 1.9464930740865523 269
1757478760393 0.0015867617476931063 270
1757478760500 0.033422908661558344 271
1757478760599 0.3854476261494253 272
1757478760689 0.008842628794137324 273
1757478760859 0.00903269222436611 274
1757478761035 0.3239990136729503 275
1757478761202 0.28730349593649335 276
1757478761324 0.023579801979669808 277
1757478761451 0.0005051693461660367 278
1757478761574 0.02524944224236529 279
1757478761673 9.808453536360748e-06 280
1757478761774 0.006044142867934192 281
1757478761886 0.03183615953439748 282
1757478761974 0.02622175566925125 283
1757478762065 0.6607233104204066 284
1757478762158 2.3942721881881317 285
1757478762241 0.37705290006058717 286
1757478762357 0.025861629649332227 287
1757478762472 0.36351571321172715 288
1757478762565 0.006505447176702484 289
1757478762652 0.036495103348089176 290
1757478762751 0.027929550928684245 291
1757478762861 0.10246039188041103 292
1757478762951 0.023661752285016914 293
1757478763082 0.016956102730748986 294
1757478763176 0.45073672873988985 295
1757478763266 0.002689867392700357 296
1757478763357 0.09176619932495719 297
1757478763461 0.01219328057392331 298
1757478763552 0.9733364981439058 299
1757478763690 0.001829470081585327 300
1757478763843 0.32968027851285786 301
1757478763952 0.09667699269235719 302
1757478764085 0.00016319064093531607 303
1757478764222 0.376554262334474 304
1757478764382 0.18693871883849555 305
1757478764552 0.07819434669872505 306
1757478764668 0.002362895946572188 307
1757478764769 0.007198549078426999 308
1757478764877 0.00466639819453509 309
1757478764984 0.007087575568965499 310
1757478765094 0.1861120997199521 311
1757478765204 0.1063525203893382 312
1757478765283 0.020123199255511436 313
1757478765399 0.00686787660143539 314
1757478765535 0.007094023134551825 315
1757478765640 0.27602749804547794 316
1757478765759 0.009407572458830189 317
1757478765878 1.769408185417338 318
1757478765977 0.06038985529457623 319
1757478766094 0.011415295802868184 320
1757478766194 0.16761864671666138 321
1757478766376 0.012331924559870158 322
1757478766583 0.8487767165925287 323
1757478766717 0.206929632469556 324
1757478766838 0.0008206864312456907 325
1757478766968 0.041596424119510055 326
1757478767082 0.003134879444448182 327
1757478767204 0.02866503663602705 328
1757478767327 3.1927946368038813 329
1757478767422 0.009759256473499407 330
1757478767517 0.014198166587525962 331
1757478767612 0.12396732062566762 332
1757478767713 0.2655147913550477 333
1757478767810 0.002657977976821611 334
1757478767917 0.03222657729065937 335
1757478768024 0.024153323819126778 336
1757478768122 0.05792335387576392 337
1757478768233 0.1478062301588221 338
1757478768347 0.5599203894488592 339
1757478768444 0.00030751600105598465 340
1757478768545 0.005497825051574055 341
1757478768632 0.04929622063257614 342
1757478768721 0.7975251302752365 343
1757478768815 0.09137364204655002 344
1757478769001 0.08218899275484677 345
1757478769094 0.021957327998184454 346
1757478769217 0.007992610116217472 347
1757478769334 0.2579607475774471 348
1757478769462 1.3844523358579979 349
1757478769576 0.001774438697525062 350
1757478769693 0.4308529292771503 351
1757478769806 0.0007913041133441904 352
1757478769919 0.0005650502185241796 353
1757478770067 0.03465863047658718 354
1757478770180 0.059154946146397526 355
1757478770287 0.04585327464638303 356
1757478770380 0.0691887880012106 357
1757478770511 0.03999731861844973 358
1757478770595 0.00011229620646793499 359
1757478770694 0.07003605496279014 360
1757478770804 0.47796528807546096 361
1757478770920 0.020912966366094167 362
1757478771028 0.048371130152351866 363
1757478771151 1.6608726336071062e-05 364
1757478771269 0.007347761637336402 365
1757478771412 0.057897519090881505 366
1757478771525 0.0010947995068741215 367
1757478771625 0.00016836531923156446 368
1757478771724 0.19044167738899198 369
1757478771906 0.0012666102580616827 370
1757478772099 0.061615409136982574 371
1757478772250 0.05100378332129435 372
1757478772354 0.9818282295613939 373
1757478772472 0.3410841948514105 374
1757478772577 0.39320150061028863 375
1757478772686 5.326089268996285e-06 376
1757478772812 0.1253788067803749 377
1757478772900 0.06909758549660779 378
1757478773006 0.16465839531294021 379
1757478773098 0.02501454398752944 380
1757478773196 0.005955907617147364 381
1757478773316 0.3772471634569216 382
1757478773456 0.0011066747260391554 383
1757478773563 0.023536224143818077 384
1757478773667 0.0005653783361481501 385
1757478773777 0.002796510916795059 386
1757478773884 0.02290932072311755 387
1757478773979 0.001013635321361335 388
1757478774085 0.01717038926892899 389
1757478774207 0.0030774321991317226 390
1757478774303 0.015756556248614974 391
1757478774416 0.07287675511734056 392
1757478774540 0.568268805004037 393
1757478774654 0.17437926322290187 394
1757478774794 0.016596421558395986 395
1757478774912 0.18341509928453786 396
1757478775052 0.009467036442533527 397
1757478775184 0.02860046323531344 398
1757478775321 0.09900590603133519 399
1757478775425 0.005905887259739092 400
1757478775543 0.4638423999960075 401
1757478775668 0.17117006553343359 402
1757478775809 0.3549948008517187 403
1757478775919 0.033535240340568165 404
1757478776029 0.00016788305510229677 405
1757478776145 0.025522265782503026 406
1757478776243 0.07142977577417667 407
1757478776339 0.01326771629493796 408
1757478776476 0.030227611504472552 409
1757478776571 1.2106464106960688 410
1757478776682 0.16195652447147638 411
1757478776787 0.23586972533660097 412
1757478776905 0.037351302870902235 413
1757478777003 0.0027282777668219496 414
1757478777105 0.024708926355721552 415
1757478777202 0.03969337215514848 416
1757478777410 0.02652348145675764 417
1757478777527 0.011831851870192412 418
1757478777617 0.0781000070119413 419
1757478777738 0.4229706237966844 420
1757478777894 1.0110944161520299 421
1757478778006 1.055216859003482 422
1757478778112 0.00262828612518716 423
1757478778192 0.033394583314926535 424
1757478778279 0.07379573928710846 425
1757478778359 0.2711345752051521 426
1757478778440 0.006329463648125412 427
1757478778521 0.020302074744977455 428
1757478778602 0.020021812804846675 429
1757478778684 0.05355962540177864 430
1757478778763 0.0005642095758381139 431
1757478778845 0.002493803845902518 432
1757478778925 0.028796123094410698 433
1757478779006 0.043895206549238064 434
1757478779089 0.035040698530296774 435
1757478779172 0.05922969602409275 436
1757478779254 0.08889740480887719 437
1757478779339 0.21495937705943438 438
1757478779420 0.0012867212275083592 439
1757478779502 0.017038580272313267 440
1757478779594 0.04867448957056334 441
1757478779678 0.07889085367154251 442
1757478779761 0.018592328542589593 443
1757478779848 0.03771410932845136 444
1757478779929 0.007198096226001042 445
1757478780009 0.008639548608679638 446
1757478780087 0.13911797332297868 447
1757478780169 0.10470971339912204 448
1757478780251 0.3421183653329924 449
1757478780335 0.07549027989369601 450
1757478780417 0.09390872256698067 451
1757478780500 0.036320398211217186 452
1757478780590 0.001116068111295328 453
1757478780673 0.10576776345441476 454
1757478780755 0.27460765152473543 455
1757478780841 0.010141238876358214 456
1757478780922 0.3965772706174217 457
1757478781003 0.024314646947127195 458
1757478781083 0.07300508104455954 459
1757478781164 0.12763035791950011 460
1757478781248 0.05582810552424575 461
1757478781326 0.00843247107292013 462
1757478781403 0.08321704482228603 463
1757478781485 0.0050995612768038635 464
1757478781566 0.4768938011937317 465
1757478781667 0.08562832224633142 466
1757478781748 0.31590103805715003 467
1757478781837 0.0026764093632696247 468
1757478781916 0.118467807653586 469
1757478782000 0.023053691270575608 470
1757478782144 0.050280036670844935 471
1757478782303 0.027375014300620965 472
1757478782468 0.07042691768310694 473
1757478782610 0.0024856418540642904 474
1757478782718 0.001161967797363378 475
1757478782886 0.0937157277501578 476
1757478782997 0.020417832161396855 477
1757478783081 0.058273285906435365 478
1757478783165 0.18048215130320402 479
1757478783248 0.016509271045335172 480
1757478783329 0.29319874194370354 481
1757478783415 0.001983079870538876 482
1757478783497 0.026258546984598043 483
1757478783585 0.002460773031492859 484
1757478783668 0.0004688986263518931 485
1757478783752 0.014217496934880508 486
1757478783835 0.0029909717750902435 487
1757478783925 0.15950311304131345 488
1757478784007 0.04555243507294409 489
1757478784091 0.0012512906624919107 490
1757478784173 0.1298326462621429 491
1757478784256 1.411899384245672 492
1757478784339 0.05121111835029929 493
1757478784427 0.004108747678100638 494
1757478784511 0.19147893436847283 495
1757478784594 0.06626600523072498 496
1757478784678 0.03284368983656087 497
1757478784762 0.016050564227594183 498
1757478784846 0.8550035887637241 499
