1757400779573 183.96376405047008 0
1757400779601 164.74418587881425 1
1757400779630 157.1704929712848 2
1757400779657 149.75506405581777 3
1757400779684 143.00425825872588 4
1757400779711 136.74239783442772 5
1757400779736 130.913636159207 6
1757400779761 125.50575025863753 7
1757400779786 120.48407094913979 8
1757400779811 115.8175569173233 9
1757400779837 111.4777169446156 10
1757400779862 107.43842682402504 11
1757400779892 103.68145131020718 12
1757400779922 100.176494588345 13
1757400779951 96.90601902985829 14
1757400779977 93.85158013499259 15
1757400780005 90.99619926161489 16
1757400780306 88.32430244529868 17
1757400780342 85.8215985558059 18
1757400780368 83.4749721268054 19
1757400780393 81.2723849902238 20
1757400780421 79.20278619441586 21
1757400780448 77.2560294980175 22
1757400780475 75.42279780155098 23
1757400780500 73.69453393217542 24
1757400780525 72.06337724629127 25
1757400780549 70.52210555984485 26
1757400780576 69.06408195750754 27
1757400780602 67.68320606974817 28
1757400780629 66.37386944146878 29
1757400780657 65.13091464760316 30
1757400780682 63.94959784013016 31
1757400780708 62.82555443755683 32
1757400780732 61.75476769228504 33
1757400780758 60.73353989357972 34
1757400780782 59.75846598428076 35
1757400780807 58.826409388101 36
1757400780832 57.934479861476966 37
1757400780856 57.0800131996186 38
1757400780882 56.26055264076177 39
1757400780907 55.473831825774006 40
1757400780931 54.71775918230166 41
1757400780957 53.990403613670324 42
1757400780982 53.28998138284273 43
1757400781008 52.61484409098176 44
1757400781034 51.96346765862836 45
1757400781059 51.33444222525395 46
1757400781083 50.72646289004308 47
1757400781117 50.13832122325925 48
1757400781143 49.568897483497615 49
1757400781169 49.01715348157566 50
1757400781194 48.48212603680255 51
1757400781218 47.962920975936065 52
1757400781244 47.45959300583112 53
1757400781269 46.970042705974286 54
1757400781294 46.49399002225329 55
1757400781318 46.030766824966854 56
1757400781343 45.57974898673526 57
1757400781368 45.1403548584218 58
1757400781394 44.7120416806473 59
1757400781419 44.29430257796108 60
1757400781444 43.88666378342305 61
1757400781469 43.4886820912078 62
1757400781494 43.09994251737108 63
1757400781521 42.72005615144896 64
1757400781546 42.3486581829759 65
1757400781572 41.98540608834682 66
1757400781598 41.62997796467215 67
1757400781623 41.28207099839599 68
1757400781650 40.941400057474134 69
1757400781675 40.60769639684867 70
1757400781700 40.28070646781711 71
1757400781725 39.96019082268251 72
1757400781751 39.64592310679307 73
1757400781777 39.33768913074114 74
1757400781803 39.03528601609725 75
1757400781829 38.73852140860975 76
1757400781855 38.44721275330807 77
1757400781881 38.16118662641399 78
1757400781906 37.880278119390354 79
1757400781932 37.604330270847946 80
1757400781957 37.33319354238823 81
1757400781982 37.066725334787414 82
1757400782008 36.804789541227166 83
1757400782033 36.547256134551944 84
1757400782058 36.29400078578493 85
1757400782084 36.044904511364706 86
1757400782119 35.79985334677617 87
1757400782146 35.55873804444275 88
1757400782172 35.32145379392396 89
1757400782198 35.08789996262485 90
1757400782224 34.85797985537271 91
1757400782250 34.631600491352316 92
1757400782276 34.40867239701635 93
1757400782302 34.18910941370164 94
1757400782327 33.972828518786635 95
1757400782353 33.75974965932211 96
1757400782378 33.54979559715422 97
1757400782411 33.34289176464058 98
1757400782442 33.13896613013315 99
1757400782474 32.93794907247014 100
1757400782505 32.739773263780556 101
1757400782536 32.54437355996245 102
1757400782569 32.35168689824767 103
1757400782602 32.161652201314055 104
1757400782637 31.974210287449566 105
1757400782670 31.789303786313084 106
1757400782701 31.606877059873593 107
1757400782731 31.42687612814296 108
1757400782763 31.24924859934884 109
1757400782794 31.07394360422219 110
1757400782826 30.900911734100458 111
1757400782858 30.730104982570804 112
1757400782889 30.561476690400205 113
1757400782921 30.394981493518905 114
1757400782952 30.23057527384257 115
1757400782985 30.068215112734915 116
1757400783018 29.907859246928673 117
1757400783050 29.749467026736543 118
1757400783081 29.592998876397143 119
1757400783112 29.43841625641291 120
1757400783147 29.285681627747895 121
1757400783221 29.13475841776351 122
1757400783261 28.985610987779825 123
1757400783296 28.83820460215814 124
1757400783329 28.692505398808837 125
1757400783361 28.548480361035487 126
1757400783393 28.40609729063282 127
1757400783428 28.265324782162484 128
1757400783473 28.126132198335903 129
1757400783527 27.98848964643871 130
1757400783562 27.852367955736185 131
1757400783595 27.71773865580339 132
1757400783626 27.58457395572745 133
1757400783659 27.452846724133778 134
1757400783690 27.322530469990614 135
1757400783722 27.193599324150245 136
1757400783754 27.06602802158748 137
1757400783786 26.93979188429901 138
1757400783818 26.814866804829638 139
1757400783850 26.691229230393716 140
1757400783881 26.568856147561995 141
1757400783913 26.447725067486367 142
1757400783944 26.327814011636455 143
1757400783977 26.209101498023934 144
1757400784010 26.09156652789171 145
1757400784041 25.975188572846854 146
1757400784073 25.859947562417105 147
1757400784105 25.745823872012295 148
1757400784147 25.632798311272992 149
1757400784208 25.520852112789775 150
1757400784328 25.409966921177503 151
1757400784415 25.300124782489785 152
1757400784539 25.191308133959843 153
1757400784629 25.08349979405455 154
1757400784680 24.97668295282921 155
1757400784730 24.87084116257153 156
1757400784828 24.76595832872333 157
1757400784901 24.662018701069837 158
1757400784977 24.559006865186287 159
1757400785064 24.45690773413251 160
1757400785132 24.35570654038641 161
1757400785172 24.255388828007806 162
1757400785200 24.15594044502451 163
1757400785230 24.057347536032776 164
1757400785258 23.95959653500487 165
1757400785287 23.86267415829661 166
1757400785317 23.766567397848046 167
1757400785347 23.671263514571113 168
1757400785452 23.576750031917758 169
1757400785505 23.483014729622962 170
1757400785574 23.390045637616787 171
1757400785637 23.297831030100163 172
1757400785682 23.206359419779236 173
1757400785752 23.11561955225321 174
1757400785805 23.025600400551053 175
1757400785836 22.936291159812342 176
1757400785864 22.847681242107942 177
1757400785976 22.759760271396267 178
1757400786057 22.672518078610974 179
1757400786098 22.585944696876258 180
1757400786162 22.500030356845922 181
1757400786196 22.414765482162597 182
1757400786225 22.330140685033587 183
1757400786295 22.24614676191991 184
1757400786363 22.162774689335404 185
1757400786395 22.08001561975257 186
1757400786441 21.997860877612226 187
1757400786520 21.91630195543398 188
1757400786624 21.83533051002466 189
1757400786688 21.75493835878201 190
1757400786737 21.675117476090964 191
1757400786799 21.59585998980985 192
1757400786851 21.51715817784414 193
1757400786933 21.439004464805343 194
1757400786976 21.361391418752547 195
1757400787042 21.284311748014535 196
1757400787100 21.20775829809019 197
1757400787200 21.131724048625074 198
1757400787253 21.05620211046209 199
1757400787289 20.981185722764373 200
1757400787326 20.906668250208277 201
1757400787365 20.832643180244702 202
1757400787442 20.75910412042692 203
1757400787507 20.686044795803166 204
1757400787569 20.613459046372157 205
1757400787622 20.54134082460004 206
1757400787686 20.46968419299702 207
1757400787754 20.398483321752177 208
1757400787808 20.32773248642493 209
1757400787859 20.257426065691636 210
1757400787932 20.187558539145925 211
1757400787986 20.11812448515135 212
1757400788042 20.049118578745063 213
1757400788090 19.980535589591053 214
1757400788135 19.912370379981834 215
1757400788181 19.84461790288723 216
1757400788234 19.777273200049045 217
1757400788290 19.71033140012055 218
1757400788356 19.643787716849474 219
1757400788433 19.57763744730355 220
1757400788508 19.511875970137446 221
1757400788591 19.446498743899998 222
1757400788637 19.381501305380826 223
1757400788712 19.316879267995294 224
1757400788789 19.25262832020674 225
1757400788850 19.188744223985253 226
1757400788886 19.125222813301853 227
1757400788925 19.062059992657343 228
1757400788961 18.99925173564489 229
1757400788999 18.936794083545518 230
1757400789059 18.874683143955657 231
1757400789120 18.812915089446015 232
1757400789207 18.751486156250923 233
1757400789308 18.690392642987447 234
1757400789358 18.629630909403485 235
1757400789389 18.5691973751542 236
1757400789418 18.509088518606017 237
1757400789447 18.449300875667515 238
1757400789479 18.38983103864665 239
1757400789511 18.330675655133472 240
1757400789542 18.271831426907955 241
1757400789653 18.213295108872064 242
1757400789686 18.1550635080057 243
1757400789717 18.0971334823458 244
1757400789755 18.039501939988057 245
1757400789865 17.982165838110728 246
1757400789964 17.925122182020022 247
1757400790032 17.868368024216462 248
1757400790064 17.81190046348181 249
1757400790128 17.75571664398595 250
1757400790237 17.699813754413405 251
1757400790271 17.64418902710884 252
1757400790363 17.588839737241223 253
1757400790448 17.53376320198614 254
1757400790480 17.478956779725852 255
1757400790573 17.424417869266655 256
1757400790663 17.37014390907312 257
1757400790733 17.3161323765189 258
1757400790796 17.26238078715355 259
1757400790842 17.20888669398514 260
1757400790900 17.15564768677817 261
1757400791015 17.10266139136655 262
1757400791101 17.049925468981122 263
1757400791138 16.997437615591547 264
1757400791191 16.945195561262118 265
1757400791267 16.893197069521225 266
1757400791332 16.841439936744116 267
1757400791409 16.789921991548653 268
1757400791455 16.7386410942038 269
1757400791526 16.68759513605048 270
1757400791569 16.636782038934562 271
1757400791631 16.58619975465171 272
1757400791692 16.53584626440372 273
1757400791756 16.485719578266256 274
1757400791807 16.43581773466755 275
1757400791881 16.386138799877877 276
1757400791925 16.336680867509635 277
1757400791970 16.28744205802764 278
1757400792009 16.238420518269518 279
1757400792049 16.189614420975932 280
1757400792111 16.141021964330417 281
1757400792159 16.092641371508538 282
1757400792227 16.044470890236347 283
1757400792292 15.99650879235768 284
1757400792330 15.948753373410279 285
1757400792372 15.901202952210507 286
1757400792410 15.853855870446385 287
1757400792459 15.806710492278828 288
1757400792515 15.759765203950906 289
1757400792577 15.713018413404914 290
1757400792625 15.666468549907096 291
1757400792666 15.620114063679837 292
1757400792715 15.573953425541196 293
1757400792777 15.527985126551554 294
1757400792833 15.482207677667285 295
1757400792912 15.436619609401246 296
1757400792955 15.391219471489967 297
1757400792997 15.346005832567377 298
1757400793057 15.300977279844938 299
1757400793114 15.25613241879801 300
1757400793241 15.211469872858363 301
1757400793317 15.16698828311265 302
1757400793421 15.122686308006783 303
1757400793454 15.078562623055983 304
1757400793486 15.034615920560473 305
1757400793526 14.990844909326638 306
1757400793617 14.947248314393553 307
1757400793704 14.903824876764768 308
1757400793799 14.86057335314522 309
1757400793883 14.817492515683192 310
1757400793959 14.774581151717177 311
1757400794038 14.731838063527544 312
1757400794119 14.689262068092923 313
1757400794201 14.646851996851264 314
1757400794273 14.604606695465277 315
1757400794365 14.562525023592432 316
1757400794448 14.52060585465919 317
1757400794522 14.478848075639501 318
1757400794624 14.437250586837457 319
1757400794700 14.39581230167399 320
1757400794776 14.35453214647753 321
1757400794834 14.313409060278572 322
1757400794945 14.272441994608064 323
1757400795007 14.231629913299491 324
1757400795059 14.190971792294627 325
1757400795104 14.150466619452873 326
1757400795218 14.110113394364086 327
1757400795330 14.069911128164845 328
1757400795400 14.029858843358056 329
1757400795447 13.989955573635894 330
1757400795529 13.95020036370592 331
1757400795588 13.910592269120368 332
1757400795656 13.87113035610856 333
1757400795690 13.831813701412294 334
1757400795776 13.792641392124239 335
1757400795900 13.753612525529247 336
1757400796055 13.714726208948472 337
1757400796090 13.67598155958631 338
1757400796123 13.637377704380082 339
1757400796154 13.598913779852387 340
1757400796185 13.560588931966063 341
1757400796215 13.522402315981756 342
1757400796246 13.484353096317996 343
1757400796281 13.446440446413748 344
1757400796313 13.40866354859339 345
1757400796355 13.371021593934039 346
1757400796386 13.333513782135267 347
1757400796417 13.296139321391035 348
1757400796448 13.258897428263912 349
1757400796479 13.22178732756145 350
1757400796523 13.184808252214744 351
1757400796558 13.147959443159074 352
1757400796590 13.111240149216634 353
1757400796622 13.074649626981278 354
1757400796653 13.038187140705249 355
1757400796683 13.001851962187878 356
1757400796714 12.965643370666175 357
1757400796746 12.929560652707298 358
1757400796777 12.893603102102865 359
1757400796807 12.857770019765079 360
1757400796839 12.822060713624582 361
1757400796870 12.786474498530103 362
1757400796901 12.751010696149773 363
1757400796932 12.715668634874088 364
1757400796963 12.680447649720564 365
1757400796994 12.645347082239953 366
1757400797026 12.61036628042406 367
1757400797057 12.575504598615085 368
1757400797088 12.540761397416517 369
1757400797119 12.506136043605471 370
1757400797151 12.471627910046506 371
1757400797182 12.437236375606913 372
1757400797213 12.402960825073333 373
1757400797244 12.368800649069824 374
1757400797275 12.334755243977247 375
1757400797306 12.300824011853987 376
1757400797344 12.267006360357994 377
1757400797380 12.233301702670083 378
1757400797414 12.19970945741849 379
1757400797445 12.166229048604688 380
1757400797477 12.132859905530397 381
1757400797509 12.09960146272578 382
1757400797540 12.066453159878796 383
1757400797571 12.033414441765741 384
1757400797603 12.000484758182857 385
1757400797636 11.967663563879096 386
1757400797668 11.934950318489932 387
1757400797699 11.902344486472256 388
1757400797730 11.869845537040312 389
1757400797762 11.837452944102663 390
1757400797795 11.805166186200161 391
1757400797826 11.772984746444898 392
1757400797857 11.74090811246016 393
1757400797893 11.708935776321287 394
1757400797937 11.677067234497523 395
1757400797972 11.645301987794756 396
1757400798004 11.613639541299158 397
1757400798064 11.582079404321744 398
1757400798135 11.55062109034377 399
1757400798193 11.519264116963003 400
1757400798251 11.488008005840854 401
1757400798308 11.456852282650289 402
1757400798368 11.4257964770246 403
1757400798411 11.394840122506961 404
1757400798455 11.363982756500743 405
1757400798496 11.333223920220641 406
1757400798539 11.302563158644531 407
1757400798582 11.272000020466079 408
1757400798625 11.241534058048083 409
1757400798669 11.211164827376534 410
1757400798711 11.18089188801537 411
1757400798752 11.150714803061955 412
1757400798795 11.120633139103202 413
1757400798838 11.090646466172396 414
1757400798879 11.060754357706655 415
1757400798922 11.030956390505064 416
1757400798965 11.00125214468741 417
1757400799016 10.971641203653576 418
1757400799063 10.942123154043529 419
1757400799107 10.912697585697929 420
1757400799151 10.883364091619299 421
1757400799194 10.854122267933839 422
1757400799236 10.82497171385375 423
1757400799288 10.795912031640155 424
1757400799343 10.766942826566575 425
1757400799405 10.73806370688295 426
1757400799448 10.709274283780182 427
1757400799491 10.68057417135522 428
1757400799533 10.651962986576665 429
1757400799575 10.623440349250876 430
1757400799618 10.595005881988577 431
1757400799661 10.566659210171963 432
1757400799704 10.538399961922298 433
1757400799746 10.510227768067956 434
1757400799790 10.482142262112994 435
1757400799832 10.45414308020611 436
1757400799874 10.426229861110116 437
1757400799915 10.398402246171822 438
1757400799957 10.370659879292377 439
1757400799999 10.343002406898034 440
1757400800042 10.315429477911339 441
1757400800083 10.287940743722734 442
1757400800127 10.26053585816259 443
1757400800243 10.233214477473608 444
1757400800372 10.20597626028366 445
1757400800421 10.178820867578981 446
1757400800460 10.151747962677781 447
1757400800553 10.12475721120421 448
1757400800662 10.097848281062708 449
1757400800764 10.071020842412707 450
1757400800802 10.044274567643717 451
1757400800930 10.017609131350754 452
1757400801028 9.991024210310096 453
1757400801071 9.964519483455426 454
1757400801129 9.938094631854275 455
1757400801203 9.911749338684812 456
1757400801268 9.885483289212964 457
1757400801332 9.859296170769854 458
1757400801387 9.833187672729556 459
1757400801456 9.807157486487156 460
1757400801500 9.781205305437123 461
1757400801585 9.755330824951992 462
1757400801653 9.729533742361344 463
1757400801713 9.703813756931039 464
1757400801777 9.678170569842797 465
1757400801821 9.652603884174017 466
1757400801880 9.627113404877903 467
1757400801923 9.601698838763843 468
1757400801988 9.57635989447807 469
1757400802055 9.551096282484579 470
1757400802118 9.525907715046323 471
1757400802209 9.500793906206654 472
1757400802262 9.475754571771011 473
1757400802314 9.450789429288884 474
1757400802369 9.425898198035982 475
1757400802431 9.401080598996682 476
1757400802476 9.376336354846707 477
1757400802522 9.351665189936014 478
1757400802565 9.327066830271953 479
1757400802610 9.302541003502602 480
1757400802658 9.278087438900396 481
1757400802704 9.253705867345902 482
1757400802747 9.229396021311853 483
1757400802791 9.205157634847406 484
1757400802835 9.18099044356256 485
1757400802880 9.156894184612847 486
1757400802945 9.132868596684167 487
1757400803029 9.10891341997786 488
1757400803122 9.085028396195968 489
1757400803188 9.061213268526686 490
1757400803317 9.037467781630008 491
1757400803400 9.013791681623562 492
1757400803475 8.990184716068645 493
1757400803541 8.966646633956397 494
1757400803648 8.943177185694221 495
1757400803756 8.919776123092328 496
1757400803843 8.896443199350465 497
1757400803968 8.873178169044852 498
1757400804028 8.849980788115241 499
