1757477826378 166.4047326381058 0
1757477826438 150.81841130430544 1
1757477826498 144.73203157280682 2
1757477826565 138.71043156833613 3
1757477826630 133.13790624428842 4
1757477826666 128.00583345633598 5
1757477826712 123.21270402829316 6
1757477826765 118.7543365349939 7
1757477826834 114.60339513373172 8
1757477826896 110.73538976186502 9
1757477826983 107.12783733607513 10
1757477827031 103.76011738220815 11
1757477827081 100.61331484087776 12
1757477827131 97.67007719656489 13
1757477827191 94.9144835819029 14
1757477827261 92.33192489887142 15
1757477827329 89.90899402609334 16
1757477827402 87.63338526232567 17
1757477827482 85.4938022277968 18
1757477827552 83.47987351068107 19
1757477827611 81.58207540610022 20
1757477827670 79.79166115006926 21
1757477827729 78.10059610119215 22
1757477827784 76.50149836905005 23
1757477827921 74.98758443047161 24
1757477828076 73.55261931355687 25
1757477828237 72.1908709647481 26
1757477828348 70.89706844667305 27
1757477828457 69.66636364418453 28
1757477828525 68.49429618321314 29
1757477828600 67.37676129194979 30
1757477828716 66.3099803566748 31
1757477828791 65.29047394542722 32
1757477828863 64.3150370918245 33
1757477828937 63.380716648847525 34
1757477829013 62.48479053843377 35
1757477829239 61.62474873739816 36
1757477829352 60.798275853640746 37
1757477829459 60.00323515890548 38
1757477829591 59.23832838811468 39
1757477829720 58.50006467651684 40
1757477829779 57.78876164290287 41
1757477829892 57.101538519823976 42
1757477830025 56.437271499005945 43
1757477830157 55.794632329108104 44
1757477830269 55.17238520188136 45
1757477830400 54.5742419452931 46
1757477830483 53.991796265237184 47
1757477830537 53.42652046170337 48
1757477830683 52.87749413316428 49
1757477830801 52.343864372059386 50
1757477830860 51.82483965592345 51
1757477830916 51.3196838396937 52
1757477830964 50.82771183502872 53
1757477831091 50.348285580640024 54
1757477831155 49.88081034793262 55
1757477831195 49.42473135065933 56
1757477831255 48.979530633310695 57
1757477831307 48.54472421493335 58
1757477831381 48.11985946703563 59
1757477831445 47.704512706033704 60
1757477831491 47.29828698233337 61
1757477831536 46.900810049647895 62
1757477831587 46.51173249952905 63
1757477831624 46.13072604735124 64
1757477831672 45.757481957143014 65
1757477831712 45.391709593719035 66
1757477831761 45.033135091534184 67
1757477831828 44.681500130569454 68
1757477831880 44.33656081037117 69
1757477831956 43.998086614110434 70
1757477832041 43.665859455210544 71
1757477832089 43.339672799714826 72
1757477832154 43.019330858139206 73
1757477832203 42.704647841077204 74
1757477832267 42.395447273305116 75
1757477832334 42.0915613615739 76
1757477832385 41.79283041167741 77
1757477832444 41.4991022907542 78
1757477832486 41.21023193111873 79
1757477832530 40.926080872226045 80
1757477832572 40.646516837658 81
1757477832614 40.37141334427798 82
1757477832656 40.10064934093891 83
1757477832695 39.834108874347244 84
1757477832764 39.57168077988459 85
1757477832903 39.313258395371754 86
1757477833010 39.058739295927076 87
1757477833090 38.80802504822428 88
1757477833138 38.56102098259576 89
1757477833206 38.31763598155545 90
1757477833276 38.07778228343405 91
1757477833337 37.84137529992659 92
1757477833414 37.60833344645198 93
1757477833465 37.37857798431459 94
1757477833571 37.15203287374116 95
1757477833630 36.92862463694231 96
1757477833689 36.70828223041803 97
1757477833745 36.4909369257903 98
1757477833799 36.27652219850474 99
1757477833850 36.06497362379681 100
1757477833912 35.85622877936756 101
1757477833985 35.650227154258936 102
1757477834039 35.44691006345997 103
1757477834122 35.24622056781359 104
1757477834201 35.04810339882793 105
1757477834275 34.85250488802851 106
1757477834347 34.65937290051664 107
1757477834398 34.46865677242624 108
1757477834447 34.28030725199615 109
1757477834504 34.09427644399707 110
1757477834552 33.91051775727374 111
1757477834602 33.7289858551811 112
1757477834666 33.54963660871143 113
1757477834731 33.37242705212483 114
1757477834792 33.19731534091055 115
1757477834848 33.02426071191991 116
1757477834892 32.85322344552392 117
1757477834958 32.6841648296603 118
1757477835021 32.51704712564467 119
1757477835095 32.35183353563082 120
1757477835161 32.18848817161293 121
1757477835228 32.02697602587178 122
1757477835291 31.867262942773337 123
1757477835359 31.70931559183577 124
1757477835458 31.553101441986797 125
1757477835526 31.3985887369391 126
1757477835682 31.245746471616982 127
1757477835797 31.094544369572226 128
1757477835858 30.944952861331597 129
1757477835978 30.79694306362265 130
1757477836041 30.650486759428226 131
1757477836093 30.505556378823638 132
1757477836198 30.362124980553574 133
1757477836266 30.220166234309097 134
1757477836343 30.079654403667313 135
1757477836384 29.940564329659484 136
1757477836460 29.802871414934987 137
1757477836531 29.66655160849132 138
1757477836594 29.531581390941906 139
1757477836642 29.397937760295413 140
1757477836689 29.26559821822214 141
1757477836738 29.13454075678437 142
1757477836780 29.004743845609173 143
1757477836831 28.876186419483464 144
1757477836888 28.748847866352364 145
1757477836956 28.622708015703033 146
1757477837013 28.497747127317233 147
1757477837103 28.373945880376898 148
1757477837148 28.25128536290778 149
1757477837205 28.129747061547366 150
1757477837249 28.009312851623683 151
1757477837298 27.889964987532593 152
1757477837342 27.771686093401907 153
1757477837384 27.654459154031006 154
1757477837425 27.538267506095565 155
1757477837470 27.42309482960729 156
1757477837514 27.30892513961928 157
1757477837558 27.19574277816793 158
1757477837601 27.083532406442874 159
1757477837642 26.972278997176865 160
1757477837684 26.861967827247764 161
1757477837730 26.752584470485413 162
1757477837776 26.644114790676202 163
1757477837840 26.53654493475879 164
1757477837929 26.429861326204502 165
1757477837989 26.324050658576237 166
1757477838037 26.219099889260228 167
1757477838118 26.11499623336484 168
1757477838187 26.01172715778125 169
1757477838270 25.909280375400716 170
1757477838347 25.80764383948364 171
1757477838415 25.70680573817568 172
1757477838481 25.606754489166363 173
1757477838550 25.50747873448574 174
1757477838604 25.408967335435246 175
1757477838663 25.311209367648253 176
1757477838733 25.214194116276918 177
1757477838792 25.117911071301258 178
1757477838863 25.022349922957066 179
1757477838912 24.927500557279096 180
1757477838979 24.833353051756237 181
1757477839060 24.7398976710955 182
1757477839129 24.647124863091584 183
1757477839213 24.55502525459918 184
1757477839279 24.463589647604955 185
1757477839332 24.37280901539663 186
1757477839384 24.282674498826204 187
1757477839433 24.1931774026649 188
1757477839489 24.10430919204727 189
1757477839565 24.016061489001874 190
1757477839640 23.928426069066397 191
1757477839708 23.841394857984696 192
1757477839775 23.754959928483718 193
1757477839827 23.669113497128013 194
1757477839910 23.583847921249866 195
1757477840032 23.49915569595293 196
1757477840129 23.41502945118751 197
1757477840221 23.33146194889548 198
1757477840292 23.248446080223097 199
1757477840365 23.165974862799857 200
1757477840425 23.084041438081698 201
1757477840481 23.002639068756856 202
1757477840537 22.921761136212716 203
1757477840602 22.841401138062132 204
1757477840663 22.761552685727604 205
1757477840708 22.682209502081907 206
1757477840826 22.603365419143596 207
1757477840931 22.52501437582615 208
1757477840995 22.447150415739166 209
1757477841151 22.36976768504049 210
1757477841287 22.29286043033781 211
1757477841357 22.216422996638627 212
1757477841403 22.14044982534722 213
1757477841466 22.064935452307466 214
1757477841546 21.98987450589047 215
1757477841604 21.915261705125705 216
1757477841663 21.8410918578747 217
1757477841741 21.767359859046138 218
1757477841822 21.694060688851376 219
1757477841889 21.621189411099376 220
1757477841956 21.54874117153004 221
1757477842034 21.476711196185004 222
1757477842106 21.40509478981502 223
1757477842152 21.3338873343229 224
1757477842195 21.26308428724131 225
1757477842251 21.19268118024443 226
1757477842297 21.122673617692712 227
1757477842381 21.053057275209852 228
1757477842444 20.983827898291334 229
1757477842512 20.914981300943616 230
1757477842598 20.846513364353328 231
1757477842655 20.778420035585704 232
1757477842700 20.710697326311525 233
1757477842772 20.643341311561926 234
1757477842837 20.576348128510382 235
1757477842905 20.50971397528124 236
1757477842960 20.443435109784044 237
1757477843025 20.377507848573234 238
1757477843086 20.311928565732444 239
1757477843147 20.246693691782873 240
1757477843201 20.18179971261516 241
1757477843245 20.117243168444233 242
1757477843312 20.053020652786497 243
1757477843373 19.98912881145894 244
1757477843426 19.925564341599536 245
1757477843499 19.86232399070854 246
1757477843557 19.799404555710115 247
1757477843615 19.736802882033867 248
1757477843660 19.674515862715708 249
1757477843740 19.612540437517794 250
1757477843823 19.550873592066907 251
1757477843903 19.489512357010906 252
1757477843975 19.4284538071929 253
1757477844032 19.367695060842635 254
1757477844116 19.307233278784732 255
1757477844180 19.247065663663435 256
1757477844251 19.187189459183376 257
1757477844320 19.127601949366102 258
1757477844391 19.068300457821962 259
1757477844457 19.00928234703696 260
1757477844541 18.950545017674283 261
1757477844597 18.892085907890174 262
1757477844667 18.833902492663757 263
1757477844730 18.775992283140624 264
1757477844775 18.71835282598966 265
1757477844846 18.66098170277306 266
1757477844921 18.603876529329074 267
1757477844978 18.54703495516719 268
1757477845036 18.490454662875603 269
1757477845095 18.43413336754054 270
1757477845152 18.378068816177276 271
1757477845211 18.32225878717256 272
1757477845287 18.266701089738167 273
1757477845353 18.211393563375353 274
1757477845436 18.156334077349992 275
1757477845482 18.101520530178046 276
1757477845530 18.04695084912137 277
1757477845626 17.992622989693317 278
1757477845688 17.938534935174207 279
1757477845808 17.884684696136297 280
1757477845943 17.831070309977996 281
1757477846053 17.77768984046731 282
1757477846149 17.724541377294152 283
1757477846228 17.67162303563133 284
1757477846295 17.61893295570416 285
1757477846371 17.566469302368358 286
1757477846468 17.51423026469609 287
1757477846530 17.462214055570083 288
1757477846613 17.410418911285493 289
1757477846681 17.358843091159432 290
1757477846744 17.307484877147992 291
1757477846802 17.256342573470597 292
1757477846868 17.205414506241492 293
1757477846912 17.15469902310828 294
1757477846969 17.104194492897317 295
1757477847043 17.053899305265826 296
1757477847118 17.003811870360565 297
1757477847198 16.953930618482953 298
1757477847255 16.904253999760517 299
1757477847334 16.854780483824456 300
1757477847399 16.80550855949331 301
1757477847468 16.756436734462458 302
1757477847519 16.707563534999515 303
1757477847569 16.65888750564528 304
1757477847617 16.610407208920307 305
1757477847664 16.562121225036893 306
1757477847713 16.514028151616404 307
1757477847759 16.466126603411755 308
1757477847805 16.41841521203507 309
1757477847851 16.370892625690267 310
1757477847898 16.32355750891063 311
1757477847955 16.276408542301056 312
1757477848037 16.2294444222851 313
1757477848084 16.182663860856604 314
1757477848145 16.13606558533577 315
1757477848208 16.08964833812973 316
1757477848297 16.043410876497376 317
1757477848369 15.997351972318485 318
1757477848447 15.951470411866948 319
1757477848509 15.905764995588102 320
1757477848583 15.860234537880029 321
1757477848657 15.814877866878772 322
1757477848735 15.769693824247375 323
1757477848819 15.724681264968682 324
1757477848882 15.679839057141802 325
1757477848937 15.635166081782186 326
1757477849090 15.59066123262524 327
1757477849208 15.546323415933395 328
1757477849277 15.502151550306564 329
1757477849417 15.458144566495944 330
1757477849797 15.41430140722107 331
1757477850090 15.37062102699006 332
1757477850285 15.327102391923004 333
1757477850357 15.28374447957843 334
1757477850421 15.240546278782778 335
1757477850490 15.197506789462821 336
1757477850551 15.154625022481007 337
1757477850612 15.111899999473618 338
1757477850673 15.069330752691721 339
1757477850721 15.026916324844878 340
1757477850769 14.98465576894749 341
1757477850853 14.942548148167806 342
1757477850940 14.900592535679495 343
1757477851028 14.858788014515763 344
1757477851086 14.817133677425925 345
1757477851133 14.775628626734424 346
1757477851175 14.734271974202246 347
1757477851221 14.693062840890658 348
1757477851268 14.652000357027278 349
1757477851328 14.61108366187434 350
1757477851500 14.57031190359922 351
1757477851583 14.52968423914713 352
1757477851641 14.48919983411592 353
1757477851728 14.448857862632973 354
1757477851814 14.408657507234171 355
1757477851883 14.368597958744841 356
1757477851945 14.328678416162697 357
1757477852017 14.288898086542746 358
1757477852081 14.249256184884016 359
1757477852164 14.209751934018255 360
1757477852230 14.170384564500358 361
1757477852288 14.131153314500686 362
1757477852348 14.092057429699098 363
1757477852396 14.053096163180717 364
1757477852458 14.014268775333406 365
1757477852504 13.975574533746958 366
1757477852576 13.937012713113818 367
1757477852635 13.898582595131543 368
1757477852729 13.860283468406752 369
1757477852802 13.822114628360666 370
1757477852876 13.78407537713617 371
1757477852942 13.74616502350637 372
1757477853003 13.708382882784612 373
1757477853067 13.67072827673593 374
1757477853148 13.633200533490003 375
1757477853197 13.595798987455343 376
1757477853272 13.558522979234997 377
1757477853345 13.521371855543533 378
1757477853420 13.484344969125333 379
1757477853471 13.447441678674197 380
1757477853534 13.410661348754246 381
1757477853596 13.374003349722011 382
1757477853664 13.337467057649828 383
1757477853735 13.301051854250364 384
1757477853783 13.2647571268024 385
1757477853839 13.228582268077716 386
1757477853921 13.192526676269164 387
1757477853994 13.156589754919846 388
1757477854100 13.120770912853397 389
1757477854199 13.085069564105359 390
1757477854269 13.049485127855617 391
1757477854464 13.014017028361877 392
1757477854878 12.978664694894212 393
1757477855250 12.94342756167055 394
1757477855512 12.908305067793234 395
1757477855866 12.873296657186481 396
1757477855924 12.838401778534887 397
1757477855987 12.80361988522279 398
1757477856060 12.768950435274636 399
1757477856130 12.73439289129622 400
1757477856185 12.699946720416806 401
1757477856233 12.665611394232165 402
1757477856288 12.631386388748481 403
1757477856357 12.597271184327058 404
1757477856476 12.563265265629916 405
1757477856531 12.529368121566222 406
1757477856579 12.495579245239437 407
1757477856638 12.461898133895383 408
1757477856704 12.428324288870998 409
1757477856759 12.394857215543912 410
1757477856814 12.361496423282745 411
1757477856863 12.328241425398176 412
1757477856913 12.295091739094733 413
1757477856962 12.262046885423294 414
1757477857031 12.229106389234303 415
1757477857086 12.19626977913169 416
1757477857134 12.16353658742745 417
1757477857182 12.13090635009692 418
1757477857232 12.098378606734704 419
1757477857401 12.065952900511242 420
1757477857494 12.033628778130051 421
1757477857625 12.001405789785549 422
1757477857689 11.969283489121517 423
1757477857737 11.937261433190201 424
1757477857795 11.90533918241195 425
1757477857878 11.873516300535504 426
1757477857963 11.84179235459883 427
1757477858023 11.810166914890525 428
1757477858088 11.778639554911782 429
1757477858158 11.747209851338939 430
1757477858238 11.715877383986516 431
1757477858321 11.684641735770823 432
1757477858379 11.6535024926741 433
1757477858443 11.622459243709141 434
1757477858497 11.591511580884427 435
1757477858549 11.560659099169822 436
1757477858615 11.529901396462678 437
1757477858686 11.499238073554471 438
1757477858767 11.468668734097902 439
1757477858847 11.438192984574478 440
1757477858919 11.407810434262528 441
1757477858986 11.377520695205712 442
1757477859084 11.347323382181925 443
1757477859173 11.317218112672693 444
1757477859239 11.287204506832982 445
1757477859290 11.257282187461408 446
1757477859344 11.227450779970908 447
1757477859396 11.1977099123598 448
1757477859452 11.16805921518324 449
1757477859503 11.138498321525105 450
1757477859568 11.10902686697026 451
1757477859648 11.079644489577193 452
1757477859704 11.050350829851045 453
1757477859766 11.02114553071704 454
1757477859856 10.99202823749424 455
1757477859937 10.96299859786968 456
1757477860004 10.934056261872879 457
1757477860090 10.905200881850696 458
1757477860153 10.87643211244249 459
1757477860247 10.847749610555704 460
1757477860314 10.819153035341703 461
1757477860391 10.790642048172 462
1757477860478 10.76221631261477 463
1757477860534 10.733875494411715 464
1757477860617 10.705619261455219 465
1757477860692 10.677447283765845 466
1757477860743 10.64935923347009 467
1757477860803 10.6213547847785 468
1757477860872 10.593433613964036 469
1757477860932 10.565595399340747 470
1757477860996 10.537839821242745 471
1757477861065 10.510166562003448 472
1757477861137 10.482575305935091 473
1757477861217 10.455065739308543 474
1757477861279 10.427637550333381 475
1757477861330 10.400290429138213 476
1757477861417 10.373024067751272 477
1757477861522 10.345838160081305 478
1757477861592 10.318732401898668 479
1757477861678 10.291706490816688 480
1757477861737 10.264760126273268 481
1757477861802 10.237893009512769 482
1757477861854 10.211104843568076 483
1757477861919 10.184395333242941 484
1757477861974 10.157764185094551 485
1757477862068 10.131211107416311 486
1757477862169 10.104735810220857 487
1757477862224 10.078338005223323 488
1757477862275 10.052017405824753 489
1757477862334 10.025773727095828 490
1757477862507 9.999606685760714 491
1757477862605 9.973516000181183 492
1757477862726 9.947501390340896 493
1757477862789 9.921562577829915 494
1757477862834 9.895699285829423 495
1757477862878 9.86991123909661 496
1757477862966 9.844198163949773 497
1757477863054 9.818559788253614 498
1757477863116 9.7929958414047 499
