1757501664869 160.35549100362167 0
1757501665054 166.2926110908908 1
1757501665205 142.10746099457722 2
1757501665344 148.76316885667313 3
1757501665500 176.12937963972888 4
1757501665702 141.1654115712393 5
1757501665819 164.5978930394321 6
1757501665929 186.92285000125642 7
1757501666026 147.7352037745205 8
1757501666122 143.18099778332387 9
1757501666223 218.39883396152078 10
1757501666322 186.11806356871668 11
1757501666421 164.2592321411324 12
1757501666521 163.67844368974997 13
1757501666616 186.25591218012852 14
1757501666714 147.95905472812007 15
1757501666809 145.03774110370574 16
1757501666908 122.97883304790953 17
1757501666998 199.12293066590317 18
1757501667099 208.23764737549732 19
1757501667211 175.25261321252663 20
1757501667326 154.9648575340972 21
1757501667436 103.01478794086624 22
1757501667552 98.48642421214886 23
1757501667645 167.14252749852264 24
1757501667739 212.93953647599972 25
1757501667833 166.97647425534427 26
1757501667937 189.06749451739333 27
1757501668064 156.5283702457879 28
1757501668157 136.091441936798 29
1757501668254 162.18144199453923 30
1757501668355 187.3010332795522 31
1757501668448 167.0885484137482 32
1757501668545 140.48831945621026 33
1757501668643 194.57599806801855 34
1757501668742 183.8595108928748 35
1757501668836 165.30353961146554 36
1757501668932 113.89908645649076 37
1757501669030 160.97340651021315 38
1757501669126 183.73841876551393 39
1757501669223 172.03334022650265 40
1757501669321 257.0241183063561 41
1757501669416 161.13656059557664 42
1757501669512 127.146230212745 43
1757501669608 142.74535658176515 44
1757501669695 201.6139031544808 45
1757501669800 204.58288766750726 46
1757501669898 183.144327135354 47
1757501669997 167.94119884911527 48
1757501670097 168.14203149898273 49
1757501670197 155.30286019037445 50
1757501670299 131.33198855963997 51
1757501670397 218.2545703340924 52
1757501670495 150.97531635745003 53
1757501670595 191.00937072286985 54
1757501670693 210.53293385049665 55
1757501670789 168.00210670106955 56
1757501670883 178.58078976052914 57
1757501670981 154.50515217814205 58
1757501671077 137.74284607855483 59
1757501671172 169.60128256863734 60
1757501671262 188.20215791040957 61
1757501671360 138.99876096168535 62
1757501671457 106.81810669017341 63
1757501671553 202.50357381333254 64
1757501671652 115.7696629321479 65
1757501671750 161.14416831843684 66
1757501671854 173.73787374772564 67
1757501671951 153.48982950674935 68
1757501672052 165.44677923959753 69
1757501672152 157.25596884115478 70
1757501672248 204.25144742332483 71
1757501672342 110.40223847407314 72
1757501672438 80.9386955790641 73
1757501672535 113.64891153877399 74
1757501672632 137.432005788277 75
1757501672727 207.95619979091222 76
1757501672822 173.8881416335848 77
1757501672919 183.9108124194251 78
1757501673016 194.82569298153578 79
1757501673114 108.85221999363728 80
1757501673210 151.0756509426909 81
1757501673307 182.37227406492823 82
1757501673402 200.80248643255732 83
1757501673499 168.41014419456738 84
1757501673617 179.75898753748706 85
1757501673807 129.18687840916058 86
1757501673908 132.08269790825827 87
1757501674016 155.01571161605077 88
1757501674203 179.3538888141369 89
1757501674311 315.4842875351823 90
1757501674408 158.28335949466202 91
1757501674509 146.46539038543423 92
1757501674605 139.6050274358499 93
1757501674704 173.74148890513848 94
1757501674804 186.92559796936172 95
1757501674905 151.91444421755884 96
1757501675011 131.87786918552973 97
1757501675131 188.75738103066794 98
1757501675241 110.15578302560816 99
1757501675357 128.8361816624229 100
1757501675455 159.96716014402756 101
1757501675554 156.43931550321958 102
1757501675653 180.03319821861237 103
1757501675755 163.321890228217 104
1757501675858 150.8052506009497 105
1757501675959 242.82267292660418 106
1757501676063 153.9635287445607 107
1757501676161 158.30108454910769 108
1757501676261 116.39701353171796 109
1757501676359 105.55494899645886 110
1757501676460 241.82436122190208 111
1757501676559 153.06146215831984 112
1757501676657 143.78156860700028 113
1757501676756 169.57906378035156 114
1757501676856 164.01868485957073 115
1757501676953 151.56390898095913 116
1757501677051 167.23676137891658 117
1757501677224 146.32245298102134 118
1757501677353 178.80609208522435 119
1757501677483 250.23648371788067 120
1757501677585 137.87049776162772 121
1757501677740 167.55461734620644 122
1757501677860 164.00957618483423 123
1757501677965 187.64796298504524 124
1757501678067 148.5072792253298 125
1757501678165 161.15188097687798 126
1757501678259 183.57991066524414 127
1757501678386 181.18317520271268 128
1757501678509 179.24664646302452 129
1757501678607 178.60768278803997 130
1757501678707 180.99769922143378 131
1757501678804 163.32143680559543 132
1757501678904 167.55160165337733 133
1757501679004 207.1212010029026 134
1757501679104 204.69278592478122 135
1757501679205 136.51127633746157 136
1757501679304 204.81326846173613 137
1757501679401 218.4278543145283 138
1757501679500 184.84425084674834 139
1757501679599 185.1260781147454 140
1757501679697 179.3901719624306 141
1757501679795 232.24823782115544 142
1757501679897 158.1873238436962 143
1757501679997 238.05644077623165 144
1757501680091 166.33098493888073 145
1757501680192 164.85313681074854 146
1757501680292 229.04716282957622 147
1757501680391 171.9381956165252 148
1757501680491 151.6988286042679 149
1757501680599 168.81182682826923 150
1757501680704 140.60670325729143 151
1757501680798 216.2150146675668 152
1757501680906 152.10516712973185 153
1757501681007 128.77318823350546 154
1757501681106 153.81473568262166 155
1757501681209 204.0967511927185 156
1757501681309 57.99161612490965 157
1757501681408 169.69353527302536 158
1757501681508 158.5790583460825 159
1757501681608 160.36347778503398 160
1757501681707 170.74598916175287 161
1757501681803 144.6870811762653 162
