1757519245114 4.3105798785704685 0
1757519245226 0.00010802334860666271 1
1757519245321 0.17861439315759842 2
1757519245411 0.19458142670105055 3
1757519245505 0.0030543185715430268 4
1757519245599 0.13126918977325794 5
1757519245692 0.14970134796018605 6
1757519245923 0.03798293000507025 7
1757519246085 0.012393590430188717 8
1757519246185 0.18395922799394734 9
1757519246327 0.27882321283009 10
1757519246440 0.027403486830837556 11
1757519246545 0.008393277026457566 12
1757519246646 2.5800085110938562e-08 13
1757519246740 0.010628625343565215 14
1757519246841 0.11484533558219455 15
1757519246939 0.07156103872652796 16
1757519247041 0.6067420525622292 17
1757519247147 0.0002738976329898265 18
1757519247254 0.03791173694628673 19
1757519247391 0.04855756576430335 20
1757519247496 0.4016534699816183 21
1757519247598 0.0647556256203135 22
1757519247694 0.04100660480612297 23
1757519247796 0.18750602153349094 24
1757519247890 3.281854013764328e-05 25
1757519247983 0.16589501324337963 26
1757519248073 0.03279404256916253 27
1757519248164 0.13885818825585572 28
1757519248254 0.0011625501705064623 29
1757519248345 0.32275032341196336 30
1757519248436 0.004593374022995943 31
1757519248524 0.0003766500210697022 32
1757519248613 0.04207497521788447 33
1757519248702 0.040815867211955244 34
1757519248793 0.11412892556135895 35
1757519248885 0.026174176243897895 36
1757519248978 0.004421236402539777 37
1757519249068 0.05686802251086797 38
1757519249159 0.06020419162426968 39
1757519249249 0.1371413713120422 40
1757519249341 0.06404115181959079 41
1757519249430 0.0007202766522638609 42
1757519249521 0.009804882002765752 43
1757519249613 0.006591856046466177 44
1757519249706 0.035748284739503124 45
1757519249801 0.028524386392848843 46
1757519249899 0.0016559591237466865 47
1757519250000 0.018496121005696402 48
1757519250093 0.0007087346124703253 49
1757519250186 0.04995800013158113 50
1757519250279 0.0011758657728720581 51
1757519250370 0.1868213887537209 52
1757519250462 0.5717431957699982 53
1757519250556 0.04206778125511723 54
1757519250653 0.0016784034796733943 55
1757519250747 0.0005076695429317346 56
1757519250840 0.05156205838921745 57
1757519250931 0.016436603508590938 58
1757519251031 0.12039914038957854 59
1757519251122 0.0246457445665811 60
1757519251212 5.147233957266459e-07 61
1757519251302 0.003622152806458866 62
1757519251394 0.0026367867272556883 63
1757519251484 0.13270317138573715 64
1757519251575 0.0242345958206514 65
1757519251665 0.023800479186782856 66
1757519251755 0.02274102025362452 67
1757519251848 0.021435684470897647 68
1757519251939 0.04453691597525308 69
1757519252036 0.006476770613213211 70
1757519252126 0.08350448649938239 71
1757519252218 0.12272220427879642 72
1757519252308 0.057076641093479756 73
1757519252399 0.009690289327832965 74
1757519252489 0.000310999401111671 75
1757519252580 0.04823579565397464 76
1757519252671 0.01928776969654321 77
1757519252760 0.010254930442443331 78
1757519252851 0.002076677649329041 79
1757519252940 0.002505643131146776 80
1757519253031 0.0014184240196888616 81
1757519253120 0.5876103899183401 82
1757519253209 0.7824646590370563 83
1757519253301 0.09336157274765254 84
1757519253394 0.006050367355443814 85
1757519253498 0.013573216850547172 86
1757519253599 0.0003973716232064763 87
1757519253708 0.006740930733121389 88
1757519253982 0.627064922224863 89
1757519254108 0.001067076260206276 90
1757519254211 0.011125172773242228 91
1757519254306 0.08560730777425317 92
1757519254397 0.20802714636503875 93
1757519254498 0.27286552505575123 94
1757519254623 0.1628984481489692 95
1757519254717 0.33988122304918894 96
1757519254809 2.0887036685235533e-05 97
1757519254901 0.022257609610706268 98
1757519254990 0.1010021981830491 99
1757519255085 0.15603587859168166 100
1757519255177 0.0174719164065522 101
1757519255274 0.07459501625174901 102
1757519255475 0.010101623243118056 103
1757519255658 0.02978895957076102 104
1757519255832 0.031030451531958384 105
1757519255955 0.13464719542362302 106
1757519256092 0.0008576514093068633 107
1757519256259 2.0915798059043422 108
1757519256352 0.0009000560627190434 109
1757519256444 0.07268820405820937 110
1757519256535 0.015864129397694986 111
1757519256628 0.46395511855647226 112
1757519256718 0.0082712190535996 113
1757519256810 0.010513943273149893 114
1757519256903 0.01595752479670888 115
1757519256994 0.0009983544027762892 116
1757519257091 0.2708050515806037 117
1757519257187 0.25008300431733044 118
1757519257276 0.12865210700976537 119
1757519257367 0.0010018401152341587 120
1757519257459 0.05896305255474034 121
1757519257550 0.010655114803478048 122
1757519257639 0.032020929746899116 123
1757519257731 0.36284603083139344 124
1757519257824 0.010281122510056745 125
1757519257915 0.03354170218417533 126
1757519258009 0.009252287280496652 127
1757519258108 0.02461239550614201 128
1757519258201 0.026620475963765163 129
1757519258293 0.04834940799166469 130
1757519258384 0.2753198085404254 131
1757519258502 0.4257305943630393 132
1757519258592 0.6278048918482326 133
1757519258683 0.45418965206053236 134
1757519258774 0.26449128183738707 135
1757519258867 0.015076126443210137 136
1757519258958 0.39158503478483186 137
1757519259050 0.008179131823830255 138
1757519259142 0.6715334286127141 139
1757519259234 0.16596066659377967 140
1757519259324 0.016563422040265872 141
1757519259416 0.021485162253839205 142
1757519259508 0.03771914881770266 143
1757519259602 0.1422258534206584 144
1757519259696 0.038678652073592175 145
1757519259787 0.5098591630446352 146
1757519259879 0.016227237475804755 147
1757519259970 0.001599712256063802 148
1757519260060 0.08227166470095801 149
1757519260155 0.17989219768064668 150
1757519260246 0.017292352185227518 151
1757519260338 0.3763234815362867 152
1757519260430 0.0008435608287467823 153
1757519260522 0.0037469734389548623 154
1757519260612 0.07525823208379029 155
1757519260703 0.09986766130179074 156
1757519260795 0.04900099108000204 157
1757519260882 0.08742222675997618 158
1757519260976 0.16767523977887272 159
1757519261068 0.3820758102280489 160
1757519261161 0.09092007973867752 161
1757519261255 0.00623651644287464 162
1757519261346 0.20375379835499466 163
1757519261438 0.6981673209728295 164
1757519261530 0.048611038282706034 165
1757519261623 0.0020070288576826308 166
1757519261716 0.05746553915369103 167
1757519261807 0.044459036115153124 168
1757519261901 0.004343400284012086 169
1757519261991 0.031822387137619014 170
1757519262100 0.3954493980691543 171
1757519262267 0.04089163256370816 172
1757519262378 0.5473739616489779 173
1757519262489 0.0031311530774957024 174
1757519262600 0.004290775748544728 175
1757519262715 0.018254508602875506 176
1757519262820 0.004263335014609211 177
1757519262925 0.4732338676429114 178
1757519263026 0.026955766017548826 179
1757519263128 0.00465139273336717 180
1757519263234 0.023821035903381332 181
1757519263340 0.0008143475317997891 182
1757519263440 0.18880484085931035 183
1757519263533 0.05747629959690433 184
1757519263633 0.06221880359192677 185
1757519263731 0.14985235388248758 186
1757519263836 0.3943965701826763 187
1757519263947 0.025254393139686245 188
1757519264059 0.0902867680318236 189
1757519264194 0.006252025296194411 190
1757519264294 0.07571328801868343 191
1757519264397 0.020190433451082124 192
1757519264489 0.6159211581744851 193
1757519264586 0.08750931751133059 194
1757519264679 0.009583602524861875 195
1757519264774 0.06587332385439404 196
1757519264863 0.4283112211397158 197
1757519264962 0.003527106387618604 198
1757519265051 0.000971527814434415 199
1757519265158 0.05575267496361056 200
1757519265274 0.017557632434065613 201
1757519265375 0.35827412835122385 202
1757519265471 0.036536941279295646 203
1757519265566 0.039078954230001094 204
1757519265662 0.058319102011549856 205
1757519265756 0.14986846208445923 206
1757519265851 0.613910690622598 207
1757519265945 0.015229921497045672 208
1757519266041 0.19461301092512706 209
1757519266143 0.00013949204392796273 210
1757519266247 0.018976608339110246 211
1757519266345 0.03546679545000568 212
1757519266439 0.09334271561678621 213
1757519266533 4.286756110649999e-06 214
1757519266629 0.0984202240179923 215
1757519266720 0.000595438755879736 216
1757519266815 0.0070841677714735445 217
1757519266909 0.01597124260933205 218
1757519267001 0.026772911128648366 219
1757519267094 0.00415959205773919 220
1757519267188 0.013718940510834205 221
1757519267277 0.4392540040320405 222
1757519267366 0.07998350009845136 223
1757519267460 0.00080897421420197 224
1757519267561 0.20364674745702074 225
1757519267785 0.33292646667892145 226
1757519267945 0.08140857546613971 227
1757519268092 0.08576363639078985 228
1757519268220 0.00849796609115441 229
1757519268399 0.029678844596781963 230
1757519268500 0.07183834025182023 231
1757519268589 0.00011367338261029393 232
1757519268679 0.16121805907430067 233
1757519268774 0.003451896554721734 234
1757519268868 0.057091135443538506 235
1757519268964 0.1865053861313746 236
1757519269055 0.3263980182213976 237
1757519269146 0.007095335520890658 238
1757519269239 0.14981515311994123 239
1757519269346 0.059634726756203765 240
1757519269440 0.12803310349083427 241
1757519269538 0.037342459595190475 242
1757519269633 0.32963096013338294 243
1757519269730 0.022568932939052586 244
1757519269824 0.34443736506262757 245
1757519269919 0.003643621897524241 246
1757519270012 0.005002848668384337 247
1757519270108 0.03310298654734412 248
1757519270206 0.11034488195831443 249
1757519270302 0.4689407621673581 250
1757519270404 0.1617761701022391 251
1757519270498 0.5594242734383976 252
1757519270595 0.11772940223684959 253
1757519270686 0.12103701304137411 254
1757519270783 0.0523190381772944 255
1757519270878 0.016934416060404144 256
1757519270973 0.40957155220066266 257
1757519271069 0.34643060159992073 258
1757519271162 0.05892575834052694 259
1757519271255 0.0034691524048149755 260
1757519271348 0.22087793948658763 261
1757519271442 0.16989352617682668 262
1757519271540 0.0021099900464193817 263
1757519271637 0.17002017731663305 264
1757519271735 1.984849930709095e-05 265
1757519271833 0.1193969857112697 266
1757519271938 0.06786790983328224 267
1757519272033 0.002974203395533556 268
1757519272133 0.10140765227803303 269
1757519272239 0.00046246189966193626 270
1757519272350 0.00014979099629998168 271
1757519272454 0.012900763770787943 272
1757519272555 0.03181308002932692 273
1757519272659 0.006995369801077339 274
1757519272766 0.0005816535348715201 275
1757519272862 0.04969697608883357 276
1757519272961 0.0019081146191530273 277
1757519273060 0.008595840830734953 278
1757519273157 0.39575568406694844 279
1757519273249 0.2522752023714872 280
1757519273347 0.12031716147147091 281
1757519273450 0.29872243678742444 282
1757519273546 0.04045860289161903 283
1757519273640 0.006214308395444984 284
1757519273736 0.012572412302411493 285
1757519273832 0.024805561730606596 286
1757519273927 0.13451587524625824 287
1757519274022 0.0015857544585590661 288
1757519274118 0.13024729607902172 289
1757519274213 0.17233275242958393 290
1757519274311 0.04707675258694914 291
1757519274410 0.0032911154066263167 292
1757519274505 0.015630882704211056 293
1757519274601 0.008722790296392094 294
1757519274710 0.2578646757917178 295
1757519274805 0.0036279206761803567 296
1757519274902 0.0359725612274869 297
1757519274998 0.0004061363570532685 298
1757519275094 0.02007317319378039 299
1757519275192 0.011651491427866754 300
1757519275290 0.017588166498129054 301
1757519275385 0.12140267152376025 302
1757519275485 0.0006023772870428558 303
1757519275578 0.17331816236182473 304
1757519275673 0.04466370853765481 305
1757519275771 0.0018408821781452566 306
1757519275865 0.07024894786203609 307
1757519275961 0.030554038306693936 308
1757519276051 0.19708660294224764 309
1757519276148 0.07082110876365649 310
1757519276245 0.009004320805493472 311
1757519276341 0.01929387139606512 312
1757519276437 0.009875380174265152 313
1757519276530 0.1262231514395278 314
1757519276626 0.0022655923042079707 315
1757519276721 0.00811514960896244 316
1757519276816 0.008937105034628174 317
1757519276909 0.00880743990293863 318
1757519277005 0.02127262272711873 319
1757519277102 0.04776030907438667 320
1757519277198 0.023126201211521463 321
1757519277294 0.13267156620693188 322
1757519277388 0.12984204721176984 323
1757519277490 0.0021340304133990614 324
1757519277587 0.05026990213796118 325
1757519277683 0.04354803095042494 326
1757519277780 0.18861696537981915 327
1757519277876 0.007869007640623748 328
1757519277972 0.14920291743350253 329
1757519278068 0.05725064253584501 330
1757519278164 0.0007443127761183585 331
1757519278260 0.012413330272052367 332
1757519278357 1.2720434051705594 333
1757519278457 0.033784955846732447 334
1757519278553 0.015774406267564184 335
1757519278649 0.24788607856651504 336
1757519278746 0.6192290719371277 337
1757519278843 0.026002320444571382 338
1757519278939 0.06589329864459145 339
1757519279036 3.632580369899159e-05 340
1757519279129 0.010812750121500105 341
1757519279227 0.0010243381090191289 342
1757519279323 0.1418219659266381 343
1757519279420 0.152595746689676 344
1757519279609 0.3105586469863985 345
1757519279766 0.07599885997511191 346
1757519279867 0.0029016218749777743 347
1757519280030 0.02935079421231346 348
1757519280201 0.02305455891563308 349
1757519280438 0.0010923522598702928 350
1757519280545 0.0008049896915297824 351
1757519280642 0.03430340528328753 352
1757519280739 0.043353199690685046 353
1757519280843 0.0020427942708800763 354
1757519280943 0.01364064969161435 355
1757519281042 0.03550187191710132 356
1757519281141 0.11961825171494536 357
1757519281258 0.008437591766778274 358
1757519281427 0.6520933150880368 359
1757519281565 0.001338770551396841 360
1757519281683 0.13774096502596944 361
1757519281803 0.02576810153913269 362
1757519281923 0.23177649270777748 363
1757519282047 0.3227281431154362 364
1757519282170 0.0787444245604971 365
1757519282289 0.01952511166739894 366
1757519282403 0.07303934056640586 367
