1757436274915 160.70262888474326 0
1757436274949 146.12482311247186 1
1757436274985 140.38757407074027 2
1757436275023 134.80712936692498 3
1757436275061 129.6346062412279 4
1757436275102 124.84292989100146 5
1757436275140 120.39970641235797 6
1757436275179 116.27524233454557 7
1757436275216 112.44249649782459 8
1757436275253 108.87682761137167 9
1757436275291 105.55577881768967 10
1757436275327 102.45888102270249 11
1757436275367 99.56747406653231 12
1757436275404 96.86454407717703 13
1757436275440 94.33457554071659 14
1757436275475 91.96341675286544 15
1757436275513 89.73815743806442 16
1757436275550 87.6470174325468 17
1757436275590 85.67924542804046 18
1757436275629 83.82502686388568 19
1757436275695 82.07540013818456 20
1757436275745 80.42218038390871 21
1757436275786 78.85789012435536 22
1757436275825 77.37569618458798 23
1757436275867 75.9693522920851 24
1757436275908 74.63314685126753 25
1757436275947 73.36185542334721 26
1757436275985 72.15498037017474 27
1757436276023 71.00192308167618 28
1757436276062 69.90061225066397 29
1757436276102 68.84741302637995 30
1757436276140 67.83894318349225 31
1757436276177 66.8721063769367 32
1757436276217 65.944062411486 33
1757436276256 65.05220499541339 34
1757436276294 64.19414121901603 35
1757436276332 63.367672885437734 36
1757436276373 62.570779511862256 37
1757436276437 61.80160285099973 38
1757436276488 61.05843279561696 39
1757436276535 60.339694541336556 40
1757436276591 59.64393689423079 41
1757436276634 58.969821620014365 42
1757436276674 58.31611374098442 43
1757436276719 57.68167269535312 44
1757436276794 57.06544428134436 45
1757436276837 56.466453315450295 46
1757436276878 55.883796940631775 47
1757436276919 55.316638526054504 48
1757436276960 54.76420210523459 49
1757436277001 54.22576730426926 50
1757436277041 53.7006647161964 51
1757436277081 53.18827168149684 52
1757436277151 52.6880084383654 53
1757436277243 52.19933460966033 54
1757436277334 51.72174599642716 55
1757436277431 51.25477165060913 56
1757436277576 50.797971202026005 57
1757436277632 50.35093241694937 58
1757436277679 49.91326896764534 59
1757436277762 49.48461839411359 60
1757436277817 49.06464024094123 61
1757436277870 48.653014353727094 62
1757436277919 48.249439320929625 63
1757436277971 47.85363104826335 64
1757436278044 47.46532145392488 65
1757436278095 47.08425727398192 66
1757436278183 46.71019896821521 67
1757436278247 46.342919717573956 68
1757436278321 45.982204505197146 69
1757436278383 45.62784927367363 70
1757436278432 45.27966015186897 71
1757436278483 44.93745274524344 72
1757436278541 44.601051484128234 73
1757436278590 44.270289024920125 74
1757436278679 43.94500569960425 75
1757436278747 43.62504900942336 76
1757436278827 43.310273158883504 77
1757436278909 43.000538626624994 78
1757436278955 42.69571176999491 79
1757436279018 42.3956644604384 80
1757436279084 42.10027374708054 81
1757436279158 41.80942154610335 82
1757436279214 41.52299435373336 83
1757436279271 41.24088298084822 84
1757436279341 40.9629823073855 85
1757436279389 40.68919105489672 86
1757436279459 40.419411575734756 87
1757436279524 40.153549657495255 88
1757436279580 39.8915143414527 89
1757436279631 39.63321775384202 90
1757436279692 39.378574948936276 91
1757436279751 39.12750376296208 92
1757436279828 38.879924677977364 93
1757436279899 38.63576069491143 94
1757436279986 38.39493721503681 95
1757436280060 38.15738192920413 96
1757436280112 37.92302471422936 97
1757436280189 37.69179753587454 98
1757436280279 37.46363435791051 99
1757436280335 37.238471056793706 100
1757436280420 37.01624534152887 101
1757436280481 36.796896678324806 102
1757436280554 36.58036621968414 103
1757436280628 36.36659673759731 104
1757436280726 36.15553256053898 105
1757436280796 35.94711951398952 106
1757436280866 35.74130486422749 107
1757436280933 35.53803726515965 108
1757436281009 35.337266707974116 109
1757436281094 35.138944473419606 110
1757436281155 34.94302308652988 111
1757436281235 34.749456273626414 112
1757436281285 34.558198921446404 113
1757436281352 34.36920703825463 114
1757436281418 34.18243771680918 115
1757436281498 33.99784909906126 116
1757436281562 33.815400342478206 117
1757436281627 33.6350515878878 118
1757436281702 33.45676392874957 119
1757436281769 33.280499381765694 120
1757436281834 33.10622085875117 121
1757436281886 32.93389213968843 122
1757436281951 32.76347784689728 123
1757436282021 32.59494342025622 124
1757436282116 32.42825509341556 125
1757436282202 32.2633798709473 126
1757436282324 32.100285506380295 127
1757436282445 31.938940481073306 128
1757436282558 31.779313983881263 129
1757436282703 31.621375891573678 130
1757436282859 31.465096749966545 131
1757436282999 31.310447755731737 132
1757436283140 31.157400738850498 133
1757436283248 31.005928145679455 134
1757436283334 30.85600302259996 135
1757436283386 30.707599000223155 136
1757436283454 30.560690278125072 137
1757436283604 30.415251610087537 138
1757436283692 30.271258289822264 139
1757436283761 30.12868613715675 140
1757436283812 29.9875114846619 141
1757436283857 29.847711164702595 142
1757436283912 29.709262496893228 143
1757436283963 29.572143275941592 144
1757436284026 29.436331759865215 145
1757436284079 29.30180665856502 146
1757436284132 29.16854712274245 147
1757436284191 29.036532733146267 148
1757436284249 28.90574349013667 149
1757436284299 28.77615980355444 150
1757436284345 28.64776248288385 151
1757436284392 28.52053272769828 152
1757436284438 28.39445211837846 153
1757436284484 28.26950260709329 154
1757436284527 28.145666509034054 155
1757436284571 28.022926493893017 156
1757436284614 27.90126557757796 157
1757436284658 27.780667114154536 158
1757436284722 27.661114788008664 159
1757436284790 27.542592606221678 160
1757436284851 27.425084891150963 161
1757436284926 27.308576273209564 162
1757436284970 27.19305168383804 163
1757436285013 27.078496348662533 164
1757436285057 26.964895780833 165
1757436285101 26.85223577453595 166
1757436285156 26.7405023986762 167
1757436285202 26.629681990722336 168
1757436285247 26.52046371794861 169
1757436285291 26.411773663670854 170
1757436285335 26.303955037079195 171
1757436285379 26.19699424102886 172
1757436285423 26.090878851900953 173
1757436285465 25.985596686228178 174
1757436285507 25.881135790000442 175
1757436285548 25.77748443392676 176
1757436285591 25.674631108566626 177
1757436285632 25.572564519595502 178
1757436285673 25.47127358318517 179
1757436285717 25.370747421496784 180
1757436285757 25.27097535828331 181
1757436285799 25.171946914598234 182
1757436285839 25.073651804607614 183
1757436285880 24.976079931502543 184
1757436285931 24.879221383509286 185
1757436285973 24.783066429994438 186
1757436286013 24.687605517662373 187
1757436286053 24.59282926684264 188
1757436286095 24.49872846786474 189
1757436286137 24.405294077517997 190
1757436286176 24.312517215594244 191
1757436286218 24.220389161511058 192
1757436286258 24.1289013510135 193
1757436286301 24.038045372952233 194
1757436286341 23.94781296613596 195
1757436286381 23.858196016256397 196
1757436286422 23.76918655288368 197
1757436286463 23.680776746530615 198
1757436286503 23.592958905783735 199
1757436286543 23.505725474499684 200
1757436286583 23.419069029065135 201
1757436286625 23.332982275718607 202
1757436286667 23.247458047932653 203
1757436286709 23.16248930385492 204
1757436286750 23.07806912380649 205
1757436286792 22.994190707836207 206
1757436286832 22.910847373329435 207
1757436286874 22.82803255267004 208
1757436286915 22.745739790954147 209
1757436286966 22.66396274375447 210
1757436287007 22.582695174933942 211
1757436287049 22.501930954507415 212
1757436287091 22.421664056550277 213
1757436287133 22.34188855715286 214
1757436287174 22.262598632419422 215
1757436287217 22.183788556510773 216
1757436287258 22.105452699729376 217
1757436287302 22.027585526645908 218
1757436287343 21.950181594266326 219
1757436287384 21.87323555023846 220
1757436287427 21.796742131097183 221
1757436287507 21.720696160547202 222
1757436287644 21.645092547782586 223
1757436287742 21.569926285842236 224
1757436287869 21.49519245000036 225
1757436287946 21.420886196191145 226
1757436288000 21.347002759466864 227
1757436288053 21.273537452488583 228
1757436288101 21.20048566404873 229
1757436288150 21.12784285762479 230
1757436288233 21.055604569963386 231
1757436288308 20.98376640969408 232
1757436288382 20.9123240559721 233
1757436288449 20.841273257149485 234
1757436288524 20.77060982947388 235
1757436288574 20.700329655814357 236
1757436288663 20.630428684413666 237
1757436288735 20.56090292766637 238
1757436288802 20.49174846092213 239
1757436288878 20.42296142131368 240
1757436288969 20.35453800660897 241
1757436289041 20.28647447408675 242
1757436289137 20.218767139435293 243
1757436289216 20.151412375673562 244
1757436289296 20.084406612094387 245
1757436289372 20.017746333229177 246
1757436289447 19.951428077833636 247
1757436289519 19.885448437894077 248
1757436289597 19.819804057653794 249
1757436289671 19.754491632659125 250
1757436289733 19.689507908824737 251
1757436289800 19.62484968151769 252
1757436289854 19.56051379465991 253
1757436289943 19.496497139848646 254
1757436290014 19.43279665549446 255
1757436290071 19.369409325976495 256
1757436290129 19.306332180814543 257
1757436290186 19.24356229385751 258
1757436290244 19.1810967824881 259
1757436290325 19.118932806843137 260
1757436290416 19.05706756904939 261
1757436290474 18.99549831247441 262
1757436290536 18.934222320992156 263
1757436290622 18.873236918263064 264
1757436290700 18.812539467028206 265
1757436290782 18.752127368417305 266
1757436290852 18.691998061270287 267
1757436290921 18.632149021472017 268
1757436291006 18.5725777613001 269
1757436291091 18.513281828785225 270
1757436291168 18.454258807084056 271
1757436291232 18.395506313864182 272
1757436291299 18.337022000701026 273
1757436291379 18.278803552486355 274
1757436291448 18.220848686848218 275
1757436291528 18.163155153582025 276
1757436291596 18.10572073409257 277
1757436291657 18.048543240846755 278
1757436291733 17.991620516836775 279
1757436291821 17.934950435053576 280
1757436291888 17.87853089797034 281
1757436291958 17.82235983703582 282
1757436292045 17.766435212177328 283
1757436292111 17.710755011313104 284
1757436292179 17.655317249873992 285
1757436292257 17.600119970334088 286
1757436292338 17.54516124175035 287
1757436292405 17.490439159310778 288
1757436292469 17.43595184389121 289
1757436292533 17.38169744162035 290
1757436292620 17.32767412345303 291
1757436292762 17.273880084751426 292
1757436292846 17.220313544874134 293
1757436292941 17.166972746772895 294
1757436293015 17.113855956596854 295
1757436293107 17.060961463304185 296
1757436293238 17.00828757828092 297
1757436293346 16.9558326349669 298
1757436293418 16.903594988488553 299
1757436293470 16.851573015298605 300
1757436293522 16.799765112822328 301
1757436293571 16.748169699110356 302
1757436293624 16.69678521249792 303
1757436293672 16.645610111270305 304
1757436293720 16.59464287333446 305
1757436293767 16.54388199589665 306
1757436293815 16.493325995145984 307
1757436293862 16.44297340594372 308
1757436293909 16.392822781518287 309
1757436293956 16.34287269316577 310
1757436294006 16.29312172995597 311
1757436294063 16.24356849844369 312
1757436294110 16.194211622385318 313
1757436294157 16.14504974246054 314
1757436294204 16.096081515999053 315
1757436294250 16.047305616712265 316
1757436294295 15.998720734429776 317
1757436294341 15.95032557484065 318
1757436294387 15.902118859239305 319
1757436294432 15.854099324276007 320
1757436294476 15.806265721711792 321
1757436294524 15.758616818177803 322
1757436294572 15.711151394938907 323
1757436294617 15.663868247661584 324
1757436294663 15.616766186185878 325
1757436294708 15.569844034301473 326
1757436294754 15.523100629527702 327
1757436294798 15.476534822897502 328
1757436294841 15.430145478745175 329
1757436294885 15.383931474497896 330
1757436294930 15.337891700470939 331
1757436294975 15.292025059666493 332
1757436295021 15.246330467576035 333
1757436295071 15.200806851986163 334
1757436295119 15.155453152787885 335
1757436295163 15.110268321789206 336
1757436295207 15.065251322531033 337
1757436295252 15.020401130106288 338
1757436295296 14.9757167309822 339
1757436295341 14.93119712282568 340
1757436295385 14.886841314331742 341
1757436295430 14.842648325054938 342
1757436295474 14.79861718524369 343
1757436295520 14.754746935677531 344
1757436295564 14.711036627507122 345
1757436295610 14.667485322097106 346
1757436295654 14.624092090871605 347
1757436295699 14.580856015162457 348
1757436295744 14.53777618606001 349
1757436295789 14.494851704266535 350
1757436295833 14.45208167995213 351
1757436295877 14.4094652326131 352
1757436295948 14.36700149093279 353
1757436295992 14.324689592644775 354
1757436296036 14.282528684398414 355
1757436296082 14.240517921626685 356
1757436296128 14.19865646841628 357
1757436296174 14.156943497379917 358
1757436296219 14.11537818953082 359
1757436296264 14.07395973415934 360
1757436296309 14.03268732871167 361
1757436296354 13.991560178670607 362
1757436296398 13.950577497438337 363
1757436296442 13.909738506221201 364
1757436296491 13.869042433916414 365
1757436296536 13.828488517000686 366
1757436296582 13.78807599942072 367
1757436296626 13.747804132485562 368
1757436296673 13.70767217476073 369
1757436296720 13.667679391964166 370
1757436296767 13.627825056863877 371
1757436296815 13.588108449177337 372
1757436296870 13.54852885547253 373
1757436296918 13.509085569070681 374
1757436296966 13.469777889950564 375
1757436297087 13.430605124654447 376
1757436297199 13.391566586195578 377
1757436297345 13.35266159396721 378
1757436297462 13.31388947365311 379
1757436297539 13.275249557139599 380
1757436297660 13.236741182429004 381
1757436297755 13.19836369355456 382
1757436297837 13.160116440496713 383
1757436297889 13.121998779100771 384
1757436297942 13.084010070995967 385
1757436297994 13.046149683515798 386
1757436298042 13.008416989619693 387
1757436298092 12.970811367815973 388
1757436298149 12.933332202086028 389
1757436298198 12.895978881809807 390
1757436298248 12.858750801692445 391
1757436298298 12.821647361692133 392
1757436298347 12.784667966949142 393
1757436298396 12.747812027716016 394
1757436298446 12.711078959288873 395
1757436298496 12.674468181939835 396
1757436298546 12.637979120850565 397
1757436298595 12.601611206046833 398
1757436298644 12.565363872334196 399
1757436298691 12.52923655923465 400
1757436298740 12.493228710924365 401
1757436298787 12.457339776172374 402
1757436298835 12.42156920828026 403
1757436298883 12.385916465022818 404
1757436298930 12.350381008589666 405
1757436298979 12.314962305527747 406
1757436299026 12.279659826684828 407
1757436299073 12.244473047153829 408
1757436299120 12.209401446218054 409
1757436299176 12.174444507297318 410
1757436299227 12.139601717894909 411
1757436299276 12.104872569545384 412
1757436299324 12.070256557763193 413
1757436299371 12.03575318199212 414
1757436299419 12.001361945555551 415
1757436299465 11.96708235560745 416
1757436299514 11.93291392308418 417
1757436299562 11.898856162657033 418
1757436299609 11.86490859268554 419
1757436299656 11.831070735171474 420
1757436299703 11.797342115713619 421
1757436299752 11.763722263463187 422
1757436299798 11.73021071107997 423
1757436299844 11.696806994689185 424
1757436299890 11.663510653838944 425
1757436299939 11.630321231458412 426
1757436299986 11.597238273816624 427
1757436300033 11.564261330481914 428
1757436300080 11.531389954281982 429
1757436300127 11.498623701264583 430
1757436300182 11.465962130658799 431
1757436300229 11.43340480483693 432
1757436300276 11.400951289276971 433
1757436300323 11.36860115252564 434
1757436300370 11.336353966161981 435
1757436300418 11.30420930476155 436
1757436300466 11.272166745861094 437
1757436300514 11.240225869923817 438
1757436300561 11.208386260305156 439
1757436300608 11.176647503219066 440
1757436300655 11.145009187704837 441
1757436300702 11.113470905594378 442
1757436300750 11.082032251480035 443
1757436300797 11.05069282268288 444
1757436300845 11.019452219221455 445
1757436300892 10.988310043781023 446
1757436300939 10.95726590168325 447
1757436300987 10.926319400856372 448
1757436301037 10.89547015180574 449
1757436301084 10.864717767584917 450
1757436301130 10.834061863767092 451
1757436301188 10.803502058416985 452
1757436301236 10.77303797206316 453
1757436301284 10.74266922767072 454
1757436301331 10.712395450614457 455
1757436301381 10.682216268652331 456
1757436301435 10.652131311899396 457
1757436301495 10.622140212802105 458
1757436301554 10.592242606112944 459
1757436301627 10.562438128865491 460
1757436301796 10.532726420349821 461
1757436301911 10.503107122088263 462
1757436302054 10.473579877811506 463
1757436302109 10.444144333435105 464
1757436302189 10.414800137036224 465
1757436302306 10.385546938830828 466
1757436302417 10.356384391151138 467
1757436302497 10.327312148423426 468
1757436302549 10.298329867146137 469
1757436302601 10.269437205868318 470
1757436302652 10.240633825168368 471
1757436302702 10.21191938763308 472
1757436302754 10.183293557836986 473
1757436302806 10.154756002322 474
1757436302857 10.12630638957734 475
1757436302907 10.097944390019768 476
1757436302958 10.069669675974069 477
1757436303009 10.041481921653814 478
1757436303060 10.01338080314243 479
1757436303110 9.985365998374503 480
1757436303160 9.957437187117337 481
1757436303211 9.929594050952817 482
1757436303261 9.901836273259471 483
1757436303311 9.874163539194816 484
1757436303361 9.846575535677959 485
1757436303410 9.819071951372397 486
1757436303458 9.791652476669105 487
1757436303508 9.764316803669823 488
1757436303558 9.737064626170612 489
1757436303607 9.709895639645575 490
1757436303655 9.682809541230865 491
1757436303704 9.65580602970888 492
1757436303752 9.628884805492707 493
1757436303803 9.602045570610704 494
1757436303853 9.575288028691386 495
1757436303903 9.548611884948459 496
1757436303953 9.522016846166066 497
1757436304001 9.49550262068425 498
1757436304050 9.469068918384602 499
