1757490708688 172.2434791354373 0
1757490708780 159.99224557179042 1
1757490708876 162.46724433645463 2
1757490708964 154.3986945091099 3
1757490709049 168.05226871794574 4
1757490709133 179.95418826250508 5
1757490709217 164.92337488734915 6
1757490709299 143.1448983981794 7
1757490709379 172.5174756341479 8
1757490709462 162.09575148870144 9
1757490709547 147.1225719049678 10
1757490709632 155.97198855392432 11
1757490709714 180.08177523610138 12
1757490709796 172.49424769509153 13
1757490709874 162.14005455743012 14
1757490709957 182.70738738650869 15
1757490710038 161.2281506832155 16
1757490710167 179.29283689751674 17
1757490710252 194.23967767239438 18
1757490710338 190.33642126283928 19
1757490710422 176.4975510277743 20
1757490710504 162.5537756262879 21
1757490710588 166.8663742294604 22
1757490710670 151.02461736852462 23
1757490710752 160.95893892882356 24
1757490710850 176.06506106250842 25
1757490710936 169.0271216242558 26
1757490711021 154.88263311274818 27
1757490711106 168.87772347934558 28
1757490711188 155.56379093764227 29
1757490711272 180.31011154762905 30
1757490711355 171.24485620028915 31
1757490711439 178.39654795306114 32
1757490711521 164.35671447055557 33
1757490711606 179.2889687508992 34
1757490711690 173.343075632891 35
1757490711773 171.61356678416334 36
1757490711862 170.7528090152985 37
1757490711944 172.74246679818174 38
1757490712025 156.94090893713744 39
1757490712110 175.09328138448333 40
1757490712230 162.01621150751745 41
1757490712324 161.34713739122546 42
1757490712413 164.50499409202607 43
1757490712498 164.48929069255644 44
1757490712584 183.0290983145608 45
1757490712676 167.51569471388984 46
1757490712763 149.27459181103828 47
1757490712873 168.24676290837877 48
1757490713051 168.85577804001483 49
1757490713259 167.14980418508304 50
1757490713434 177.32814938101254 51
1757490713661 160.58670492213653 52
1757490713795 170.25749683512 53
1757490713997 169.99406874140305 54
1757490714197 165.01244764920398 55
1757490714311 154.049603983596 56
1757490714445 170.38625155310882 57
1757490714553 150.1826480580911 58
1757490714656 160.03860201394102 59
1757490714757 179.86627146959734 60
1757490714860 167.7398045587883 61
1757490714957 167.25486715979605 62
1757490715049 146.1604019163452 63
1757490715146 178.0802190246481 64
1757490715239 164.57337717552107 65
1757490715333 142.8703182578027 66
1757490715423 159.79300736930153 67
1757490715510 166.04007516142474 68
1757490715599 173.1099560794973 69
1757490715687 170.3380270480006 70
1757490715774 172.57581029098893 71
1757490715861 180.1360409406434 72
1757490715959 164.68092697836218 73
