1757573040211 41.85814775095995 0
1757573040287 34.549666915836326 1
1757573040369 59.66368651839023 2
1757573040475 11.191158054734272 3
1757573040562 10.78013315441332 4
1757573040650 10.327234510417997 5
1757573040729 19.54855002366912 6
1757573040816 7.181978575701363 7
1757573040898 9.403126332927872 8
1757573040982 5.402794714744161 9
1757573041086 4.375481878739795 10
1757573041197 22.04127104462048 11
1757573041281 2.8165650845708563 12
1757573041376 1.7639651256049222 13
1757573041453 1.3867181166379556 14
1757573041537 1.2937764742185531 15
1757573041616 1.4666374724642535 16
1757573041692 1.028073424881693 17
1757573041762 0.7477498315499299 18
1757573041833 0.6018056543188316 19
1757573041903 0.6259292884138448 20
1757573041970 0.5439633962899469 21
1757573042036 0.4808578931126571 22
1757573042144 0.5763444274090177 23
1757573042211 0.31781141893045817 24
1757573042281 0.2394874894755952 25
1757573042346 0.243879238148144 26
1757573042411 0.2701318517508424 27
1757573042474 0.2589396134275591 28
1757573042538 0.23035336551580282 29
1757573042612 0.1602615887541342 30
1757573042678 0.31356622768572634 31
1757573042748 0.1592383387360375 32
1757573042997 0.7902016011372271 33
1757573043162 0.19300417191004107 34
1757573043299 0.12439669478380283 35
1757573043382 0.12023105919651284 36
1757573043479 0.12537373289323736 37
1757573043653 0.1435618303887413 38
1757573043773 0.09770931054549709 39
1757573043874 0.1429802285986738 40
1757573043944 0.11991665770776454 41
1757573044012 0.14120955147845637 42
1757573044082 0.11949575266250866 43
1757573044163 0.13911191653367316 44
1757573044231 0.12954494188006327 45
1757573044296 0.11768840673187252 46
1757573044371 0.09863167258640847 47
1757573044438 0.1457278159547997 48
1757573044501 0.13299868270984766 49
1757573044568 0.10370544611002513 50
1757573044634 0.09837848306202783 51
1757573044705 0.0834748827523719 52
1757573044770 0.08534707605323306 53
1757573044836 0.10542184575561155 54
1757573044903 0.11696625339917908 55
1757573044968 0.12370140499942751 56
1757573045033 0.08775425030432285 57
1757573045097 0.0927155269338437 58
1757573045176 0.11197190827940037 59
1757573045240 0.12283500370724962 60
1757573045303 0.10732604628186136 61
1757573045371 0.1334812601376912 62
1757573045435 0.07478888953553689 63
1757573045498 0.0859864585300951 64
1757573045560 0.09628337318600759 65
1757573045623 0.0562004883092482 66
1757573045694 0.09936623883871483 67
1757573045757 0.1094481368742078 68
1757573045820 0.1044347009180079 69
1757573045883 0.08146315133167203 70
1757573045943 0.10396890977730444 71
1757573046003 0.08965034085112132 72
1757573046068 0.16497824811033476 73
1757573046128 0.06215984208736931 74
1757573046201 0.08408494381225447 75
1757573046267 0.10858518718685682 76
1757573046329 0.08702836717665548 77
1757573046394 0.10916723653853654 78
1757573046459 0.10632209864682854 79
1757573046520 0.09445724948317404 80
1757573046580 0.08604883388595597 81
1757573046640 0.09456859698960733 82
1757573046710 0.0825044507314652 83
1757573046775 0.16993426729608777 84
1757573046855 0.09724368056496045 85
1757573046919 0.08465814648465571 86
1757573046982 0.16270607357542166 87
1757573047044 0.1261077861268488 88
1757573047116 0.09471571432489725 89
1757573047179 0.08756602241491074 90
1757573047249 0.15910920959488867 91
1757573047314 0.08505110592764911 92
1757573047380 0.10144238448531513 93
1757573047447 0.09522227979952647 94
1757573047512 0.08046080035443437 95
1757573047577 0.11810545172993478 96
1757573047641 0.09107932539593398 97
1757573047708 0.09853650698136349 98
1757573047792 0.09062051053013269 99
1757573047861 0.0764428655389984 100
1757573047928 0.12102422953221553 101
1757573047996 0.09070053945031474 102
1757573048062 0.16940036560859123 103
1757573048126 0.09330386351663536 104
1757573048191 0.11845504237277471 105
1757573048274 0.10899554540192717 106
1757573048343 0.08445011934253813 107
1757573048411 0.09394259985815487 108
1757573048480 0.12585934345126307 109
1757573048546 0.11562886753591221 110
1757573048609 0.10242997373582402 111
1757573048675 0.08917250903652907 112
1757573048741 0.11721639356574882 113
1757573048809 0.07723074617884894 114
1757573048876 0.1435487242242119 115
1757573048943 0.1180120508063725 116
1757573049006 0.10250724495313192 117
1757573049072 0.10670375642108743 118
1757573049139 0.11702629927811065 119
1757573049202 0.08403502018264054 120
1757573049277 0.09292760781204762 121
1757573049346 0.11105912838309179 122
1757573049409 0.10555305320094431 123
1757573049479 0.11943967863444944 124
1757573049544 0.1395070645828897 125
1757573049608 0.12471543953147814 126
1757573049674 0.07791945258109786 127
1757573049746 0.08936285530782082 128
1757573049817 0.08396058116641623 129
1757573049885 0.09893385813383906 130
1757573049950 0.10471225107915519 131
1757573050014 0.1142584521051016 132
1757573050079 0.11063236227687068 133
1757573050144 0.11268530190305596 134
1757573050210 0.0683529747068928 135
1757573050334 0.12455571729982974 136
1757573050432 0.09274410161392513 137
1757573050542 0.08035943503897074 138
1757573050619 0.0847907547066828 139
1757573050690 0.13360254132243646 140
1757573050765 0.10859185480962504 141
1757573050835 0.0906794487495608 142
1757573050910 0.12884746042504547 143
1757573050977 0.06802909470425834 144
1757573051044 0.08520157707231457 145
1757573051113 0.15980611126504288 146
1757573051182 0.07644068725982175 147
1757573051248 0.08794412159620436 148
1757573051326 0.09351108697848212 149
1757573051398 0.14728914798885434 150
1757573051471 0.08824091292069022 151
1757573051544 0.0864329662478032 152
1757573051611 0.09709300309587961 153
1757573051679 0.10607555894111703 154
1757573051746 0.0773602695271236 155
1757573051814 0.1027488868400905 156
1757573051888 0.12862794573682726 157
1757573051955 0.12632279203896932 158
1757573052023 0.07932510373588499 159
1757573052094 0.13251014712746673 160
1757573052161 0.09308129179182871 161
1757573052227 0.07711791528875012 162
1757573052306 0.11523021041776534 163
1757573052374 0.11435691224591811 164
1757573052448 0.13928213375770387 165
1757573052520 0.10417854692043307 166
1757573052588 0.1102657291760647 167
1757573052657 0.095398645545818 168
1757573052723 0.11235658673130752 169
1757573052789 0.09104252590821495 170
1757573052862 0.10349029526657431 171
1757573052938 0.08176929356528619 172
1757573053005 0.06952873073156926 173
1757573053071 0.10338072575386781 174
1757573053136 0.06862589949783715 175
1757573053202 0.10878561498064086 176
1757573053267 0.1258269368576687 177
1757573053344 0.13144054990401985 178
1757573053414 0.17225890023198714 179
1757573053489 0.12288648778828293 180
1757573053558 0.12300021872249418 181
1757573053627 0.0926381160756495 182
1757573053693 0.09123391112875189 183
1757573053759 0.08639372596944822 184
1757573053825 0.14244363636300664 185
1757573053892 0.07609027807210669 186
1757573053962 0.1953784550200036 187
1757573054029 0.10098924848470203 188
1757573054095 0.06906991866213387 189
1757573054162 0.1303727068020076 190
1757573054228 0.14004454558407445 191
1757573054295 0.08614914695822903 192
1757573054371 0.1176826017818799 193
1757573054437 0.06872787776998701 194
1757573054517 0.12833788780843444 195
1757573054587 0.07986814295507177 196
1757573054656 0.13817477010002457 197
1757573054722 0.10906550025766507 198
1757573054789 0.09064065048261577 199
1757573054857 0.11252836859538298 200
1757573054924 0.12040562998510812 201
1757573054993 0.15645213451222983 202
1757573055059 0.11823457352653655 203
1757573055127 0.20567030957456406 204
1757573055192 0.08711573208019421 205
1757573055258 0.0989053252501695 206
1757573055327 0.11487273076207766 207
1757573055401 0.10739118981068133 208
1757573055465 0.1394697932433874 209
1757573055538 0.1605907845344871 210
1757573055606 0.1660173841323263 211
1757573055673 0.115848816052703 212
1757573055740 0.08560345478303613 213
1757573055805 0.10606977500201571 214
1757573055871 0.09184770152739154 215
1757573055938 0.0960574268556962 216
1757573056002 0.11958074013748157 217
1757573056072 0.1086685143921009 218
1757573056139 0.0727066588146775 219
1757573056203 0.10106027811857073 220
1757573056267 0.08901075687873367 221
1757573056380 0.09536330769499551 222
1757573056603 0.12666966454655962 223
1757573056794 0.0954893962945146 224
1757573056929 0.07933742075103967 225
1757573057060 0.08185796807074623 226
1757573057212 0.15348370690721647 227
1757573057418 0.10593798122365707 228
1757573057546 0.13614180331552767 229
1757573057836 0.08111005112084854 230
1757573057985 0.09569624915781379 231
1757573058092 0.04615092876191846 232
1757573058199 0.08644609405813684 233
1757573058290 0.1110402427319382 234
1757573058387 0.0798653151618992 235
1757573058488 0.08712314771245888 236
1757573058578 0.07219037790250303 237
1757573058695 0.11053822837663022 238
1757573058824 0.07058825257672645 239
1757573058927 0.10480273545716504 240
1757573059011 0.10298793572541609 241
1757573059095 0.11887991095578336 242
1757573059178 0.08146245969061412 243
1757573059253 0.10367988924978921 244
1757573059330 0.10723834572631531 245
1757573059402 0.15360718542369325 246
1757573059477 0.08364812202653239 247
1757573059554 0.062152216680793106 248
1757573059628 0.10364718336666025 249
1757573059705 0.09415984052456097 250
1757573059778 0.08366057102016172 251
1757573059851 0.09112271884153007 252
1757573059921 0.10898684251802918 253
1757573059991 0.11270639610450275 254
1757573060061 0.08970880032437953 255
1757573060133 0.14337343849309714 256
1757573060208 0.03972446043406115 257
1757573060278 0.10932903939122966 258
1757573060362 0.10437226801256867 259
1757573060442 0.15631095536537534 260
1757573060512 0.10172834146336711 261
1757573060579 0.19187419327069719 262
1757573060646 0.11668652553731369 263
1757573060722 0.1214650985681762 264
1757573060789 0.09352564942228733 265
1757573060859 0.07912867504962008 266
1757573060928 0.08851023580704201 267
1757573060994 0.08290803996709618 268
1757573061061 0.1135308786631556 269
1757573061131 0.10203809915649989 270
1757573061198 0.12987937287088844 271
1757573061271 0.1388165719878336 272
1757573061341 0.05830125716190238 273
1757573061406 0.18960327376698638 274
1757573061480 0.1161611437266106 275
1757573061552 0.11994469397846524 276
1757573061618 0.09151047501167066 277
1757573061683 0.09361468417402073 278
1757573061757 0.10310662597046309 279
1757573061824 0.09510328244571442 280
1757573061895 0.07488106197712291 281
1757573061962 0.12794199321899102 282
1757573062035 0.10105379775775669 283
1757573062101 0.1178601234089122 284
1757573062169 0.07560464988213227 285
1757573062239 0.16068005716821634 286
1757573062314 0.17742925123152545 287
1757573062384 0.11501922483066684 288
1757573062454 0.09003325859910295 289
1757573062532 0.08301606171603464 290
1757573062603 0.08736776362085229 291
1757573062673 0.10695491241759313 292
1757573062742 0.08948198080500502 293
1757573062815 0.1244160454844046 294
1757573062886 0.10908219930263073 295
1757573062956 0.09113085883771614 296
1757573063022 0.11379240735760601 297
1757573063091 0.12172105466144834 298
1757573063159 0.10554860156264113 299
1757573063225 0.10338892620206903 300
1757573063291 0.0915192870725318 301
1757573063366 0.08705371253139176 302
1757573063435 0.1682788412522212 303
1757573063512 0.104006294450878 304
1757573063585 0.09021915802129174 305
1757573063653 0.20104821046096583 306
1757573063721 0.09268714051740162 307
1757573063789 0.06992326128957715 308
1757573063860 0.08033989016401408 309
1757573063932 0.1314339366333066 310
1757573064000 0.11718561962163038 311
1757573064071 0.10360988773107174 312
1757573064140 0.09893773997455937 313
1757573064212 0.0903337882183436 314
1757573064279 0.10490715124882409 315
1757573064352 0.07930808481575753 316
1757573064423 0.09507295539043419 317
1757573064492 0.13202903195232377 318
1757573064569 0.12381263251918699 319
1757573064639 0.12743235562664385 320
1757573064712 0.04965514388672449 321
1757573064783 0.05624817611784888 322
1757573064863 0.10810691071979946 323
1757573064938 0.09786790809803445 324
1757573065010 0.13646180090808066 325
1757573065083 0.076432342064177 326
1757573065153 0.12995815774870723 327
1757573065224 0.09718439392175113 328
1757573065293 0.15628772373879354 329
1757573065368 0.07534701536484802 330
1757573065438 0.07727417383765403 331
1757573065510 0.08191967118489674 332
1757573065587 0.13721816710830506 333
1757573065655 0.11902239037537841 334
1757573065726 0.11608774941571695 335
1757573065801 0.11004528952389551 336
1757573065870 0.11436081130389054 337
1757573065948 0.1558108903227599 338
1757573066019 0.1462890853291326 339
1757573066088 0.14940102015277262 340
1757573066159 0.09312858996117358 341
1757573066230 0.11742896966824462 342
1757573066299 0.15590075152721286 343
1757573066369 0.12217779216153143 344
1757573066445 0.0898402873846924 345
1757573066514 0.10656559654506652 346
1757573066595 0.12579350449226193 347
1757573066665 0.12353678138117474 348
1757573066734 0.11024806405717631 349
1757573066803 0.1340235368989405 350
1757573066873 0.06477952900250254 351
1757573066950 0.09139013791939493 352
1757573067020 0.17403409863858552 353
1757573067095 0.09842456774785652 354
1757573067166 0.13174083730402683 355
1757573067235 0.0902062418246071 356
1757573067304 0.10235640384372595 357
1757573067372 0.08427665328490197 358
1757573067445 0.09548849732650955 359
1757573067516 0.09069307650475036 360
1757573067594 0.1568801160852953 361
1757573067663 0.08641620023381105 362
1757573067735 0.10049183989690776 363
1757573067803 0.1045876978754835 364
1757573067870 0.12741017965701656 365
1757573067950 0.09749300750228287 366
1757573068026 0.12847036768852182 367
1757573068096 0.08594043183318784 368
1757573068221 0.07402911925296893 369
1757573068302 0.15681669464246292 370
1757573068377 0.09220874776567008 371
1757573068450 0.11728874999189079 372
1757573068531 0.09642556049548101 373
1757573068615 0.07896842773431956 374
1757573068690 0.06858076461385486 375
1757573068766 0.13455195722204918 376
1757573068836 0.09692996773101487 377
1757573068906 0.07656365525699725 378
1757573068981 0.12052633661132006 379
1757573069060 0.09970752893208809 380
1757573069142 0.13585210329548159 381
1757573069219 0.07203913278536052 382
1757573069289 0.09875721589623676 383
1757573069361 0.08130651234546865 384
1757573069431 0.12161527974815053 385
1757573069507 0.11515174228313753 386
1757573069592 0.07700874764763137 387
1757573069666 0.13244198967700185 388
1757573069736 0.11227600764276274 389
1757573069810 0.08861759479281311 390
1757573069880 0.1279165973117681 391
1757573069950 0.11420124519194139 392
1757573070034 0.1078219561665429 393
1757573070104 0.11531486251925292 394
1757573070181 0.08812439408268737 395
1757573070254 0.11940656672663987 396
1757573070324 0.06347998801763588 397
1757573070397 0.07772453803439575 398
1757573070469 0.08471241367681877 399
1757573070543 0.08317536399796636 400
1757573070623 0.11884076043085597 401
1757573070698 0.08852504941941801 402
1757573070769 0.08188771812515733 403
1757573070840 0.12995808732326003 404
1757573070913 0.10563964425614931 405
1757573070988 0.13560053232516336 406
1757573071166 0.0731068966750294 407
1757573071351 0.05687702899510863 408
1757573071498 0.11087605117065702 409
1757573071604 0.11545767674238873 410
1757573071714 0.12948115651698483 411
1757573071866 0.11299322834396115 412
1757573071979 0.1640341946668128 413
1757573072086 0.08986014760990352 414
1757573072170 0.1220722704219354 415
1757573072246 0.09275150313147014 416
1757573072320 0.12612918781019172 417
1757573072394 0.1125042212445763 418
1757573072469 0.11487829339472422 419
1757573072543 0.1032117173918408 420
1757573072621 0.10353670813165307 421
1757573072703 0.0906530756847612 422
1757573072777 0.09103039183115821 423
1757573072853 0.09505141130249312 424
1757573072927 0.10882466173890762 425
1757573073002 0.13051697453083622 426
1757573073075 0.11033969973851773 427
1757573073158 0.09614565479902419 428
1757573073235 0.11608127265195917 429
1757573073306 0.1067289991748617 430
1757573073376 0.1416671304011885 431
1757573073449 0.1165693565405282 432
1757573073520 0.10770470960455848 433
1757573073590 0.11701635372113378 434
1757573073669 0.08711739796544495 435
1757573073744 0.09431299239864846 436
1757573073815 0.10552935520848329 437
1757573073888 0.12065149380992565 438
1757573073962 0.09320548327805395 439
1757573074034 0.1225504916600634 440
1757573074105 0.07802931764849347 441
1757573074192 0.10153331220404078 442
1757573074295 0.0968975006660185 443
1757573074384 0.07647863884075935 444
1757573074479 0.09864758356623926 445
1757573074579 0.10577174632150162 446
1757573074697 0.1600602572082381 447
1757573074794 0.10615464982285278 448
1757573074885 0.08430797418005584 449
1757573074978 0.0861253843004068 450
1757573075075 0.13092113460902663 451
1757573075158 0.09748218514861821 452
1757573075267 0.1132510192534685 453
1757573075358 0.10990076971362937 454
1757573075443 0.11808743344478437 455
1757573075535 0.10719046205131383 456
1757573075683 0.10751416705600055 457
1757573075885 0.09930061222908478 458
1757573075979 0.15764086535774313 459
1757573076083 0.11769327251720098 460
1757573076196 0.11176627667065006 461
1757573076509 0.1252973893923264 462
1757573076621 0.15595214272256547 463
1757573076722 0.16202713505200123 464
1757573076831 0.08281576877520636 465
1757573076927 0.09918970904245245 466
1757573077030 0.07857493477462968 467
1757573077117 0.09498477613847407 468
1757573077203 0.10373933509928293 469
1757573077298 0.14002198404871855 470
1757573077400 0.19183944470339576 471
1757573077490 0.09563782657831776 472
1757573077605 0.09931275935719046 473
1757573077721 0.12345384404044828 474
1757573077827 0.08233498070495286 475
1757573077940 0.16284200015930236 476
1757573078033 0.1119082185049391 477
1757573078123 0.14223769786346166 478
1757573078208 0.0932217397523616 479
1757573078292 0.11927289158884344 480
1757573078371 0.0998531327774168 481
1757573078450 0.15565365881996862 482
1757573078543 0.10912548270991043 483
1757573078622 0.08012592709777946 484
1757573078699 0.08695871632890419 485
1757573078784 0.0993469029033371 486
1757573078871 0.11135618647999768 487
1757573078946 0.09504544622474431 488
1757573079040 0.07829165173238731 489
1757573079123 0.07011255671789662 490
1757573079199 0.09188577503489198 491
1757573079275 0.14436467662725486 492
1757573079360 0.12909927215313013 493
1757573079435 0.11552844092817592 494
1757573079510 0.11481794907585259 495
1757573079593 0.1532053333768341 496
1757573079664 0.1146587114032989 497
1757573079737 0.10340358639605889 498
1757573079811 0.14000857526793622 499
