1757431370187 176.76335787879776 0
1757431370223 175.3718078641939 1
1757431370251 174.67950211349086 2
1757431370280 173.98940803657717 3
1757431370307 173.30156099641832 4
1757431370335 172.61595913365767 5
1757431370363 171.93260074100343 6
1757431370398 171.25148412870985 7
1757431370445 170.57260762473013 8
1757431370479 169.89596957453045 9
1757431370508 169.22156834090532 10
1757431370536 168.54940230379464 11
1757431370565 167.8794698601034 12
1757431370593 167.21205618845514 13
1757431370624 166.54702307146783 14
1757431370652 165.8843504593121 15
1757431370681 165.22402900569318 16
1757431370713 164.566049430915 17
1757431370753 163.91040259415877 18
1757431370779 163.2570794908948 19
1757431370807 162.6060712508583 20
1757431370835 161.95736913605208 21
1757431370861 161.3109645387789 22
1757431370888 160.6668489797026 23
1757431370914 160.0250141059388 24
1757431370941 159.38545168917364 25
1757431370971 158.7481536238103 26
1757431371002 158.11311192514347 27
1757431371030 157.48031872756087 28
1757431371058 156.8497662827713 29
1757431371092 156.2214469580594 30
1757431371119 155.59535323456618 31
1757431371160 154.97147770559494 32
1757431371223 154.34981307494292 33
1757431371271 153.73035215525707 34
1757431371336 153.113087866415 35
1757431371366 152.49801323392944 36
1757431371441 151.88512138737667 37
1757431371502 151.2744055588484 38
1757431371582 150.66585908142645 39
1757431371625 150.05947538768035 40
1757431371653 149.45524800818717 41
1757431371681 148.85317057007342 42
1757431371708 148.25323679557837 43
1757431371748 147.6554405006394 44
1757431371778 147.05977559349745 45
1757431371812 146.4662360733241 46
1757431371839 145.87481602886848 47
1757431371867 145.28550963712456 48
1757431371895 144.69831116201837 49
1757431371923 144.1132149531142 50
1757431371950 143.5302154443409 51
1757431371978 142.94930715273614 52
1757431372006 142.37048467721036 53
1757431372034 141.7937426973282 54
1757431372062 141.21907597210864 55
1757431372089 140.64647933884277 56
1757431372120 140.07594771192902 57
1757431372148 139.5074760817261 58
1757431372176 138.9410595134226 59
1757431372204 138.3766931459234 60
1757431372233 137.81437219075315 61
1757431372262 137.25409193097536 62
1757431372290 136.69584772012809 63
1757431372317 136.13963498117513 64
1757431372345 135.5854492054732 65
1757431372373 135.03328595175378 66
1757431372402 134.48314084512106 67
1757431372430 133.9350095760637 68
1757431372459 133.3888878994823 69
1757431372487 132.8447716337307 70
1757431372515 132.30265665967164 71
1757431372543 131.76253891974662 72
1757431372571 131.22441441705956 73
1757431372599 130.68827921447382 74
1757431372628 130.15412943372314 75
1757431372657 129.62196125453525 76
1757431372685 129.09177091376895 77
1757431372715 128.56355470456376 78
1757431372756 128.03730897550233 79
1757431372786 127.51303012978522 80
1757431372815 126.99071462441813 81
1757431372843 126.47035896941101 82
1757431372875 125.95195972698906 83
1757431372903 125.4355135108157 84
1757431372931 124.92101698522693 85
1757431372960 124.40846686447708 86
1757431372991 123.89785991199568 87
1757431373021 123.38919293965566 88
1757431373051 122.88246280705215 89
1757431373079 122.37766642079215 90
1757431373107 121.8748007337947 91
1757431373138 121.37386274460151 92
1757431373168 120.87484949669776 93
1757431373197 120.37775807784308 94
1757431373226 119.88258561941241 95
1757431373256 119.38932929574678 96
1757431373285 118.89798632351346 97
1757431373313 118.40855396107608 98
1757431373342 117.92102950787364 99
1757431373370 117.43541030380904 100
1757431373399 116.95169372864662 101
1757431373427 116.46987720141867 102
1757431373456 115.98995817984081 103
1757431373484 115.51193415973587 104
1757431373513 115.03580267446658 105
1757431373541 114.5615612943766 106
1757431373578 114.08920762623974 107
1757431373606 113.61873931271765 108
1757431373635 113.15015403182517 109
1757431373664 112.68344949640408 110
1757431373693 112.21862345360438 111
1757431373721 111.75567368437326 112
1757431373758 111.29459800295189 113
1757431373790 110.83539425637947 114
1757431373831 110.37806032400486 115
1757431373861 109.92259411700525 116
1757431373889 109.46899357791213 117
1757431373918 109.0172566801443 118
1757431373946 108.56738142754776 119
1757431373975 108.11936585394255 120
1757431374006 107.67320802267608 121
1757431374034 107.22890602618351 122
1757431374067 106.78645798555424 123
1757431374097 106.34586205010515 124
1757431374126 105.90711639696003 125
1757431374156 105.47021923063531 126
1757431374186 105.03516878263193 127
1757431374215 104.6019633110333 128
1757431374244 104.17060110010925 129
1757431374275 103.74108045992585 130
1757431374307 103.31339972596098 131
1757431374336 102.88755725872572 132
1757431374365 102.46355144339131 133
1757431374394 102.04138068942163 134
1757431374424 101.62104343021116 135
1757431374453 101.20253812272847 136
1757431374482 100.78586324716474 137
1757431374513 100.37101730658765 138
1757431374542 99.95799882660047 139
1757431374572 99.5468063550062 140
1757431374601 99.13743846147656 141
1757431374631 98.72989373722609 142
1757431374661 98.32417079469099 143
1757431374691 97.9202682672127 144
1757431374720 97.51818480872639 145
1757431374758 97.11791909345379 146
1757431374798 96.71946981560079 147
1757431374827 96.32283568905946 148
1757431374857 95.92801544711463 149
1757431374886 95.53500784215456 150
1757431374915 95.14381164538618 151
1757431374944 94.75442564655447 152
1757431374974 94.36684865366597 153
1757431375004 93.98107949271636 154
1757431375034 93.59711700742238 155
1757431375064 93.21496005895736 156
1757431375093 92.83460752569084 157
1757431375122 92.45605830293215 158
1757431375153 92.0793113026777 159
1757431375183 91.70436545336202 160
1757431375213 91.33121969961262 161
1757431375242 90.9598730020083 162
1757431375274 90.59032433684122 163
1757431375311 90.2225726958825 164
1757431375342 89.85661708615116 165
1757431375373 89.49245652968672 166
1757431375406 89.13009006332489 167
1757431375438 88.769516738477 168
1757431375469 88.4107356209122 169
1757431375500 88.0537457905435 170
1757431375530 87.69854634121634 171
1757431375561 87.34513638050086 172
1757431375591 86.99351502948694 173
1757431375620 86.64368142258243 174
1757431375652 86.29563470731426 175
1757431375682 85.94937404413272 176
1757431375712 85.60489860621838 177
1757431375743 85.26220757929202 178
1757431375780 84.92130016142754 179
1757431375816 84.58217556286728 180
1757431375850 84.24483300584049 181
1757431375882 83.90927172438425 182
1757431375912 83.57549096416705 183
1757431375942 83.2434899823152 184
1757431375972 82.91326804724157 185
1757431376001 82.58482443847704 186
1757431376032 82.25815844650452 187
1757431376062 81.93326937259512 188
1757431376092 81.61015652864715 189
1757431376122 81.28881923702725 190
1757431376154 80.96925683041404 191
1757431376184 80.65146865164391 192
1757431376215 80.33545405355942 193
1757431376244 80.02121239885952 194
1757431376276 79.70874305995245 195
1757431376306 79.39804541881048 196
1757431376335 79.08911886682701 197
1757431376365 78.78196280467574 198
1757431376395 78.47657664217193 199
1757431376426 78.17295979813565 200
1757431376456 77.87111170025732 201
1757431376486 77.57103178496483 202
1757431376516 77.27271949729315 203
1757431376547 76.9761742907554 204
1757431376577 76.68139562721612 205
1757431376607 76.38838297676645 206
1757431376637 76.09713581760093 207
1757431376668 75.80765363589643 208
1757431376698 75.51993592569258 209
1757431376729 75.23398218877422 210
1757431376761 74.94979193455558 211
1757431376805 74.66736467996596 212
1757431376837 74.3866999493374 213
1757431376868 74.10779727429387 214
1757431376899 73.83065619364206 215
1757431376929 73.555276253264 216
1757431376960 73.281657006011 217
1757431376991 73.0097980115994 218
1757431377025 72.7396988365079 219
1757431377058 72.47135905387607 220
1757431377090 72.20477824340476 221
1757431377120 71.9399559912579 222
1757431377151 71.67689188996552 223
1757431377182 71.41558553832861 224
1757431377214 71.15603654132508 225
1757431377244 70.8982445100172 226
1757431377277 70.64220906146053 227
1757431377308 70.38792981861411 228
1757431377339 70.13540641025196 229
1757431377369 69.88463847087596 230
1757431377400 69.63562564063007 231
1757431377431 69.38836756521569 232
1757431377462 69.14286389580838 233
1757431377493 68.89911428897582 234
1757431377524 68.65711840659704 235
1757431377555 68.41687591578258 236
1757431377586 68.1783864887963 237
1757431377617 67.94164980297793 238
1757431377648 67.70666554066702 239
1757431377681 67.47343338912793 240
1757431377712 67.24195304047598 241
1757431377745 67.01222419160463 242
1757431377779 66.78424654411387 243
1757431377820 66.55832218295028 244
1757431377858 66.33504659831841 245
1757431377891 66.1139109756348 246
1757431377923 65.89486711231814 247
1757431377955 65.67785903537222 248
1757431377988 65.46283418484876 249
1757431378019 65.24974290790841 250
1757431378051 65.03853829977413 251
1757431378083 64.8291760444997 252
1757431378118 64.62161426527024 253
1757431378153 64.41581338339172 254
1757431378187 64.21173598547428 255
1757431378218 64.00934669833339 256
1757431378250 63.808612071161434 257
1757431378282 63.60950046454738 258
1757431378316 63.41198194594742 259
1757431378348 63.21602819123203 260
1757431378380 63.02161239195664 261
1757431378411 62.82870916802386 262
1757431378443 62.63729448542404 263
1757431378475 62.4473455787593 264
1757431378506 62.258840878273396 265
1757431378537 62.071854018158724 266
1757431378578 61.88720508812484 267
1757431378622 61.70428908188834 268
1757431378665 61.52304546473261 269
1757431378708 61.34340388550865 270
1757431378751 61.165299433404115 271
1757431378798 60.98867172846387 272
1757431378859 60.81346461370854 273
1757431378903 60.639625849696756 274
1757431378946 60.467106831864655 275
1757431378989 60.29586232824006 276
1757431379032 60.12585023609235 277
1757431379074 59.957031356152804 278
1757431379118 59.78936918313995 279
1757431379159 59.62282971141493 280
1757431379202 59.457381254676996 281
1757431379245 59.29299427868699 282
1757431379288 59.12964124608024 283
1757431379332 58.96729647239713 284
1757431379375 58.80593599252287 285
1757431379418 58.645537436785915 286
1757431379461 58.486079916018376 287
1757431379504 58.327543914932356 288
1757431379545 58.16991119321213 289
1757431379588 58.01316469376558 290
1757431379631 57.85728845761837 291
1757431379674 57.7022675449713 292
1757431379716 57.54808796197619 293
1757431379757 57.39473659281718 294
1757431379800 57.24220113671465 295
1757431379854 57.09047004949582 296
1757431379896 56.93953248940255 297
1757431379940 56.789378266829914 298
1757431379982 56.63999779771148 299
1757431380028 56.49138206028785 300
1757431380071 56.34352255501349 301
1757431380114 56.19641126737538 302
1757431380157 56.05004063341215 303
1757431380212 55.90440350773895 304
1757431380253 55.759493133896164 305
1757431380295 55.61530311685404 306
1757431380337 55.47182739751682 307
1757431380386 55.32906022908173 308
1757431380442 55.1869961551182 309
1757431380486 55.04562998924266 310
1757431380535 54.904956796273275 311
1757431380580 54.76497187475707 312
1757431380625 54.62567074076997 313
1757431380670 54.48704911289727 314
1757431380713 54.34910289830867 315
1757431380757 54.2118281798487 316
1757431380801 54.075221204068114 317
1757431380848 53.939278370128456 318
1757431380903 53.80399621951567 319
1757431380972 53.66937142650432 320
1757431381017 53.53540078931744 321
1757431381063 53.40208122193143 322
1757431381109 53.26940974647885 323
1757431381155 53.13738348620578 324
1757431381199 53.00599965894279 325
1757431381246 52.87525557105248 326
1757431381300 52.74514861181839 327
1757431381354 52.61567624824319 328
1757431381398 52.48683602022621 329
1757431381442 52.35862553609231 330
1757431381489 52.23104246844671 331
1757431381532 52.10408455033137 332
1757431381575 51.97774957166143 333
1757431381618 51.85203537592046 334
1757431381661 51.726939857096006 335
1757431381705 51.60246095683756 336
1757431381748 51.47859666182048 337
1757431381790 51.355345001300925 338
1757431381873 51.2327040448475 339
1757431382048 51.11067190023668 340
1757431382153 50.98924671149986 341
1757431382275 50.86842665711094 342
1757431382415 50.74820994830376 343
1757431382472 50.62859482751021 344
1757431382541 50.50957956690954 345
1757431382653 50.391162467081074 346
1757431382757 50.27334185575237 347
1757431382839 50.156116086635855 348
1757431382911 50.03948353834725 349
1757431382948 49.923442613399786 350
1757431382985 49.808539989077545 351
1757431383023 49.69450111569751 352
1757431383066 49.581290010413696 353
1757431383105 49.46888869119863 354
1757431383210 49.357279511505105 355
1757431383332 49.24644540626424 356
1757431383411 49.13636986353882 357
1757431383495 49.02703690185289 358
1757431383556 48.918431048655975 359
1757431383640 48.8105373199244 360
1757431383713 48.70334120082486 361
1757431383823 48.59682862737262 362
1757431383903 48.49098596902135 363
1757431383949 48.385800012126175 364
1757431383989 48.281257944225665 365
1757431384041 48.1773473390921 366
1757431384134 48.074056142503196 367
1757431384175 47.971372658691436 368
1757431384229 47.86928553743049 369
1757431384354 47.76778376172068 370
1757431384427 47.666856636038304 371
1757431384521 47.56649377511611 372
1757431384587 47.46668509322403 373
1757431384684 47.36742079392175 374
1757431384781 47.268691360256625 375
1757431384853 47.17048754538174 376
1757431384965 47.07280036357139 377
1757431385091 46.97562108161177 378
1757431385161 46.878941210547076 379
1757431385232 46.78275249776187 380
1757431385315 46.68704691938196 381
1757431385408 46.59181667297741 382
1757431385484 46.49705417055191 383
1757431385524 46.402752031804255 384
1757431385602 46.308903077648 385
1757431385698 46.21550032397676 386
1757431385766 46.122536975663074 387
1757431385805 46.03000642077937 388
1757431385955 45.93790222503099 389
1757431386008 45.846218126390546 390
1757431386099 45.75494802992508 391
1757431386155 45.664086002806485 392
1757431386235 45.57362626949746 393
1757431386318 45.483563207104815 394
1757431386414 45.39389134089289 395
1757431386540 45.304605339950214 396
1757431386690 45.21570001300261 397
1757431386781 45.12717030436678 398
1757431386820 45.03901129003831 399
1757431386859 44.95121817390868 400
1757431386902 44.863786284105956 401
1757431386940 44.77671106945408 402
1757431386986 44.68998809604632 403
1757431387025 44.603613043928064 404
1757431387063 44.51758170388496 405
1757431387099 44.43188997433215 406
1757431387134 44.34653385830102 407
1757431387168 44.261509460519505 408
1757431387204 44.176812984582725 409
1757431387241 44.092440730210434 410
1757431387278 44.00838909058835 411
1757431387313 43.92465454979018 412
1757431387348 43.84123368027744 413
1757431387382 43.758123140474495 414
1757431387417 43.67531967241608 415
1757431387452 43.59282009946482 416
1757431387487 43.51062132409633 417
1757431387522 43.42872032574963 418
1757431387561 43.34711415874072 419
1757431387596 43.26579995023699 420
1757431387632 43.184774898290875 421
1757431387669 43.10403626993032 422
1757431387707 43.02358139930452 423
1757431387746 42.94340768588311 424
1757431387785 42.86351259270694 425
1757431387822 42.78389364468897 426
1757431387857 42.704548426963576 427
1757431387892 42.6254745832828 428
1757431387930 42.54666981445806 429
1757431387968 42.468131876845895 430
1757431388004 42.38985858087639 431
1757431388042 42.31184778962306 432
1757431388077 42.2340974174127 433
1757431388113 42.15660542847422 434
1757431388148 42.079369835625236 435
1757431388183 42.00238869899511 436
1757431388219 41.9256601247836 437
1757431388255 41.849182264053816 438
1757431388294 41.772953311558766 439
1757431388336 41.696971504600086 440
1757431388372 41.62123512191838 441
1757431388408 41.545742482614095 442
1757431388444 41.47049194509798 443
1757431388479 41.39548190607032 444
1757431388516 41.32071079952824 445
1757431388554 41.24617709579995 446
1757431388593 41.171879300605546 447
1757431388636 41.09781595414323 448
1757431388674 41.02398563020053 449
1757431388711 40.950386935289615 450
1757431388748 40.87701850780601 451
1757431388790 40.80387901721026 452
1757431388829 40.730967163231554 453
1757431388866 40.65828167509307 454
1757431388902 40.58582131075806 455
1757431388940 40.51358485619629 456
1757431388985 40.44157112467038 457
1757431389026 40.369778956041166 458
1757431389065 40.29820721609177 459
1757431389104 40.22685479586985 460
1757431389143 40.15572061104746 461
1757431389178 40.084803601298034 462
1757431389216 40.01410272969005 463
1757431389256 39.94361698209686 464
1757431389295 39.873345366622345 465
1757431389335 39.8032869130418 466
1757431389373 39.73344067225778 467
1757431389412 39.66380571577035 468
1757431389452 39.59438113516149 469
1757431389491 39.5251660415932 470
1757431389532 39.45615956531879 471
1757431389571 39.38736085520729 472
1757431389611 39.31876907828035 473
1757431389650 39.2503834192614 474
1757431389687 39.18220308013681 475
1757431389728 39.114227279728446 476
1757431389767 39.04645525327779 477
1757431389808 38.97888625204067 478
1757431389847 38.911519542892954 479
1757431389886 38.84435440794652 480
1757431389926 38.77739014417519 481
1757431389961 38.710626063050725 482
1757431390005 38.644061490188115 483
1757431390046 38.577695765000385 484
1757431390086 38.511528240362246 485
1757431390126 38.44555828228271 486
1757431390165 38.379785269586144 487
1757431390203 38.31420859360169 488
1757431390241 38.24882765786077 489
1757431390281 38.18364187780251 490
1757431390322 38.11865068048681 491
1757431390362 38.053853504314795 492
1757431390402 37.98924979875671 493
1757431390441 37.924839024086694 494
1757431390480 37.86062065112452 495
1757431390520 37.79659416098402 496
1757431390560 37.73275904482797 497
1757431390600 37.66911480362943 498
1757431390639 37.60566094793904 499
