1757326909958 8086.96959055929 0
1757326909997 1391525006121917.0 1
1757326910073 2.832519406395021e+29 2
1757326910104 5.765750497333063e+43 3
1757326910149 1.173650521950117e+58 4
1757326910180 2.3890307919340568e+72 5
1757326910232 4.863004802592907e+86 6
1757326910309 9.898916242471927e+100 7
1757326910349 2.014979354394797e+115 8
1757326910427 4.101602336240586e+129 9
1757326910479 8.349039253410671e+143 10
1757326910514 1.6994932892222554e+158 11
1757326910570 3.459412936562249e+172 12
1757326910632 7.041827079606181e+186 13
1757326910703 1.4334029943343952e+201 14
1757326910731 2.917771369474928e+215 15
1757326910792 5.939285600893287e+229 16
1757326910865 1.208974555649515e+244 17
1757326910903 2.4609348235217204e+258 18
1757326910970 5.009369450598753e+272 19
1757326911036 1.019684960883345e+287 20
1757326911083 2.0756253450768976e+301 21
1757326911107 inf 22
