1757493673157 169.66412573140843 0
1757493673203 169.6448679763106 1
1757493673248 169.63560322964994 2
1757493673299 169.6263912371381 3
1757493673355 169.61730174032834 4
1757493673401 169.6083325491348 5
1757493673455 169.5994820164298 6
1757493673505 169.59074851444146 7
1757493673550 169.5821304382083 8
1757493673598 169.57362620522983 9
1757493673645 169.56523425514865 10
1757493673696 169.5569530494374 11
1757493673742 169.54878107108982 12
1757493673786 169.54071682431646 13
1757493673834 169.53275883424448 14
1757493673879 169.52490564662185 15
1757493673927 169.51715582752578 16
1757493673972 169.50950796307524 17
1757493674020 169.50196065914767 18
1757493674070 169.4945125410995 19
1757493674118 169.48716225349085 20
1757493674173 169.4799084598142 21
1757493674230 169.4727498422266 22
1757493674280 169.46568510128608 23
1757493674328 169.45871295569148 24
1757493674377 169.4518321420262 25
1757493674426 169.4450414145055 26
1757493674475 169.43833954472748 27
1757493674527 169.43172532142734 28
1757493674689 169.42519755023557 29
1757493674794 169.41875505343916 30
1757493674881 169.41239666974644 31
1757493674972 169.4061212540552 32
1757493675083 169.3999276772241 33
1757493675234 169.3938148258474 34
1757493675349 169.38778160203276 35
1757493675444 169.38182692318227 36
1757493675539 169.37594972177658 37
1757493675599 169.37014894516216 38
1757493675654 169.3644235553417 39
1757493675711 169.35877252876682 40
1757493675766 169.35319485613476 41
1757493675818 169.34768954218723 42
1757493675869 169.34225560551224 43
1757493675923 169.33689207834885 44
1757493675973 169.33159800639473 45
1757493676026 169.32637244861635 46
1757493676077 169.321214477062 47
1757493676128 169.31612317667714 48
1757493676185 169.31109764512283 49
1757493676234 169.3061369925964 50
