1757329257067 4198.916260343495 0
1757329257094 14484.765193532876 1
1757329257121 3065405.3234285177 2
1757329257175 1352531683.6108556 3
1757329257270 584158773479.7227 4
1757329257309 252430485590767.53 5
1757329257361 1.0908049548732542e+17 6
1757329257438 4.713597980942382e+19 7
1757329257498 2.0368449605079742e+22 8
1757329257524 8.801636055341025e+24 9
1757329257583 3.8033723112137e+27 10
1757329257645 1.643517278691689e+30 11
1757329257706 7.101984303230583e+32 12
1757329257769 3.06891699267586e+35 13
1757329257855 1.3261436671509417e+38 14
1757329257883 5.730546085546407e+40 15
1757329257970 2.476289654885002e+43 16
1757329258035 1.0700569131372327e+46 17
1757329258087 4.623941286892644e+48 18
1757329258146 1.9981024151271852e+51 19
1757329258218 8.634221357122945e+53 20
1757329258268 3.7310288941847116e+56 21
1757329258344 1.6122561645651142e+59 22
1757329258414 6.966898445170604e+61 23
1757329258466 3.0105435483580685e+64 24
1757329258507 1.3009192724551744e+67 25
1757329258602 5.621546163543518e+69 26
1757329258649 2.429188492934682e+72 27
1757329258684 1.0497035090585576e+75 28
1757329258749 4.535989941227956e+77 29
1757329258828 1.9600967863177573e+80 30
1757329258864 8.469991030652717e+82 31
1757329258921 3.6600615112537354e+85 32
1757329258978 1.5815896637530169e+88 33
1757329259059 6.834382036474339e+90 34
1757329259121 2.9532804172256754e+93 35
1757329259171 1.2761746674711778e+96 36
1757329259222 5.5146195139339e+98 37
1757329259284 2.3829832356508232e+101 38
1757329259324 1.0297372442549486e+104 39
1757329259361 4.4497115059064785e+106 40
1757329259416 1.9228140573008623e+109 41
1757329259474 8.308884506436385e+111 42
1757329259519 3.590443989067232e+114 43
1757329259553 1.551506466198069e+117 44
1757329259606 6.70438620400192e+119 45
1757329259654 2.897106480165517e+122 46
1757329259687 1.2519007261853493e+125 47
1757329259720 5.409726701290837e+127 48
1757329259752 2.3376568421549476e+130 49
1757329259796 1.010150755003924e+133 50
1757329259859 4.365074160732422e+135 51
1757329259902 1.8862404778997384e+138 52
1757329259967 8.150842367064083e+140 53
1757329260064 3.522150652110976e+143 54
1757329260249 1.521995476969841e+146 55
1757329260333 6.57686300422244e+148 56
1757329260382 2.8420010197682746e+151 57
1757329260449 1.2280884961688112e+154 58
1757329260507 5.306829040283585e+156 59
1757329260566 2.2931925957008563e+159 60
1757329260638 9.909368176473749e+161 61
1757329260678 4.2820466907577013e+164 62
1757329260703 1.8503625594779225e+167 63
1757329260762 7.995806325296876e+169 64
1757329260808 3.455156313241473e+172 65
1757329260874 1.493045812173172e+175 66
1757329260937 6.451765405532462e+177 67
1757329260964 2.7879437126874804e+180 68
1757329260990 1.2047291952755285e+183 69
1757329261062 5.205888581409582e+185 70
1757329261108 2.2495740975092968e+188 71
1757329261182 9.720883459273984e+190 72
1757329261208 4.200598474769574e+193 73
1757329261240 1.815167069964471e+196 74
1757329261303 7.843719202569416e+198 75
1757329261408 3.38943626439636e+201 76
1757329261436 1.4646467949339267e+204 77
1757329261540 6.329047270910359e+206 78
1757329261576 2.7349146221444413e+209 79
1757329261618 1.18181420840354e+212 80
1757329261688 5.106868096998772e+214 81
1757329261764 2.2067852607199607e+217 82
1757329261825 9.535983883728831e+219 83
1757329261886 4.120699473997209e+222 84
1757329261998 1.7806410289738495e+225 85
1757329262067 7.694524907902007e+227 86
1757329262098 3.3249662674819867e+230 87
1757329262159 1.4367879514613855e+233 88
1757329262231 6.208663340900448e+235 89
1757329262281 2.682894190575139e+238 90
1757329262360 1.1593350843175079e+241 91
1757329262389 5.0097310674832995e+243 92
1757329262417 2.1648103044584503e+246 93
1757329262481 9.354601257355996e+248 94
1757329262542 4.0423202210328615e+251 95
1757329262619 1.74677170301854e+254 96
1757329262699 7.548168417213338e+256 97
1757329262767 3.261722545433965e+259 98
1757329262803 1.409459007185186e+262 99
1757329262933 6.09056921692024e+264 100
1757329263031 2.631863232416995e+267 101
1757329263119 1.1372835325317908e+270 102
1757329263153 4.9144416679287797e+272 103
1757329263187 2.123633748016076e+275 104
1757329263251 9.176668684753187e+277 105
1757329263329 3.965431808964273e+280 106
1757329263378 1.7135466008129726e+283 107
1757329263413 7.404595753027544e+285 108
1757329263471 3.199681773448157e+288 109
1757329263504 1.3826498829663055e+291 110
1757329263571 5.9747213448872594e+293 111
1757329263620 2.5818029270336398e+296 112
1757329263678 1.1156514202530205e+299 113
1757329263711 4.820964754822133e+301 114
1757329263747 2.0832404051407092e+304 115
1757329263796 inf 116
