1757435802168 180.6227516662827 0
1757435802217 161.77424870210038 1
1757435802282 154.52698568832477 2
1757435802370 147.44326973748008 3
1757435802423 140.98347367822674 4
1757435802477 135.01013664556405 5
1757435802570 129.50478877371737 6
1757435802672 124.42403733210118 7
1757435802733 119.72959527994935 8
1757435802821 115.386765419714 9
1757435802887 111.36414081882751 10
1757435802954 107.63328425542369 11
1757435803025 104.16844145446677 12
1757435803116 100.94628213681754 13
1757435803194 97.94566630014673 14
1757435803252 95.14743325679432 15
1757435803323 92.5342112038587 16
1757435803387 90.09024531830892 17
1757435803466 87.80124256653188 18
1757435803514 85.65423159504772 19
1757435803587 83.63743622906783 20
1757435803653 81.74016124983277 21
1757435803746 79.95268925179194 22
1757435803820 78.26618749805584 23
1757435803880 76.6726237984199 24
1757435803946 75.16469052974965 25
1757435804016 73.7357360046532 26
1757435804074 72.37970247205965 27
1757435804134 71.09107010340419 28
1757435804206 69.86480638133673 29
1757435804257 68.69632036489122 30
1757435804308 67.58142135649129 31
1757435804370 66.51628154256395 32
1757435804451 65.49933382833186 33
1757435804517 64.52451979684649 34
1757435804576 63.58983133931519 35
1757435804624 62.69259280196827 36
1757435804708 61.83033947050029 37
1757435804785 61.00081138861254 38
1757435804895 60.20193342662819 39
1757435805003 59.431798586528686 40
1757435805111 58.68865281433762 41
1757435805196 57.970881253766564 42
1757435805272 57.27699579769673 43
1757435805327 56.60562381251898 44
1757435805383 55.955497922285915 45
1757435805440 55.32544675064581 46
1757435805489 54.714386528454064 47
1757435805537 54.12131348391334 48
1757435805584 53.54529694017552 49
1757435805660 52.98547305262914 50
1757435805734 52.441039124676266 51
1757435805793 51.91124844673925 52
1757435805861 51.39540560859526 53
1757435805944 50.892862239971514 54
1757435806019 50.40301313869652 55
1757435806112 49.92529274964068 56
1757435806179 49.45917196123276 57
1757435806263 49.00415518954652 58
1757435806333 48.559777722846185 59
1757435806386 48.12560330209274 60
1757435806450 47.70122191527158 61
1757435806501 47.28624778553142 62
1757435806574 46.880317535046 63
1757435806631 46.48308850824627 64
1757435806699 46.094237239636925 65
1757435806790 45.71345805282595 66
1757435806842 45.34046177867357 67
1757435806911 44.97497458162037 68
1757435806973 44.616736884296316 69
1757435807043 44.26550238145308 70
1757435807106 43.921037135112805 71
1757435807177 43.58311874359312 72
1757435807240 43.25153557776313 73
1757435807301 42.92608607851069 74
1757435807359 42.60657810996865 75
1757435807415 42.29282836355856 76
1757435807471 41.98466180837407 77
1757435807525 41.68191118384318 78
1757435807581 41.38441653098747 79
1757435807635 41.092024758937896 80
1757435807694 40.80458924367582 81
1757435807761 40.52196945624754 82
1757435807849 40.2440306179537 83
1757435807906 39.97064338024336 84
1757435807956 39.701683527250175 85
1757435808025 39.43703169909481 86
1757435808089 39.17657313424819 87
1757435808175 38.92019742940306 88
1757435808264 38.66779831544108 89
1757435808339 38.41927344820828 90
1757435808419 38.17452421292631 91
1757435808499 37.933455541170005 92
1757435808555 37.695975739436 93
1757435808628 37.46199632841219 94
1757435808707 37.231431892134665 95
1757435808768 37.004199936289545 96
1757435808834 36.7802207549798 97
1757435808906 36.55941730533588 98
1757435808991 36.341715089400516 99
1757435809049 36.12704204276655 100
1757435809122 35.91532842948929 101
1757435809182 35.706506742834854 102
1757435809257 35.500511611461384 103
1757435809335 35.297279710663105 104
1757435809441 35.09674967833654 105
1757435809561 34.89886203535546 106
1757435809649 34.70355911006593 107
1757435809739 34.51078496663522 108
1757435809825 34.32048533700882 109
1757435809921 34.13260755624893 110
1757435810007 33.94710050104441 111
1757435810080 33.76391453119862 112
1757435810167 33.58300143391493 113
1757435810238 33.40431437071376 114
1757435810297 33.22780782682666 115
1757435810381 33.05343756292366 116
1757435810462 32.88116056904089 117
1757435810538 32.71093502058423 118
1757435810632 32.542720236293604 119
1757435810745 32.37647663806009 120
1757435810818 32.21216571249564 121
1757435810909 32.04974997416146 122
1757435811055 31.88919293036755 123
1757435811130 31.730459047461235 124
1757435811192 31.573513718528147 125
1757435811374 31.41832323243355 126
1757435811516 31.264854744136628 127
1757435811598 31.1130762462144 128
1757435811715 30.962956541535732 129
1757435811811 30.814465217029497 130
1757435811889 30.66757261849421 131
1757435811953 30.52224982639963 132
1757435812022 30.37846863263347 133
1757435812109 30.236201518149205 134
1757435812172 30.095421631473272 135
1757435812258 29.956102768032444 136
1757435812332 29.818219350264133 137
1757435812423 29.681746408474474 138
1757435812489 29.54665956241085 139
1757435812546 29.412935003517475 140
1757435812601 29.280549477843948 141
1757435812666 29.149480269578618 142
1757435812739 29.019705185179685 143
1757435812841 28.891202538078677 144
1757435812958 28.763951133931833 145
1757435813065 28.637930256396608 146
1757435813138 28.513119653410985 147
1757435813210 28.3894995239551 148
1757435813280 28.267050505275087 149
1757435813350 28.145753660550284 150
1757435813426 28.025590466985722 151
1757435813487 27.906542804312863 152
1757435813544 27.78859294368198 153
1757435813601 27.671723536930728 154
1757435813662 27.55591760621389 155
1757435813727 27.441518450984685 156
1757435813786 27.327966106893918 157
1757435813843 27.215427290160758 158
1757435813901 27.10388589375816 159
1757435813962 26.993326646149033 160
1757435814029 26.883734595136964 161
1757435814114 26.77509509450044 162
1757435814182 26.667393796467497 163
1757435814256 26.560616644030844 164
1757435814310 26.454749863533163 165
1757435814393 26.34977995748444 166
1757435814477 26.245693697604477 167
1757435814562 26.142478118082025 168
1757435814637 26.040120509042534 169
1757435814701 25.93860841021697 170
1757435814785 25.837929604804152 171
1757435814853 25.73807211351979 172
1757435814928 25.63902418882527 173
1757435814998 25.540774309329862 174
1757435815063 25.443311174360076 175
1757435815141 25.346623698690244 176
1757435815222 25.250701007428496 177
1757435815308 25.155532431052897 178
1757435815391 25.061107500592186 179
1757435815464 24.967415942946303 180
1757435815541 24.874447676341735 181
1757435815596 24.782192805917003 182
1757435815672 24.690641619433926 183
1757435815741 24.59978458311023 184
1757435815801 24.509612337569486 185
1757435815854 24.420115693904293 186
1757435815921 24.331285629849024 187
1757435815988 24.243113286058342 188
1757435816051 24.15558996248801 189
1757435816122 24.068707114874574 190
1757435816200 23.98245635131079 191
1757435816292 23.89682942891337 192
1757435816398 23.811818250580366 193
1757435816476 23.727414861834962 194
1757435816640 23.64361144775317 195
1757435816759 23.560400329972513 196
1757435816839 23.477773963779175 197
1757435816943 23.395724935271176 198
1757435817088 23.31424595859509 199
1757435817219 23.23332987325403 200
1757435817286 23.15296964148461 201
1757435817347 23.07315834570083 202
1757435817432 22.993889186002733 203
1757435817518 22.915155477747877 204
1757435817574 22.836950649183613 205
1757435817636 22.759268239138503 206
1757435817712 22.682101894770785 207
1757435817769 22.605445369372514 208
1757435817856 22.52929252022741 209
1757435817934 22.453637306520996 210
1757435817997 22.37847378730133 211
1757435818070 22.30379611948903 212
1757435818135 22.229598555934906 213
1757435818189 22.155875443524017 214
1757435818252 22.082621221324665 215
1757435818334 22.00983041878112 216
1757435818406 21.937497653948732 217
1757435818487 21.86561763177033 218
1757435818586 21.794185142392607 219
1757435818640 21.723195059521444 220
1757435818714 21.65264233881511 221
1757435818787 21.58252201631413 222
1757435818853 21.512829206907014 223
1757435818920 21.443559102830626 224
1757435818994 21.37470697220448 225
1757435819047 21.306268157597792 226
1757435819108 21.238238074628608 227
1757435819187 21.170612210594026 228
1757435819258 21.103386123130683 229
1757435819324 21.036555438904703 230
1757435819378 20.970115852330405 231
1757435819440 20.90406312431688 232
1757435819508 20.838393081041794 233
1757435819581 20.773101612751628 234
1757435819671 20.708184672587798 235
1757435819757 20.643638275437862 236
1757435819857 20.57945849681116 237
1757435819950 20.51564147173842 238
1757435820037 20.45218339369451 239
1757435820118 20.389080513543924 240
1757435820183 20.326329138508306 241
1757435820261 20.263925631155562 242
1757435820342 20.201866408409934 243
1757435820424 20.140147940582565 244
1757435820486 20.078766750422034 245
1757435820566 20.017719412184437 246
1757435820632 19.957002550722358 247
1757435820719 19.896612840592518 248
1757435820779 19.836547005181433 249
1757435820857 19.776801815848827 250
1757435820915 19.71737409108819 251
1757435820983 19.658260695704247 252
1757435821047 19.599458540006847 253
1757435821128 19.54096457902088 254
1757435821198 19.48277581171192 255
1757435821264 19.424889280227113 256
1757435821333 19.367302069151062 257
1757435821412 19.310011304776335 258
1757435821465 19.253014154388197 259
1757435821528 19.196307825563352 260
1757435821609 19.139889565482264 261
1757435821695 19.083756660254835 262
1757435821749 19.0279064342591 263
1757435821826 18.97233624949263 264
1757435821923 18.917043504936434 265
1757435822000 18.86202563593095 266
1757435822101 18.807280113564058 267
1757435822213 18.75280444407058 268
1757435822326 18.69859616824331 269
1757435822416 18.644652860855086 270
1757435822468 18.590972130091803 271
1757435822550 18.537551616996033 272
1757435822624 18.48438899492116 273
1757435822680 18.431481968995634 274
1757435822736 18.378828275597243 275
1757435822793 18.32642568183718 276
1757435822873 18.27427198505365 277
1757435822951 18.222365012314878 278
1757435823034 18.170702619931223 279
1757435823120 18.119282692976302 280
1757435823212 18.06810314481697 281
1757435823310 18.017161916651773 282
1757435823371 17.966456977057945 283
1757435823435 17.915986321546587 284
1757435823497 17.865747972125995 285
1757435823568 17.815739976872816 286
1757435823657 17.765960409511084 287
1757435823757 17.71640736899874 288
1757435823875 17.66707897912168 289
1757435823953 17.617973388095056 290
1757435824025 17.569088768171728 291
1757435824116 17.52042331525776 292
1757435824196 17.471975248534733 293
1757435824266 17.4237428100888 294
1757435824322 17.375724264546385 295
1757435824397 17.327917898716265 296
1757435824480 17.280322021238057 297
1757435824557 17.23293496223689 298
1757435824614 17.18575507298416 299
1757435824678 17.13878072556429 300
1757435824737 17.0920103125473 301
1757435824798 17.045442246667154 302
1757435824877 16.999074960505755 303
1757435824954 16.952906906182378 304
1757435825010 16.906936555048606 305
1757435825079 16.861162397388554 306
1757435825154 16.815582942124287 307
1757435825259 16.770196716526357 308
1757435825347 16.72500226592934 309
1757435825428 16.679998153452317 310
1757435825484 16.635182959724155 311
1757435825572 16.590555282613533 312
1757435825658 16.54611373696363 313
1757435825743 16.5018569543313 314
1757435825799 16.457783582730823 315
1757435825884 16.413892286381945 316
1757435825963 16.370181745462283 317
1757435826053 16.32665065586394 318
1757435826123 16.283297728954256 319
1757435826184 16.240121691340626 320
1757435826268 16.197121284639348 321
1757435826346 16.154295265248333 322
1757435826424 16.11164240412373 323
1757435826499 16.069161486560258 324
1757435826569 16.02685131197529 325
1757435826659 15.984710693696607 326
1757435826782 15.942738458753624 327
1757435826866 15.900933447672212 328
1757435826951 15.859294514272973 329
1757435827023 15.81782052547281 330
1757435827089 15.776510361089896 331
1757435827191 15.735362913651878 332
1757435827368 15.69437708820727 333
1757435827508 15.65355180214001 334
1757435827583 15.612885984987102 335
1757435827648 15.57237857825927 336
1757435827725 15.532028535264587 337
1757435827785 15.491834820935088 338
1757435827857 15.451796411656169 339
1757435827952 15.411912295098855 340
1757435828026 15.372181470054846 341
1757435828115 15.332602946274243 342
1757435828175 15.293175744305994 343
1757435828274 15.253898895340908 344
1757435828356 15.214771441057325 345
1757435828419 15.175792433469239 346
1757435828482 15.13696093477696 347
1757435828552 15.098276017220206 348
1757435828610 15.059736762933586 349
1757435828676 15.02134226380446 350
1757435828744 14.983091621333115 351
1757435828809 14.944983946495189 352
1757435828903 14.90701835960638 353
1757435828995 14.869193990189308 354
1757435829052 14.83150997684257 355
1757435829130 14.793965467111892 356
1757435829197 14.756559617363393 357
1757435829284 14.719291592658868 358
1757435829370 14.682160566633108 359
1757435829446 14.645165721373187 360
1757435829514 14.608306247299694 361
1757435829582 14.571581343049877 362
1757435829655 14.534990215362672 363
1757435829721 14.498532078965574 364
1757435829785 14.462206156463298 365
1757435829850 14.426011678228246 366
1757435829916 14.389947882292752 367
1757435829987 14.354014014242969 368
1757435830103 14.318209327114547 369
1757435830178 14.28253308128988 370
1757435830287 14.246984544397064 371
1757435830396 14.211562991210407 372
1757435830487 14.176267703552554 373
1757435830579 14.141097970198155 374
1757435830642 14.106053086779026 375
1757435830749 14.071132355690876 376
1757435830838 14.036335086001442 377
1757435830921 14.00166059336011 378
1757435830992 13.96710819990896 379
1757435831072 13.932677234195197 380
1757435831151 13.898367031084973 381
1757435831235 13.864176931678541 382
1757435831317 13.830106283226776 383
1757435831391 13.79615443904895 384
1757435831463 13.762320758451871 385
1757435831533 13.728604606650205 386
1757435831609 13.69500535468809 387
1757435831674 13.661522379361964 388
1757435831755 13.628155063144591 389
1757435831826 13.594902794110252 390
1757435831912 13.56176496586115 391
1757435831988 13.528740977454882 392
1757435832083 13.4958302333331 393
1757435832159 13.463032143251251 394
1757435832223 13.43034612220939 395
1757435832313 13.397771590384075 396
1757435832397 13.36530797306134 397
1757435832482 13.332954700570628 398
1757435832544 13.300711208219822 399
1757435832662 13.268576936231216 400
1757435832787 13.236551329678491 401
1757435832941 13.20463383842466 402
1757435833083 13.172823917060956 403
1757435833201 13.141121024846655 404
1757435833266 13.109524625649813 405
1757435833335 13.078034187888921 406
1757435833432 13.04664918447543 407
1757435833532 13.015369092757162 408
1757435833630 12.984193394462585 409
1757435833733 12.953121575645905 410
1757435833803 12.922153126633042 411
1757435833890 12.891287541968355 412
1757435834000 12.860524320362236 413
1757435834093 12.82986296463945 414
1757435834160 12.79930298168828 415
1757435834225 12.768843882410431 416
1757435834299 12.73848518167167 417
1757435834379 12.708226398253226 418
1757435834455 12.678067054803904 419
1757435834546 12.648006677792953 420
1757435834649 12.618044797463567 421
1757435834722 12.588180947787155 422
1757435834802 12.558414666418244 423
1757435834882 12.528745494650071 424
1757435834945 12.499172977370831 425
1757435835010 12.469696663020583 426
1757435835098 12.440316103548785 427
1757435835165 12.411030854372449 428
1757435835233 12.381840474334943 429
1757435835299 12.352744525665376 430
1757435835366 12.323742573938574 431
1757435835430 12.294834188035683 432
1757435835500 12.266018940105313 433
1757435835571 12.237296405525278 434
1757435835668 12.20866616286487 435
1757435835731 12.180127793847705 436
1757435835816 12.151680883315114 437
1757435835893 12.123325019190045 438
1757435835987 12.09505979244153 439
1757435836083 12.06688479704961 440
1757435836170 12.03879962997084 441
1757435836254 12.010803891104224 442
1757435836337 11.982897183257709 443
1757435836425 11.955079112115095 444
1757435836495 11.927349286203494 445
1757435836578 11.89970731686119 446
1757435836657 11.872152818206022 447
1757435836740 11.844685407104164 448
1757435836817 11.817304703139394 449
1757435836900 11.790010328582794 450
1757435836977 11.762801908362873 451
1757435837084 11.735679070036111 452
1757435837195 11.708641443757958 453
1757435837284 11.681688662254196 454
1757435837347 11.654820360792735 455
1757435837427 11.628036177155819 456
1757435837501 11.601335751612599 457
1757435837595 11.574718726892112 458
1757435837675 11.548184748156634 459
1757435837736 11.521733462975412 460
1757435837821 11.495364521298756 461
1757435837926 11.469077575432495 462
1757435838021 11.442872280012818 463
1757435838098 11.41674829198142 464
1757435838169 11.390705270561044 465
1757435838274 11.364742877231318 466
1757435838386 11.33886077570496 467
1757435838535 11.313058631904301 468
1757435838694 11.287336113938139 469
1757435838795 11.261692892078901 470
1757435838912 11.236128638740137 471
1757435838996 11.210643028454308 472
1757435839061 11.185235737850888 473
1757435839125 11.159906445634775 474
1757435839215 11.134654832564973 475
1757435839315 11.109480581433601 476
1757435839389 11.084383377045139 477
1757435839469 11.05936290619603 478
1757435839551 11.034418857654464 479
1757435839627 11.009550922140521 480
1757435839688 10.984758792306554 481
1757435839764 10.960042162717816 482
1757435839868 10.935400729833372 483
1757435839962 10.91083419198726 484
1757435840063 10.88634224936991 485
1757435840140 10.861924604009815 486
1757435840217 10.837580959755433 487
1757435840290 10.81331102225734 488
1757435840367 10.789114498950617 489
1757435840444 10.764991099037495 490
1757435840545 10.74094053347018 491
1757435840633 10.716962514933961 492
1757435840730 10.693056757830504 493
1757435840799 10.669222978261388 494
1757435840866 10.64546089401183 495
1757435840932 10.621770224534666 496
1757435841023 10.598150690934501 497
1757435841125 10.5746020159521 498
1757435841190 10.551123923948948 499
