1757574305886 32.14159203184673 0
1757574305952 14.562858896977668 1
1757574306018 11.814460230680744 2
1757574306087 6.5951068222905205 3
1757574306153 4.842156750756206 4
1757574306218 3.9382785692595177 5
1757574306287 1.6343582954729385 6
1757574306351 2.0076147394607555 7
1757574306422 1.3687984942785374 8
1757574306492 1.0679932731727895 9
1757574306555 0.6474499240256096 10
1757574306617 0.43323656109096403 11
1757574306680 0.40404759265141177 12
1757574306743 0.3385404777212411 13
1757574306814 0.290159634005663 14
1757574306879 0.19255668431282014 15
1757574306941 0.18085565426077366 16
1757574307006 0.10010751953788409 17
1757574307067 0.1546765475272178 18
1757574307130 0.1860483157877757 19
1757574307193 0.11747872296656046 20
1757574307255 0.11971025260962985 21
1757574307320 0.08060251004492101 22
1757574307384 0.1263551824680291 23
1757574307447 0.08938637633185191 24
1757574307512 0.14015806763821803 25
1757574307575 0.20526429645798772 26
1757574307639 0.08656261765727669 27
1757574307700 0.16089252426402842 28
1757574307764 0.0860517754775937 29
1757574307829 0.13317022383286248 30
1757574307897 0.11979519817530164 31
1757574307967 0.09190621691831304 32
1757574308033 0.08188354120836783 33
1757574308098 0.10596756738901446 34
1757574308164 0.11222690628927735 35
1757574308228 0.17054044814890187 36
1757574308291 0.13510856427655313 37
1757574308360 0.07717148357685716 38
1757574308424 0.1210985050726221 39
1757574308487 0.15153272911824045 40
1757574308559 0.08430868913749978 41
1757574308625 0.1743157956297863 42
1757574308688 0.09991805632227597 43
1757574308750 0.16789305875094382 44
1757574308813 0.12600502194953953 45
1757574308886 0.08295570926977754 46
1757574308952 0.08684047483618745 47
1757574309015 0.07590692773805258 48
1757574309081 0.1078800243718064 49
1757574309147 0.0951810625933512 50
1757574309214 0.07709952302428379 51
1757574309277 0.09143505451642665 52
1757574309340 0.07625719202995573 53
1757574309410 0.055758969784083616 54
1757574309475 0.22090500399935162 55
1757574309545 0.14853195485737872 56
1757574309609 0.16099287755464928 57
1757574309671 0.12893577764323952 58
1757574309735 0.1742236784856027 59
1757574309797 0.0984076295544139 60
1757574309860 0.11659347696062967 61
1757574309933 0.11043476905861249 62
1757574309996 0.09716991810428148 63
1757574310058 0.11784594514368758 64
1757574310123 0.05201495624757566 65
1757574310186 0.12649343213292308 66
1757574310251 0.14086284344614894 67
1757574310315 0.10421499847875515 68
1757574310377 0.08402028161498394 69
1757574310445 0.19975450698092814 70
1757574310507 0.08580958850358654 71
1757574310573 0.11092397636210895 72
1757574310636 0.149390304298767 73
1757574310698 0.232786615225457 74
1757574310762 0.07838020025789899 75
1757574310822 0.09818089321407442 76
1757574310884 0.09913512644016372 77
1757574310957 0.13483212858352747 78
1757574311021 0.0776758958031472 79
1757574311083 0.12489411174692239 80
1757574311146 0.07394804150372325 81
1757574311209 0.12204719817934351 82
1757574311272 0.1427453392065684 83
1757574311335 0.061418913326046494 84
1757574311398 0.10610506583842515 85
1757574311468 0.11771390931094278 86
1757574311532 0.11093848945539031 87
1757574311603 0.08935548138967964 88
1757574311666 0.0884635902778456 89
1757574311730 0.1305080682338414 90
1757574311794 0.107532195383446 91
1757574311858 0.15745978854837753 92
1757574311923 0.13566838474722165 93
1757574311996 0.05674287795978811 94
1757574312060 0.10171663469450415 95
1757574312124 0.08548406817341227 96
1757574312193 0.081251398343707 97
1757574312257 0.1335920049560687 98
1757574312320 0.1030690828448272 99
1757574312384 0.13416400070210707 100
1757574312451 0.11891142066549017 101
1757574312517 0.06809870007456724 102
1757574312589 0.0911389327499074 103
1757574312654 0.1428512186180209 104
1757574312717 0.10961217424869234 105
1757574312781 0.07061314196970454 106
1757574312843 0.09678398116009464 107
1757574312906 0.11209799547285776 108
1757574312975 0.14434269877780828 109
1757574313040 0.11263479678933257 110
1757574313105 0.06582873267257623 111
1757574313169 0.06350580987592909 112
1757574313332 0.18623197753970275 113
1757574313504 0.18355015223860197 114
1757574313637 0.12009378958581797 115
1757574313711 0.12490235113761898 116
1757574313794 0.11992035263703876 117
1757574313937 0.05934484514141739 118
1757574314049 0.11485352841073888 119
1757574314139 0.12385558957359706 120
1757574314204 0.12620927817122 121
1757574314268 0.15079605633862386 122
1757574314332 0.10752751386891014 123
1757574314396 0.1659519600509072 124
1757574314460 0.23506093851885676 125
1757574314530 0.10848158272171886 126
1757574314594 0.12303829545456191 127
1757574314668 0.07214283912747285 128
1757574314732 0.11905479215111299 129
1757574314796 0.07187519667790222 130
1757574314861 0.11955784129292187 131
1757574314927 0.13268898887527034 132
1757574314993 0.14592353642480535 133
1757574315069 0.11989191015693863 134
1757574315135 0.10870086206768098 135
1757574315216 0.0862872888424468 136
1757574315281 0.11755826158468989 137
1757574315349 0.09268829143094677 138
1757574315426 0.15120117576519082 139
1757574315496 0.11561007751336749 140
1757574315579 0.10516526167093121 141
1757574315662 0.11134637211914611 142
1757574315732 0.11567085266172072 143
1757574315801 0.09216168621045795 144
1757574315873 0.07350250309230465 145
1757574315942 0.1174581045885519 146
1757574316014 0.12223942129814114 147
1757574316128 0.1318316454531717 148
1757574316216 0.12919389707027926 149
1757574316284 0.10557794652611685 150
1757574316351 0.1323512830465001 151
1757574316417 0.10627119984896642 152
1757574316482 0.18115815394767756 153
1757574316549 0.12090435697122659 154
1757574316620 0.1402301406563636 155
1757574316696 0.06592443698541765 156
1757574316762 0.10869343162395236 157
1757574316828 0.08536043333923778 158
1757574316893 0.16546195915121167 159
1757574316958 0.09686225887294007 160
1757574317024 0.10995567742532963 161
1757574317093 0.1546885992009783 162
1757574317164 0.15633465772694619 163
1757574317231 0.08571058155840465 164
1757574317295 0.0582436266299105 165
1757574317360 0.09698339948295558 166
1757574317427 0.115411584234342 167
1757574317492 0.09745969716141772 168
1757574317558 0.08254121077148509 169
1757574317630 0.0657230311027477 170
1757574317705 0.11033831699889218 171
1757574317770 0.10162303151085407 172
1757574317836 0.11730852130779991 173
1757574317906 0.14611533845066335 174
1757574318003 0.10601813140849814 175
1757574318081 0.10407171014836535 176
1757574318173 0.09677448044404631 177
1757574318254 0.13161618190280405 178
1757574318333 0.14486670184678638 179
1757574318412 0.08690373061837033 180
1757574318488 0.13837909058373285 181
1757574318563 0.07945242278293602 182
1757574318641 0.0758038118683133 183
1757574318733 0.12042163884869724 184
1757574318798 0.10351129378268754 185
1757574318861 0.12137225705258253 186
1757574318926 0.0843559244212319 187
1757574318988 0.05244065217572234 188
1757574319051 0.09298753304155816 189
1757574319118 0.13201932927644458 190
1757574319194 0.10714811200396551 191
1757574319258 0.07616841947726082 192
1757574319321 0.11375618488017647 193
1757574319387 0.09919794105666495 194
1757574319450 0.13355301467294742 195
1757574319521 0.08631275503462975 196
1757574319627 0.09584325351334437 197
1757574319706 0.11010368714998331 198
1757574319778 0.11170915891918283 199
1757574319845 0.08768581358335563 200
1757574319911 0.08367509690439513 201
1757574319977 0.11050808824660781 202
1757574320045 0.15276108445575556 203
1757574320113 0.13943830403160454 204
1757574320182 0.09708660251813438 205
1757574320254 0.07439392798602303 206
1757574320321 0.08723839307980435 207
1757574320387 0.11265952038034847 208
1757574320454 0.11160584096125332 209
1757574320519 0.11275919296033397 210
1757574320585 0.12633103832476136 211
1757574320657 0.08978596523349146 212
1757574320725 0.10856207294997229 213
1757574320802 0.17593320781514454 214
1757574320870 0.09810115428490758 215
1757574320940 0.11050097111893242 216
1757574321006 0.10323801291565772 217
1757574321074 0.08579123988296751 218
1757574321144 0.12247792921888212 219
1757574321212 0.08087815252194609 220
1757574321283 0.11294909017235703 221
1757574321349 0.08975854892755715 222
1757574321415 0.1353447062290196 223
1757574321481 0.0849324378571295 224
1757574321549 0.11166760660042828 225
1757574321616 0.13346138675774788 226
1757574321682 0.1426674045706252 227
1757574321755 0.07981676289639071 228
1757574321828 0.08036443100448754 229
1757574321894 0.09366378559014861 230
1757574321964 0.22662571176363047 231
1757574322030 0.1256629887409127 232
1757574322097 0.1049755265285286 233
1757574322170 0.13436737975515145 234
1757574322241 0.12928590252108751 235
1757574322312 0.13097726804904694 236
1757574322379 0.10822312475632256 237
1757574322446 0.22060602904260365 238
1757574322513 0.06577212904690853 239
1757574322580 0.10680164471725934 240
1757574322649 0.12112959446800155 241
1757574322715 0.06383967239606035 242
1757574322791 0.10177197791920982 243
1757574322863 0.13143485483417364 244
1757574322931 0.0633084949578958 245
1757574322997 0.09702597852190827 246
1757574323065 0.13026707390860523 247
1757574323133 0.1083476401035176 248
1757574323203 0.08563731014966595 249
1757574323275 0.11023415845675306 250
1757574323485 0.12135248393909615 251
1757574323618 0.08761348246438704 252
1757574323693 0.1173673335160881 253
1757574323771 0.1498806579208398 254
1757574323880 0.08316904510834673 255
1757574323950 0.11512020766287767 256
1757574324018 0.11904754364660403 257
1757574324086 0.09267884583770321 258
1757574324159 0.10833663399179837 259
1757574324225 0.1446447394348784 260
1757574324303 0.13990984895071323 261
1757574324378 0.08737059609250959 262
1757574324446 0.12969016477277684 263
1757574324514 0.14559740651610456 264
1757574324582 0.138003755955913 265
1757574324653 0.1034629061740136 266
1757574324723 0.13115608400036963 267
1757574324791 0.08088221725585491 268
1757574324871 0.17910513535377062 269
1757574324950 0.10224196240808325 270
1757574325017 0.13576545314411567 271
1757574325088 0.12983930448235032 272
1757574325158 0.11060932642832684 273
1757574325227 0.10462496764332894 274
1757574325297 0.14757094179190158 275
1757574325369 0.08863773678076659 276
1757574325441 0.17587345712819816 277
1757574325509 0.08526194879319356 278
1757574325577 0.09006155287201627 279
1757574325647 0.13177966845459396 280
1757574325726 0.12442882539314397 281
1757574325793 0.09197455857410756 282
1757574325867 0.1439708977985692 283
1757574325951 0.11030843176095763 284
1757574326034 0.17708512744429672 285
1757574326104 0.13555707215848997 286
1757574326175 0.1342607387348929 287
1757574326247 0.09359206643735897 288
1757574326321 0.0742503516976642 289
1757574326391 0.12901056469123773 290
1757574326464 0.11428384036187149 291
1757574326532 0.10562380210596978 292
1757574326600 0.09331807852209939 293
1757574326672 0.13781330877048337 294
1757574326740 0.08646059984559169 295
1757574326808 0.1026453105928629 296
1757574326878 0.09470597144727266 297
1757574326947 0.15343209044475992 298
1757574327018 0.08393528503083418 299
1757574327087 0.12025184105442767 300
1757574327156 0.1433515340999418 301
1757574327226 0.074603760936914 302
1757574327295 0.17767805502355105 303
1757574327365 0.10330511270421443 304
1757574327433 0.11655256184206102 305
1757574327506 0.11636461074633546 306
1757574327573 0.12522903708254193 307
1757574327643 0.13851309066904136 308
1757574327788 0.11197603116888999 309
1757574327993 0.12318421984569346 310
1757574328134 0.09563302327904621 311
1757574328287 0.10210729463230352 312
1757574328412 0.13059161742988248 313
1757574328576 0.08347608823192733 314
1757574328666 0.1352703045042734 315
1757574328851 0.0889770730428991 316
1757574328951 0.10248471634239105 317
1757574329021 0.09673104059402575 318
1757574329099 0.11483160776199774 319
1757574329180 0.08363264478441973 320
1757574329250 0.09008212388301749 321
1757574329321 0.19281227448057983 322
1757574329394 0.12546349005385746 323
1757574329465 0.1838536391908265 324
1757574329537 0.1156466354653178 325
1757574329610 0.11550242686771739 326
1757574329680 0.09647495368904953 327
1757574329750 0.14850137439559216 328
1757574329820 0.07254048103414588 329
1757574329896 0.07295957316487703 330
1757574329970 0.1389068397953883 331
1757574330040 0.11290724950927371 332
1757574330116 0.09689663283183143 333
1757574330197 0.10568818737918821 334
1757574330267 0.09647986612291282 335
1757574330336 0.09670291658455232 336
1757574330410 0.18028366440096413 337
1757574330483 0.11229080416792396 338
1757574330553 0.1323319583553485 339
1757574330628 0.07507353794932335 340
1757574330698 0.10897461506813938 341
1757574330766 0.14736903719244324 342
1757574330836 0.1116259647522699 343
1757574330907 0.07734442563691184 344
1757574330983 0.12146740712029269 345
1757574331052 0.10197187137845665 346
1757574331128 0.09400153715833383 347
1757574331197 0.11521000503187877 348
1757574331266 0.10616908408499236 349
1757574331337 0.10002507656379227 350
1757574331406 0.10981353438641821 351
1757574331480 0.1232621428442389 352
1757574331551 0.12406419608811659 353
1757574331625 0.17103395108978955 354
1757574331696 0.09706173212927853 355
1757574331767 0.09058890181912788 356
1757574331835 0.11437047308438446 357
1757574331905 0.10366346130383146 358
1757574331982 0.06828238528853323 359
1757574332052 0.14040007799200205 360
1757574332125 0.159808580830545 361
1757574332198 0.056785665664019186 362
1757574332266 0.1914392684539141 363
1757574332335 0.109808458404004 364
1757574332406 0.09175180729018277 365
1757574332482 0.1469774752837519 366
1757574332551 0.15189174755300258 367
1757574332622 0.09020802859286405 368
1757574332697 0.12447760907206408 369
1757574332767 0.10494946238352064 370
1757574332838 0.1437364811151 371
1757574332909 0.10085286948916788 372
1757574332989 0.10426975304890478 373
1757574333059 0.11948242702965023 374
1757574333131 0.15522524484685948 375
1757574333206 0.0776143621066447 376
1757574333277 0.08919053750848042 377
1757574333349 0.10690645527800612 378
1757574333419 0.1197222945653641 379
1757574333492 0.13066104168580125 380
1757574333563 0.1323968181419182 381
1757574333633 0.06082171093802096 382
1757574333707 0.04972522280159869 383
1757574333779 0.13161650249398482 384
1757574333849 0.1098073096804606 385
1757574333919 0.07665441681296757 386
1757574334000 0.11715154477389471 387
1757574334070 0.11539091936067987 388
1757574334142 0.1385245686235612 389
1757574334220 0.14302654738762963 390
1757574334290 0.06739498104950535 391
1757574334361 0.14546335311718614 392
1757574334431 0.13328826975858415 393
1757574334506 0.08552420755791247 394
1757574334577 0.08143482530617202 395
1757574334648 0.11479604664622871 396
1757574334722 0.09704101889452103 397
1757574334793 0.09166059423228663 398
1757574334865 0.14170367465042327 399
1757574334936 0.08542158532754628 400
1757574335017 0.21736335664061382 401
1757574335098 0.11746757778855284 402
1757574335277 0.12767552164987736 403
1757574335427 0.10880338078876366 404
1757574335504 0.12418043041669473 405
1757574335583 0.11028800327464842 406
1757574335661 0.10096995527195608 407
1757574335762 0.1023614176014412 408
1757574335854 0.11705566906088442 409
1757574335937 0.09677943748473698 410
1757574336045 0.1636614616959039 411
1757574336132 0.12846749764233908 412
1757574336226 0.1649331162932138 413
1757574336318 0.05357879899153354 414
1757574336408 0.16291730573342866 415
1757574336487 0.10838076246436751 416
1757574336575 0.1498926966754961 417
1757574336656 0.11909680344903446 418
1757574336723 0.1593267357275644 419
1757574336792 0.10949847388820128 420
1757574336870 0.08886524217800477 421
1757574336942 0.0963788383212052 422
1757574337012 0.09817182202604942 423
1757574337090 0.1019341396676257 424
1757574337160 0.1327103693191928 425
1757574337230 0.19990623288616013 426
1757574337302 0.06906168830376251 427
1757574337371 0.10083936278205526 428
1757574337446 0.10110035806344952 429
1757574337521 0.15169955596629162 430
1757574337605 0.08390346531410943 431
1757574337702 0.16651776434187848 432
1757574337777 0.11915462322796967 433
1757574337847 0.1106505315916463 434
1757574337926 0.1111810961053049 435
1757574337999 0.18484391806922973 436
1757574338073 0.05702889918297554 437
1757574338146 0.1192508620497701 438
1757574338218 0.13808534471846 439
1757574338288 0.1000688462402638 440
1757574338360 0.16102665761402665 441
1757574338439 0.1329645829027517 442
1757574338511 0.10817223581856356 443
1757574338581 0.11809534524262195 444
1757574338659 0.11387162207753798 445
1757574338730 0.11643778679684202 446
1757574338801 0.10527678707621664 447
1757574338876 0.10036069940664778 448
1757574338953 0.10118538734974629 449
1757574339025 0.09784667266761012 450
1757574339108 0.12022599987697236 451
1757574339181 0.08040637923557847 452
1757574339253 0.13867346336432151 453
1757574339331 0.1500907045339626 454
1757574339404 0.15291187338830156 455
1757574339482 0.08892211304749753 456
1757574339556 0.11132762681457131 457
1757574339632 0.08987512218876338 458
1757574339704 0.08710875950908648 459
1757574339779 0.07229967161065648 460
1757574339850 0.08544247687825655 461
1757574339922 0.07716649583208508 462
1757574340000 0.11195059848691917 463
1757574340073 0.12876060226500632 464
1757574340148 0.08496950898056194 465
1757574340224 0.1758081741614128 466
1757574340294 0.10927143695810569 467
1757574340366 0.12193638322090716 468
1757574340439 0.14200207625609876 469
1757574340515 0.14221257376397586 470
1757574340586 0.07457571608393132 471
1757574340661 0.10485887122804745 472
1757574340732 0.15682260984668708 473
1757574340805 0.12017026834450124 474
1757574340877 0.08352655981758635 475
1757574340950 0.1239953838321421 476
1757574341026 0.1336572926482249 477
1757574341106 0.09233479475915916 478
1757574341179 0.1241915987593762 479
1757574341251 0.07671731547882117 480
1757574341323 0.2163228000795071 481
1757574341395 0.1288221842992125 482
1757574341468 0.08440661262913875 483
1757574341546 0.15662811821454042 484
1757574341617 0.09965928354735167 485
1757574341691 0.15048793009037698 486
1757574341763 0.09725946299714812 487
1757574341834 0.14017721277279308 488
1757574341907 0.11654515912975778 489
1757574341982 0.11587593493599901 490
1757574342058 0.18767754058046882 491
1757574342153 0.14673605799261702 492
1757574342408 0.09868450661946092 493
1757574342579 0.07056052865667166 494
1757574342711 0.21456840876768368 495
1757574342816 0.06539815689866733 496
1757574342958 0.06689280753564075 497
1757574343111 0.1594933905062002 498
1757574343226 0.10663946537369763 499
