1757489432567 0.1360349345452803 0
1757489432673 7.1285696637160525 1
1757489432909 1.0693328443238936 2
1757489433048 4.0307707476614985 3
1757489433157 5.212853572488719 4
1757489433265 2.1959881891089577 5
1757489433359 8.90804016982497 6
1757489433452 1.9689323471091096 7
1757489433551 9.269315108535347 8
1757489433643 0.877044416565816 9
1757489433731 0.7007554330466991 10
1757489433820 11.078731494680497 11
1757489433918 10.093343860952253 12
1757489434008 12.312325096493797 13
1757489434098 4.445132018090088 14
1757489434312 0.04927822915549716 15
1757489434532 2.934687516641626 16
1757489434745 8.587031417655638 17
1757489434896 6.2156004261836175 18
1757489435028 15.10407718755817 19
1757489435221 0.20181269123551437 20
1757489435364 13.73371188054208 21
1757489435492 9.636828768794116 22
1757489435588 0.8351710172297558 23
1757489435688 1.189526731301888 24
1757489435792 7.65412460117573 25
1757489435899 9.177929560460079 26
1757489436036 0.058659267570258425 27
1757489436172 6.819324612724519 28
1757489436280 10.838569541104176 29
1757489436381 0.9589084627456174 30
1757489436488 11.231427884958142 31
1757489436598 2.746680919950967 32
1757489436700 1.9650209520053763 33
1757489436798 1.905807279188684 34
1757489436891 24.420372679876625 35
1757489436979 18.72878975691996 36
1757489437070 4.095415242155472 37
1757489437160 17.708026270489555 38
1757489437255 0.18937201980645796 39
1757489437354 7.839880438954383 40
1757489437460 12.209275378437315 41
1757489437572 3.0082972240410757 42
1757489437691 0.24153974934346864 43
1757489437820 4.7271218641156665 44
1757489437941 12.966089909035716 45
1757489438054 5.6540576382474095 46
1757489438178 8.315702468897848 47
1757489438276 9.769094762391575 48
1757489438367 1.0763590592600145 49
1757489438453 7.539175588359979 50
1757489438540 15.03605324500133 51
1757489438623 13.96477925125029 52
1757489438705 2.4352226948546337e-05 53
1757489438801 11.63261162604309 54
1757489438881 0.813743933808075 55
1757489438959 12.72377342613194 56
1757489439039 7.7680540654715635 57
1757489439118 14.908648220451933 58
1757489439195 0.6689129722898948 59
1757489439287 0.587200901087853 60
1757489439370 1.5970566583204382 61
1757489439451 0.25443527413190015 62
1757489439536 0.16875086730751745 63
1757489439615 21.998684259825183 64
1757489439700 12.000423809151926 65
1757489439780 9.047602583894529 66
1757489439862 1.0965026587905349 67
1757489439942 8.42405428637002 68
1757489440021 8.873670526382531 69
1757489440101 25.9579762653902 70
1757489440180 0.5748605389291198 71
1757489440260 12.174905032951315 72
1757489440340 1.314489650062274 73
1757489440419 0.6773994098356863 74
1757489440498 6.96540455177175 75
1757489440576 5.744882820127752 76
1757489440654 0.28559927839306437 77
1757489440732 9.13916384438138 78
1757489440817 0.1039491651294562 79
1757489440894 6.426387078456315 80
1757489441008 13.49086505033398 81
1757489441148 3.839820367791771 82
1757489441287 10.005033868176016 83
1757489441392 4.4132845397636755 84
1757489441504 10.922877135938862 85
1757489441684 0.2841044686346338 86
1757489441799 13.394881217293687 87
1757489441889 12.601076570579451 88
1757489441978 9.037152244993953 89
1757489442075 3.5012700776852035 90
1757489442162 0.006363875978149311 91
1757489442251 1.2543879936141262 92
1757489442337 4.619368068265661 93
1757489442421 6.1762685953922905 94
1757489442511 15.42335115285554 95
1757489442595 0.00933037962913975 96
1757489442678 2.2543676202750085 97
1757489442762 8.595670984031628 98
1757489442854 3.3976079126295473 99
1757489442937 11.624802358149529 100
1757489443020 10.560283492270615 101
1757489443100 0.009248329080076221 102
1757489443180 4.577182722035326 103
1757489443259 0.6680711904490806 104
1757489443339 14.352219403048567 105
1757489443419 0.798233630550063 106
1757489443506 9.443597135109364 107
1757489443588 0.3106338718586859 108
1757489443686 0.5252294087587307 109
1757489443774 19.41719717870804 110
1757489443861 17.522899483399527 111
1757489443960 0.9503677907588305 112
1757489444052 13.998183064455295 113
1757489444138 14.014357456292991 114
1757489444224 16.76123880771639 115
1757489444328 2.597767784049209 116
1757489444408 4.356298630500928 117
1757489444494 7.739507917081416 118
1757489444579 9.602450323472391 119
1757489444664 9.558748466141484 120
1757489444745 4.693668593124592 121
1757489444830 1.9217976645557688 122
1757489444925 3.148107769479032 123
1757489445008 12.217736825812084 124
1757489445091 6.063456697759049 125
1757489445178 38.5594233289633 126
1757489445255 9.329532762754777 127
1757489445336 8.759446407708458 128
1757489445428 0.17924968948412995 129
1757489445516 1.570553089189866 130
1757489445603 7.589911198079589 131
1757489445690 32.395391021697115 132
1757489445773 0.6670127479643277 133
1757489445849 1.5451089753795457 134
1757489445943 4.320312077098023 135
1757489446032 2.082705591271377 136
1757489446123 11.691820216681263 137
1757489446210 4.871082416596143 138
1757489446295 15.215970368010222 139
1757489446379 9.436150687178552 140
1757489446463 0.5726731937585031 141
1757489446548 3.682775622951689 142
1757489446630 8.024582459766032 143
1757489446718 8.399296567549193 144
1757489446899 2.3410989067719084 145
1757489447035 6.122934176461322 146
1757489447235 4.585767409141407 147
1757489447401 0.0005705518980117469 148
1757489447519 0.555655293376087 149
1757489447648 13.732589439956913 150
1757489447777 0.0484400875595837 151
1757489447887 7.664887175476141 152
1757489448024 0.13514860147862012 153
1757489448170 1.7122293811914975 154
1757489448303 5.212394991967777 155
1757489448410 7.337602159948616 156
1757489448522 0.5223215670529675 157
1757489448640 0.486440769057787 158
1757489448746 1.4304255624332758 159
1757489448884 46.76379296819017 160
1757489449002 0.008291624562617892 161
1757489449128 6.503455316991236 162
1757489449240 7.830665919716517 163
1757489449368 1.3425173690917507 164
1757489449488 4.503609824917157 165
1757489449618 23.742966662618702 166
1757489449723 4.331322857231609 167
1757489449862 7.603699713977821 168
1757489449995 4.804400508807506 169
1757489450127 0.36259934605481864 170
1757489450241 4.048792180210344 171
1757489450378 13.534335990345083 172
1757489450500 7.831688993943554 173
1757489450630 13.650197124188145 174
1757489450769 9.444429122274732 175
1757489450895 1.7874623527474816 176
1757489451012 18.52924922537081 177
1757489451124 4.983026062120938 178
1757489451243 1.0830540699142226 179
1757489451372 4.967878033260467 180
1757489451482 9.563894860543494 181
1757489451609 1.2278824342254213 182
1757489451728 0.026974385146060525 183
1757489451852 20.696880884895222 184
1757489451960 0.8266842724635467 185
1757489452082 5.095878868872056 186
1757489452209 1.7693283486455302 187
1757489452319 10.747693402209144 188
1757489452450 14.680740475206196 189
1757489452601 7.377259965206942 190
1757489452759 13.067095321002716 191
1757489452896 14.13703554606843 192
1757489453014 10.440537576097128 193
1757489453128 1.7088611225356085 194
1757489453249 17.11756180716585 195
1757489453350 8.425723182558803 196
1757489453446 7.043782034843741 197
1757489453538 4.634569482065314 198
1757489453633 0.1985529235538776 199
1757489453716 9.716980013839445 200
1757489453808 3.048327589701672 201
1757489453894 0.6713500379737057 202
1757489453980 8.548417081760821 203
1757489454121 0.4879369421560481 204
1757489454283 1.8140392082245969 205
1757489454463 3.4310546878241355 206
1757489454568 8.633648307957658 207
1757489454705 0.7040901458067697 208
1757489454899 1.5804509309204757 209
1757489455019 3.2168585196893766 210
1757489455128 7.080219463246629 211
1757489455219 1.490496162300865 212
1757489455310 9.944327783816517 213
1757489455402 0.5119039697949715 214
1757489455490 7.511142870414409 215
1757489455577 6.53672120630432 216
1757489455665 18.25983658083287 217
1757489455752 1.5762531133717927 218
1757489455836 1.0995504907655562 219
1757489455923 6.862964385049444 220
1757489456012 3.465814787266392 221
1757489456110 1.1043021726282398 222
1757489456190 19.007492419458288 223
1757489456272 13.008402068182354 224
1757489456359 0.008526467932282202 225
1757489456444 0.6464414037866725 226
1757489456524 5.8009408360145445 227
1757489456610 15.28620698361859 228
1757489456695 4.416472873555715 229
1757489456781 4.154477411690365 230
1757489456865 5.884029338096321 231
1757489456950 4.023442312615529 232
1757489457035 10.163041181457551 233
1757489457119 12.643262872667153 234
1757489457201 0.14415635787109007 235
1757489457284 10.364678332587957 236
1757489457366 0.03444758141444345 237
1757489457444 11.545330985791113 238
1757489457526 0.14792475569087313 239
1757489457609 7.763882638218315 240
1757489457728 10.839274743907477 241
1757489457837 0.6944476789509426 242
1757489457927 22.105915122474375 243
1757489458014 1.3038415282329319 244
1757489458111 0.7089217035505739 245
1757489458212 3.1728839041409285 246
1757489458306 6.76953587863141 247
1757489458413 1.3528342112767406 248
1757489458545 6.336400537967607 249
1757489458645 9.229290676240735 250
1757489458734 3.328027282880071 251
1757489458849 0.698607821656199 252
1757489458940 14.968076137413469 253
1757489459033 1.8361627390111062 254
1757489459120 14.154686025460677 255
1757489459215 0.6612356008362149 256
1757489459301 9.479520780515537 257
1757489459389 18.56244373129889 258
1757489459468 6.9610483373703715 259
1757489459553 15.292873026535071 260
1757489459640 15.494428031870475 261
1757489459725 0.010574432634955437 262
1757489459810 1.5482444257252954 263
1757489459895 1.1776473806439753 264
1757489459975 17.223859170340734 265
1757489460063 0.6807695778478265 266
1757489460144 10.226353598322728 267
1757489460243 3.086326332865575 268
1757489460330 0.6737993192523094 269
1757489460528 5.143474993937784 270
1757489460714 5.5474489749528795 271
1757489460876 5.287344879046085 272
1757489461024 4.0113852903134335 273
1757489461138 6.819900895997295 274
1757489461274 6.603429548571017 275
1757489461385 0.5068785341899869 276
1757489461509 5.39604245812207 277
1757489461642 7.406230145224263 278
1757489461781 0.32900585787113085 279
1757489461914 7.609222776603954 280
1757489462048 8.613685029300699 281
1757489462184 2.019898328147734 282
1757489462327 0.1564904234503281 283
1757489462466 0.5475358649307419 284
1757489462603 1.3900408318667423 285
1757489462725 0.28125492637537236 286
1757489462863 0.22972303173577727 287
1757489462978 8.80920122617423 288
1757489463114 1.6716229226763388 289
1757489463224 1.1674656725432726 290
1757489463346 0.8354991278809029 291
1757489463464 0.008161091374238415 292
1757489463619 0.084544652420394 293
1757489463794 0.42066439125419836 294
1757489463960 0.056490674680975114 295
1757489464094 6.2629222086693375 296
1757489464223 0.5872942336332999 297
1757489464371 24.34377595983217 298
1757489464489 3.647473234275441 299
1757489464624 14.709092456823427 300
1757489464746 18.561101249393772 301
1757489464881 10.343172318551611 302
1757489465006 1.6930943033739883 303
1757489465137 0.19756952422837745 304
1757489465287 80.21885677843096 305
1757489465393 0.10505787842742884 306
1757489465503 3.5952183299728144 307
1757489465631 13.158853085643218 308
1757489465765 13.945118991379431 309
1757489465890 0.015755691449374432 310
1757489466048 2.513046384711914 311
1757489466173 3.6030951779638234 312
1757489466307 0.24916673271419526 313
1757489466421 1.401480655553379 314
1757489466528 0.009352111033372738 315
1757489466638 3.7184791482549007 316
1757489466754 15.666365821074576 317
1757489466919 8.756831221194922 318
1757489467014 0.5886731896172076 319
1757489467105 6.436669955481645 320
1757489467196 5.4402788589068205 321
1757489467287 0.16429848578214484 322
1757489467388 0.6982809525175782 323
1757489467476 12.80049925036227 324
1757489467581 1.6453787196095178 325
1757489467766 8.774421836901967 326
1757489467937 0.08184595557940205 327
1757489468078 4.924003918840072 328
1757489468196 0.2647459851385855 329
1757489468332 22.843043222715558 330
1757489468444 6.361338895611929 331
1757489468549 10.596442797450354 332
1757489468665 0.07204223448565293 333
1757489468802 0.13756152841302224 334
1757489468931 10.83299089882693 335
1757489469056 6.412283140223572 336
1757489469195 5.048554374969373 337
1757489469344 5.006087537943473 338
1757489469489 1.1034366817154015 339
1757489469623 13.519629088571941 340
1757489469739 4.0934371184597325 341
1757489469867 14.008493413379368 342
1757489470013 11.741600850495399 343
1757489470158 15.678998292403113 344
1757489470293 13.174975344299215 345
1757489470409 6.938046725239333 346
1757489470528 6.0294704215193144 347
1757489470647 1.2315971258759821 348
1757489470757 26.29310709321113 349
1757489470876 0.8722130489248611 350
1757489470995 3.0738282476660244 351
1757489471146 0.040523444845402525 352
1757489471267 7.799854090908558 353
1757489471403 5.557600897370352 354
1757489471541 5.125058187533534 355
1757489471683 12.96595336278939 356
1757489471825 8.630968578601696 357
1757489471959 6.6833542686839555 358
1757489472083 0.7352879547410686 359
1757489472227 0.0729254396586023 360
1757489472358 0.17983711719559903 361
1757489472500 0.8146787809887156 362
1757489472626 19.641403812388525 363
1757489472755 1.4450455768594188 364
1757489472865 13.554921605921995 365
1757489472990 19.718906883062356 366
1757489473097 3.6446853767210032 367
1757489473241 8.095206372268228 368
1757489473349 6.367741612624669 369
1757489473495 11.852800414005145 370
1757489473628 36.156694260936526 371
1757489473753 15.719801246133992 372
1757489473887 10.30019035535085 373
1757489474019 19.256239428157308 374
1757489474145 1.839545908184695 375
1757489474262 9.162512709887935 376
1757489474410 6.732382908587533 377
1757489474528 6.259869236161929 378
1757489474624 0.08777089903329666 379
1757489474847 13.172012375309512 380
1757489475070 13.867764675837108 381
1757489475389 0.4441391930628882 382
1757489475574 3.2650395958698972 383
1757489475699 13.139620180498824 384
1757489475863 18.788714032685984 385
1757489476003 6.1899992469445975 386
1757489476110 0.6210516536753836 387
1757489476210 4.997371836470774 388
1757489476304 0.4759813148639179 389
1757489476397 11.395463341294441 390
1757489476539 15.045108627270524 391
1757489476669 1.4956457752224328 392
1757489476783 19.414533354763 393
1757489476889 6.469700956782597 394
1757489476996 0.2503382778120677 395
1757489477093 3.7092819387533438 396
1757489477190 13.609418923034884 397
1757489477287 0.4911656672152759 398
1757489477390 0.8301297183738099 399
1757489477589 8.287317518383734 400
1757489477718 4.074683663807146 401
1757489477827 7.59809446785873 402
1757489477929 9.567965115487338 403
1757489478024 3.952403008295441 404
1757489478120 12.346329261660895 405
1757489478214 11.109043376157048 406
1757489478305 1.779030897579575 407
1757489478398 0.4978014292473172 408
1757489478495 13.969523158053352 409
1757489478792 0.15647983175028285 410
1757489478906 12.766600161889443 411
1757489479010 5.116095715461621 412
1757489479150 23.241533322126738 413
1757489479267 2.3535603937479297 414
1757489479368 0.515589067610942 415
1757489479471 7.7909832371502095 416
1757489479570 6.2865866659488026 417
1757489479671 1.2409730359112114 418
1757489479768 0.6346696737600643 419
1757489479856 6.4523790374270815 420
1757489479950 5.16348539954171 421
1757489480043 19.40163715757605 422
1757489480139 0.022526115291558547 423
1757489480230 28.15248415607806 424
1757489480324 0.7549043435379005 425
1757489480418 16.604619917228852 426
1757489480511 11.030300427332229 427
1757489480625 12.775820776401382 428
1757489480742 0.15372482696765136 429
1757489480853 9.679219839234474 430
1757489481030 0.3536885695985508 431
1757489481140 19.986527759661648 432
1757489481243 11.97725708141316 433
1757489481342 6.290177650605178 434
1757489481436 0.5000226220613165 435
1757489481531 17.1991811037951 436
1757489481622 1.4586432321826763 437
1757489481726 0.7044536255105075 438
1757489481821 1.9195999465424953 439
1757489481917 12.688810489871818 440
1757489482009 2.96748414478414 441
1757489482100 4.292031050104255 442
1757489482190 11.449151421984965 443
1757489482286 19.978260138457596 444
1757489482380 10.785674365995318 445
1757489482486 18.66554790958189 446
1757489482668 13.923570132189191 447
1757489482866 2.9307296297668453 448
1757489483043 14.776838901088118 449
1757489483173 3.894762041507739 450
1757489483328 0.902291781848377 451
1757489483496 5.133006468690119 452
1757489483626 8.633571017604355 453
1757489483784 10.925767843218832 454
1757489483925 0.07680361155500985 455
1757489484057 0.40665274312168764 456
1757489484196 4.515500988087728 457
1757489484346 7.121145801368372 458
1757489484502 2.888312689669668 459
1757489484676 11.19805120760626 460
1757489484829 0.12193739243583093 461
1757489484970 10.22271017035294 462
1757489485123 11.898895425238246 463
1757489485273 2.9395993511255796 464
1757489485420 0.8560302020552168 465
1757489485557 8.278933196552416 466
1757489485714 6.776152990059296 467
1757489485852 11.714660320066667 468
1757489485984 0.5202772269993033 469
1757489486111 1.7702104445816929 470
1757489486277 0.004696671968270391 471
1757489486433 9.083125795360578 472
1757489486612 1.200330989907426 473
1757489486742 20.784701793572147 474
1757489486879 1.4971739813906058 475
1757489487106 0.08622307892555063 476
1757489487277 5.946235089618958 477
1757489487423 3.3260662416645523 478
1757489487565 0.002607108842933885 479
1757489487682 0.4553535498832746 480
1757489487856 10.861948730657437 481
1757489487978 2.2560418427306805 482
1757489488106 0.5100632014152815 483
1757489488253 2.3398696086505963 484
1757489488391 10.109925855049132 485
1757489488512 6.836746011792931 486
1757489488675 10.319937487174355 487
1757489488813 12.868410668387423 488
1757489488924 4.313277038949954 489
1757489489046 11.87219553340781 490
1757489489168 17.58620567879414 491
1757489489291 16.717767294812 492
1757489489457 2.2768319574920746 493
1757489489558 11.531184242750403 494
1757489489661 5.719162184127362 495
1757489489752 4.816136028281008 496
1757489489842 0.34868094142162404 497
1757489489948 18.22458571378808 498
1757489490044 9.795747698183243 499
