1757487628148 26.642494774850814 0
1757487628218 10.416828007156074 1
1757487628281 10.589975952944432 2
1757487628348 5.745101393908321 3
1757487628408 4.928077236916177 4
1757487628507 5.28669376998084 5
1757487628571 1.5146009868035717 6
1757487628687 1.8613512667550856 7
1757487628763 1.527871252319 8
1757487628848 0.7445687433795661 9
1757487628923 0.7513338841758731 10
1757487628998 0.45875000390603066 11
1757487629055 0.36493551327707346 12
1757487629119 0.3262044977533612 13
1757487629178 0.22860676822200454 14
1757487629314 0.13096079253680973 15
1757487629411 0.14085471621142706 16
1757487629503 0.12063607881223315 17
1757487629607 0.13830630179778544 18
1757487629684 0.10933834031113365 19
1757487629785 0.24263019497459073 20
1757487629886 0.11153406317181869 21
1757487629997 0.12632550203108464 22
1757487630074 0.12741835471001647 23
1757487630139 0.14878629029137933 24
1757487630202 0.11942355496023567 25
1757487630278 0.13631958652829068 26
1757487630345 0.08906683665552168 27
1757487630409 0.12631664803617554 28
1757487630468 0.1266186539457684 29
1757487630527 0.12708857539867813 30
1757487630588 0.10030453940737004 31
1757487630655 0.11316703474340949 32
1757487630754 0.10835896386833162 33
1757487630852 0.15142514939598514 34
1757487630915 0.08106608328797381 35
1757487630990 0.11930934277544035 36
1757487631071 0.14354361793577958 37
1757487631155 0.09103530648663198 38
1757487631214 0.07604967368714351 39
1757487631302 0.10582942408731133 40
1757487631371 0.10383602010696369 41
1757487631460 0.08894460528731152 42
1757487631535 0.11195068912147789 43
1757487631611 0.17627975054701117 44
1757487631694 0.11324473831827638 45
1757487631760 0.10647440719896341 46
1757487631840 0.08357468448880934 47
1757487631924 0.11542121458820448 48
1757487631991 0.1545475053658858 49
1757487632063 0.11832541223525554 50
1757487632137 0.13333812019758892 51
1757487632218 0.10157725541867152 52
1757487632282 0.17810074056652256 53
1757487632352 0.17672322038299773 54
1757487632432 0.16164614143422992 55
1757487632484 0.1630806618254611 56
1757487632554 0.13595372510389503 57
1757487632623 0.1404169129636175 58
1757487632676 0.11774823458712098 59
1757487632727 0.08537897004655637 60
1757487632797 0.07706524034139357 61
1757487632873 0.08218038095371548 62
1757487632942 0.09409679566771523 63
1757487632996 0.11429068470773995 64
1757487633070 0.10340550116622382 65
1757487633163 0.12780299354271715 66
1757487633238 0.11026216850999704 67
1757487633307 0.07167577629226987 68
1757487633378 0.08153833405442336 69
1757487633440 0.11990624017957215 70
1757487633505 0.09067603932249084 71
1757487633596 0.13675631109747755 72
1757487633645 0.12941368993943334 73
1757487633693 0.11666175619295278 74
1757487633740 0.11066509067126007 75
1757487633785 0.072987186100856 76
1757487633831 0.08915466088985548 77
1757487633876 0.06655695718241617 78
1757487633920 0.1406252202882229 79
1757487633964 0.11342989629660262 80
1757487634009 0.16719492268834243 81
1757487634053 0.09319215883885323 82
1757487634117 0.11710885967198485 83
1757487634183 0.10057094147809165 84
1757487634237 0.11671309447449553 85
1757487634305 0.1261612669521965 86
1757487634452 0.13264985320449774 87
1757487634554 0.10516073378310714 88
1757487634680 0.14190902125018112 89
1757487634768 0.13022779379402308 90
1757487634841 0.14235536695366732 91
1757487634941 0.1513465939385316 92
1757487635074 0.159004461334772 93
1757487635180 0.09469371467453776 94
1757487635263 0.09579011960977635 95
1757487635334 0.10714162339006979 96
1757487635383 0.10092515031774797 97
1757487635432 0.10094892804421086 98
1757487635482 0.13670686387958936 99
1757487635533 0.10942719522837752 100
1757487635580 0.1535232857124851 101
1757487635625 0.13369579162440703 102
1757487635670 0.07429585642833086 103
1757487635717 0.09346015832642286 104
1757487635763 0.0892262662000669 105
1757487635807 0.1428376193076393 106
1757487635851 0.05111377770879749 107
1757487635897 0.08454036632104016 108
1757487635942 0.06749934484223091 109
1757487635989 0.09416809518423674 110
1757487636036 0.10832804048621059 111
1757487636083 0.12590985418459602 112
1757487636128 0.1097842771725039 113
1757487636174 0.10746871201561707 114
1757487636219 0.09345907849994585 115
1757487636264 0.14679713589314597 116
1757487636308 0.08573740465250745 117
1757487636358 0.1052917411908359 118
1757487636402 0.1267541092023318 119
1757487636451 0.16499635044312908 120
1757487636497 0.1056535293005383 121
1757487636542 0.12619564583229345 122
1757487636590 0.0794436100056421 123
1757487636636 0.1249098790323692 124
1757487636682 0.10738665718351442 125
1757487636727 0.10353251394454517 126
1757487636771 0.08590456576190071 127
1757487636815 0.0911963709203673 128
1757487636861 0.08367153499366838 129
