1757503849217 169.66412573140843 0
1757503849277 169.4932305292081 1
1757503849337 169.32327717737343 2
1757503849417 169.15359540916566 3
1757503849472 168.98418474910304 4
1757503849526 168.81504472255676 5
1757503849580 168.64617485574936 6
1757503849634 168.47757467575326 7
1757503849688 168.30924371048914 8
1757503849747 168.14118148872464 9
1757503849838 167.97338754007234 10
1757503849906 167.8058613949889 11
1757503849961 167.63860258477297 12
1757503850017 167.47161064156384 13
1757503850069 167.3048850983401 14
1757503850129 167.13842548891793 15
1757503850187 166.97223134794962 16
1757503850251 166.80630221092204 17
1757503850309 166.64063761415534 18
1757503850367 166.47523709480106 19
1757503850426 166.31010019084087 20
1757503850481 166.14522644108524 21
1757503850535 165.9806153851715 22
1757503850590 165.81626656356272 23
1757503850652 165.6521795175461 24
1757503850709 165.48835378923138 25
1757503850793 165.3247889215495 26
1757503850857 165.16148445825104 27
1757503850922 164.99843994390474 28
1757503850978 164.8356549238961 29
1757503851031 164.67312894442577 30
1757503851086 164.51086155250812 31
1757503851143 164.3488522959699 32
1757503851202 164.18710072344868 33
1757503851257 164.02560638439118 34
1757503851313 163.86436882905227 35
1757503851368 163.703387608493 36
1757503851423 163.5426622745795 37
1757503851479 163.38219237998143 38
1757503851536 163.22197747817052 39
1757503851592 163.06201712341897 40
1757503851647 162.9023108707983 41
1757503851704 162.74285827617763 42
1757503851758 162.58365889622246 43
1757503851813 162.42471228839307 44
1757503851869 162.26601801094316 45
1757503851925 162.10757562291832 46
1757503851981 161.9493846841548 47
1757503852038 161.7914447552779 48
1757503852093 161.63375539770055 49
1757503852150 161.47631617362205 50
1757503852209 161.3191266460264 51
1757503852264 161.16218637868116 52
1757503852320 161.00549493613585 53
1757503852374 160.84905188372045 54
1757503852428 160.69285678754434 55
1757503852481 160.5369092144945 56
1757503852536 160.38120873223437 57
1757503852592 160.2257549092023 58
1757503852652 160.07054731461028 59
1757503852713 159.9155855184423 60
1757503852768 159.76086909145337 61
1757503852826 159.60639760516767 62
1757503852882 159.4521706318775 63
1757503852941 159.29818774464167 64
1757503852996 159.1444485172842 65
1757503853050 158.990952524393 66
1757503853106 158.83769934131846 67
1757503853159 158.68468854417196 68
1757503853227 158.53191970982462 69
1757503853284 158.37939241590595 70
1757503853342 158.22710624080224 71
1757503853396 158.07506076365567 72
1757503853450 157.92325556436225 73
1757503853505 157.77169022357117 74
1757503853560 157.62036432268303 75
1757503853614 157.46927744384854 76
1757503853670 157.31842916996717 77
1757503853725 157.1678190846859 78
1757503853782 157.01744677239782 79
1757503853842 156.86731181824064 80
1757503853903 156.71741380809559 81
1757503853959 156.56775232858584 82
1757503854015 156.4183269670753 83
1757503854070 156.2691373116673 84
1757503854126 156.12018295120316 85
1757503854180 155.97146347526095 86
1757503854240 155.822978474154 87
1757503854297 155.67472753892983 88
1757503854352 155.52671026136855 89
1757503854409 155.37892623398167 90
1757503854544 155.23137505001088 91
1757503854699 155.08405630342656 92
1757503854851 154.93696958892647 93
1757503854988 154.79011450193454 94
1757503855051 154.64349063859956 95
1757503855130 154.49709759579372 96
1757503855257 154.35093497111143 97
1757503855379 154.20500236286804 98
1757503855460 154.05929937009844 99
1757503855613 153.9138255925559 100
1757503855718 153.76858063071043 101
1757503855776 153.62356408574803 102
1757503855834 153.47877555956896 103
1757503855888 153.33421465478654 104
1757503855945 153.18988097472595 105
1757503856002 153.04577412342306 106
1757503856060 152.90189370562274 107
1757503856117 152.75823932677795 108
1757503856173 152.61481059304845 109
1757503856236 152.47160711129916 110
1757503856293 152.3286284890994 111
1757503856353 152.18587433472112 112
1757503856410 152.04334425713813 113
1757503856468 151.9010378660244 114
1757503856524 151.75895477175294 115
1757503856579 151.61709458539468 116
1757503856636 151.47545691871704 117
1757503856695 151.33404138418268 118
1757503856751 151.1928475949484 119
1757503856808 151.0518751648637 120
1757503856864 150.91112370846955 121
1757503856922 150.77059284099735 122
1757503856979 150.6302821783674 123
1757503857037 150.49019133718784 124
1757503857093 150.35031993475332 125
1757503857149 150.2106675890438 126
1757503857208 150.07123391872335 127
1757503857275 149.93201854313878 128
1757503857333 149.79302108231857 129
1757503857389 149.65424115697155 130
1757503857447 149.5156783884857 131
1757503857504 149.3773323989268 132
1757503857560 149.23920281103747 133
1757503857616 149.1012892482357 134
1757503857674 148.9635913346137 135
1757503857732 148.82610869493675 136
1757503857788 148.68884095464202 137
1757503857846 148.5517877398371 138
1757503857904 148.41494867729904 139
1757503857961 148.27832339447315 140
1757503858019 148.14191151947156 141
1757503858075 148.0057126810723 142
1757503858134 147.86972650871786 143
1757503858195 147.7339526325141 144
1757503858253 147.5983906832291 145
1757503858311 147.4630402922919 146
1757503858368 147.32790109179126 147
1757503858425 147.19297271447456 148
1757503858484 147.05825479374658 149
1757503858543 146.92374696366826 150
1757503858600 146.7894488589556 151
1757503858657 146.65536011497844 152
1757503858715 146.52148036775918 153
1757503858785 146.38780925397188 154
1757503858848 146.2543464109407 155
1757503858930 146.12109147663915 156
1757503859004 145.98804408968846 157
1757503859074 145.85520388935677 158
1757503859140 145.7225705155578 159
1757503859212 145.59014360884981 160
1757503859299 145.45792281043418 161
1757503859394 145.32590776215457 162
1757503859475 145.19409810649552 163
1757503859547 145.06249348658142 164
1757503859657 144.93109354617522 165
1757503859731 144.79989792967743 166
1757503859802 144.66890628212505 167
1757503859876 144.53811824919003 168
1757503859943 144.40753347717848 169
1757503860011 144.27715161302947 170
1757503860071 144.14697230431372 171
1757503860128 144.01699519923267 172
1757503860184 143.88721994661722 173
1757503860247 143.75764619592658 174
1757503860314 143.62827359724716 175
1757503860369 143.49910180129154 176
1757503860442 143.3701304593972 177
1757503860526 143.2413592235253 178
1757503860586 143.11278774626 179
1757503860645 142.9844156808068 180
1757503860709 142.85624268099167 181
1757503860777 142.72826840125998 182
1757503860836 142.60049249667523 183
1757503860902 142.47291462291804 184
1757503860962 142.34553443628505 185
1757503861022 142.21835159368774 186
1757503861080 142.0913657526513 187
1757503861151 141.96457657131364 188
1757503861208 141.83798370842416 189
1757503861268 141.71158682334269 190
1757503861332 141.58538557603845 191
1757503861394 141.4593796270889 192
1757503861452 141.33356863767852 193
1757503861509 141.2079522695979 194
1757503861567 141.0825301852427 195
1757503861624 140.9573020476122 196
1757503861682 140.8322675203086 197
1757503861742 140.70742626753574 198
1757503861802 140.582777954098 199
1757503861864 140.45832224539936 200
1757503861922 140.33405880744215 201
1757503861983 140.20998730682598 202
1757503862041 140.08610741074696 203
1757503862100 139.9624187869961 204
1757503862158 139.8389211039587 205
1757503862216 139.71561403061304 206
1757503862276 139.59249723652937 207
1757503862342 139.46957039186887 208
1757503862403 139.34683316738247 209
1757503862463 139.22428523440993 210
1757503862521 139.10192626487878 211
1757503862581 138.97975593130312 212
1757503862640 138.8577739067825 213
1757503862700 138.73597986500133 214
1757503862759 138.61437348022713 215
1757503862818 138.4929544273101 216
1757503862877 138.3717223816817 217
1757503862936 138.2506770193537 218
1757503862996 138.12981801691717 219
1757503863056 138.0091450515414 220
1757503863114 137.8886578009728 221
1757503863172 137.7683559435341 222
1757503863231 137.64823915812283 223
1757503863291 137.52830712421093 224
1757503863360 137.40855952184307 225
1757503863420 137.28899603163603 226
1757503863479 137.1696163347776 227
1757503863537 137.05042011302538 228
1757503863597 136.93140704870595 229
1757503863655 136.81257682471377 230
1757503863713 136.69392912451002 231
1757503863773 136.57546363212188 232
1757503863834 136.4571800321412 233
1757503863893 136.33907800972364 234
1757503863952 136.22115725058765 235
1757503864011 136.10341744101345 236
1757503864070 135.9858582678419 237
1757503864129 135.86847941847367 238
1757503864189 135.7512805808681 239
1757503864248 135.63426144354224 240
1757503864308 135.51742169556985 241
1757503864377 135.40076102658034 242
1757503864438 135.28427912675787 243
1757503864497 135.1679756868402 244
1757503864556 135.0518503981179 245
1757503864615 134.93590295243305 246
1757503864675 134.82013304217864 247
1757503864733 134.70454036029722 248
1757503864794 134.58912460028 249
1757503864853 134.4738854561661 250
1757503864914 134.3588226225412 251
1757503864977 134.24393579453672 252
1757503865037 134.129224667829 253
1757503865136 134.01468893863796 254
1757503865270 133.90032830372638 255
1757503865400 133.78614246039896 256
1757503865479 133.67213110650107 257
1757503865554 133.55829394041803 258
1757503865621 133.444630661074 259
1757503865690 133.33114096793108 260
1757503865808 133.21782456098836 261
1757503865878 133.10468114078074 262
1757503865954 132.99171040837834 263
1757503866043 132.87891206538512 264
1757503866133 132.76628581393823 265
1757503866243 132.65383135670692 266
1757503866334 132.54154839689153 267
1757503866435 132.42943663822268 268
1757503866510 132.31749578496016 269
1757503866575 132.20572554189206 270
1757503866672 132.09412561433385 271
1757503866756 131.98269570812724 272
1757503866874 131.87143552963954 273
1757503866967 131.76034478576238 274
1757503867058 131.64942318391107 275
1757503867155 131.53867043202334 276
1757503867243 131.42808623855873 277
1757503867339 131.31767031249737 278
1757503867405 131.20742236333916 279
1757503867476 131.09734210110292 280
1757503867542 130.9874292363252 281
1757503867610 130.8776834800597 282
1757503867675 130.76810454387592 283
1757503867741 130.65869213985863 284
1757503867817 130.5494459806067 285
1757503867919 130.44036577923217 286
1757503867999 130.33145124935947 287
1757503868084 130.2227021051244 288
1757503868187 130.11411806117317 289
1757503868275 130.00569883266155 290
1757503868368 129.89744413525395 291
1757503868469 129.78935368512248 292
1757503868573 129.681427198946 293
1757503868671 129.57366439390924 294
1757503868751 129.4660649877019 295
1757503868841 129.3586286985178 296
1757503868940 129.25135524505373 297
1757503869026 129.14424434650888 298
1757503869218 129.03729572258365 299
1757503869329 128.93050909347886 300
1757503869468 128.82388417989492 301
1757503869535 128.71742070303083 302
1757503869596 128.6111183845832 303
1757503869659 128.50497694674561 304
1757503869721 128.39899611220747 305
1757503869784 128.29317560415322 306
1757503869846 128.1875151462614 307
1757503869910 128.08201446270394 308
1757503869971 127.97667327814489 309
1757503870034 127.87149131773995 310
1757503870101 127.7664683071353 311
1757503870162 127.6616039724668 312
1757503870223 127.5568980403592 313
1757503870286 127.4523502379251 314
1757503870348 127.34796029276417 315
1757503870407 127.24372793296224 316
1757503870474 127.1396528870904 317
1757503870540 127.03573488420422 318
1757503870601 126.93197365384272 319
1757503870663 126.82836892602768 320
1757503870726 126.72492043126259 321
1757503870790 126.62162790053189 322
1757503870850 126.51849106530011 323
1757503870913 126.41550965751095 324
1757503870975 126.31268340958644 325
1757503871035 126.21001205442607 326
1757503871117 126.1074953254059 327
1757503871200 126.00513295637782 328
1757503871278 125.90292468166851 329
1757503871358 125.80087023607872 330
1757503871449 125.69896935488238 331
1757503871530 125.59722177382575 332
1757503871597 125.4956272291265 333
1757503871677 125.39418545747299 334
1757503871746 125.29289619602329 335
1757503871809 125.1917591824044 336
1757503871872 125.09077415471143 337
1757503871935 124.98994085150669 338
1757503871995 124.88925901181887 339
1757503872055 124.78872837514221 340
1757503872116 124.68834868143567 341
1757503872178 124.58811967112209 342
1757503872238 124.48804108508732 343
1757503872314 124.38811266467937 344
1757503872419 124.28833415170766 345
1757503872488 124.18870528844215 346
1757503872562 124.08922581761247 347
1757503872623 123.98989548240709 348
1757503872686 123.8907140264726 349
1757503872751 123.79168119391274 350
1757503872818 123.69279672928768 351
1757503872881 123.5940603776131 352
1757503872945 123.49547188435953 353
1757503873012 123.39703099545129 354
1757503873075 123.29873745726594 355
1757503873139 123.20059101663323 356
1757503873206 123.10259142083443 357
1757503873268 123.00473841760146 358
1757503873332 122.90703175511611 359
1757503873395 122.80947118200915 360
1757503873457 122.7120564473596 361
1757503873520 122.61478730069396 362
1757503873593 122.51766349198522 363
1757503873660 122.42068477165226 364
1757503873725 122.32385089055896 365
1757503873789 122.22716160001335 366
1757503873855 122.13061665176689 367
1757503873920 122.03421579801362 368
1757503873994 121.93795879138942 369
1757503874057 121.8418453849711 370
1757503874129 121.74587533227573 371
1757503874197 121.65004838725979 372
1757503874263 121.55436430431831 373
1757503874328 121.45882283828428 374
1757503874398 121.3634237444276 375
1757503874471 121.2681667784545 376
1757503874545 121.17305169650666 377
1757503874626 121.07807825516039 378
1757503874696 120.98324621142596 379
1757503874768 120.88855532274673 380
1757503874836 120.79400534699838 381
1757503874903 120.69959604248814 382
1757503874967 120.60532716795402 383
1757503875031 120.51119848256404 384
1757503875095 120.41720974591543 385
1757503875162 120.32336071803384 386
1757503875227 120.22965115937266 387
1757503875291 120.1360808308121 388
1757503875357 120.04264949365857 389
1757503875418 119.94935690964385 390
1757503875481 119.85620284092424 391
1757503875544 119.7631870500799 392
1757503875608 119.67030930011416 393
1757503875671 119.57756935445252 394
1757503875733 119.4849669769421 395
1757503875797 119.39250193185076 396
1757503875897 119.30017398386639 397
1757503876069 119.2079828980962 398
1757503876187 119.11592844006587 399
1757503876325 119.0240103757188 400
1757503876393 118.93222847141547 401
1757503876509 118.84058249393259 402
1757503876661 118.74907221046226 403
1757503876738 118.65769738861154 404
1757503876802 118.5664577964013 405
1757503876866 118.47535320226577 406
1757503876930 118.3843833750517 407
1757503876995 118.29354808401753 408
1757503877059 118.20284709883279 409
1757503877123 118.11228018957725 410
1757503877192 118.0218471267403 411
1757503877258 117.93154768122008 412
1757503877323 117.84138162432275 413
1757503877386 117.75134872776191 414
1757503877451 117.6614487636577 415
1757503877515 117.57168150453613 416
1757503877579 117.48204672332837 417
1757503877650 117.39254419336993 418
1757503877732 117.3031736884001 419
1757503877799 117.21393498256099 420
1757503877869 117.12482785039704 421
1757503877938 117.03585206685409 422
1757503878003 116.94700740727889 423
1757503878069 116.85829364741807 424
1757503878133 116.76971056341768 425
1757503878199 116.6812579318224 426
1757503878267 116.59293552957477 427
1757503878334 116.50474313401448 428
1757503878401 116.41668052287767 429
1757503878467 116.32874747429626 430
1757503878534 116.24094376679722 431
1757503878599 116.15326917930173 432
1757503878672 116.06572349112471 433
1757503878742 115.97830648197386 434
1757503878807 115.89101793194915 435
1757503878871 115.80385762154195 436
1757503878941 115.7168253316345 437
1757503879009 115.62992084349901 438
1757503879077 115.54314393879713 439
1757503879144 115.45649439957914 440
1757503879210 115.36997200828331 441
1757503879279 115.28357654773515 442
1757503879345 115.19730780114674 443
1757503879409 115.11116555211602 444
1757503879476 115.02514958462615 445
1757503879581 114.93925968304471 446
1757503879655 114.85349563212311 447
1757503879725 114.76785721699584 448
1757503879792 114.68234422317977 449
1757503879857 114.59695643657354 450
1757503879924 114.51169364345678 451
1757503879989 114.42655563048947 452
1757503880054 114.34154218471122 453
1757503880118 114.25665309354066 454
1757503880183 114.17188814477466 455
1757503880248 114.08724712658771 456
1757503880315 114.00272982753127 457
1757503880380 113.91833603653296 458
1757503880514 113.83406554289604 459
1757503880632 113.74991813629863 460
1757503880720 113.66589360679306 461
1757503880817 113.5819922300021 462
1757503880882 113.49821332769677 463
1757503880953 113.4145566910033 464
1757503881020 113.33102160982747 465
1757503881088 113.24760886836059 466
1757503881154 113.16431776813658 467
1757503881220 113.08114810176399 468
1757503881288 112.99809913905949 469
1757503881353 112.91517170888022 470
1757503881419 112.83236509261455 471
1757503881487 112.74967908434277 472
1757503881553 112.66711293388359 473
1757503881618 112.58466751454552 474
1757503881692 112.50234208766281 475
1757503881762 112.42013644877699 476
1757503881828 112.33805039379314 477
1757503881893 112.25608314760964 478
1757503881967 112.17423563890021 479
1757503882032 112.09250710400894 480
1757503882098 112.01089734028902 481
1757503882166 111.92940555284463 482
1757503882248 111.84804027191038 483
1757503882316 111.7667932437339 484
1757503882385 111.68566426686255 485
1757503882456 111.60465314020199 486
1757503882522 111.52375904385383 487
1757503882589 111.44298300515986 488
1757503882655 111.36232421556228 489
1757503882727 111.28178247539361 490
1757503882793 111.20135758534137 491
1757503882858 111.1210493464476 492
1757503882924 111.04085690924975 493
1757503883004 110.96078136668632 494
1757503883100 110.88082188055277 495
1757503883174 110.80097825330253 496
1757503883254 110.72125028774033 497
1757503883337 110.64163710995405 498
1757503883417 110.56213986711872 499
