1757486768627 181.34652701848373 0
1757486768667 161.73887258667872 1
1757486768707 154.24544758255988 2
1757486768751 146.8609251095232 3
1757486768794 140.1415928635714 4
1757486768838 133.92641891451603 5
1757486768876 128.23836168968836 6
1757486768915 122.96677610859068 7
1757486768954 118.09661041646055 8
1757486768994 113.59124623124286 9
1757486769056 109.41841667718063 10
1757486769111 105.548843724913 11
1757486769154 101.95599201183008 12
1757486769194 98.61580381788997 13
1757486769233 95.50646175840421 14
1757486769274 92.60817436078084 15
1757486769340 89.90298240587511 16
1757486769441 87.37458400808802 17
1757486769563 85.00817661174868 18
1757486769662 82.79031425868723 19
1757486769762 80.70877864229277 20
1757486769809 78.75246260806757 21
1757486769856 76.91126489128584 22
1757486769927 75.17599500021753 23
1757486769993 73.53828725973314 24
1757486770060 71.99052312608224 25
1757486770123 70.52576097025236 26
1757486770183 69.1376726054801 27
1757486770250 67.82048590502606 28
1757486770305 66.56893291998416 29
1757486770381 65.37820296434806 30
1757486770454 64.24390018640385 31
1757486770504 63.1620051923119 32
1757486770563 62.128840329969364 33
1757486770615 61.141038279358284 34
1757486770657 60.195513629980674 35
1757486770714 59.28943715702725 36
1757486770778 58.42021253594455 37
1757486770856 57.58545526035431 38
1757486770931 56.78297355110283 39
1757486771017 56.010751064819445 40
1757486771059 55.26693122895716 41
1757486771132 54.55475296682924 42
1757486771186 53.86530221558324 43
1757486771259 53.19951686732883 44
1757486771315 52.55606365840755 45
1757486771380 51.93369138529488 46
1757486771423 51.33124226672081 47
1757486771466 50.74764301276532 48
1757486771509 50.1818976664735 49
1757486771585 49.63308107444467 50
1757486771642 49.100332954660665 51
1757486771690 48.58285250415715 52
1757486771737 48.07989349548356 53
1757486771795 47.59075981578849 54
1757486771843 47.114801406810386 55
1757486771900 46.651410568063696 56
1757486771968 46.20001858913313 57
1757486772017 45.760092680258936 58
1757486772077 45.331133173350054 59
1757486772144 44.91267096822948 60
1757486772232 44.50426520132606 61
1757486772318 44.10550111620253 62
1757486772388 43.71598811727607 63
1757486772453 43.33535798986299 64
1757486772559 42.96326327128381 65
1757486772622 42.59937575921431 66
1757486772696 42.2433851447777 67
1757486772767 41.89499775905669 68
1757486772840 41.55393542277341 69
1757486772886 41.21993438985203 70
1757486772946 40.89274437645226 71
1757486773016 40.57212766785161 72
1757486773081 40.25785829626868 73
1757486773228 39.9497212833644 74
1757486773299 39.647511941742856 75
1757486773365 39.351035230300354 76
1757486773429 39.06010515874937 77
1757486773495 38.77454423707563 78
1757486773556 38.494182966077595 79
1757486773613 38.21885936549093 80
1757486773673 37.94841853652091 81
1757486773743 37.68271225589506 82
1757486773789 37.42159859881079 83
1757486773832 37.164941588390185 84
1757486773889 36.912610869469326 85
1757486773965 36.664481404744095 86
1757486774032 36.42043319147128 87
1757486774099 36.18035099708376 88
1757486774156 35.94412411222318 89
1757486774226 35.71164611982595 90
1757486774298 35.482814679016606 91
1757486774367 35.25753132267185 92
1757486774436 35.035701267616 93
1757486774508 34.81723323649843 94
1757486774555 34.60203929048398 95
1757486774614 34.39003467196147 96
1757486774685 34.181137656541786 97
1757486774746 33.975269413678184 98
1757486774800 33.77235387529658 99
1757486774849 33.57231761187401 100
1757486775014 33.375089715448986 101
1757486775066 33.180601689089514 102
1757486775109 32.98878734238241 103
1757486775153 32.79958269254191 104
1757486775195 32.61292587076773 105
1757486775239 32.42875703351099 106
1757486775288 32.247018278333094 107
1757486775454 32.06765356406653 108
1757486775609 31.890608635008654 109
1757486775753 31.715830948899438 110
1757486775837 31.543269608452775 111
1757486775909 31.37287529622765 112
1757486775983 31.204600212640926 113
1757486776060 31.038398016937688 114
1757486776120 30.874223770948095 115
1757486776193 30.712033885471573 116
1757486776270 30.551786069140185 117
1757486776319 30.393439279623117 118
1757486776410 30.236953677043378 119
1757486776493 30.082290579486607 120
1757486776558 29.929412420489495 121
1757486776606 29.77828270840282 122
1757486776685 29.62886598753065 123
1757486776736 29.481127800953594 124
1757486776792 29.3350346549497 125
1757486776842 29.190553984931878 126
1757486776916 29.04765412282568 127
1757486776981 28.906304265815816 128
1757486777047 28.766474446394138 129
1757486777134 28.62813550364558 130
1757486777183 28.491259055712394 131
1757486777257 28.3558174733803 132
1757486777319 28.2217838547334 133
1757486777385 28.08913200082777 134
1757486777453 27.95783639233615 135
1757486777510 27.82787216711904 136
1757486777561 27.699215098679723 137
1757486777611 27.57184157546308 138
1757486777662 27.44572858096017 139
1757486777720 27.32085367458251 140
1757486777769 27.19719497327181 141
1757486777820 27.074731133812904 142
1757486777869 26.953441335818876 143
1757486777917 26.83330526535922 144
1757486777976 26.714303099203235 145
1757486778052 26.596415489652255 146
1757486778107 26.479623549935454 147
1757486778158 26.363908840145445 148
1757486778217 26.249253353690825 149
1757486778300 26.13563950424394 150
1757486778364 26.02305011316326 151
1757486778447 25.911468397370697 152
1757486778509 25.800877957664927 153
1757486778571 25.691262767453015 154
1757486778650 25.582607161883043 155
1757486778746 25.4748958273616 156
1757486778813 25.36811379144044 157
1757486778872 25.262246413057458 158
1757486778937 25.157279373117834 159
1757486779022 25.053198665401712 160
1757486779067 24.949990587785415 161
1757486779142 24.847641733763854 162
1757486779202 24.74613898426224 163
1757486779275 24.645469499725717 164
1757486779334 24.545620712476143 165
1757486779395 24.446580319325527 166
1757486779463 24.348336274436253 167
1757486779524 24.250876782418572 168
1757486779578 24.1541902916562 169
1757486779648 24.058265487851333 170
1757486779692 23.96309128778076 171
1757486779756 23.86865683325492 172
1757486779830 23.77495148527245 173
1757486779892 23.681964818362612 174
1757486779942 23.58968661510884 175
1757486780015 23.498106860846388 176
1757486780087 23.407215738527757 177
1757486780161 23.317003623749624 178
1757486780230 23.22746107993539 179
1757486780294 23.13857885366752 180
1757486780358 23.05034787016427 181
1757486780412 22.962759228895532 182
1757486780478 22.875804199332773 183
1757486780560 22.7894742168281 184
1757486780689 22.703760878618006 185
1757486780745 22.618655939947146 186
1757486780800 22.534151310307927 187
1757486780870 22.450239049791886 188
1757486780997 22.366911365548713 189
1757486781067 22.2841606083493 190
1757486781114 22.201979269249087 191
1757486781159 22.12035997634818 192
1757486781232 22.039295491644943 193
1757486781361 21.958778707979807 194
1757486781496 21.878802646066138 195
1757486781597 21.79936045160527 196
1757486781664 21.72044539248267 197
1757486781799 21.64205085604272 198
1757486781948 21.56417034643923 199
1757486782033 21.486797482059224 200
1757486782120 21.409925993017552 201
1757486782169 21.333549718719976 202
1757486782213 21.25766260549239 203
1757486782261 21.182258704274062 204
1757486782308 21.10733216837273 205
1757486782350 21.032877251279604 206
1757486782394 20.958888304542242 207
1757486782440 20.88535977569352 208
1757486782484 20.81228620623474 209
1757486782529 20.73966222967133 210
1757486782584 20.667482569599315 211
1757486782634 20.595742037840967 212
1757486782689 20.524435532628186 213
1757486782741 20.453558036831954 214
1757486782790 20.383104616236572 215
1757486782837 20.31307041785718 216
1757486782882 20.243450668299264 217
1757486782929 20.17424067215889 218
1757486782975 20.10543581046237 219
1757486783021 20.037031539144156 220
1757486783066 19.969023387561908 221
1757486783111 19.901406957047424 222
1757486783155 19.834177919492603 223
1757486783201 19.767332015969178 224
1757486783246 19.700865055381346 225
1757486783295 19.63477291315032 226
1757486783340 19.569051529929844 227
1757486783386 19.503696910351692 228
1757486783432 19.438705121800524 229
1757486783476 19.37407229321692 230
1757486783521 19.309794613928126 231
1757486783577 19.24586833250544 232
1757486783624 19.182289755647698 233
1757486783670 19.11905524708996 234
1757486783714 19.056161226536858 235
1757486783762 18.99360416861976 236
1757486783808 18.931380601877205 237
1757486783855 18.869487107757944 238
1757486783899 18.807920319645916 239
1757486783943 18.746676921906666 240
1757486783987 18.685753648954524 241
1757486784033 18.625147284340084 242
1757486784079 18.564854659857318 243
1757486784126 18.504872654669974 244
1757486784172 18.445198194456577 245
1757486784218 18.385828250573677 246
1757486784265 18.32675983923683 247
1757486784312 18.267990020718774 248
1757486784358 18.2095158985645 249
1757486784404 18.15133461882268 250
1757486784450 18.093443369293066 251
1757486784498 18.035839378789476 252
1757486784544 17.978519916417977 253
1757486784594 17.921482290869797 254
1757486784641 17.86472384972877 255
1757486784689 17.808241978792786 256
1757486784735 17.752034101409006 257
1757486784783 17.696097677822454 258
1757486784829 17.640430204537722 259
1757486784877 17.585029213693375 260
1757486784924 17.529892272448848 261
1757486784970 17.475016982383487 262
1757486785023 17.420400978907452 263
1757486785094 17.36604193068423 264
1757486785153 17.3119375390644 265
1757486785201 17.258085537530537 266
1757486785248 17.20448369115281 267
1757486785296 17.151129796055237 268
1757486785342 17.098021678892145 269
1757486785389 17.04515719633474 270
1757486785436 16.992534234567522 271
1757486785485 16.940150708794327 272
1757486785532 16.888004562753693 273
1757486785583 16.836093768243515 274
1757486785639 16.78441632465466 275
1757486785686 16.73297025851331 276
1757486785740 16.681753623031952 277
1757486785789 16.63076449766879 278
1757486785836 16.58000098769532 279
1757486785883 16.52946122377199 280
1757486785931 16.479143361531722 281
1757486785993 16.42904558117113 282
1757486786041 16.37916608704927 283
1757486786090 16.32950310729378 284
1757486786138 16.280054893414224 285
1757486786200 16.2308197199225 286
1757486786251 16.181795883960184 287
1757486786298 16.132981704932646 288
1757486786346 16.084375524149763 289
1757486786395 16.0359757044732 290
1757486786442 15.987780629969935 291
1757486786490 15.93978870557217 292
1757486786538 15.891998356743192 293
1757486786585 15.844408029149324 294
1757486786644 15.797016188337656 295
1757486786691 15.74982131941958 296
1757486786789 15.702821926759889 297
1757486786913 15.65601653367144 298
1757486787011 15.609403682115165 299
1757486787072 15.562981932405416 300
1757486787131 15.516749862920483 301
1757486787211 15.470706069818176 302
1757486787341 15.42484916675645 303
1757486787404 15.379177784618845 304
1757486787453 15.333690571244773 305
1757486787500 15.288386191164468 306
1757486787550 15.243263325338571 307
1757486787597 15.19832067090223 308
1757486787653 15.15355694091359 309
1757486787701 15.108970864106695 310
1757486787752 15.064561184648602 311
1757486787800 15.020326661900691 312
1757486787847 14.976266070184092 313
1757486787894 14.932378198549122 314
1757486787942 14.888661850548644 315
1757486787989 14.845115844015366 316
1757486788036 14.801739010842876 317
1757486788086 14.75853019677044 318
1757486788133 14.715488261171446 319
1757486788180 14.672612076845455 320
1757486788242 14.629900529813751 321
1757486788304 14.587352519118376 322
1757486788370 14.544966956624554 323
1757486788418 14.50274276682643 324
1757486788467 14.4606788866561 325
1757486788514 14.418774265295852 326
1757486788562 14.37702786399354 327
1757486788610 14.335438655881095 328
1757486788667 14.294005625795997 329
1757486788715 14.252727770105835 330
1757486788763 14.211604096535709 331
1757486788812 14.170633623998546 332
1757486788860 14.129815382428239 333
1757486788908 14.089148412615547 334
1757486788952 14.048631766046743 335
1757486789000 14.008264504744908 336
1757486789047 13.96804570111387 337
1757486789094 13.927974437784721 338
1757486789142 13.888049807464862 339
1757486789190 13.848270912789541 340
1757486789238 13.80863686617583 341
1757486789286 13.769146789679032 342
1757486789335 13.729799814851388 343
1757486789383 13.690595082603176 344
1757486789432 13.651531743066023 345
1757486789480 13.612608955458487 346
1757486789529 13.573825887953825 347
1757486789578 13.53518171754994 348
1757486789626 13.496675629941405 349
1757486789677 13.458306819393629 350
1757486789726 13.420074488619004 351
1757486789776 13.381977848655144 352
1757486789824 13.344016118745028 353
1757486789872 13.306188526219115 354
1757486789921 13.268494306379392 355
1757486789969 13.230932702385235 356
1757486790017 13.193502965141208 357
1757486790065 13.156204353186569 358
1757486790114 13.119036132586622 359
1757486790162 13.081997576825826 360
1757486790210 13.04508796670257 361
1757486790258 13.008306590225693 362
1757486790308 12.971652742512635 363
1757486790357 12.935125725689227 364
1757486790404 12.898724848791089 365
1757486790452 12.862449427666606 366
1757486790502 12.82629878488146 367
1757486790550 12.79027224962468 368
1757486790598 12.754369157616171 369
1757486790648 12.718588851015769 370
1757486790706 12.682930678333683 371
1757486790755 12.647393994342405 372
1757486790804 12.611978159990004 373
1757486790853 12.57668254231479 374
1757486790901 12.541506514361334 375
1757486790949 12.506449455097826 376
1757486790996 12.47151074933474 377
1757486791043 12.436689787644761 378
1757486791091 12.401985966284023 379
1757486791140 12.367398687114521 380
1757486791190 12.33292735752783 381
1757486791239 12.298571390369936 382
1757486791288 12.264330203867324 383
1757486791337 12.23020322155419 384
1757486791387 12.196189872200778 385
1757486791455 12.162289589742903 386
1757486791514 12.128501813212491 387
1757486791582 12.094825986669285 388
1757486791630 12.061261559133584 389
1757486791679 12.027807984520008 390
1757486791809 11.994464721572347 391
1757486791906 11.9612312337994 392
1757486792009 11.928106989411782 393
1757486792062 11.895091461259781 394
1757486792126 11.86218412677211 395
1757486792257 11.82938446789567 396
1757486792333 11.796691971036202 397
1757486792435 11.764106126999872 398
1757486792503 11.731626430935778 399
1757486792553 11.699252382279301 400
1757486792603 11.666983484696402 401
1757486792653 11.63481924602869 402
1757486792713 11.602759178239408 403
1757486792764 11.570802797360214 404
1757486792814 11.538949623438787 405
1757486792864 11.507199180487248 406
1757486792915 11.475550996431359 407
1757486792964 11.444004603060488 408
1757486793013 11.412559535978394 409
1757486793063 11.381215334554692 410
1757486793113 11.349971541877107 411
1757486793163 11.31882770470445 412
1757486793214 11.287783373420295 413
1757486793264 11.256838101987372 414
1757486793314 11.225991447902663 415
1757486793365 11.19524297215315 416
1757486793416 11.164592239172269 417
1757486793467 11.134038816797002 418
1757486793518 11.10358227622562 419
1757486793568 11.073222191976086 420
1757486793618 11.042958141845057 421
1757486793669 11.012789706867512 422
1757486793730 10.982716471277007 423
1757486793780 10.952738022466514 424
1757486793831 10.922853950949847 425
1757486793881 10.893063850323667 426
1757486793931 10.863367317230065 427
1757486793977 10.833763951319696 428
1757486794028 10.804253355215481 429
1757486794078 10.774835134476819 430
1757486794128 10.745508897564385 431
1757486794178 10.716274255805388 432
1757486794229 10.68713082335941 433
1757486794279 10.658078217184702 434
1757486794330 10.62911605700502 435
1757486794381 10.60024396527691 436
1757486794429 10.571461567157538 437
1757486794480 10.542768490472936 438
1757486794530 10.514164365686755 439
1757486794582 10.48564882586945 440
1757486794656 10.457221506667965 441
1757486794733 10.42888204627581 442
1757486794795 10.40063008540361 443
1757486794845 10.372465267250092 444
1757486794891 10.344387237473471 445
1757486794943 10.31639564416328 446
1757486794993 10.2884901378126 447
1757486795043 10.260670371290695 448
1757486795094 10.232935999816045 449
1757486795145 10.205286680929795 450
1757486795195 10.177722074469541 451
1757486795246 10.150241842543561 452
1757486795296 10.122845649505358 453
1757486795347 10.09553316192861 454
1757486795398 10.068304048582474 455
1757486795449 10.041157980407254 456
1757486795500 10.014094630490384 457
1757486795556 9.987113674042813 458
1757486795613 9.960214788375684 459
1757486795666 9.933397652877376 460
1757486795718 9.906661948990848 461
1757486795780 9.880007360191335 462
1757486795832 9.853433571964356 463
1757486795884 9.826940271784023 464
1757486795936 9.800527149091659 465
1757486795988 9.774193895274756 466
1757486796047 9.74794020364618 467
1757486796106 9.721765769423703 468
1757486796156 9.69567028970982 469
1757486796208 9.669653463471862 470
1757486796258 9.643714991522351 471
1757486796313 9.617854576499683 472
1757486796363 9.592071922849042 473
1757486796414 9.566366736803618 474
1757486796466 9.540738726366042 475
1757486796516 9.515187601290137 476
1757486796568 9.48971307306288 477
1757486796618 9.464314854886625 478
1757486796671 9.438992661661606 479
1757486796722 9.413746209968636 480
1757486796778 9.38857521805207 481
1757486796837 9.363479405803012 482
1757486796992 9.338458494742744 483
1757486797099 9.31351220800637 484
1757486797204 9.288640270326727 485
1757486797283 9.263842408018467 486
1757486797343 9.239118348962396 487
1757486797424 9.214467822590006 488
1757486797541 9.18989055986824 489
1757486797618 9.165386293284431 490
1757486797670 9.140954756831492 491
1757486797722 9.116595685993268 492
1757486797774 9.092308817730098 493
1757486797853 9.0680938904646 494
1757486797931 9.0439506440676 495
1757486797986 9.019878819844292 496
1757486798038 8.995878160520572 497
1757486798097 8.97194841022955 498
1757486798151 8.948089314498237 499
