1757434677217 169.27282712941943 0
1757434677268 169.26324792222738 1
1757434677318 169.25862168100602 2
1757434677367 169.25402257927055 3
1757434677411 169.24948057922936 4
1757434677453 169.2449947786727 5
1757434677490 169.24056447852695 6
1757434677528 169.2361889872534 7
1757434677567 169.23186762197355 8
1757434677605 169.22759970835267 9
1757434677643 169.2233845804926 10
1757434677680 169.21922158082586 11
1757434677719 169.21511006001126 12
1757434677765 169.21104937683037 13
1757434677806 169.20703889808595 14
1757434677846 169.20307799850104 15
1757434677889 169.19916606061966 16
1757434677929 169.1953024747087 17
1757434677971 169.19148663866113 18
1757434678011 169.1877179578999 19
1757434678061 169.1839958452842 20
1757434678104 169.18031972101542 21
1757434678147 169.17668901254547 22
1757434678187 169.17310315448572 23
1757434678229 169.16956158851724 24
1757434678273 169.16606376330205 25
1757434678315 169.16260913439558 26
1757434678367 169.1591971641602 27
1757434678407 169.15582732167982 28
1757434678450 169.1524990826757 29
1757434678490 169.14921192942313 30
1757434678579 169.14596535066912 31
1757434678738 169.14275884155154 32
1757434678813 169.13959190351864 33
1757434678878 169.13646404425 34
1757434678938 169.13337477757878 35
1757434679016 169.13032362341397 36
1757434679102 169.1273101076645 37
1757434679303 169.1243337621641 38
1757434679393 169.1213941245968 39
1757434679499 169.1184907384238 40
1757434679690 169.11562315281083 41
1757434679792 169.11279092255677 42
1757434679904 169.10999360802305 43
