1757492450478 176.40350266138674 0
1757492450531 165.56802042234372 1
1757492450584 166.69140643388627 2
1757492450658 164.63370847697854 3
1757492450725 174.71302694274755 4
1757492450787 172.41591490425438 5
1757492450845 171.6251974974291 6
1757492450900 168.90327483230166 7
1757492450957 170.89295077344488 8
1757492451008 170.95544031009774 9
1757492451062 165.96473082686543 10
1757492451115 168.72386484436697 11
1757492451170 177.01625028599514 12
1757492451232 166.65124856425803 13
1757492451288 167.30547953052738 14
1757492451339 169.73012907892067 15
1757492451391 167.5149817903505 16
1757492451444 170.20271275604742 17
1757492451492 170.64180117619924 18
