1757571219394 172.55711706629015 0
1757571219452 156.08091866499024 1
1757571219517 149.67276973153065 2
1757571219584 143.37814867826677 3
1757571219647 137.58248535174084 4
1757571219715 132.22098805040264 5
1757571219777 127.25593229908456 6
1757571219843 122.65208188251097 7
1757571219904 118.37759998419774 8
1757571219972 114.40365659976337 9
1757571220031 110.70413944336822 10
1757571220094 107.2553898238216 11
1757571220154 104.03596468860215 12
1757571220216 101.0264220497863 13
1757571220280 98.2091274903501 14
1757571220342 95.56807966627856 15
1757571220404 93.08875292718089 16
1757571220463 90.75795536415839 17
1757571220526 88.5637007612933 18
1757571220586 86.49509307810611 19
1757571220645 84.54222222632612 20
1757571220705 82.69607002682365 21
1757571220770 80.94842534289651 22
1757571220835 79.29180748550283 23
1757571220896 77.71939707556854 24
1757571220963 76.22497362915279 25
1757571221026 74.80285920390897 26
1757571221086 73.44786751072826 27
1757571221147 72.15525795341027 28
1757571221208 70.9206941123182 29
1757571221273 69.74020623582226 30
1757571221336 68.61015734643837 31
1757571221398 67.52721260740066 32
1757571221463 66.48831163038865 33
1757571221526 65.49064343664782 34
1757571221586 64.53162381213505 35
1757571221648 63.60887482290359 36
1757571221711 62.720206279990066 37
1757571221775 61.86359896383224 38
1757571221841 61.03718943695736 39
1757571221904 60.239256290539366 40
1757571221977 59.468207685614416 41
1757571222039 58.72257006343203 42
1757571222102 58.00097791175374 43
1757571222162 57.30216448502635 44
1757571222223 56.624953386372795 45
1757571222289 55.96825092837126 46
1757571222352 55.331039197727726 47
1757571222414 54.71236975627943 48
1757571222478 54.111357917375244 49
1757571222544 53.52717754263514 50
1757571222605 52.95905630946002 51
1757571222666 52.406271404503094 52
1757571222728 51.86814560267692 53
1757571222789 51.344043695203574 54
1757571222854 50.833369233761594 55
1757571222918 50.335561560980885 56
1757571222987 49.85009310041984 57
1757571223047 49.37646688175875 58
1757571223109 48.91421427928832 59
1757571223170 48.462892943886544 60
1757571223231 48.022084910584844 61
1757571223292 47.59139486554437 62
1757571223361 47.17044855781621 63
1757571223422 46.75889134265879 64
1757571223484 46.35638684445006 65
1757571223545 45.962615728371745 66
1757571223607 45.57727457107267 67
1757571223669 45.200074821446194 68
1757571223730 44.83074184349632 69
1757571223791 44.46901403402355 70
1757571223858 44.11464200854529 71
1757571223921 43.76738784948316 72
1757571223991 43.42702441120754 73
1757571224052 43.09333467703281 74
1757571224116 42.76611116371286 75
1757571224177 42.4451553693975 76
1757571224237 42.13027726138216 77
1757571224299 41.82129480032016 78
1757571224366 41.51803349787021 79
1757571224427 41.22032600502749 80
1757571224490 40.92801172863517 81
1757571224551 40.64093647379861 82
1757571224617 40.35895211012834 83
1757571224679 40.08191625992241 84
1757571224740 39.809692006566195 85
1757571224801 39.542147621578984 86
1757571224871 39.27915630887395 87
1757571224935 39.020595964922975 88
1757571225006 38.76634895363011 89
1757571225070 38.51630189482045 90
1757571225135 38.27034546534393 91
1757571225196 38.02837421187776 92
1757571225258 37.790286374588376 93
1757571225320 37.555983720883155 94
1757571225387 37.325371388545506 95
1757571225449 37.09835773760482 96
1757571225512 36.87485421034492 97
1757571225573 36.654775198902826 98
1757571225638 36.438037919952635 99
1757571225738 36.22456229600962 100
1757571225907 36.01427084292533 101
1757571225999 35.807088563177665 102
1757571226069 35.60294284459035 103
1757571226138 35.40176336414331 104
1757571226201 35.20348199656096 105
1757571226263 35.00803272738857 106
1757571226325 34.815351570287625 107
1757571226425 34.62537648830094 108
1757571226614 34.438047318855524 109
1757571226747 34.253305702288024 110
1757571226877 34.07109501369196 111
1757571227051 33.89136029790028 112
1757571227125 33.71404820742903 113
1757571227186 33.53910694321971 114
1757571227292 33.36648619802862 115
1757571227362 33.19613710232145 116
1757571227453 33.028012172540414 117
1757571227522 32.862065261619705 118
1757571227587 32.698251511632904 119
1757571227653 32.536527308463064 120
1757571227715 32.376850238393146 121
1757571227779 32.21917904652028 122
1757571227844 32.06347359690356 123
1757571227906 31.909694834359968 124
1757571227971 31.757804747828377 125
1757571228039 31.60776633522596 126
1757571228106 31.459543569725714 127
1757571228170 31.31310136738785 128
1757571228232 31.168405556081566 129
1757571228294 31.025422845637063 130
1757571228358 30.884120799171143 131
1757571228420 30.74446780553267 132
1757571228482 30.606433052817014 133
1757571228551 30.469986502901346 134
1757571228617 30.33509886695513 135
1757571228711 30.201741581882516 136
1757571228788 30.069886787655633 137
1757571228867 29.93950730549963 138
1757571228941 29.810576616892646 139
1757571229017 29.683068843345335 140
1757571229242 29.556958726926634 141
1757571229327 29.432221611503866 142
1757571229403 29.308833424666975 143
1757571229479 29.186770660308035 144
1757571229563 29.06601036182863 145
1757571229777 28.946530105948952 146
1757571229937 28.82830798709371 147
1757571230013 28.711322602331144 148
1757571230087 28.59555303684246 149
1757571230161 28.48097884990011 150
1757571230225 28.36758006133433 151
1757571230290 28.2553371384682 152
1757571230354 28.14423098350258 153
1757571230417 28.034242921332826 154
1757571230493 27.925354687780228 155
1757571230561 27.81754841822187 156
1757571230630 27.710806636603145 157
1757571230693 27.605112244817967 158
1757571230773 27.500448512442535 159
1757571230854 27.396799066808725 160
1757571230949 27.29414788340423 161
1757571231015 27.19247927658678 162
1757571231079 27.091777890600575 163
1757571231152 26.99202869088326 164
1757571231217 26.893216955652694 165
1757571231282 26.795328267762848 166
1757571231348 26.698348506818675 167
1757571231414 26.602263841540513 168
1757571231479 26.507060722368514 169
1757571231543 26.41272587429849 170
1757571231611 26.31924628994041 171
1757571231677 26.226609222791556 172
1757571231741 26.13480218071652 173
1757571231804 26.043812919626422 174
1757571231873 25.953629437350383 175
1757571231938 25.864239967692015 176
1757571232003 25.775632974664685 177
1757571232069 25.687797146898852 178
1757571232141 25.600721392215686 179
1757571232206 25.514394832360868 180
1757571232270 25.428806797893067 181
1757571232335 25.343946823221717 182
1757571232401 25.2598046417888 183
1757571232466 25.176370181389785 184
1757571232537 25.093633559628827 185
1757571232601 25.011585079503714 186
1757571232668 24.93021522511604 187
1757571232734 24.849514657502514 188
1757571232799 24.769474210583116 189
1757571232867 24.690084887222405 190
1757571232932 24.611337855399952 191
1757571232999 24.533224444486542 192
1757571233066 24.45573614162237 193
1757571233131 24.378864588194123 194
1757571233209 24.302601576407525 195
1757571233273 24.226939045952395 196
1757571233339 24.151869080757034 197
1757571233405 24.077383905829258 198
1757571233469 24.00347588418116 199
1757571233537 23.930137513835017 200
1757571233605 23.857361424907698 201
1757571233675 23.785140376771103 202
1757571233740 23.713467255286375 203
1757571233808 23.642335070109347 204
1757571233876 23.571736952065237 205
1757571233951 23.501666150590292 206
1757571234018 23.432116031238447 207
1757571234086 23.36308007325089 208
1757571234153 23.29455186718672 209
1757571234235 23.226525112612805 210
1757571234302 23.158993615851053 211
1757571234366 23.091951287781406 212
1757571234431 23.025392141698887 213
1757571234496 22.959310291223066 214
1757571234562 22.893699948258483 215
1757571234628 22.82855542100442 216
1757571234696 22.76387111201273 217
1757571234764 22.699641516292182 218
1757571234829 22.635861219458086 219
1757571234898 22.572524895925877 220
1757571234965 22.509627307147355 221
1757571235031 22.447163299888473 222
1757571235095 22.385127804547352 223
1757571235161 22.323515833511582 224
1757571235241 22.262322479553564 225
1757571235307 22.201542914262877 226
1757571235375 22.141172386514697 227
1757571235439 22.081206220973232 228
1757571235504 22.02163981662921 229
1757571235572 21.96246864537052 230
1757571235637 21.90368825058516 231
1757571235703 21.84529424579547 232
1757571235775 21.787282313322965 233
1757571235841 21.72964820298297 234
1757571235908 21.672387730808047 235
1757571235978 21.615496777799777 236
1757571236045 21.558971288707852 237
1757571236109 21.502807270836012 238
1757571236175 21.44700079287397 239
1757571236246 21.391547983754688 240
1757571236312 21.336445031536446 241
1757571236378 21.281688182308947 242
1757571236446 21.227273739122907 243
1757571236512 21.173198060942568 244
1757571236579 21.11945756162048 245
1757571236655 21.066048708894073 246
1757571236722 21.01296802340342 247
1757571236792 20.96021207772971 248
1757571236864 20.90777749545387 249
1757571236947 20.8556609502349 250
1757571237014 20.803859164907422 251
1757571237085 20.75236891059792 252
1757571237152 20.701187005859317 253
1757571237229 20.650310315823347 254
1757571237304 20.599735751370417 255
1757571237371 20.54946026831639 256
1757571237446 20.49948086661603 257
1757571237522 20.449794589582616 258
1757571237591 20.400398523123425 259
1757571237657 20.351289794990617 260
1757571237723 20.302465574047247 261
1757571237795 20.25392306954806 262
1757571237862 20.2056595304346 263
1757571237930 20.157672244644466 264
1757571238000 20.10995853843431 265
1757571238072 20.062515775716246 266
1757571238138 20.015341357407394 267
1757571238203 19.968432720792304 268
1757571238277 19.92178733889787 269
1757571238350 19.87540271988053 270
1757571238416 19.82927640642546 271
1757571238482 19.783405975157475 272
1757571238550 19.73778903606343 273
1757571238617 19.69242323192579 274
1757571238683 19.647306237767175 275
1757571238750 19.60243576030565 276
1757571238821 19.55780953742043 277
1757571238889 19.513425337627968 278
1757571238957 19.469280959567953 279
1757571239028 19.425374231499227 280
1757571239095 19.381703010805214 281
1757571239162 19.338265183508835 282
1757571239229 19.295058663796613 283
1757571239306 19.252081393551702 284
1757571239377 19.209331341895854 285
1757571239444 19.16680650473988 286
1757571239509 19.124504904342675 287
1757571239578 19.082424588878435 288
1757571239645 19.040563632011974 289
1757571239710 18.998920132481988 290
1757571239776 18.95749221369209 291
1757571239842 18.91627802330937 292
1757571239912 18.875275732870488 293
1757571239978 18.834483537394984 294
1757571240048 18.79389965500576 295
1757571240114 18.75352232655653 296
1757571240181 18.713349815266124 297
1757571240248 18.673380406359517 298
1757571240325 18.633612406715383 299
1757571240482 18.594044144520105 300
1757571240687 18.55467396892816 301
1757571240808 18.51550024972853 302
1757571240910 18.476521377017328 303
1757571241015 18.437735760876226 304
1757571241163 18.399141831056795 305
1757571241273 18.360738036670472 306
1757571241374 18.32252284588415 307
1757571241445 18.284494745621227 308
1757571241514 18.246652241268 309
1757571241583 18.208993856385362 310
1757571241651 18.171518132425597 311
1757571241719 18.13422362845427 312
1757571241789 18.097108920877034 313
1757571241855 18.060172603171356 314
1757571241929 18.023413285622865 315
1757571241999 17.98682959506657 316
1757571242070 17.95042017463245 317
1757571242138 17.91418368349566 318
1757571242207 17.87811879663112 319
1757571242274 17.842224204572357 320
1757571242349 17.806498613174657 321
1757571242417 17.77094074338229 322
1757571242490 17.73554933099986 323
1757571242558 17.700323126467648 324
1757571242625 17.66526089464082 325
1757571242692 17.630361414572526 326
1757571242762 17.595623479300734 327
1757571242831 17.56104589563877 328
1757571242898 17.526627483969506 329
1757571242972 17.492367078043035 330
1757571243042 17.458263524777934 331
1757571243112 17.424315684065824 332
1757571243183 17.39052242857944 333
1757571243252 17.356882643583848 334
1757571243326 17.323395226750993 335
1757571243393 17.290059087977358 336
1757571243463 17.2568731492048 337
1757571243535 17.223836344244365 338
1757571243603 17.19094761860315 339
1757571243672 17.158205929314096 340
1757571243739 17.125610244768655 341
1757571243808 17.093159544552304 342
1757571243877 17.060852819282808 343
1757571243945 17.02868907045127 344
1757571244019 16.996667310265813 345
1757571244090 16.96478656149787 346
1757571244159 16.93304585733111 347
1757571244228 16.901444241212875 348
1757571244299 16.869980766708075 349
1757571244377 16.83865449735557 350
1757571244447 16.807464506526898 351
1757571244521 16.77640987728739 352
1757571244590 16.745489702259587 353
1757571244657 16.7147030834889 354
1757571244725 16.68404913231153 355
1757571244796 16.653526969224533 356
1757571244863 16.623135723758082 357
1757571244933 16.592874534349782 358
1757571245001 16.562742548221067 359
1757571245096 16.532738921255657 360
1757571245168 16.502862817879954 361
1757571245237 16.47311341094547 362
1757571245307 16.443489881613093 363
1757571245388 16.41399141923931 364
1757571245465 16.384617221264225 365
1757571245551 16.355366493101457 366
1757571245635 16.326238448029773 367
1757571245715 16.29723230708652 368
1757571245804 16.268347298962738 369
1757571245888 16.23958265990001 370
1757571245971 16.210937633588927 371
1757571246054 16.182411471069255 372
1757571246129 16.15400343063161 373
1757571246202 16.125712777720832 374
1757571246269 16.09753878484076 375
1757571246338 16.069480731460693 376
1757571246409 16.041537903923178 377
1757571246476 16.013709595353415 378
1757571246543 15.98599510556999 379
1757571246621 15.958393740997074 380
1757571246689 15.930904814578033 381
1757571246757 15.903527645690357 382
1757571246850 15.87626156006196 383
1757571246938 15.849105889688804 384
1757571247008 15.82205997275379 385
1757571247078 15.795123153546959 386
1757571247151 15.768294782386922 387
1757571247224 15.741574215543515 388
1757571247293 15.714960815161682 389
1757571247364 15.688453949186526 390
1757571247441 15.662052991289544 391
1757571247513 15.635757320795978 392
1757571247583 15.609566322613341 393
1757571247659 15.583479387161008 394
1757571247740 15.557495910300894 395
1757571247812 15.531615293269235 396
1757571247884 15.505836942609385 397
1757571247954 15.48016027010567 398
1757571248033 15.454584692718242 399
1757571248103 15.429109632518923 400
1757571248182 15.403734516628056 401
1757571248251 15.37845877715229 402
1757571248320 15.353281851123338 403
1757571248401 15.328203180437638 404
1757571248472 15.303222211796957 405
1757571248542 15.278338396649858 406
1757571248613 15.253551191134095 407
1757571248687 15.228860056019844 408
1757571248755 15.204264456653801 409
1757571248828 15.17976386290411 410
1757571248898 15.155357749106123 411
1757571248967 15.131045594008995 412
1757571249037 15.10682688072301 413
1757571249105 15.082701096667767 414
1757571249180 15.058667733521084 415
1757571249253 15.03472628716871 416
1757571249322 15.010876257654703 417
1757571249391 14.987117149132624 418
1757571249470 14.963448469817417 419
1757571249540 14.939869731937975 420
1757571249610 14.916380451690442 421
1757571249684 14.892980149192184 422
1757571249758 14.869668348436402 423
1757571249828 14.846444577247487 424
1757571249900 14.82330836723692 425
1757571249970 14.800259253759913 426
1757571250041 14.777296775872609 427
1757571250111 14.754420476289933 428
1757571250184 14.731629901344048 429
1757571250259 14.708924600943417 430
1757571250330 14.686304128532417 431
1757571250402 14.663768041051588 432
1757571250479 14.641315898898414 433
1757571250551 14.618947265888668 434
1757571250620 14.596661709218324 435
1757571250690 14.574458799426012 436
1757571250764 14.552338110355961 437
1757571250834 14.530299219121527 438
1757571250905 14.508341706069237 439
1757571250976 14.486465154743248 440
1757571251046 14.464669151850432 441
1757571251116 14.442953287225873 442
1757571251189 14.421317153798855 443
1757571251267 14.399760347559374 444
1757571251336 14.378282467525027 445
1757571251408 14.356883115708468 446
1757571251485 14.335561897085231 447
1757571251555 14.314318419562055 448
1757571251626 14.293152293945598 449
1757571251695 14.272063133911631 450
1757571251770 14.25105055597462 451
1757571251843 14.230114179457743 452
1757571251915 14.20925362646332 453
1757571251984 14.188468521843635 454
1757571252056 14.167758493172155 455
1757571252126 14.147123170715163 456
1757571252197 14.126562187403755 457
1757571252278 14.106075178806206 458
1757571252350 14.085661783100749 459
1757571252425 14.065321641048685 460
1757571252504 14.04505439596786 461
1757571252574 14.024859693706517 462
1757571252645 14.004737182617488 463
1757571252716 13.984686513532694 464
1757571252791 13.964707339738062 465
1757571252862 13.94479931694871 466
1757571252936 13.924962103284486 467
1757571253008 13.905195359245806 468
1757571253083 13.885498747689871 469
1757571253156 13.865871933807126 470
1757571253227 13.846314585098066 471
1757571253306 13.826826371350348 472
1757571253378 13.807406964616181 473
1757571253451 13.788056039190032 474
1757571253523 13.768773271586594 475
1757571253597 13.749558340519085 476
1757571253736 13.73041092687777 477
1757571253915 13.711330713708819 478
1757571254051 13.69231738619338 479
1757571254128 13.67337063162696 480
1757571254219 13.654490139399089 481
1757571254382 13.635675600973139 482
1757571254489 13.616926709866558 483
1757571254707 13.598243161631215 484
1757571254809 13.579624653834063 485
1757571254884 13.561070886038049 486
1757571254959 13.542581559783232 487
1757571255033 13.524156378568168 488
1757571255107 13.5057950478315 489
1757571255180 13.487497274933812 490
1757571255253 13.469262769139686 491
1757571255326 13.451091241599972 492
1757571255408 13.432982405334329 493
1757571255481 13.414935975213906 494
1757571255561 13.396951667944313 495
1757571255634 13.379029202048748 496
1757571255707 13.361168297851355 497
1757571255780 13.343368677460777 498
1757571255854 13.32563006475392 499
