1757489911327 16.283359123380105 0
1757489911420 4.594138597941512 1
1757489911518 14.012716876504866 2
1757489911599 0.8346610117117182 3
1757489911681 1.6908181522751387 4
1757489911767 2.2967720059925396 5
1757489911862 15.752050285455363 6
1757489911963 11.343287098864812 7
1757489912051 0.20564004828925664 8
1757489912139 4.512980363509268 9
1757489912224 7.3900084149955 10
1757489912309 12.917050191628249 11
1757489912398 0.7650582378207496 12
1757489912490 1.6247970078447738 13
1757489912589 4.095424450905015 14
1757489912680 0.08490444581406247 15
1757489912769 0.20019415410579838 16
1757489912855 8.20868282318588 17
1757489912947 0.025623941652554993 18
1757489913037 4.058833187573625 19
1757489913132 5.392229420835906 20
1757489913223 0.8120339462583261 21
1757489913317 1.0630358540465685 22
1757489913408 8.936838628178508 23
1757489913499 13.03219900092733 24
1757489913587 26.12419413859659 25
1757489913700 2.494344655769753 26
1757489913832 5.522410733825641 27
1757489913929 14.92718740777709 28
1757489914024 2.9300752843705933 29
1757489914118 10.901268843671076 30
1757489914210 3.649384491753688 31
1757489914310 13.468060980710412 32
1757489914480 73.06429776296498 33
1757489914671 7.293169246771835 34
1757489914845 3.998752841064352 35
1757489914980 12.4411910733406 36
1757489915161 2.2422768513311158 37
1757489915274 0.43259883870576404 38
1757489915373 3.2195377057151098 39
1757489915463 8.742806844081796 40
1757489915557 1.9941420891493913 41
1757489915650 0.38657522135080613 42
1757489915748 12.07322975322728 43
1757489915864 11.766810426423579 44
1757489915968 2.395154976753523 45
1757489916088 9.172092861530503 46
1757489916187 0.054625441640178185 47
1757489916292 11.187095731220344 48
1757489916397 7.300322993980605 49
1757489916490 0.026810333553251815 50
1757489916583 2.7430591234183175 51
1757489916680 0.6067245297060165 52
1757489916770 12.72664904324277 53
1757489916863 22.856020139963928 54
1757489916954 0.3583152483097698 55
1757489917051 10.098374816242407 56
1757489917139 0.039995088328881885 57
1757489917229 0.09021795316984835 58
1757489917317 24.073512357474865 59
1757489917410 30.678381408085894 60
1757489917499 0.019259070815816882 61
1757489917603 7.9024166839508805 62
1757489917695 5.335618880844986 63
1757489917784 6.095122746838703 64
1757489917872 1.8423162575905057 65
1757489917965 11.075045778283439 66
1757489918060 1.1181971040607774 67
1757489918153 0.06674107590178853 68
1757489918237 4.343454439559102 69
1757489918324 2.6813532791247954 70
1757489918411 11.651679844900254 71
1757489918498 0.01947844890411049 72
1757489918584 14.344073195755856 73
1757489918675 0.05909732697100123 74
1757489918759 0.06185776374533937 75
1757489918844 2.7809996659503704 76
1757489918932 2.313142125850135 77
1757489919027 13.65158784256863 78
1757489919113 28.67650372145305 79
1757489919198 1.6049259863402545 80
1757489919293 9.123513821809473 81
1757489919380 19.17155237051977 82
1757489919466 2.437495849981186 83
1757489919554 12.996132267170026 84
1757489919653 2.8643898738642735 85
1757489919739 11.36749085474938 86
1757489919825 0.9165681678914963 87
1757489919908 12.254374107872252 88
1757489919997 5.717687936808294 89
1757489920088 1.1469975837123332 90
1757489920177 0.5347248863273857 91
1757489920265 9.89732511867945 92
1757489920348 16.075600159927674 93
1757489920431 2.058818669991936 94
1757489920517 12.695908583717753 95
1757489920623 9.974482937739099 96
1757489920785 12.731192492905675 97
1757489920909 4.337108843571937 98
1757489921022 6.225708461876048 99
1757489921142 6.951736788244986 100
1757489921332 10.127007260418962 101
1757489921436 5.789914594580712 102
1757489921573 5.047779221455302 103
1757489921715 0.043706438352856904 104
1757489921853 0.1395324478342009 105
1757489921961 1.284444595119443 106
1757489922071 17.843328401194615 107
1757489922174 0.36499942780567973 108
1757489922277 12.234420157951323 109
1757489922372 10.541567153048776 110
1757489922465 0.10478934660111563 111
1757489922558 4.804027926032778 112
1757489922656 0.1457417301224445 113
1757489922743 11.851044614330148 114
1757489922834 17.664113521189936 115
1757489922923 0.09719972858333159 116
1757489923011 0.06859289572415005 117
1757489923104 1.0609833560714534 118
1757489923194 13.411850174633186 119
1757489923286 4.608383749042824 120
1757489923373 13.688144790817246 121
1757489923459 19.253324258996752 122
1757489923544 7.456642587194394 123
1757489923630 4.9837280413003535 124
1757489923719 3.2670068375649675 125
1757489923805 3.9878306405137773 126
1757489923891 19.976425298478468 127
1757489923987 2.522335393925781 128
1757489924075 6.335154653252089 129
1757489924167 5.9786442966017335 130
1757489924255 3.571713480502311 131
1757489924340 0.8752851562628213 132
1757489924425 11.236994161377972 133
1757489924507 7.561876863020867 134
1757489924594 1.4069315735754753 135
1757489924680 6.97484109898435 136
1757489924767 0.03529755703888026 137
1757489924853 0.00021677841691536333 138
1757489924938 5.871896307126345 139
1757489925018 8.964065160821637 140
1757489925113 0.19415430628843836 141
1757489925198 19.082679083760453 142
1757489925289 3.3996951916087625 143
1757489925374 0.12270794730520565 144
1757489925460 14.500302582194205 145
1757489925544 0.24972298768581447 146
1757489925629 0.6851550066176818 147
1757489925720 1.5747858839557942 148
1757489925806 0.8496637064000923 149
1757489925891 0.1494897594969771 150
1757489925976 0.13974147052397642 151
1757489926060 6.975762045384759 152
1757489926143 3.2273736043392187 153
1757489926228 11.583683462618062 154
1757489926328 8.046235745916762 155
1757489926420 12.42693548802041 156
1757489926529 9.078383530712946 157
1757489926690 1.1128236988820654 158
1757489926835 9.240969901108764 159
1757489926960 21.476726579618468 160
1757489927087 2.545856848674153 161
1757489927267 2.62571396604307 162
1757489927387 3.791767673178627 163
1757489927508 10.556377107596758 164
1757489927617 2.665685447006188 165
1757489927714 2.502770436372003 166
1757489927815 0.042463171287819915 167
1757489927912 2.3196920732147293e-05 168
1757489928008 1.8184501667815751 169
1757489928104 4.011880990493676 170
1757489928197 0.11795573348767781 171
1757489928289 6.590280580051704 172
1757489928380 5.360245718251748 173
1757489928471 0.8601904694330705 174
1757489928560 11.393106087027522 175
1757489928651 7.9080557145311134 176
1757489928742 7.156549945594872 177
1757489928835 0.4623058007385402 178
1757489928925 0.9366031034759548 179
1757489929009 2.1760455237596394 180
1757489929097 3.0359102551849095 181
1757489929185 1.043903373974763 182
1757489929272 0.0690276905604932 183
1757489929360 2.8599182783716657 184
1757489929445 11.713463321117757 185
1757489929530 16.14220810675088 186
1757489929619 3.1706995796650257 187
1757489929708 6.944896751890409 188
1757489929796 9.329939799859513 189
1757489929885 13.951691404332326 190
1757489929982 20.54476743373945 191
1757489930107 0.5064074704703058 192
1757489930209 0.06350839053632448 193
1757489930302 14.742168400347985 194
1757489930394 2.7880224761043504 195
1757489930481 12.818350810890468 196
1757489930569 3.251731522143245 197
1757489930657 8.231892388046917 198
1757489930748 15.970328907719356 199
1757489930836 0.16591184222747346 200
1757489930920 4.475712176609455 201
1757489931005 0.6194644157008227 202
1757489931092 21.963067109668092 203
1757489931175 12.876321882273405 204
1757489931267 0.05838497261965575 205
1757489931354 6.813824185148356 206
1757489931440 0.15488805483909998 207
1757489931527 8.44908650181586 208
1757489931614 3.3178795205883436 209
1757489931702 0.6574451297498624 210
1757489931788 0.0047249795190929915 211
1757489931875 15.326334587763002 212
1757489931963 19.538914663889443 213
1757489932050 11.014270233357403 214
1757489932138 1.3715553538785055 215
1757489932230 20.025733675522254 216
1757489932322 39.17697371180747 217
1757489932430 3.2446470597632047 218
1757489932614 7.232049941861485 219
1757489932802 12.186635201271455 220
1757489932909 0.4727687706814305 221
1757489933060 0.18414170652996092 222
1757489933215 0.754442857016086 223
1757489933332 13.175200724037715 224
1757489933472 0.017691123362181954 225
1757489933635 5.9407760544491435 226
1757489933771 19.3481831152912 227
1757489933892 8.770969419349798 228
1757489934017 2.8202142126074667 229
1757489934164 0.0022844545201050758 230
1757489934318 23.299351355702 231
1757489934447 0.15855259925814955 232
1757489934575 18.822250988558256 233
1757489934705 12.491932276170465 234
1757489934828 0.22086716280737487 235
1757489934967 0.7929012554808192 236
1757489935081 5.752225837468513 237
1757489935203 19.403468764603097 238
1757489935336 5.180797856190459 239
1757489935487 4.594324275540518 240
1757489935603 0.4076863180623308 241
1757489935758 7.757008006783049 242
1757489935913 0.026544858220143207 243
1757489936043 10.377699180607081 244
1757489936188 0.0210214134394163 245
1757489936330 5.812051280346174 246
1757489936467 0.012687433883756023 247
1757489936617 0.417462751982852 248
1757489936755 7.166952511754577 249
1757489936886 13.416259847280962 250
1757489937005 0.4217161372376245 251
1757489937146 8.24612271322782 252
1757489937273 0.7383525233909778 253
1757489937411 0.7456730139921374 254
1757489937553 10.065865286487517 255
1757489937686 7.46437064175536 256
1757489937818 0.8606783322488216 257
1757489937951 10.730455315822978 258
1757489938097 2.3430199351629732 259
1757489938220 12.45351772000355 260
1757489938363 13.60373267845149 261
1757489938478 0.546880922552184 262
1757489938595 20.357740141352032 263
1757489938771 0.007282025242964156 264
1757489938902 0.2536890217610318 265
1757489939041 19.597486024122173 266
1757489939140 17.37490907662503 267
1757489939238 19.382586053402395 268
1757489939336 3.9301821299764215 269
1757489939444 0.09265843893653254 270
1757489939536 15.483257580299284 271
1757489939630 0.1923631626091413 272
1757489939746 6.772063750234124 273
1757489939929 0.0030007194415110927 274
1757489940119 7.635207765555393 275
1757489940241 2.569201115226562 276
1757489940406 9.28477207074184 277
1757489940583 0.33813995852405104 278
1757489940709 7.685693928381874 279
1757489940806 12.119769750379396 280
1757489940904 3.8148268441274693 281
1757489940999 6.523472516271836 282
1757489941093 12.468571862376354 283
1757489941183 0.01749449618073579 284
1757489941274 0.4759007730827054 285
1757489941363 2.0694141036187617 286
1757489941454 7.948177092260803 287
1757489941545 10.96866870124186 288
1757489941638 20.174248089884145 289
1757489941728 0.7676042617872778 290
1757489941820 12.397923153614435 291
1757489941910 0.32574810958562667 292
1757489941999 15.421447041375359 293
1757489942094 9.527352148272614 294
1757489942183 12.682290917453834 295
1757489942272 13.304566647009485 296
1757489942361 11.79354071886241 297
1757489942460 7.54513260241984 298
1757489942545 1.519823181252874 299
1757489942635 20.20859125636746 300
1757489942722 8.902496731505781 301
1757489942813 0.3171132571252127 302
1757489942902 14.428484386379814 303
1757489942989 1.1204387948907877 304
1757489943077 3.127805874556734 305
1757489943164 0.7495454224381167 306
1757489943249 0.17541717110475818 307
1757489943337 0.007699609412853969 308
1757489943423 5.49648685879657 309
1757489943521 10.806291725074393 310
1757489943609 11.43737827354612 311
1757489943696 3.764536437402925e-05 312
1757489943783 17.51013679214837 313
1757489943871 27.39999690070302 314
1757489943953 0.040995420667051086 315
1757489944044 0.569177380606323 316
1757489944135 17.632403678272233 317
1757489944223 8.912469551259088 318
1757489944312 5.690777475874232 319
1757489944401 1.4020873223736 320
1757489944512 19.44584188741492 321
1757489944607 11.54934052763213 322
1757489944725 3.9949362951302163 323
1757489944816 11.044644852501222 324
1757489944906 13.748560804247255 325
1757489944995 19.604672252769497 326
1757489945086 9.81511920544843 327
1757489945176 7.532513354620474 328
1757489945265 12.324892534954705 329
1757489945355 12.767491797427946 330
1757489945443 21.79388359682725 331
1757489945540 7.455570655441975 332
1757489945629 0.39164558083768214 333
1757489945726 11.069387741291512 334
1757489945915 0.04876371417962033 335
1757489946077 16.18803305450354 336
1757489946239 3.1296742526510566 337
1757489946408 0.37462541459118914 338
1757489946519 3.8885692948283097 339
1757489946619 4.781298440790195 340
1757489946723 0.05431352392630385 341
1757489946823 0.045333840869225366 342
1757489946925 0.4570422873337821 343
1757489947019 10.543628803067472 344
1757489947116 6.018290443586195 345
1757489947212 10.842630369768422 346
1757489947308 0.7393811312854045 347
1757489947404 6.0266647064778684 348
1757489947498 9.860085107482027 349
1757489947591 2.7039544434040406 350
1757489947683 7.719902171367565 351
1757489947773 6.007607261227739 352
1757489947864 2.037120286417796 353
1757489947955 11.459150714021181 354
1757489948047 8.53391962451738 355
1757489948138 22.554714392352015 356
1757489948229 1.7427513382501686e-05 357
1757489948325 22.301582555992773 358
1757489948417 6.419458622378575 359
1757489948514 1.6405647334595213 360
1757489948609 8.373809482765258 361
1757489948699 18.48012142367637 362
1757489948790 4.643916565873481 363
1757489948886 2.8520002131823428 364
1757489948978 1.8449218333648112 365
1757489949068 6.484993875156333 366
1757489949159 0.17484179039988307 367
1757489949249 1.3840795730847908 368
1757489949341 6.583958576939297 369
1757489949432 2.242606354089116 370
1757489949522 1.0177758126988805 371
1757489949619 1.0516637336046462 372
1757489949710 7.940750052898835 373
1757489949801 0.13822197216286303 374
1757489949892 12.385365405966056 375
1757489949977 0.3575824661779173 376
1757489950062 4.0337982459266054e-07 377
1757489950161 14.184649540790272 378
1757489950254 0.6490908300074231 379
1757489950356 3.10215308095804 380
1757489950455 9.132427532778166 381
1757489950553 6.524838273973354 382
1757489950648 13.479279944362204 383
1757489950740 8.731429184678383 384
1757489950830 20.974407481310692 385
1757489950920 6.823347919732186 386
1757489951014 0.05361709014549941 387
1757489951106 11.956290007322746 388
1757489951200 8.438153786676468 389
1757489951290 0.31094541314305535 390
1757489951381 4.10834634678983 391
1757489951471 12.556052560088403 392
1757489951580 10.294869325673481 393
1757489951672 18.239200392019328 394
1757489951842 1.0084136144104867 395
1757489952143 0.6472359365416855 396
1757489952285 1.148757112114291 397
1757489952443 8.50305239386864 398
1757489952612 3.246959707096484 399
1757489952730 1.8977357457752622 400
1757489952840 14.771157994524916 401
1757489952937 5.172818867494247 402
1757489953039 0.5141350632635333 403
1757489953140 7.677705147951249 404
1757489953237 11.644119125695202 405
1757489953333 5.077637804411879 406
1757489953432 6.009176293040545 407
1757489953549 21.005356720382704 408
1757489953677 10.37763804988925 409
1757489953777 0.6183148983145715 410
1757489953875 12.743665498655172 411
1757489953973 5.191048381752159 412
1757489954073 0.01571116984028686 413
1757489954172 1.762522105188847 414
1757489954270 5.459990126634029 415
1757489954370 1.6413356634400862 416
1757489954462 1.0785572813637607 417
1757489954555 12.946157341027282 418
1757489954647 10.10746817573295 419
1757489954740 14.363232972420938 420
1757489954832 12.09435479514097 421
1757489954920 2.1065559830033944 422
1757489955010 0.30401187994255896 423
1757489955102 17.706467194071575 424
1757489955194 4.309113023482744 425
1757489955288 6.941173441610137 426
1757489955377 9.802151269893674 427
1757489955469 0.3724893022913076 428
1757489955560 17.583926100439598 429
1757489955653 0.08203303526093315 430
1757489955746 5.454529772009708 431
1757489955860 3.3461599498227153 432
1757489955963 1.1445989680092945 433
1757489956084 2.4694963477378606 434
1757489956178 2.4974982869675477 435
1757489956271 5.9283957839012995 436
1757489956366 0.0004459045495839977 437
1757489956463 0.5987170349537295 438
1757489956558 14.695337847000888 439
1757489956665 6.940483235872587 440
1757489956759 7.089950819921147 441
1757489956852 0.38893868948290083 442
1757489956946 6.620657397034123 443
1757489957038 1.8593635933211092 444
1757489957131 1.2747333454822107 445
1757489957220 0.005352791615160072 446
1757489957311 0.8478404139251975 447
1757489957406 2.5226179471479204 448
1757489957492 9.61321655079509 449
1757489957578 0.5699381130305885 450
1757489957672 10.080939412223351 451
1757489957767 15.906934262429758 452
1757489957860 0.09624844635898626 453
1757489957956 3.6258708606550485 454
1757489958113 12.126013569450098 455
1757489958261 2.4555569570707707 456
1757489958411 23.23668652315191 457
1757489958550 22.43105525492598 458
1757489958727 26.818538024834123 459
1757489958841 11.774336850177423 460
1757489958948 0.5553863387470254 461
1757489959047 14.169648001520299 462
1757489959152 23.703980788494075 463
1757489959251 0.6239134552964071 464
1757489959349 0.2647236533581386 465
1757489959450 14.844596616145346 466
1757489959547 8.305846926884794 467
1757489959644 0.6442825174561013 468
1757489959739 6.179856000175004 469
1757489959871 15.190652900055422 470
1757489959969 0.022287644964948575 471
1757489960067 5.943232774909809 472
1757489960163 12.571745352398978 473
1757489960256 2.8875162088144477 474
1757489960351 1.7395582973924586 475
1757489960444 9.117083681701349 476
1757489960541 6.564348202285582 477
1757489960634 19.31605482439151 478
1757489960728 2.582677409129154 479
1757489960821 6.928391163795059 480
1757489960914 2.843869892344635 481
1757489961016 2.093592740776985 482
1757489961110 2.0830364905194063 483
1757489961206 11.789159805874672 484
1757489961298 0.0026585418863715026 485
1757489961391 1.8364914702648016 486
1757489961485 0.9272879525524926 487
1757489961594 0.40426684938984886 488
1757489961690 3.0084261338108593 489
1757489961815 3.4350576061516875 490
1757489961909 3.837660913864334 491
1757489962008 12.62462150649661 492
1757489962103 0.19817538292377682 493
1757489962192 21.78278576078425 494
1757489962287 12.850240992522549 495
1757489962383 4.378624401991445 496
1757489962478 59.3862835838607 497
1757489962574 1.036984542528091 498
1757489962669 13.114540691277343 499
