1757506900959 165.01367530952564 0
1757506901051 171.4428600707751 1
1757506901144 169.46447941302623 2
1757506901230 166.88070731352246 3
1757506901323 153.18731255402804 4
1757506901410 177.32040926275513 5
1757506901502 186.82724984650503 6
1757506901594 181.88342894380366 7
1757506901684 170.96258691112155 8
1757506901770 168.74787975940197 9
1757506901857 160.8502996392295 10
1757506901940 187.2539937566311 11
1757506902026 163.75655624432687 12
1757506902111 185.69772100393266 13
1757506902207 174.0870113220387 14
1757506902295 175.26748260058855 15
1757506902386 187.49289999335025 16
1757506902475 160.3563878645327 17
1757506902563 169.59622754921747 18
