1757509368299 169.93819957663223 0
1757509368364 168.2707771254497 1
1757509368428 167.38612922716257 2
1757509368496 166.50570293777824 3
1757509368558 165.63317218523548 4
1757509368616 164.76843913117384 5
1757509368674 163.91142606879131 6
1757509368732 163.0620559918379 7
1757509368792 162.22025268770963 8
1757509368849 161.38594072865402 9
1757509368917 160.55904546359844 10
1757509368975 159.7394930100612 11
1757509369033 158.92721024614727 12
1757509369092 158.1221248026275 13
1757509369153 157.32416505510093 14
1757509369214 156.5332601162393 15
1757509369275 155.74933982811177 16
1757509369337 154.9723347545913 17
1757509369400 154.20217617383912 18
1757509369489 153.4387960708686 19
1757509369575 152.68212713018673 20
1757509369635 151.9321027285125 21
1757509369695 151.18865692757123 22
1757509369754 150.45172446696483 23
1757509369816 149.72124075711602 24
1757509369878 148.99714187228648 25
1757509369945 148.2793645436685 26
1757509370005 147.56784615254813 27
1757509370063 146.86252472354045 28
1757509370121 146.16333891789495 29
1757509370182 145.4702280268717 30
1757509370240 144.7831319651861 31
1757509370299 144.10199126452255 32
1757509370357 143.42674706711574 33
1757509370414 142.7573411193991 34
1757509370470 142.09371576571985 35
1757509370526 141.43581394211955 36
1757509370593 140.78357917017965 37
1757509370657 140.13695555093153 38
1757509370721 139.49588775883015 39
1757509370839 138.86032103579075 40
1757509371015 138.23020118528774 41
1757509371144 137.6054745665154 42
1757509371241 136.98608808860973 43
1757509371319 136.3719892049304 44
1757509371426 135.76312590740275 45
1757509371543 135.15944672091894 46
1757509371639 134.56090069779717 47
1757509371712 133.96743741229957 48
1757509371773 133.37900695520676 49
1757509371836 132.79555992844936 50
1757509371897 132.21704743979566 51
1757509371955 131.64342109759474 52
1757509372024 131.07463300557436 53
1757509372083 130.51063575769368 54
1757509372144 129.9513824330493 55
1757509372206 129.39682659083482 56
1757509372266 128.84692226535284 57
1757509372326 128.30162396107934 58
1757509372385 127.7608866477796 59
1757509372444 127.22466575567479 60
1757509372502 126.69291717065971 61
1757509372559 126.16559722956984 62
1757509372617 125.64266271549832 63
1757509372681 125.12407085316168 64
1757509372739 124.60977930431388 65
1757509372798 124.0997461632085 66
1757509372855 123.59392995210817 67
1757509372913 123.09228961684099 68
1757509372971 122.59478452240329 69
1757509373035 122.10137444860852 70
1757509373092 121.6120195857813 71
1757509373150 121.12668053049666 72
1757509373212 120.64531828136383 73
1757509373275 120.16789423485392 74
1757509373331 119.69437018117118 75
1757509373390 119.22470830016755 76
1757509373447 118.75887115729975 77
1757509373504 118.2968216996286 78
1757509373574 117.83852325186018 79
1757509373634 117.3839395124283 80
1757509373690 116.93303454961793 81
1757509373748 116.48577279772897 82
1757509373807 116.04211905328035 83
1757509373866 115.60203847125345 84
1757509373925 115.16549656137502 85
1757509373986 114.73245918443875 86
1757509374061 114.30289254866535 87
1757509374119 113.8767632061005 88
1757509374179 113.45403804905061 89
1757509374239 113.03468430655558 90
1757509374298 112.61866954089852 91
1757509374359 112.20596164415201 92
1757509374420 111.79652883476007 93
1757509374479 111.3903396541562 94
1757509374538 110.9873629634164 95
1757509374602 110.5875679399475 96
1757509374664 110.19092407420965 97
1757509374723 109.7974011664733 98
1757509374785 109.40696932360994 99
1757509374846 109.01959895591638 100
1757509374904 108.63526077397202 101
1757509374964 108.25392578552925 102
1757509375034 107.87556529243587 103
1757509375096 107.50015088759 104
1757509375172 107.12765445192656 105
1757509375243 106.75804815143537 106
1757509375306 106.39130443421011 107
1757509375367 106.02739602752827 108
1757509375428 105.66629593496158 109
1757509375486 105.30797743351656 110
1757509375546 104.95241407080472 111
1757509375609 104.59957966224256 112
1757509375672 104.24944828828072 113
1757509375732 103.90199429166186 114
1757509375794 103.55719227470733 115
1757509375855 103.21501709663214 116
1757509375915 102.87544387088776 117
1757509375977 102.53844796253291 118
1757509376050 102.20400498563157 119
1757509376113 101.87209080067811 120
1757509376196 101.54268151204951 121
1757509376262 101.21575346548393 122
1757509376330 100.8912832455856 123
1757509376393 100.56924767335583 124
1757509376455 100.24962380374978 125
1757509376520 99.93238892325853 126
1757509376595 99.61752054751656 127
1757509376663 99.3049964189341 128
1757509376726 98.99479450435409 129
1757509376789 98.68689299273372 130
1757509376851 98.38127029285012 131
1757509376914 98.07790503102979 132
1757509376977 97.7767760489019 133
1757509377040 97.477862401175 134
1757509377111 97.18114335343677 135
1757509377174 96.88659837997679 136
1757509377236 96.5942071616321 137
1757509377297 96.30394958365497 138
1757509377359 96.01580573360323 139
1757509377420 95.72975589925223 140
1757509377482 95.44578056652878 141
1757509377542 95.1638604174667 142
1757509377604 94.8839763281834 143
1757509377678 94.60610936687772 144
1757509377743 94.33024079184875 145
1757509377806 94.05635204953494 146
1757509377872 93.78442477257408 147
1757509377934 93.51444077788307 148
1757509377995 93.24638206475804 149
1757509378058 92.98023081299405 150
1757509378128 92.7159693810245 151
1757509378191 92.45358030407981 152
1757509378254 92.19304629236535 153
1757509378317 91.93435022925843 154
1757509378380 91.67747516952386 155
1757509378441 91.42240433754827 156
1757509378503 91.16912112559282 157
1757509378565 90.91760909206391 158
1757509378626 90.66785195980223 159
1757509378700 90.41983361438929 160
1757509378767 90.17353810247178 161
1757509378830 89.92894963010335 162
1757509378892 89.68605256110362 163
1757509378953 89.44483141543428 164
1757509379015 89.20527086759212 165
1757509379077 88.96735574501884 166
1757509379148 88.73107102652719 167
1757509379210 88.49640184074384 168
1757509379272 88.26333346456813 169
1757509379335 88.03185132164715 170
1757509379398 87.80194098086629 171
1757509379480 87.57358815485613 172
1757509379551 87.34677869851416 173
1757509379614 87.12149860754239 174
1757509379679 86.89773401699993 175
1757509379743 86.67547119987081 176
1757509379806 86.45469656564646 177
1757509379870 86.23539665892324 178
1757509379929 86.01755815801418 179
1757509379992 85.8011678735756 180
1757509380056 85.58621274724766 181
1757509380122 85.37267985030924 182
1757509380186 85.16055638234678 183
1757509380248 84.94982966993686 184
1757509380312 84.74048716534273 185
1757509380375 84.53251644522393 186
1757509380438 84.32590520936004 187
1757509380500 84.12064127938694 188
1757509380561 83.91671259754678 189
1757509380625 83.71410722545063 190
1757509380687 83.5128133428541 191
1757509380749 83.31281924644576 192
1757509380813 83.11411334864795 193
1757509380877 82.91668417643034 194
1757509380941 82.72052037013557 195
1757509381005 82.5256106823172 196
1757509381067 82.33194397658976 197
1757509381137 82.13950922649072 198
1757509381201 81.94829551435429 199
1757509381264 81.75829203019691 200
1757509381326 81.5694880706144 201
1757509381388 81.38187303769037 202
1757509381451 81.19543643791621 203
1757509381514 81.01016788112226 204
1757509381576 80.82605707941975 205
1757509381640 80.64309384615437 206
1757509381704 80.46126809487004 207
1757509381766 80.2805698382839 208
1757509381830 80.10098918727168 209
1757509381893 79.9225163498639 210
1757509381957 79.74514163025204 211
1757509382025 79.56885542780557 212
1757509382087 79.39364823609874 213
1757509382158 79.21951064194766 214
1757509382223 79.04643332445752 215
1757509382285 78.8744070540793 216
1757509382348 78.70342269167679 217
1757509382412 78.53347118760284 218
1757509382474 78.36454358078542 219
1757509382540 78.19663099782314 220
1757509382605 78.02972465209018 221
1757509382745 77.8638158428504 222
1757509382885 77.69889595438084 223
1757509383005 77.53495645510401 224
1757509383070 77.37198889672948 225
1757509383201 77.20998491340427 226
1757509383329 77.04893622087195 227
1757509383432 76.88883461564063 228
1757509383535 76.7296719741595 229
1757509383598 76.57144025200387 230
1757509383665 76.41413148306869 231
1757509383728 76.25773777877055 232
1757509383796 76.10225132725775 233
1757509383860 75.94766439262867 234
1757509383925 75.79396931415833 235
1757509383988 75.64115850553276 236
1757509384051 75.48922445409144 237
1757509384134 75.33815972007768 238
1757509384208 75.1879569358965 239
1757509384278 75.0386088053805 240
1757509384352 74.89010810306317 241
1757509384424 74.74244767345964 242
1757509384493 74.59562043035517 243
1757509384557 74.44961935610078 244
1757509384621 74.30443750091625 245
1757509384685 74.16006798220026 246
1757509384750 74.01650398384785 247
1757509384812 73.87373875557479 248
1757509384874 73.73176561224908 249
1757509384934 73.59057793322913 250
1757509384997 73.4501691617092 251
1757509385059 73.31053280407107 252
1757509385119 73.17166242924311 253
1757509385190 73.03355166806521 254
1757509385252 72.89619421266102 255
1757509385314 72.75958381581607 256
1757509385375 72.62371429036283 257
1757509385439 72.4885795085717 258
1757509385502 72.35417340154869 259
1757509385573 72.22048995863905 260
1757509385676 72.08752322683715 261
1757509385739 71.95526731020257 262
1757509385801 71.82371636928207 263
1757509385864 71.69286462053766 264
1757509385927 71.56270633578053 265
1757509385987 71.43323584161084 266
1757509386049 71.30444751886327 267
1757509386112 71.17633580205839 268
1757509386176 71.04889517885965 269
1757509386250 70.92212018953595 270
1757509386313 70.79600542642983 271
1757509386379 70.67054553343108 272
1757509386444 70.54573520545594 273
1757509386508 70.42156918793145 274
1757509386571 70.29804227628534 275
1757509386635 70.1751493154411 276
1757509386700 70.05288519931825 277
1757509386764 69.93124487033782 278
1757509386827 69.81022331893286 279
1757509386894 69.68981558306412 280
1757509386957 69.57001674774072 281
1757509387023 69.45082194454558 282
1757509387089 69.33222635116599 283
1757509387154 69.21422519092889 284
1757509387228 69.09681373234102 285
1757509387294 68.97998728863378 286
1757509387359 68.86374121731274 287
1757509387424 68.74807091971185 288
1757509387489 68.63297184055236 289
1757509387553 68.51843946750601 290
1757509387617 68.40446933076305 291
1757509387683 68.29105700260446 292
1757509387751 68.17819809697872 293
1757509387817 68.06588826908292 294
1757509387886 67.95412321494814 295
1757509387952 67.84289867102919 296
1757509388016 67.73221041379854 297
1757509388083 67.62205425934434 298
1757509388148 67.5124260629728 299
1757509388213 67.40332171881448 300
1757509388279 67.29473715943465 301
1757509388344 67.18666835544778 302
1757509388413 67.07911131513599 303
1757509388481 66.97206208407121 304
1757509388547 66.8655167447416 305
1757509388611 66.75947141618141 306
1757509388676 66.65392225360507 307
1757509388742 66.5488654480447 308
1757509388807 66.44429722599148 309
1757509388872 66.34021384904081 310
1757509388938 66.236611613541 311
1757509389005 66.13348685024562 312
1757509389071 66.03083592396932 313
1757509389135 65.92865523324748 314
1757509389201 65.826941209999 315
1757509389279 65.72569031919282 316
1757509389349 65.62489905851773 317
1757509389420 65.52456395805571 318
1757509389490 65.42468157995849 319
1757509389559 65.32524851812744 320
1757509389626 65.22626139789693 321
1757509389694 65.12771687572074 322
1757509389760 65.02961163886177 323
1757509389828 64.93194240508497 324
1757509389895 64.83470592235341 325
1757509389964 64.73789896852742 326
1757509390032 64.64151835106689 327
1757509390099 64.54556090673661 328
1757509390168 64.45002350131458 329
1757509390236 64.3549030293034 330
1757509390314 64.26019641364459 331
1757509390383 64.16590060543585 332
1757509390451 64.07201258365116 333
1757509390519 63.97852935486384 334
1757509390586 63.885447952972406 335
1757509390654 63.79276543892926 336
1757509390722 63.70047890047217 337
1757509390790 63.60858545185845 338
1757509390857 63.51708223360193 339
1757509390926 63.4259664122126 340
1757509390996 63.33523517993888 341
1757509391066 63.244885754512644 342
1757509391133 63.15491537889677 343
1757509391201 63.065321321035235 344
1757509391268 62.97610087360592 345
1757509391343 62.88725135377578 346
1757509391412 62.798770102958706 347
1757509391481 62.71065448657565 348
1757509391549 62.62290189381739 349
1757509391617 62.535509737409676 350
1757509391685 62.44847545338067 351
1757509391752 62.36179650083095 352
1757509391820 62.27547036170575 353
1757509391888 62.18949454056952 354
1757509391957 62.103866564382905 355
1757509392025 62.01858398228186 356
1757509392095 61.933644365359136 357
1757509392162 61.84904530644793 358
1757509392228 61.76478441990784 359
1757509392383 61.68085934141288 360
1757509392474 61.59726772774177 361
1757509392554 61.514007256570345 362
1757509392621 61.431075626266 363
1757509392690 61.34847055568439 364
1757509392759 61.26618978396807 365
1757509392827 61.18423107034727 366
1757509392901 61.10259219394269 367
1757509392972 61.021270953570266 368
1757509393042 60.94026516754799 369
1757509393111 60.85957267350466 370
1757509393180 60.77919132819062 371
1757509393247 60.6991190072904 372
1757509393313 60.61935360523725 373
1757509393392 60.53989303502962 374
1757509393461 60.460735228049494 375
1757509393529 60.38187813388259 376
1757509393599 60.30331972014024 377
1757509393667 60.22505797228341 378
1757509393734 60.14709089344819 379
1757509393802 60.069416504273214 380
1757509393870 59.99203284272887 381
1757509393937 59.914937963948134 382
1757509394008 59.83812994005925 383
1757509394076 59.761606860019974 384
1757509394143 59.6853668294537 385
1757509394211 59.60940797048704 386
1757509394279 59.533728421589245 387
1757509394356 59.45832633741308 388
1757509394424 59.383199888637485 389
1757509394494 59.30834726181174 390
1757509394561 59.23376665920125 391
1757509394629 59.15945629863487 392
1757509394698 59.08541441335378 393
1757509394770 59.011639251862 394
1757509394837 58.93812907777824 395
1757509394905 58.86488216968941 396
1757509395039 58.79189682100555 397
1757509395192 58.719171339816256 398
1757509395326 58.64670404874854 399
1757509395419 58.574493284826154 400
1757509395492 58.50253739933037 401
1757509395645 58.43083475766206 402
1757509395745 58.35938373920535 403
1757509395814 58.28818273719247 404
1757509395882 58.21723015857016 405
1757509395950 58.1465244238673 406
1757509396019 58.076063967063824 407
1757509396085 58.005847235461246 408
1757509396154 57.935872689554145 409
1757509396223 57.86613880290326 410
1757509396291 57.796644062009555 411
1757509396359 57.72738696618993 412
1757509396436 57.6583660274538 413
1757509396504 57.58957977038129 414
1757509396571 57.5210267320024 415
1757509396642 57.45270546167746 416
1757509396720 57.384614520978886 417
1757509396790 57.31675248357402 418
1757509396860 57.249117935109226 419
1757509396927 57.18170947309511 420
1757509396994 57.114525706792904 421
1757509397063 57.04756525710206 422
1757509397133 56.98082675644891 423
1757509397203 56.914308848676455 424
1757509397272 56.84801018893535 425
1757509397341 56.78192944357583 426
1757509397418 56.71606529004092 427
1757509397486 56.650416416760585 428
1757509397555 56.584981523046956 429
1757509397626 56.519759318990715 430
1757509397697 56.45474852535841 431
1757509397767 56.38994787349089 432
1757509397836 56.32535610520264 433
1757509397904 56.260971972682334 434
1757509397973 56.19679423839417 435
1757509398042 56.13282167498036 436
1757509398111 56.06905306516459 437
1757509398182 56.005487201656216 438
1757509398250 55.94212288705585 439
1757509398319 55.878958933761496 440
1757509398389 55.81599416387584 441
1757509398463 55.75322740911446 442
1757509398531 55.690657510714885 443
1757509398600 55.62828331934661 444
1757509398671 55.56610369502202 445
1757509398739 55.50411750700822 446
1757509398809 55.44232363373971 447
1757509398877 55.380720962731964 448
1757509398944 55.319308390495884 449
1757509399011 55.25808482245306 450
1757509399080 55.19704917285201 451
1757509399149 55.13620036468506 452
1757509399217 55.07553732960625 453
1757509399288 55.01505900784996 454
1757509399356 54.95476434815035 455
1757509399426 54.89465230766168 456
1757509399504 54.83472185187933 457
1757509399574 54.774971954561686 458
1757509399644 54.715401597652765 459
1757509399715 54.65600977120565 460
1757509399784 54.59679547330667 461
1757509399852 54.53775771000035 462
1757509399924 54.47889549521506 463
1757509399993 54.42020785068949 464
1757509400063 54.36169380589985 465
1757509400135 54.303352397987645 466
1757509400215 54.245182671688454 467
1757509400303 54.18718367926115 468
1757509400380 54.12935448041799 469
1757509400460 54.071694142255296 470
1757509400534 54.014201739184934 471
1757509400613 53.9568763528664 472
1757509400697 53.89971707213963 473
1757509400775 53.8427229929584 474
1757509400853 53.785893218324524 475
1757509400923 53.72922685822256 476
1757509400997 53.67272302955527 477
1757509401066 53.61638085607969 478
1757509401133 53.56019946834383 479
1757509401201 53.504178003624 480
1757509401272 53.44831560586277 481
1757509401344 53.392611425607576 482
1757509401417 53.337064619949835 483
1757509401499 53.28167435246483 484
1757509401576 53.22643979315201 485
1757509401650 53.17136011837603 486
1757509401727 53.116434510808254 487
1757509401836 53.061662159368986 488
1757509401924 53.00704225917011 489
1757509401998 52.95257401145844 490
1757509402070 52.8982566235595 491
1757509402142 52.844089308822 492
1757509402216 52.79007128656278 493
1757509402289 52.73620178201224 494
1757509402360 52.6824800262605 495
1757509402431 52.62890525620386 496
1757509402509 52.57547671449199 497
1757509402578 52.52219364947553 498
1757509402648 52.46905531515421 499
