1757492844657 169.66412573140846 0
1757492844701 153.2503317714226 1
1757492844746 139.36265345066496 2
1757492844795 127.57436533247571 3
1757492844847 117.53277561296184 4
1757492844892 108.94626669331176 5
1757492844938 101.57361178631517 6
1757492844984 95.21516728844398 7
1757492845029 89.70561108199713 8
1757492845074 84.90795496785067 9
1757492845118 80.70860725061921 10
1757492845165 77.01330090266953 11
1757492845217 73.74373520301286 12
1757492845329 70.83480550239993 13
1757492845427 68.2323178128039 14
1757492845574 65.89110308667821 15
1757492845742 63.773461021804486 16
1757492845839 61.847875563865465 17
1757492845907 60.08795444471137 18
1757492846001 58.471553471640284 19
1757492846113 56.98005318664905 20
1757492846206 55.59776120388492 21
1757492846265 54.311418222144745 22
1757492846322 53.109789573315254 23
1757492846377 51.98332735221786 24
1757492846431 50.923890797971644 25
1757492846482 49.92451476023036 26
1757492846533 48.979217866660015 27
1757492846588 48.082843477690886 28
1757492846646 47.23092772601889 29
1757492846697 46.419589936964506 30
1757492846752 45.64544154904851 31
1757492846800 44.90551033285211 32
1757492846850 44.19717726580946 33
1757492846898 43.518123881975235 34
1757492846946 42.866288296276494 35
1757492846994 42.23982841652008 36
1757492847045 41.637091115202864 37
1757492847093 41.05658634662394 38
1757492847140 40.49696537088283 39
1757492847188 39.95700239162934 40
1757492847235 39.435579034314095 41
1757492847283 38.93167119063142 42
1757492847332 38.44433783652123 43
1757492847385 37.972711498531424 44
1757492847434 37.51599009903342 45
1757492847483 37.07342995678669 46
1757492847529 36.64433975736145 47
1757492847582 36.22807533934848 48
1757492847632 35.82403516826541 49
1757492847680 35.431656391558946 50
1757492847726 35.05041138588781 51
1757492847773 34.67980472259615 52
1757492847822 34.3193704894865 53
1757492847868 33.96866991711334 54
1757492847915 33.62728926620668 55
1757492847963 33.29483793979847 56
1757492848009 32.9709467894098 57
1757492848057 32.65526658946841 58
1757492848105 32.347466658130706 59
1757492848152 32.047233606020775 60
1757492848200 31.754270197183974 61
1757492848247 31.468294308880086 62
1757492848295 31.189037978788875 63
1757492848344 30.916246529833423 64
1757492848392 30.649677764197577 65
1757492848439 30.38910121926765 66
1757492848487 30.134297479200963 67
1757492848534 29.885057536645952 68
1757492848581 29.641182199835026 69
1757492848636 29.402481540862837 70
1757492848682 29.16877438146662 71
1757492848727 28.939887813055925 72
1757492848773 28.715656748107612 73
1757492848819 28.495923500359996 74
1757492848867 28.28053739151308 75
1757492848913 28.069354382379345 76
1757492848959 27.86223672663547 77
1757492849004 27.659052645504918 78
1757492849052 27.45967602185897 79
1757492849099 27.263986112361824 80
1757492849144 27.071867276407563 81
1757492849190 26.883208720704864 82
1757492849237 26.697904258461364 83
1757492849285 26.515852082205324 84
1757492849332 26.336954549358914 85
1757492849381 26.161117979746646 86
1757492849429 25.988252464284272 87
1757492849474 25.81827168415005 88
1757492849521 25.651092739790958 89
1757492849568 25.486635989163094 90
1757492849618 25.324824894647524 91
1757492849666 25.165585878121746 92
1757492849711 25.008848183702284 93
1757492849759 24.854543747706373 94
1757492849805 24.702607075411017 95
1757492849850 24.552975124214747 96
1757492849897 24.405587192833583 97
1757492849945 24.260384816185788 98
1757492849991 24.11731166564212 99
1757492850038 23.976313454338595 100
1757492850085 23.83733784726749 101
1757492850134 23.700334375879905 102
1757492850181 23.56525435694966 103
1757492850228 23.432050815463167 104
1757492850279 23.300678411314532 105
1757492850327 23.171093369597923 106
1757492850380 23.043253414302118 107
1757492850430 22.917117705223095 108
1757492850479 22.79264677792197 109
1757492850526 22.66980248656519 110
1757492850573 22.548547949493628 111
1757492850622 22.428847497376143 112
1757492850679 22.310666623811233 113
1757492850727 22.193971938248513 114
1757492850773 22.078731121108824 115
1757492850821 21.964912880988827 116
1757492850895 21.85248691384234 117
1757492850946 21.741423864036538 118
1757492850997 21.6316952871873 119
1757492851046 21.5232736146827 120
1757492851095 21.416132119809326 121
1757492851149 21.310244885400287 122
1757492851226 21.2055867729286 123
1757492851283 21.102133392973627 124
1757492851336 20.99986107699229 125
1757492851388 20.89874685033043 126
1757492851441 20.79876840641315 127
1757492851489 20.699904082056474 128
1757492851538 20.602132833845406 129
1757492851587 20.50543421552673 130
1757492851638 20.409788356367475 131
1757492851694 20.31517594043261 132
1757492851743 20.221578186737936 133
1757492851793 20.128976830236567 134
1757492851843 20.03735410359946 135
1757492851891 19.94669271975253 136
1757492851940 19.85697585513492 137
1757492851989 19.768187133644673 138
1757492852040 19.680310611239985 139
1757492852128 19.593330761165657 140
1757492852277 19.507232459775963 141
1757492852397 19.422000972926778 142
1757492852516 19.33762194291095 143
1757492852671 19.254081375912314 144
1757492852747 19.17136562995504 145
1757492852814 19.089461403325977 146
1757492852875 19.0083557234491 147
1757492852942 18.928035936191772 148
1757492853103 18.84848969558394 149
1757492853186 18.769704953931935 150
1757492853300 18.691669952309883 151
1757492853366 18.614373211412044 152
1757492853427 18.537803522750625 153
1757492853487 18.461949940184162 154
1757492853543 18.386801771762322 155
1757492853597 18.3123485718736 156
1757492853653 18.238580133683136 157
1757492853715 18.165486481848394 158
1757492853768 18.09305786550102 159
1757492853822 18.02128475148384 160
1757492853874 17.95015781783228 161
1757492853926 17.87966794749028 162
1757492853978 17.8098062222509 163
1757492854032 17.74056391691252 164
1757492854086 17.671932493641865 165
1757492854147 17.60390359653541 166
1757492854198 17.536469046371288 167
1757492854250 17.46962083554392 168
1757492854301 17.403351123174236 169
1757492854361 17.337652230388397 170
1757492854414 17.27251663575841 171
1757492854467 17.20793697089834 172
1757492854523 17.143906016209872 173
1757492854582 17.080416696771618 174
1757492854636 17.01746207836642 175
1757492854688 16.9550353636415 176
1757492854747 16.893129888396185 177
1757492854800 16.83173911799252 178
1757492854854 16.770856643883963 179
1757492854905 16.710476180257793 180
1757492854956 16.650591560786886 181
1757492855009 16.59119673548684 182
1757492855059 16.53228576767445 183
1757492855109 16.473852831023816 184
1757492855160 16.41589220671651 185
1757492855210 16.358398280682255 186
1757492855260 16.30136554092693 187
1757492855310 16.24478857494459 188
1757492855361 16.188662067210604 189
1757492855414 16.132980796752847 190
1757492855464 16.07773963479824 191
1757492855516 16.022933542491916 192
1757492855567 15.968557568686384 193
1757492855619 15.914606847798328 194
1757492855674 15.861076597730506 195
1757492855730 15.807962117856583 196
1757492855787 15.755258787066671 197
1757492855838 15.702962061871391 198
1757492855889 15.651067474562561 199
1757492855938 15.599570631428428 200
1757492855988 15.548467211021649 201
1757492856038 15.4977529624782 202
1757492856087 15.447423703885471 203
1757492856138 15.397475320697861 204
1757492856188 15.347903764198325 205
1757492856236 15.298705050004271 206
1757492856285 15.249875256616356 207
1757492856333 15.20141052400871 208
1757492856382 15.153307052259285 209
1757492856431 15.105561100218912 210
1757492856479 15.058168984217899 211
1757492856529 15.011127076808782 212
1757492856580 14.964431805544235 213
1757492856631 14.918079651788842 214
1757492856681 14.872067149563733 215
1757492856731 14.826390884422946 216
1757492856790 14.78104749236054 217
1757492856840 14.73603365874752 218
1757492856889 14.691346117297465 219
1757492856939 14.646981649060173 220
1757492856987 14.602937081442187 221
1757492857037 14.559209287253609 222
1757492857086 14.515795183780142 223
1757492857136 14.472691731879758 224
1757492857184 14.429895935103085 225
1757492857235 14.38740483883688 226
1757492857285 14.345215529469796 227
1757492857335 14.303325133579825 228
1757492857385 14.261730817142702 229
1757492857434 14.220429784760618 230
1757492857495 14.179419278910714 231
1757492857545 14.138696579212626 232
1757492857595 14.098259001714611 233
1757492857645 14.058103898197663 234
1757492857697 14.018228655497026 235
1757492857780 13.97863069484068 236
1757492857832 13.939307471204218 237
1757492857885 13.900256472681669 238
1757492857936 13.861475219871776 239
1757492857992 13.822961265279272 240
1757492858069 13.784712192730728 241
1757492858124 13.746725616804566 242
1757492858176 13.708999182274768 243
1757492858228 13.671530563567929 244
1757492858281 13.634317464233277 245
1757492858333 13.597357616425217 246
1757492858384 13.560648780398159 247
1757492858436 13.524188744013156 248
1757492858487 13.487975322256085 249
1757492858540 13.452006356767063 250
1757492858593 13.416279715380695 251
1757492858672 13.380793291676925 252
1757492858732 13.34554500454221 253
1757492858788 13.310532797740626 254
1757492858844 13.27575463949473 255
1757492858899 13.241208522075867 256
1757492858952 13.206892461403662 257
1757492859004 13.172804496654459 258
1757492859058 13.138942689878451 259
1757492859111 13.105305125625248 260
1757492859166 13.071889910577697 261
1757492859219 13.038695173193693 262
1757492859271 13.00571906335578 263
1757492859325 12.972959752028327 264
1757492859380 12.940415430922107 265
1757492859512 12.908084312166006 266
1757492859625 12.875964627985788 267
1757492859719 12.844054630389603 268
1757492859782 12.812352590860174 269
1757492859859 12.7808568000534 270
1757492860012 12.749565567503277 271
1757492860096 12.718477221332897 272
1757492860157 12.687590107971467 273
1757492860212 12.656902591877094 274
1757492860267 12.626413055265242 275
1757492860322 12.596119897842728 276
1757492860378 12.566021536547057 277
1757492860431 12.53611640529102 278
1757492860484 12.506402954712415 279
1757492860537 12.476879651928694 280
1757492860592 12.447544980296529 281
1757492860646 12.41839743917607 282
1757492860698 12.389435543699811 283
1757492860751 12.360657824546017 284
1757492860804 12.332062827716472 285
1757492860865 12.303649114318555 286
1757492860918 12.27541526035148 287
1757492860971 12.24735985649661 288
1757492861025 12.219481507911766 289
1757492861078 12.1917788340294 290
1757492861133 12.16425046835857 291
1757492861187 12.136895058290625 292
1757492861240 12.109711264908459 293
1757492861294 12.082697762799343 294
1757492861349 12.055853239871189 295
1757492861402 12.029176397172133 296
1757492861456 12.002665948713458 297
1757492861508 11.976320621295688 298
1757492861565 11.95013915433784 299
1757492861618 11.92412029970971 300
1757492861670 11.898262821567174 301
1757492861723 11.8725654961904 302
1757492861775 11.847027111824918 303
1757492861827 11.821646468525465 304
1757492861886 11.796422378002601 305
1757492861937 11.77135366347194 306
1757492861989 11.746439159506034 307
1757492862041 11.721677711888773 308
1757492862092 11.697068177472286 309
1757492862146 11.672609424036299 310
1757492862197 11.648300330149853 311
1757492862248 11.624139785035375 312
1757492862300 11.600126688435003 313
1757492862351 11.576259950479187 314
1757492862403 11.552538491557414 315
1757492862453 11.528961242191151 316
1757492862505 11.5055271429088 317
1757492862556 11.482235144122733 318
1757492862607 11.45908420600836 319
1757492862659 11.436073298385102 320
1757492862712 11.41320140059934 321
1757492862762 11.390467501409203 322
1757492862813 11.367870598871226 323
1757492862872 11.345409700228787 324
1757492862923 11.323083821802339 325
1757492862974 11.300891988881338 326
1757492863025 11.278833235617915 327
1757492863077 11.256906604922154 328
1757492863129 11.235111148359023 329
1757492863181 11.213445926046925 330
1757492863231 11.191910006557755 331
1757492863287 11.170502466818535 332
1757492863339 11.149222392014538 333
1757492863392 11.128068875493879 334
1757492863443 11.107041018673543 335
1757492863495 11.086137930946839 336
1757492863546 11.065358729592237 337
1757492863597 11.044702539683577 338
1757492863662 11.024168494001575 339
1757492863714 11.003755732946685 340
1757492863765 10.983463404453211 341
1757492863819 10.963290663904694 342
1757492863875 10.943236674050526 343
1757492863931 10.923300604923778 344
1757492863982 10.903481633760222 345
1757492864034 10.883778944918511 346
1757492864085 10.864191729801513 347
1757492864137 10.844719186778777 348
1757492864190 10.82536052111006 349
1757492864242 10.806114944869998 350
1757492864293 10.786981676873806 351
1757492864344 10.767959942604014 352
1757492864397 10.749048974138246 353
1757492864449 10.730248010078013 354
1757492864500 10.711556295478463 355
1757492864558 10.692973081779142 356
1757492864629 10.674497626735675 357
1757492864686 10.656129194352406 358
1757492864740 10.637867054815938 359
1757492864794 10.619710484429609 360
1757492864853 10.601658765548828 361
1757492864933 10.583711186517286 362
1757492864990 10.565867041604047 363
1757492865044 10.548125630941461 364
1757492865098 10.530486260463917 365
1757492865155 10.512948241847395 366
1757492865209 10.495510892449861 367
1757492865263 10.478173535252386 368
1757492865317 10.460935498801081 369
1757492865372 10.443796117149809 370
1757492865426 10.426754729803587 371
1757492865481 10.409810681662782 372
1757492865536 10.392963322967995 373
1757492865590 10.376212009245684 374
1757492865646 10.359556101254448 375
1757492865700 10.342994964932043 376
1757492865755 10.326527971343054 377
1757492865808 10.310154496627234 378
1757492865862 10.293873921948494 379
1757492865927 10.277685633444563 380
1757492865981 10.261589022177247 381
1757492866036 10.245583484083339 382
1757492866125 10.229668419926137 383
1757492866253 10.213843235247559 384
1757492866377 10.198107340320878 385
1757492866485 10.182460150104 386
1757492866617 10.166901084193368 387
1757492866724 10.1514295667784 388
1757492866786 10.136045026596504 389
1757492866846 10.12074689688863 390
1757492866904 10.105534615355378 391
1757492866971 10.09040762411362 392
1757492867029 10.075365369653685 393
1757492867086 10.060407302797024 394
1757492867142 10.045532878654399 395
1757492867199 10.03074155658457 396
1757492867254 10.01603280015349 397
1757492867310 10.001406077093971 398
1757492867365 9.986860859265857 399
1757492867422 9.972396622616616 400
1757492867477 9.958012847142456 401
1757492867533 9.94370901684988 402
1757492867587 9.929484619717666 403
1757492867644 9.915339147659338 404
1757492867701 9.90127209648605 405
1757492867757 9.88728296586989 406
1757492867813 9.873371259307659 407
1757492867869 9.859536484085007 408
1757492867924 9.845778151241035 409
1757492867983 9.832095775533272 410
1757492868040 9.818488875403089 411
1757492868096 9.804956972941463 412
1757492868151 9.79149959385518 413
1757492868209 9.778116267433377 414
1757492868263 9.764806526514517 415
1757492868316 9.751569907453701 416
1757492868371 9.738405950090337 417
1757492868425 9.725314197716234 418
1757492868478 9.712294197043981 419
1757492868531 9.699345498175743 420
1757492868585 9.686467654572372 421
1757492868638 9.673660223022864 422
1757492868693 9.660922763614176 423
1757492868747 9.648254839701345 424
1757492868801 9.635656017877974 425
1757492868855 9.62312586794704 426
1757492868908 9.610663962891975 427
1757492868963 9.59826987884814 428
1757492869023 9.585943195074547 429
1757492869077 9.57368349392593 430
1757492869132 9.561490360825116 431
1757492869186 9.549363384235663 432
1757492869241 9.53730215563485 433
1757492869293 9.525306269486903 434
1757492869349 9.51337532321656 435
1757492869402 9.501508917182887 436
1757492869456 9.489706654653393 437
1757492869509 9.477968141778412 438
1757492869564 9.466292987565767 439
1757492869616 9.454680803855702 440
1757492869671 9.443131205296085 441
1757492869727 9.43164380931786 442
1757492869780 9.420218236110776 443
1757492869833 9.408854108599378 444
1757492869887 9.397551052419223 445
1757492869941 9.386308695893366 446
1757492870001 9.375126670009106 447
1757492870056 9.364004608394938 448
1757492870111 9.352942147297798 449
1757492870164 9.341938925560488 450
1757492870239 9.330994584599383 451
1757492870297 9.320108768382346 452
1757492870354 9.309281123406876 453
1757492870409 9.298511298678486 454
1757492870464 9.287798945689298 455
1757492870520 9.277143718396871 456
1757492870574 9.266545273203233 457
1757492870629 9.256003268934137 458
1757492870683 9.245517366818513 459
1757492870739 9.235087230468158 460
1757492870794 9.224712525857623 461
1757492870847 9.214392921304274 462
1757492870902 9.204128087448613 463
1757492870957 9.193917697234731 464
1757492871021 9.183761425891033 465
1757492871076 9.173658950911086 466
1757492871131 9.163609952034717 467
1757492871186 9.153614111229256 468
1757492871242 9.143671112671004 469
1757492871298 9.133780642726864 470
1757492871353 9.123942389936158 471
1757492871424 9.114156044992637 472
1757492871488 9.104421300726651 473
1757492871546 9.094737852087528 474
1757492871602 9.08510539612608 475
1757492871660 9.075523631977337 476
1757492871734 9.06599226084339 477
1757492871812 9.056510985976477 478
1757492871871 9.047079512662156 479
1757492871928 9.037697548202706 480
1757492871986 9.028364801900665 481
1757492872048 9.019080985042514 482
1757492872108 9.009845810882569 483
1757492872165 9.000658994626951 484
1757492872223 8.991520253417814 485
1757492872282 8.982429306317623 486
1757492872339 8.97338587429366 487
1757492872397 8.964389680202643 488
1757492872455 8.955440448775505 489
1757492872512 8.946537906602314 490
1757492872570 8.937681782117338 491
1757492872628 8.928871805584267 492
1757492872685 8.920107709081561 493
1757492872743 8.91138922648794 494
1757492872800 8.902716093468024 495
1757492872856 8.894088047458084 496
1757492872912 8.885504827651964 497
1757492872968 8.876966174987123 498
1757492873032 8.868471832130778 499
