1757436151916 172.7359051246922 0
1757436151956 155.21951698981707 1
1757436151995 148.45463772107166 2
1757436152038 141.81908620162275 3
1757436152082 135.72915623894366 4
1757436152127 130.11567166958915 5
1757436152170 124.93757716380622 6
1757436152215 120.15647756059427 7
1757436152267 115.7375269342182 8
1757436152311 111.64904554321406 9
1757436152351 107.862231477885 10
1757436152389 104.35089597439914 11
1757436152429 101.09122331596271 12
1757436152468 98.06155289119188 13
1757436152506 95.2421813679805 14
1757436152544 92.61518312202725 15
1757436152583 90.16424723186495 16
1757436152622 87.87452950849537 17
1757436152660 85.73251816953723 18
1757436152697 83.72591189646823 19
1757436152740 81.84350913029711 20
1757436152781 80.0751075669423 21
1757436152825 78.4114129097263 22
1757436152873 76.8439560236211 23
1757436152917 75.36501771503288 24
1757436152960 73.96756043273302 25
1757436153002 72.64516625071599 26
1757436153043 71.3919805528988 27
1757436153082 70.20266089323921 28
1757436153123 69.07233055354229 29
1757436153163 67.99653636540967 30
1757436153201 66.9712104028804 31
1757436153241 65.99263518869459 32
1757436153287 65.05741209012629 33
1757436153329 64.16243261029086 34
1757436153368 63.30485230801802 35
1757436153409 62.48206710405141 36
1757436153473 61.69169175372306 37
1757436153522 60.931540286565536 38
1757436153575 60.199608231760024 39
1757436153641 59.494056465048516 40
1757436153690 58.81319652791969 41
1757436153732 58.15547728365522 42
1757436153773 57.51947278732639 43
1757436153817 56.903871258176984 44
1757436153858 56.307465053125206 45
1757436153900 55.729141549462426 46
1757436153943 55.16787485330684 47
1757436153989 54.622718258066485 48
1757436154032 54.092797384151424 49
1757436154074 53.57730393751355 50
1757436154116 53.075490030346224 51
1757436154156 52.58666301249735 52
1757436154198 52.11018076688875 53
1757436154242 51.645447426535654 54
1757436154294 51.19190947466454 55
1757436154336 50.74905219297033 56
1757436154377 50.316396426270536 57
1757436154419 49.89349563473293 58
1757436154458 49.479933207502796 59
1757436154508 49.075320013961466 60
1757436154551 48.679292171030305 61
1757436154595 48.29150900691677 62
1757436154637 47.91165120349763 63
1757436154677 47.53941910116764 64
1757436154718 47.17453115146448 65
1757436154758 46.81672250412657 66
1757436154799 46.46574371646225 67
1757436154840 46.12135957401786 68
1757436154880 45.78334801253971 69
1757436154921 45.45149913213888 70
1757436154962 45.12561429539834 71
1757436155003 44.80550530191562 72
1757436155113 44.49099363245853 73
1757436155200 44.1819097565333 74
1757436155301 43.878092497728744 75
1757436155349 43.57938845171266 76
1757436155397 43.28565145222227 77
1757436155466 42.996742080813064 78
1757436155593 42.71252721651474 79
1757436155679 42.43287962189135 80
1757436155729 42.157677562319805 81
1757436155776 41.88680445558866 82
1757436155819 41.620148549180406 83
1757436155865 41.357602622838215 84
1757436155908 41.099063714233715 85
1757436155950 40.84443286574869 86
1757436155994 40.59361489056142 87
1757436156036 40.34651815639068 88
1757436156079 40.1030543853975 89
1757436156122 39.86313846887822 90
1757436156167 39.62668829550454 91
1757436156210 39.393624591976184 92
1757436156252 39.16387077505285 93
1757436156294 38.93735281402298 94
1757436156345 38.71399910275045 95
1757436156386 38.49374034051541 96
1757436156427 38.27650942093458 97
1757436156467 38.062241328308595 98
1757436156507 37.850873040801055 99
1757436156549 37.64234343990551 100
1757436156590 37.43659322570393 101
1757436156633 37.23356483746273 102
1757436156675 37.03320237915202 103
1757436156720 36.835451549508576 104
1757436156764 36.640259576295975 105
1757436156808 36.44757515444447 106
1757436156849 36.25734838778017 107
1757436156891 36.06953073407748 108
1757436156932 35.88407495319106 109
1757436156973 35.70093505804395 110
1757436157016 35.52006626826695 111
1757436157058 35.34142496630117 112
1757436157099 35.16496865579136 113
1757436157141 34.990655922111415 114
1757436157183 34.81844639487619 115
1757436157226 34.648300712306 116
1757436157269 34.48018048732028 117
1757436157311 34.31404827524695 118
1757436157361 34.14986754304295 119
1757436157403 33.98760263992969 120
1757436157456 33.82721876935406 121
1757436157510 33.66868196219338 122
1757436157564 33.511959051128144 123
1757436157634 33.35701764611241 124
1757436157685 33.20382611087716 125
1757436157729 33.05235354040623 126
1757436157774 32.90256973932936 127
1757436157820 32.75444520118065 128
1757436157863 32.607951088474294 129
1757436157905 32.4630592135533 130
1757436157947 32.31974202016965 131
1757436157990 32.1779725657572 132
1757436158032 32.03772450436168 133
1757436158074 31.89897207019399 134
1757436158115 31.761690061775916 135
1757436158159 31.625853826648587 136
1757436158202 31.491439246616867 137
1757436158244 31.358422723503715 138
1757436158286 31.226781165390946 139
1757436158329 31.096491973323626 140
1757436158379 30.967533028457293 141
1757436158422 30.839882679628097 142
1757436158464 30.713519731327292 143
1757436158506 30.588423432062584 144
1757436158549 30.464573463089835 145
1757436158591 30.34194992749955 146
1757436158634 30.220533339643577 147
1757436158677 30.100304614887982 148
1757436158720 29.981245059679196 149
1757436158762 29.863336361910886 150
1757436158804 29.74656058157985 151
1757436158848 29.630900141719845 152
1757436158890 29.51633781960272 153
1757436158933 29.402856738196906 154
1757436158975 29.290440357873603 155
1757436159018 29.179072468351766 156
1757436159066 29.068737180873114 157
1757436159111 28.95941892059906 158
1757436159152 28.851102419221657 159
1757436159196 28.74377270778109 160
1757436159239 28.63741510968267 161
1757436159283 28.532015233906346 162
1757436159416 28.427558968402447 163
1757436159542 28.32403247366723 164
1757436159649 28.22142217649234 165
1757436159722 28.11971476388256 166
1757436159778 28.01889717713622 167
1757436159859 27.918956606083125 168
1757436159982 27.819880483474964 169
1757436160070 27.721656479523382 170
1757436160147 27.624272496580943 171
1757436160199 27.527716663960756 172
1757436160249 27.431977332890273 173
1757436160299 27.337043071595286 174
1757436160347 27.24290266051003 175
1757436160411 27.14954508760969 176
1757436160459 27.056959543861623 177
1757436160507 26.96513541879163 178
1757436160555 26.87406229616203 179
1757436160604 26.783729949758186 180
1757436160649 26.69412833928026 181
1757436160695 26.605247606337223 182
1757436160741 26.517078070540105 183
1757436160786 26.429610225691643 184
1757436160834 26.34283473606961 185
1757436160880 26.256742432801122 186
1757436160926 26.171324310325407 187
1757436160973 26.086571522942414 188
1757436161021 26.002475381445123 189
1757436161067 25.919027349832902 190
1757436161111 25.836219042103977 191
1757436161154 25.754042219124575 192
1757436161199 25.672488785572884 193
1757436161244 25.591550786955516 194
1757436161288 25.51122040669481 195
1757436161332 25.43148996328478 196
1757436161376 25.35235190751404 197
1757436161428 25.27379881975391 198
1757436161496 25.195823407309767 199
1757436161553 25.118418501834245 200
1757436161629 25.041577056800442 201
1757436161692 24.96529214503365 202
1757436161739 24.8895569563 203
1757436161787 24.814364794950635 204
1757436161834 24.73970907761982 205
1757436161880 24.665583330975807 206
1757436161926 24.59198118952282 207
1757436161972 24.518896393453094 208
1757436162018 24.446322786547526 209
1757436162063 24.374254314123743 210
1757436162111 24.302685021030413 211
1757436162168 24.231609049686565 212
1757436162215 24.161020638164825 213
1757436162278 24.090914118317446 214
1757436162327 24.021283913944075 215
1757436162375 23.95212453900014 216
1757436162431 23.88343059584495 217
1757436162478 23.815196773528474 218
1757436162525 23.74741784611579 219
1757436162571 23.680088671048377 220
1757436162616 23.613204187541204 221
1757436162662 23.54675941501491 222
1757436162707 23.480749451562097 223
1757436162753 23.415169472446863 224
1757436162797 23.350014728636932 225
1757436162842 23.28528054536742 226
1757436162886 23.220962320735612 227
1757436162932 23.157055524325884 228
1757436162976 23.093555695864115 229
1757436163021 23.03045844390087 230
1757436163067 22.96775944452264 231
1757436163113 22.905454440090544 232
1757436163157 22.843539238005732 233
1757436163203 22.782009709500944 234
1757436163247 22.72086178845758 235
1757436163294 22.660091470247668 236
1757436163339 22.599694810600134 237
1757436163385 22.53966792449089 238
1757436163429 22.48000698505603 239
1757436163483 22.42070822252779 240
1757436163528 22.361767923192517 241
1757436163574 22.303182428370352 242
1757436163619 22.244948133416003 243
1757436163665 22.187061486740152 244
1757436163711 22.129518988850997 245
1757436163756 22.072317191415515 246
1757436163801 22.015452696339974 247
1757436163846 21.95892215486923 248
1757436163892 21.902722266704416 249
1757436163939 21.846849779138598 250
1757436164064 21.791301486209974 251
1757436164160 21.736074227872233 252
1757436164277 21.68116488918169 253
1757436164387 21.62657039950083 254
1757436164467 21.572287731717854 255
1757436164520 21.51831390148189 256
1757436164587 21.464645966453578 257
1757436164678 21.41128102557058 258
1757436164739 21.358216218327755 259
1757436164812 21.30544872407163 260
1757436164879 21.25297576130897 261
1757436164958 21.20079458702892 262
1757436165031 21.148902496038605 263
1757436165114 21.097296820311875 264
1757436165194 21.045974928350795 265
1757436165257 20.99493422455968 266
1757436165328 20.944172148631463 267
1757436165391 20.893686174945948 268
1757436165449 20.84347381197991 269
1757436165555 20.7935326017286 270
1757436165644 20.74386011913854 271
1757436165746 20.694453971551237 272
1757436165833 20.64531179815777 273
1757436165920 20.596431269463785 274
1757436165992 20.547810086764862 275
1757436166081 20.499445981631926 276
1757436166152 20.451336715406576 277
1757436166230 20.403480078705996 278
1757436166304 20.355873890937396 279
1757436166364 20.30851599982166 280
1757436166443 20.261404280926023 281
1757436166528 20.214536637205715 282
1757436166593 20.167910998554174 283
1757436166656 20.12152532136182 284
1757436166717 20.07537758808314 285
1757436166780 20.0294658068119 286
1757436166843 19.983788010864338 287
1757436166935 19.938342258370213 288
1757436167010 19.89312663187142 289
1757436167070 19.848139237928166 290
1757436167132 19.803378206732425 291
1757436167235 19.758841691728662 292
1757436167316 19.714527869241472 293
1757436167402 19.67043493811022 294
1757436167468 19.626561119330365 295
1757436167557 19.58290465570142 296
1757436167624 19.539463811481383 297
1757436167714 19.49623687204754 298
1757436167797 19.453222143563416 299
1757436167873 19.410417952651873 300
1757436167955 19.367822646074195 301
1757436168026 19.325434590414936 302
1757436168117 19.283252171772556 303
1757436168205 19.241273795455673 304
1757436168313 19.19949788568477 305
1757436168386 19.157922885299335 306
1757436168462 19.11654725547026 307
1757436168548 19.075369475417414 308
1757436168620 19.03438804213231 309
1757436168698 18.9936014701057 310
1757436168770 18.953008291060094 311
1757436168842 18.912607053687022 312
1757436168911 18.872396323388994 313
1757436168988 18.832374682025993 314
1757436169072 18.792540727666598 315
1757436169166 18.75289307434335 316
1757436169226 18.713430351812566 317
1757436169295 18.674151205318335 318
1757436169384 18.63505429536068 319
1757436169475 18.596138297467792 320
1757436169626 18.557401901972284 321
1757436169763 18.518843813791296 322
1757436169842 18.480462752210524 323
1757436169909 18.44225745067196 324
1757436170078 18.404226656565317 325
1757436170173 18.366369131023134 326
1757436170231 18.328683648719377 327
1757436170317 18.291168997671527 328
1757436170412 18.253823979046146 329
1757436170491 18.216647406967684 330
1757436170565 18.179638108330682 331
1757436170646 18.142794922615142 332
1757436170727 18.106116701705055 333
1757436170809 18.069602309710056 334
1757436170896 18.033250622790103 335
1757436170979 17.99706052898316 336
1757436171051 17.96103092803578 337
1757436171116 17.925160731236588 338
1757436171175 17.88944886125255 339
1757436171232 17.853894251968075 340
1757436171304 17.818495848326727 341
1757436171393 17.783252606175687 342
1757436171471 17.748163492112806 343
1757436171566 17.713227483336173 344
1757436171630 17.678443567496288 345
1757436171689 17.643810742550595 346
1757436171761 17.609328016620545 347
1757436171822 17.57499440785094 348
1757436171885 17.540808944271696 349
1757436171949 17.506770663661836 350
1757436172012 17.472878613415737 351
1757436172078 17.439131850411634 352
1757436172145 17.405529440882194 353
1757436172210 17.372070460287322 354
1757436172273 17.338753993188988 355
1757436172338 17.3055791331281 356
1757436172402 17.27254498250342 357
1757436172481 17.23965065245243 358
1757436172570 17.206895262734154 359
1757436172642 17.17427794161386 360
1757436172707 17.14179782574963 361
1757436172798 17.1094540600808 362
1757436172883 17.077245797718156 363
1757436172971 17.045172199835914 364
1757436173058 17.013232435565445 365
1757436173133 16.98142568189069 366
1757436173210 16.94975112354526 367
1757436173298 16.918207952911153 368
1757436173384 16.886795369919135 369
1757436173450 16.85551258195067 370
1757436173532 16.82435880374139 371
1757436173645 16.79333325728614 372
1757436173744 16.76243517174548 373
1757436173836 16.731663783353707 374
1757436173923 16.70101833532828 375
1757436173983 16.670498077780685 376
1757436174064 16.640102267628723 377
1757436174141 16.609830168510122 378
1757436174222 16.579681050697534 379
1757436174302 16.54965419101484 380
1757436174363 16.51974887275477 381
1757436174437 16.48996438559778 382
1757436174513 16.4603000255322 383
1757436174601 16.430755094775602 384
1757436174691 16.401328901697443 385
1757436174752 16.37202076074277 386
1757436174834 16.342829992357196 387
1757436174928 16.313755922913046 388
1757436175001 16.284797884636525 389
1757436175085 16.255955215536094 390
1757436175156 16.22722725933189 391
1757436175250 16.198613365386233 392
1757436175388 16.170112888635167 393
1757436175528 16.14172518952108 394
1757436175603 16.113449633926283 395
1757436175733 16.085285593107628 396
1757436175833 16.05723244363211 397
1757436175915 16.029289567313416 398
1757436175981 16.00145635114941 399
1757436176077 15.973732187260612 400
1757436176153 15.94611647282952 401
1757436176236 15.918608610040874 402
1757436176317 15.891208006022811 403
1757436176393 15.863914072788868 404
1757436176453 15.836726227180852 405
1757436176515 15.809643890812547 406
1757436176584 15.782666490014273 407
1757436176672 15.755793455778218 408
1757436176772 15.729024223704597 409
1757436176873 15.702358233948578 410
1757436176947 15.675794931168035 411
1757436177021 15.649333764471967 412
1757436177107 15.622974187369753 413
1757436177196 15.596715657721083 414
1757436177281 15.570557637686662 415
1757436177359 15.544499593679562 416
1757436177422 15.518540996317352 417
1757436177503 15.492681320374826 418
1757436177612 15.46692004473748 419
1757436177690 15.441256652355618 420
1757436177791 15.415690630199117 421
1757436177861 15.390221469212849 422
1757436177930 15.364848664272701 423
1757436178041 15.339571714142261 424
1757436178116 15.314390121430081 425
1757436178198 15.289303392547563 426
1757436178272 15.264311037667413 427
1757436178373 15.239412570682713 428
1757436178451 15.21460750916652 429
1757436178539 15.189895374332087 430
1757436178618 15.16527569099356 431
1757436178706 15.140747987527305 432
1757436178789 15.116311795833719 433
1757436178868 15.091966651299545 434
1757436178940 15.067712092760797 435
1757436179025 15.043547662466107 436
1757436179124 15.01947290604061 437
1757436179195 14.995487372450324 438
1757436179278 14.971590613967015 439
1757436179356 14.947782186133537 440
1757436179422 14.924061647729648 441
1757436179510 14.900428560738273 442
1757436179599 14.876882490312259 443
1757436179670 14.853423004741542 444
1757436179746 14.830049675420765 445
1757436179822 14.806762076817353 446
1757436179889 14.783559786439996 447
1757436179975 14.760442384807526 448
1757436180058 14.737409455418286 449
1757436180125 14.71446058471982 450
1757436180217 14.69159536207903 451
1757436180323 14.668813379752685 452
1757436180418 14.646114232858347 453
1757436180504 14.623497519345662 454
1757436180568 14.600962839968036 455
1757436180636 14.578509798254698 456
1757436180727 14.556138000483083 457
1757436180852 14.533847055651625 458
1757436180996 14.51163657545287 459
1757436181129 14.489506174246968 460
1757436181205 14.467455469035459 461
1757436181345 14.445484079435463 462
1757436181429 14.423591627654151 463
1757436181506 14.401777738463558 464
1757436181610 14.380042039175727 465
1757436181696 14.358384159618168 466
1757436181807 14.336803732109614 467
1757436181914 14.315300391436125 468
1757436181998 14.293873774827436 469
1757436182073 14.27252352193365 470
1757436182139 14.251249274802221 471
1757436182214 14.230050677855209 472
1757436182306 14.208927377866814 473
1757436182389 14.187879023941239 474
1757436182499 14.16690526749077 475
1757436182563 14.146005762214163 476
1757436182640 14.125180164075287 477
1757436182715 14.10442813128205 478
1757436182786 14.08374932426556 479
1757436182879 14.063143405659558 480
1757436182947 14.042610040280113 481
1757436183016 14.022148895105527 482
1757436183087 14.001759639256539 483
1757436183155 13.981441943976733 484
1757436183222 13.961195482613201 485
1757436183289 13.941019930597424 486
1757436183358 13.920914965426407 487
1757436183435 13.900880266644032 488
1757436183538 13.880915515822618 489
1757436183614 13.861020396544754 490
1757436183675 13.841194594385263 491
1757436183782 13.821437796893486 492
1757436183876 13.801749693575676 493
1757436183959 13.782129975877702 494
1757436184029 13.762578337167849 495
1757436184136 13.743094472719914 496
1757436184217 13.723678079696466 497
1757436184303 13.704328857132273 498
1757436184371 13.685046505917986 499
