1757491066949 165.2256136121547 0
1757491067108 142.80975445890255 1
1757491067231 198.5957271148646 2
1757491067397 143.68880590535764 3
1757491067513 132.75964503647936 4
1757491067610 135.9900429764494 5
1757491067714 127.06525256620513 6
1757491067809 148.97076802876083 7
1757491067900 125.71052962964117 8
1757491067991 144.99949731111374 9
1757491068080 79.9218325557356 10
1757491068166 170.5119932002454 11
1757491068254 137.40619108292384 12
1757491068344 161.90452438090125 13
1757491068428 149.50885081034198 14
1757491068522 174.3309090704629 15
1757491068610 188.23284517141101 16
1757491068693 177.9613857770882 17
1757491068785 218.52768737686785 18
1757491068873 186.43945338796073 19
1757491068959 161.0216813817964 20
1757491069051 197.7925511449458 21
1757491069153 191.71311826151464 22
1757491069245 179.80619113794276 23
1757491069351 176.12322385664095 24
1757491069457 179.08482232339875 25
1757491069549 156.32224795877596 26
1757491069641 252.36614927474926 27
1757491069730 161.4989624723635 28
1757491069817 294.70776608003683 29
1757491069905 108.68779710509553 30
1757491069992 184.27892875470403 31
1757491070098 187.79053155555255 32
1757491070213 148.79248813986618 33
1757491070316 207.3214750537356 34
1757491070430 122.1700383268668 35
1757491070535 164.8329789160125 36
1757491070642 183.35251902205565 37
1757491070735 128.60084391436624 38
1757491070826 181.30193847389228 39
1757491070918 179.7139999921303 40
1757491071009 195.12104360635678 41
1757491071098 214.6011337742176 42
1757491071187 246.52797554990326 43
1757491071275 167.82488794900422 44
1757491071360 171.39584381771397 45
1757491071450 220.24025076431255 46
1757491071540 196.2668863212198 47
1757491071634 120.67140777293514 48
1757491071719 177.0951172421979 49
1757491071803 183.80650834390593 50
1757491071887 169.4137692531927 51
1757491071972 134.71591298198535 52
1757491072056 144.39399818608837 53
1757491072139 144.62085964243704 54
1757491072224 183.2230257105108 55
1757491072308 231.97717981813747 56
1757491072391 150.204942541509 57
1757491072475 188.31051110100577 58
1757491072585 199.37910909968804 59
1757491072761 203.84847986950783 60
1757491072908 310.653717404596 61
1757491073048 119.46542742988473 62
1757491073219 174.6700616178334 63
1757491073324 174.3376263994183 64
1757491073421 134.0336758504632 65
1757491073509 153.16596646881467 66
1757491073603 184.6286092438457 67
1757491073694 72.61764302065625 68
1757491073785 163.59794218777841 69
1757491073874 198.1370858311363 70
1757491073957 136.2191982442525 71
1757491074044 156.14142581276835 72
1757491074132 207.8773918480385 73
1757491074224 152.5228874866989 74
1757491074320 168.23671751906943 75
1757491074407 125.418799486033 76
1757491074499 136.2511391459289 77
1757491074587 168.32322657899215 78
1757491074676 206.06229786753588 79
1757491074765 115.85437516156618 80
1757491074852 167.57198725887034 81
1757491074945 159.78880827505125 82
1757491075032 198.70250345655376 83
1757491075122 180.13571487912282 84
1757491075222 272.9033140236199 85
1757491075323 138.46441735657507 86
1757491075417 151.08922977514956 87
1757491075536 169.93123432956784 88
1757491075624 151.1401522386529 89
1757491075725 127.97110137837117 90
1757491075817 170.43969788703188 91
1757491075906 186.24716769414763 92
1757491075995 180.42286211321803 93
1757491076085 169.339101396409 94
1757491076176 168.65298537071206 95
1757491076268 138.746162805268 96
1757491076348 189.81385339118697 97
1757491076436 167.7074220279678 98
1757491076526 159.44163272323198 99
1757491076617 164.04278179059276 100
1757491076717 203.93907337986744 101
1757491076808 194.86009316892955 102
1757491076895 167.27613937385894 103
1757491076980 189.86182048325367 104
1757491077063 172.24917321755336 105
1757491077147 169.07535997275124 106
1757491077232 213.96003385643922 107
1757491077316 171.72288923865418 108
1757491077403 194.73929245412074 109
1757491077484 173.38422498402338 110
1757491077569 133.8453224327695 111
1757491077659 152.45018575586374 112
1757491077775 152.91018376046645 113
1757491077863 178.27222420782795 114
1757491077953 155.6135015770995 115
1757491078038 193.18816940965743 116
1757491078132 98.68514678157327 117
1757491078222 144.28978746806894 118
1757491078307 170.9259630418632 119
1757491078391 149.24153026321912 120
1757491078476 176.3679674773487 121
1757491078560 159.43191708517585 122
1757491078641 174.9175331424484 123
1757491078733 106.3535356530503 124
1757491078847 215.88881887918117 125
1757491079017 148.64608544969428 126
1757491079131 116.09518327350915 127
1757491079263 160.07084254122614 128
1757491079396 168.01840646342288 129
1757491079515 151.71230183518213 130
1757491079651 200.22975539176127 131
1757491079769 124.20789868997971 132
1757491079897 173.13217231182063 133
1757491080020 163.79722995013108 134
1757491080145 201.8971093588051 135
1757491080291 145.42988043310774 136
1757491080478 129.82149707380037 137
1757491080612 194.5757119360401 138
1757491080739 151.0350013076983 139
1757491080853 170.27402102917688 140
1757491080997 151.43592311289004 141
1757491081133 153.21770295619876 142
1757491081249 144.10448550697808 143
1757491081399 154.14145882358918 144
1757491081526 196.0082462787821 145
1757491081668 173.0417512387074 146
1757491081842 107.07961315236177 147
1757491081973 194.68858552833817 148
1757491082114 199.37670310089428 149
1757491082295 164.97516142265368 150
1757491082433 195.36716606081734 151
1757491082570 92.33126168749617 152
1757491082713 207.01867990693384 153
1757491082846 121.47361720712648 154
1757491082978 175.97397719141688 155
1757491083107 181.06183556786223 156
1757491083242 134.13659543902205 157
1757491083365 170.54262801563698 158
1757491083500 178.07603892929245 159
1757491083620 177.3775001152408 160
1757491083740 173.89337342876206 161
1757491083875 125.90441979146331 162
1757491083993 128.18628663612148 163
1757491084102 176.1792877793174 164
1757491084279 156.64792592063495 165
1757491084438 169.31606377607795 166
1757491084568 152.8635483807464 167
1757491084696 306.1729790239084 168
1757491084844 218.39135052565126 169
1757491084963 170.67845274372547 170
1757491085069 187.95338479302688 171
1757491085187 184.90270495295306 172
1757491085357 231.47926629695996 173
1757491085459 154.66469730551637 174
1757491085557 143.91406477293344 175
1757491085653 165.96546841913704 176
1757491085749 143.4664149797289 177
1757491085850 194.20852378485353 178
1757491085941 162.75926151331655 179
1757491086032 170.2860736385716 180
1757491086139 158.56269115962766 181
1757491086325 166.10726891046843 182
1757491086516 137.39697047572042 183
1757491086629 159.2131265840405 184
1757491086787 186.06026030690055 185
1757491086936 170.01514131199042 186
1757491087043 153.07355420544164 187
1757491087138 147.07435031403628 188
1757491087230 183.87266743103368 189
1757491087317 134.2673143168579 190
1757491087406 156.24872631246274 191
1757491087490 188.38000711872434 192
1757491087599 169.50358082857608 193
1757491087698 166.814491089957 194
1757491087808 163.38455513732967 195
1757491087916 149.20230528526324 196
1757491088014 187.77532826155 197
1757491088119 155.4667607200413 198
1757491088211 203.71249187084254 199
1757491088302 216.05349993789358 200
1757491088397 156.32315402790547 201
1757491088490 138.43299687992808 202
1757491088592 192.40191367889278 203
1757491088711 143.8511648129837 204
1757491088813 150.28854494150244 205
1757491088918 150.93822880853156 206
1757491089010 199.56188235466396 207
1757491089102 228.9848008973126 208
1757491089194 208.02715714678465 209
1757491089285 169.10846803731178 210
1757491089374 190.3574072374849 211
1757491089464 114.32381581089766 212
1757491089552 180.09915777925616 213
1757491089641 221.01279842203257 214
1757491089735 138.27629903205576 215
1757491089829 167.65778545492208 216
1757491089931 133.99978581480298 217
1757491090024 191.73716524224776 218
1757491090115 223.39758611615446 219
1757491090202 121.30706151909212 220
1757491090290 184.08866721476133 221
1757491090379 175.83879964126368 222
1757491090472 163.24161570377487 223
1757491090565 154.5575907491973 224
1757491090654 196.37775674999483 225
1757491090742 175.03254172709694 226
1757491090830 164.25368556756368 227
1757491090923 142.28358578772446 228
1757491091011 235.98236567665623 229
1757491091101 151.76859506868774 230
1757491091191 119.86784763955886 231
1757491091283 248.7424783445867 232
1757491091447 132.06894961281975 233
1757491091542 154.97301070404825 234
1757491091633 188.89002428882995 235
1757491091726 128.03463598589747 236
1757491091818 168.44201574535947 237
1757491091920 209.557354407892 238
1757491092012 157.646075017977 239
1757491092102 165.7690997985722 240
1757491092191 169.9517619437282 241
1757491092280 182.43927562528708 242
1757491092369 174.53730608943067 243
1757491092458 167.61041106787934 244
1757491092571 152.77325644289846 245
1757491092704 77.9378341731601 246
1757491092845 168.8991180759729 247
1757491092963 189.97368943562196 248
1757491093115 169.9213215427659 249
1757491093265 163.96248998629537 250
1757491093386 224.01005358460833 251
1757491093483 154.43273079595463 252
1757491093582 170.92643614145618 253
1757491093711 327.0207096450663 254
1757491093808 171.4896278758719 255
1757491093920 187.6184741187766 256
1757491094035 178.59716939507118 257
1757491094127 181.49064860151228 258
1757491094224 157.5128775809075 259
1757491094320 137.10319359413606 260
1757491094413 211.83153256531938 261
1757491094502 179.90578142098036 262
1757491094595 145.0040946605063 263
1757491094690 126.57105447380123 264
1757491094778 218.80632163704163 265
1757491094872 190.59063285816845 266
1757491094966 174.5752394375174 267
1757491095060 149.66149340634632 268
1757491095144 162.9298227793381 269
1757491095234 218.56011684635996 270
1757491095326 212.56638222150198 271
1757491095423 199.05242889356953 272
1757491095516 211.3268008633024 273
1757491095605 118.21666970421599 274
1757491095695 169.99751319430584 275
1757491095784 180.79327328920294 276
1757491095877 180.5127566993113 277
1757491095967 139.97755990259327 278
1757491096058 134.1149641313229 279
1757491096148 186.07215199724794 280
1757491096236 192.7230597456658 281
1757491096321 160.34626841407618 282
1757491096410 198.7833996436642 283
1757491096500 173.38490958317453 284
1757491096590 162.05300297291475 285
1757491096675 135.20937474643617 286
1757491096765 138.34116430264956 287
1757491096854 180.84545402025782 288
1757491096943 128.4365791823505 289
1757491097042 162.598502201652 290
1757491097132 207.33648106423462 291
1757491097223 164.64229507630552 292
1757491097312 148.86194194366868 293
1757491097405 144.41889277072764 294
1757491097495 108.88606105643078 295
1757491097588 172.84790132089154 296
1757491097685 176.6772050363632 297
1757491097773 162.2184379762421 298
1757491097860 166.57184535755258 299
1757491097945 122.2328026637484 300
1757491098035 170.0864921700699 301
1757491098124 171.82406506409038 302
1757491098216 182.27084434710216 303
1757491098305 167.19459255833934 304
1757491098396 119.73759555161887 305
1757491098486 159.26079045068587 306
1757491098663 139.23214993819036 307
1757491098810 205.44037036871575 308
1757491098929 164.7848922587106 309
1757491099067 167.753596150444 310
1757491099253 153.32071642221285 311
1757491099391 185.42512893864125 312
1757491099491 172.96600986324628 313
1757491099597 222.37197350460136 314
1757491099696 180.8190087338003 315
1757491099803 169.16999430628138 316
1757491099906 175.08283008542543 317
1757491100007 195.3555819703206 318
1757491100137 127.21836791959454 319
1757491100242 175.20456604888986 320
1757491100342 134.95752815069787 321
1757491100441 171.6174759309699 322
1757491100537 157.51153865037855 323
1757491100631 170.64872510732852 324
1757491100724 181.63752865455885 325
1757491100821 154.21773667483333 326
1757491100915 117.07496103789491 327
1757491101010 155.55602505073983 328
1757491101105 176.4463754532856 329
1757491101200 178.35256437599836 330
1757491101296 195.0857224138434 331
1757491101391 192.6603699816705 332
1757491101486 162.9909970904791 333
1757491101576 168.3274863353558 334
1757491101667 169.68980903004206 335
1757491101759 175.51538017316275 336
1757491101846 140.86083725084907 337
1757491101937 170.36580357505485 338
1757491102028 151.5331143695423 339
1757491102121 173.59523298140132 340
1757491102211 215.8621026679015 341
1757491102303 148.3107615137662 342
1757491102394 166.59451296258456 343
1757491102486 127.53008865876507 344
1757491102576 215.1943663274983 345
1757491102666 175.6914520983397 346
1757491102755 224.46721514573488 347
1757491102847 154.83459450048005 348
1757491102940 133.23070899093617 349
1757491103034 178.81368451940517 350
1757491103133 140.2493040674055 351
1757491103225 163.73819237526544 352
1757491103315 147.35573737077036 353
1757491103401 206.94755881166563 354
1757491103485 180.62980759205732 355
1757491103576 175.81753308388937 356
1757491103666 174.26738837150734 357
1757491103757 157.60179725460355 358
1757491103848 132.4569394343164 359
1757491103940 100.48924633573384 360
1757491104031 171.18688627279522 361
1757491104124 115.4924390080554 362
1757491104215 186.72332668495775 363
1757491104306 130.76095349207318 364
1757491104395 205.18620510431637 365
1757491104486 212.49712442703535 366
1757491104655 126.17582131336027 367
1757491104785 146.92174144460014 368
1757491104903 154.21265228290648 369
1757491105037 176.9108069807291 370
1757491105208 186.68780069883547 371
1757491105336 151.74053611965059 372
1757491105432 203.83707943191723 373
1757491105527 137.35809627160185 374
1757491105623 151.63968970868564 375
1757491105718 143.419775180987 376
1757491105813 149.00940236894954 377
1757491105912 176.97007176687347 378
1757491106018 247.68157896403864 379
1757491106130 194.41668086404522 380
1757491106273 160.90838746816155 381
1757491106374 197.3581750237241 382
1757491106476 153.49139218156978 383
1757491106577 137.65792749335336 384
1757491106675 178.02888842451702 385
1757491106764 217.4777641371081 386
1757491106859 205.9915179443037 387
1757491106954 184.90823898443838 388
1757491107049 140.0324540537942 389
1757491107145 145.62053160192028 390
1757491107237 197.6978447935997 391
1757491107332 172.67600428624394 392
1757491107429 149.21350314596063 393
1757491107521 144.9429517231908 394
1757491107613 171.23512587242564 395
1757491107704 181.7989096908866 396
1757491107796 176.92196714516453 397
1757491107888 175.21299081718126 398
1757491107981 134.39517792569407 399
1757491108073 178.999293487913 400
1757491108167 142.9817302243393 401
1757491108262 141.58854571468402 402
1757491108350 128.03851887089564 403
1757491108453 174.95619730990657 404
1757491108544 196.8010964965707 405
1757491108638 160.85981989460262 406
1757491108733 182.7889344566662 407
1757491108826 135.09892782140818 408
1757491108918 171.43195250538332 409
1757491109009 192.76510517508243 410
1757491109101 173.69680194384165 411
1757491109197 124.23557084182386 412
1757491109283 123.27015777542722 413
1757491109372 226.35809876121763 414
1757491109465 155.52695775221653 415
1757491109556 184.892091508537 416
1757491109648 172.3118069304003 417
1757491109740 239.58829840915652 418
1757491109831 177.31677479577402 419
1757491109923 151.8502940778322 420
1757491110015 193.08962228463264 421
1757491110102 200.3664827381752 422
1757491110194 162.64775376561295 423
1757491110285 160.9857647035621 424
1757491110377 173.49921902630385 425
1757491110491 130.35981897661705 426
1757491110641 175.72768371730902 427
1757491110787 210.6917099530239 428
1757491110894 162.37715305805503 429
1757491111041 168.21448169714978 430
1757491111174 179.4172236849239 431
1757491111271 161.44311477894266 432
1757491111371 95.00187729198058 433
1757491111468 143.74737042882518 434
1757491111566 165.63580637083354 435
1757491111664 209.0272524590798 436
1757491111763 173.19067770908688 437
1757491111861 195.14653960803395 438
1757491111958 194.2500874634463 439
1757491112055 229.71759207563284 440
1757491112156 206.31650377254547 441
1757491112271 159.61655970752182 442
1757491112395 185.78727698872822 443
1757491112498 151.50829659349426 444
1757491112595 158.9824367901912 445
1757491112689 81.81821364398331 446
1757491112786 189.7059155490473 447
1757491112884 113.93569054126334 448
1757491112982 158.83422168336185 449
1757491113076 174.46729993879248 450
1757491113167 170.79001773779035 451
1757491113267 194.51706054808875 452
1757491113360 219.0931377713434 453
1757491113453 164.28327660454133 454
1757491113548 150.057203469988 455
1757491113642 193.5872900724735 456
1757491113736 191.68454594956384 457
1757491113828 168.4562909206954 458
1757491113922 183.4609314458717 459
1757491114010 175.14207949520136 460
1757491114099 160.65730135577937 461
1757491114193 166.66648262818262 462
1757491114297 159.15822446091727 463
1757491114390 210.99156273218665 464
1757491114485 306.75097483606294 465
1757491114577 201.72482938353247 466
1757491114672 187.7834347358828 467
1757491114765 166.58576913139166 468
1757491114859 185.25167484429608 469
1757491114953 187.49020418838776 470
1757491115047 180.19659410163536 471
1757491115140 141.11290680970978 472
1757491115235 94.82103126817671 473
1757491115333 168.97650023947338 474
1757491115429 168.3248087701231 475
1757491115526 165.40700133677726 476
1757491115622 238.86862065843636 477
1757491115715 147.41124092811353 478
1757491115809 150.54617254370632 479
1757491115901 169.00564254912283 480
1757491115993 153.26376389020996 481
1757491116084 186.9533363705589 482
1757491116175 185.40715484673004 483
1757491116269 118.85874515046632 484
1757491116363 145.20357520195083 485
1757491116468 183.83449007552494 486
1757491116627 170.58509754690343 487
1757491116767 133.11608127549982 488
1757491116893 188.8837804392732 489
1757491117077 186.64447968439046 490
1757491117190 146.36332139143147 491
1757491117290 118.7979250381161 492
1757491117390 171.80451070926244 493
1757491117489 185.29116371359822 494
1757491117589 173.03247915583881 495
1757491117686 157.64196262566807 496
1757491117781 196.7741764026915 497
1757491117875 179.06477154534892 498
1757491117973 213.24136680300913 499
