1757428194076 163.91568154759497 0
1757428194133 151.77310643080503 1
1757428194183 145.99067571202275 2
1757428194244 140.40798351034212 3
1757428194307 135.02046247744448 4
1757428194376 129.82400523581862 5
1757428194504 124.81835354867965 6
1757428194604 120.0021395972955 7
1757428194678 115.37425711207074 8
1757428194749 110.93665112223111 9
1757428194791 106.68383571530927 10
1757428194853 102.61679280880118 11
1757428194917 98.7383015992206 12
1757428195007 95.04235362525345 13
1757428195066 91.53042988314157 14
1757428195108 88.2019124168442 15
1757428195161 85.06272876450687 16
1757428195227 82.11350666641422 17
1757428195284 79.35244135042073 18
1757428195345 76.78868367270294 19
1757428195425 74.39784528242623 20
1757428195480 72.11850298036974 21
1757428195542 69.95123659446097 22
1757428195620 67.88969765837213 23
1757428195662 65.93031315874757 24
1757428195716 64.07228179552423 25
1757428195758 62.32449405432155 26
1757428195798 60.67891218159551 27
1757428195845 59.15027544072732 28
1757428195908 57.7308298453865 29
1757428195954 56.3842021936125 30
1757428196018 55.11178103958077 31
1757428196104 53.9176306391045 32
1757428196146 52.80366523316097 33
1757428196217 51.74076035857152 34
1757428196261 50.72234862648725 35
1757428196309 49.744019387374244 36
1757428196364 48.800445607626166 37
1757428196423 47.88905736121216 38
1757428196466 47.00683299717761 39
1757428196518 46.152066198358916 40
1757428196557 45.322989762948076 41
1757428196615 44.51845939983392 42
1757428196683 43.737390620497614 43
1757428196738 42.979006820909795 44
1757428196780 42.24260840422143 45
1757428196836 41.52765678075152 46
1757428196898 40.83367765095274 47
1757428197033 40.16028614645935 48
1757428197152 39.50714478503817 49
1757428197248 38.8739687905361 50
1757428197340 38.26050686238611 51
1757428197424 37.66654056094373 52
1757428197506 37.09187495154054 53
1757428197581 36.53633670435999 54
1757428197671 35.999769220975715 55
1757428197744 35.48203083357336 56
1757428197801 34.98299208316462 57
1757428197902 34.5201648044378 58
1757428197985 34.07802008245686 59
1757428198064 33.65358071115476 60
1757428198174 33.244925407054275 61
1757428198295 32.84967098989004 62
1757428198428 32.466307177834835 63
1757428198566 32.09318951419221 64
1757428198690 31.72914890167402 65
1757428198789 31.373029564115757 66
1757428198863 31.023947869262717 67
1757428198974 30.68108040183076 68
1757428199044 30.343769225681957 69
1757428199111 30.01142278380511 70
1757428199212 29.68355583331378 71
1757428199315 29.359741441616666 72
1757428199406 29.039624008926918 73
1757428199494 28.722894802284543 74
1757428199570 28.40929444194365 75
1757428199665 28.09859961788287 76
1757428199760 27.79062185425802 77
1757428199860 27.4851997870119 78
1757428199951 27.182196936286232 79
1757428200051 26.881496919050445 80
1757428200121 26.583001246605306 81
1757428200184 26.286626195196643 82
1757428200248 25.992300947705118 83
1757428200304 25.699965466497027 84
1757428200375 25.409569028490413 85
1757428200469 25.121068740684503 86
1757428200558 24.83442842464589 87
1757428200645 24.549617563401632 88
1757428200726 24.266610468429224 89
1757428200853 23.985385525511113 90
1757428200942 23.705924580104476 91
1757428201037 23.42821239476361 92
1757428201105 23.152236199319393 93
1757428201208 22.877985299942193 94
1757428201298 22.60545075199367 95
1757428201400 22.334625078565594 96
1757428201703 22.0655020338601 97
1757428202207 21.79807640104886 98
1757428202264 21.53234382207186 99
1757428202322 21.26830065303676 100
1757428202375 21.005943842529575 101
1757428202429 20.74527082873532 102
1757428202485 20.48627945304223 103
1757428202538 20.228967887361918 104
1757428202604 19.97333457330992 105
1757428202690 19.719378171324546 106
1757428202746 19.467097518302662 107
1757428202801 19.21649159239317 108
1757428202850 18.967559483883573 109
1757428202923 18.72030037120853 110
1757428202997 18.474713501293756 111
1757428203055 18.230798173538002 112
1757428203135 17.988553726857365 113
1757428203210 17.747979529290397 114
1757428203254 17.509074969745736 115
1757428203319 17.271839451531918 116
1757428203388 17.036272387367422 117
1757428203455 16.80237319561293 118
1757428203524 16.57014129750917 119
1757428203578 16.33957611523655 120
1757428203650 16.11067707064237 121
1757428203757 15.883443584505546 122
1757428203853 15.65787507622995 123
1757428203929 15.433970963875318 124
1757428204015 15.211730664449673 125
1757428204100 14.991153594400116 126
1757428204151 14.77223917024983 127
1757428204201 14.554986809338184 128
1757428204264 14.339395930628772 129
1757428204344 14.125465955556654 130
1757428204397 13.913196308891775 131
1757428204463 13.702586419599971 132
1757428204517 13.49363572168711 133
1757428204587 13.286343655014917 134
1757428204630 13.08070966608001 135
1757428204699 12.876733208749666 136
1757428204756 12.67441374494995 137
1757428204815 12.473750745303088 138
1757428204869 12.274743689712539 139
1757428204935 12.077392067894904 140
1757428205002 11.88169537985888 141
1757428205083 11.687653136331958 142
1757428205199 11.495264859136185 143
1757428205300 11.30453008151455 144
1757428205383 11.115448348410032 145
1757428205466 10.928019216699422 146
1757428205540 10.742242255384179 147
1757428205642 10.55811704574081 148
1757428205733 10.375643181433107 149
1757428205808 10.194820268588773 150
1757428205889 10.01564792584279 151
1757428206014 9.838125784349977 152
1757428206134 9.662253487769025 153
1757428206201 9.488030692220295 154
1757428206281 9.315457066219496 155
1757428206347 9.14453229058938 156
1757428206413 8.975482534984124 157
1757428206482 8.807960398537995 158
1757428206585 8.642046922697475 159
1757428206656 8.477800625526108 160
1757428206721 8.315172209996701 161
1757428206816 8.154194706266743 162
1757428206931 7.994846569813168 163
1757428207010 7.837142140269839 164
1757428207097 7.681072271682233 165
1757428207176 7.52664326983559 166
1757428207267 7.37385131076093 167
1757428207357 7.222699237444945 168
1757428207444 7.073185515147875 169
1757428207526 6.925311486087877 170
1757428207601 6.779076597717043 171
1757428207712 6.6344815373884085 172
1757428207920 6.4915261704419756 173
1757428208149 6.350210894912536 174
1757428208291 6.210535750588127 175
1757428208367 6.072501004588713 176
1757428208460 5.936106766476654 177
1757428208567 5.801353241466339 178
1757428208682 5.668240564232841 179
1757428208780 5.536768908482369 180
1757428208862 5.406938415268075 181
1757428208957 5.2787492404758085 182
1757428209054 5.152201523971956 183
1757428209141 5.027295410246465 184
1757428209228 4.9040310351945084 185
1757428209441 4.78301641459283 186
1757428209879 4.666581159550164 187
1757428209963 4.553172784133131 188
1757428210030 4.442734949726019 189
1757428210106 4.335172378236847 190
1757428210163 4.230406001162064 191
1757428210214 4.128352406107503 192
1757428210276 4.02893644951674 193
1757428210329 3.932082360724948 194
1757428210394 3.8377194215072854 195
1757428210456 3.745777777848892 196
1757428210525 3.6561910394444554 197
1757428210598 3.5688942603543876 198
1757428210663 3.4838251182963336 199
1757428210718 3.4009229177701825 200
1757428210783 3.3201291090890406 201
1757428210849 3.241386779766162 202
1757428210915 3.1646408669735577 203
1757428210968 3.089837884791998 204
1757428211035 3.0169259956251633 205
1757428211079 2.9458548530401765 206
1757428211146 2.8765756096045654 207
1757428211219 2.809040817591084 208
1757428211280 2.743204409333689 209
1757428211326 2.679021627860771 210
1757428211383 2.616448996429292 211
1757428211435 2.5554442654126532 212
1757428211484 2.4959663785663793 213
1757428211552 2.437975429363855 214
1757428211632 2.381432627306973 215
1757428211690 2.32630026023458 216
1757428211737 2.2725416620380865 217
1757428211810 2.2201211791014988 218
1757428211892 2.1690041398983793 219
1757428211961 2.119156824536683 220
1757428212038 2.070546436326565 221
1757428212089 2.023141073818562 222
1757428212149 1.976909704272613 223
1757428212214 1.931822137796972 224
1757428212288 1.8878490025919943 225
1757428212356 1.8449617209175857 226
1757428212424 1.803132485972796 227
1757428212485 1.7623342394895827 228
1757428212550 1.7225406501146001 229
1757428212627 1.6837260924703201 230
1757428212728 1.6458656269168843 231
1757428212869 1.6089349799501882 232
1757428213006 1.5729105252342814 233
1757428213108 1.5377692652260384 234
1757428213202 1.503488813380439 235
1757428213278 1.470047376906252 236
1757428213348 1.4374237400569567 237
1757428213439 1.405597247933318 238
1757428213525 1.3745477907816928 239
1757428213642 1.3442557887685267 240
1757428213743 1.314702177215489 241
1757428213832 1.2858683922783836 242
1757428213930 1.2577363570551758 243
1757428213998 1.2302884681081325 244
1757428214088 1.2035075823864418 245
1757428214163 1.1773770045357825 246
1757428214256 1.1518804745821887 247
1757428214356 1.1270021559778876 248
1757428214459 1.1027266239973927 249
1757428214522 1.0790388544725276 250
1757428214586 1.0559242128555406 251
1757428214681 1.0333684435998607 252
1757428214774 1.01135765984843 253
1757428214887 0.9898783334199452 254
1757428215002 0.9689172850836659 255
1757428215096 0.9484616751138042 256
1757428215185 0.928498994114818 257
1757428215269 0.909017054109229 258
1757428215362 0.8900039798799121 259
1757428215451 0.8714482005590292 260
1757428215578 0.8533384414560954 261
1757428215700 0.8356637161178925 262
1757428215812 0.8184133186131919 263
1757428215939 0.8015768160355032 264
1757428216066 0.785144041217269 265
1757428216203 0.7691050856491513 266
1757428216292 0.7534502925982582 267
1757428216396 0.738170250419385 268
1757428216489 0.7232557860534822 269
1757428216593 0.7086979587078248 270
1757428216667 0.6944880537124499 271
1757428216753 0.6806175765476857 272
1757428216844 0.6670782470376933 273
1757428216930 0.6538619937051484 274
1757428217035 0.6409609482823129 275
1757428217108 0.6283674403739253 276
1757428217336 0.6160739922674557 277
1757428217897 0.6040733138864227 278
1757428217978 0.592358297882606 279
1757428218058 0.5809220148631207 280
1757428218129 0.569757708748419 281
1757428218277 0.5588587922574457 282
1757428218402 0.5482188425162575 283
1757428218507 0.5378315967865503 284
1757428218576 0.5276909483106301 285
1757428218641 0.5177909422694935 286
1757428218716 0.5081257718507445 287
1757428218795 0.498689774423234 288
1757428218868 0.48989772344527943 289
1757428218936 0.48109328963318126 290
1757428218986 0.4725095098446497 291
1757428219047 0.4641207321471072 292
1757428219122 0.45593572522127135 293
1757428219186 0.44793996566749117 294
1757428219255 0.44013549143729414 295
1757428219323 0.43251303427962146 296
1757428219380 0.4250713543704548 297
1757428219442 0.41780385694755506 298
1757428219491 0.4107078337203 299
1757428219549 0.40377807846784725 300
1757428219634 0.397011287451873 301
1757428219716 0.3904030195043773 302
1757428219794 0.3839497878192449 303
1757428219866 0.3776476131154525 304
1757428219946 0.37149301673820945 305
1757428219999 0.3654823316993591 306
1757428220066 0.3596121734119318 307
1757428220129 0.3538791110960227 308
1757428220211 0.3482798903011674 309
1757428220273 0.34281127564789377 310
1757428220323 0.33747015546682513 311
1757428220403 0.33225346602227895 312
1757428220473 0.3271582402026147 313
1757428220542 0.3221815705215247 314
1757428220612 0.31732063128503385 315
1757428220660 0.312572660074585 316
1757428220714 0.3079349673676994 317
1757428220767 0.30340492685549025 318
1757428220822 0.29897997915392516 319
1757428220919 0.2946576263684088 320
1757428221021 0.29043543304544406 321
1757428221152 0.2863110228014226 322
1757428221254 0.2822820780080047 323
1757428221358 0.2783463374449818 324
1757428221446 0.27450159542596986 325
1757428221540 0.27074569997840425 326
1757428221644 0.2670765517426105 327
1757428221735 0.2634921024402939 328
1757428221830 0.2599903537028066 329
1757428221935 0.25656935571243283 330
1757428222021 0.253227206031649 331
1757428222151 0.24996204836008534 332
1757428222278 0.24677207139682783 333
1757428222414 0.24365550768393623 334
1757428222512 0.2406106325151035 335
1757428222588 0.23763576285004998 336
1757428222697 0.234729256274092 337
1757428222779 0.23188950997425198 338
1757428222844 0.22911495975024196 339
1757428222926 0.22640407904634027 340
1757428223009 0.22375537801249135 341
1757428223125 0.22116740258763062 342
1757428223216 0.2186387336088391 343
1757428223304 0.21616798594267114 344
1757428223383 0.21375380764003618 345
1757428223463 0.21139487911258883 346
1757428223530 0.2090899123309663 347
1757428223597 0.20683765004361737 348
1757428223686 0.20463686501608466 349
1757428223797 0.20248635928987457 350
1757428223894 0.20038496346057755 351
1757428223982 0.19833153597455852 352
1757428224055 0.19632496244381462 353
1757428224134 0.1943641549784242 354
1757428224233 0.1924480515361577 355
1757428224325 0.19057561528874517 356
1757428224400 0.18874583400437503 357
1757428224482 0.1869577194459628 358
1757428224583 0.18521030678477385 359
1757428224668 0.18350265402897975 360
1757428224754 0.18183384146675352 361
1757428224845 0.1802029711234984 362
1757428224936 0.1786091662328503 363
1757428225416 0.1770515707210656 364
1757428225618 0.1755293487044519 365
1757428225687 0.17404168399948447 366
1757428225767 0.17258777964527872 367
1757428225867 0.171166857438082 368
1757428225959 0.16977815747747296 369
1757428226046 0.16842093772395855 370
1757428226105 0.16709447356766305 371
1757428226189 0.1657980574078223 372
1757428226251 0.1645309982427952 373
1757428226331 0.16329262127032046 374
1757428226431 0.1620822674977443 375
1757428226499 0.16089929336196582 376
1757428226575 0.15974307035883778 377
1757428226664 0.15861298468178547 378
1757428226742 0.15750843686939528 379
1757428226910 0.15642884146174746 380
1757428227033 0.15537362666525892 381
1757428227163 0.1543422340258226 382
1757428227268 0.15333411811002418 383
1757428227359 0.15234874619422933 384
1757428227433 0.15138559796133963 385
1757428227504 0.15044416520501705 386
1757428227578 0.14952395154118703 387
1757428227647 0.1486244721266346 388
1757428227739 0.1477452533845088 389
1757428227821 0.1468858327365605 390
1757428227898 0.14604575834194022 391
1757428227950 0.14522458884239173 392
1757428228015 0.14442189311367457 393
1757428228073 0.14363725002305908 394
1757428228124 0.1428702481927391 395
1757428228191 0.14212048576901415 396
1757428228282 0.1413875701970904 397
1757428228357 0.14067111800136262 398
1757428228436 0.13997075457103691 399
1757428228525 0.1392861139509589 400
1757428228587 0.13861683863751745 401
1757428228657 0.13793264425906768 402
1757428228774 0.1373102296157629 403
1757428228888 0.1366849262455202 404
1757428229000 0.13607411521515858 405
1757428229097 0.13547740725944613 406
1757428229196 0.1348937048681456 407
1757428229334 0.13432330737772719 408
1757428229431 0.13376549806250793 409
1757428229551 0.1332202792603583 410
1757428229631 0.13265872655718905 411
1757428229716 0.13215376545245633 412
1757428229820 0.13164415568867358 413
1757428229935 0.1311463743351387 414
1757428230054 0.13066011501292085 415
1757428230142 0.130184366347877 416
1757428230251 0.12971946393221068 417
1757428230360 0.129264762100906 418
1757428230499 0.12879291549017047 419
1757428230611 0.12837376840937983 420
1757428230740 0.12794879053603517 421
1757428230847 0.12753361841721697 422
1757428230980 0.12712814623791796 423
1757428231098 0.1267313273349014 424
1757428231262 0.12634359075796203 425
1757428231444 0.1259378110371648 426
1757428231619 0.1255819515649663 427
1757428231733 0.12521926861312777 428
1757428231845 0.12486504500503119 429
1757428231999 0.12451908328205204 430
1757428232119 0.1241804782785768 431
1757428232245 0.12382406340556928 432
1757428232352 0.12351465149356167 433
1757428232463 0.12319814801908353 434
1757428232565 0.12288889678546372 435
1757428232673 0.12258699022391244 436
1757428232778 0.12229138643654527 437
1757428232912 0.12197769012762988 438
1757428233011 0.12170895759746359 439
1757428233090 0.12143264557422795 440
1757428233166 0.12116264411799925 441
1757428233260 0.12089911820160616 442
1757428233350 0.1206410271314304 443
1757428233463 0.12036443348901517 444
1757428233663 0.12013126343498116 445
1757428234281 0.11988999413970541 446
1757428234401 0.11965423053209683 447
1757428234481 0.11942417793670256 448
1757428234553 0.11917508989718327 449
1757428234618 0.1189680421920316 450
1757428234694 0.11875246111289607 451
1757428234784 0.11854200715367924 452
1757428234870 0.11833654850512712 453
1757428234940 0.11811217592353225 454
1757428234998 0.11792830086926949 455
1757428235073 0.11773577762847917 456
1757428235136 0.11754781255645469 457
1757428235209 0.11736436707878627 458
1757428235292 0.1171619151500924 459
1757428235350 0.11699880715195846 460
1757428235419 0.1168268412552228 461
1757428235512 0.11665896563498422 462
1757428235606 0.11649516004164119 463
1757428235703 0.11631221259204186 464
1757428235784 0.11616768214191629 465
1757428235871 0.116014072415944 466
1757428235943 0.11586413197462556 467
1757428236028 0.11571786434667838 468
1757428236112 0.11555227546145781 469
1757428236192 0.11542436878184466 470
1757428236268 0.1152871503082116 471
1757428236351 0.11515322793508308 472
1757428236419 0.11502262322134958 473
1757428236604 0.11487249296421716 474
1757428236721 0.11476769084007384 475
1757428236814 0.1146640014547373 476
1757428236864 0.11453526806488519 477
1757428236938 0.11444915481143099 478
1757428237033 0.1142958226235985 479
1757428237138 0.11423181741399989 480
1757428237267 0.11410396129262179 481
1757428237394 0.11403299676709407 482
1757428237506 0.11391000699377912 483
1757428237608 0.11382073314047478 484
1757428237686 0.11371450293081009 485
1757428237764 0.11366693165592953 486
1757428237853 0.11356608990740781 487
1757428237971 0.11350739116345686 488
1757428238083 0.11340019518442487 489
1757428238177 0.11335078626685162 490
1757428238255 0.11328219623797499 491
1757428238342 0.11325316803221452 492
1757428238458 0.11316700290587726 493
1757428238557 0.11310729529620855 494
1757428238631 0.11304026193524376 495
1757428238724 0.113024418081552 496
1757428238835 0.11292406648829423 497
1757428238962 0.11292058057874646 498
1757428239102 0.11281862440464414 499
