1757328068898 13651.305212839214 0
1757328069036 2.7720444758551035e+18 1
1757328069097 5.662376420387858e+32 2
1757328069149 1.1566375289225351e+47 3
1757328069199 2.3626305882723234e+61 4
1757328069244 4.826078314992924e+75 5
1757328069309 9.858092931691241e+89 6
1757328069365 2.013684609053074e+104 7
1757328069426 4.113296286446726e+118 8
1757328069496 8.40211335182855e+132 9
1757328069579 1.7162758007388707e+147 10
1757328069632 3.505787771312064e+161 11
1757328069661 7.161172984079848e+175 12
1757328069702 1.4627924407621052e+190 13
1757328069728 2.988004520359587e+204 14
1757328069765 6.103511861900109e+218 15
1757328069797 1.2467470110745427e+233 16
1757328069862 2.546694664961964e+247 17
1757328070067 5.202060770096322e+261 18
1757328070098 1.062610160067198e+276 19
1757328070126 2.1705635558292947e+290 20
1757328070155 4.433748449757331e+304 21
1757328070185 inf 22
