1757320421875 164.2790758951677 0
1757320421901 186886.56086882722 1
1757320421926 259144242.6417312 2
1757320421998 359243224264.4759 3
1757320422083 498009745522692.2 4
1757320422178 6.903781861211133e+17 5
1757320422304 9.570536411586991e+20 6
1757320422387 1.3267390112363978e+24 7
1757320422462 1.839224394784837e+27 8
1757320422529 2.549669788649088e+30 9
1757320422551 3.534542087188002e+33 10
1757320422617 4.8998453924194706e+36 11
1757320422667 6.79253048270104e+39 12
1757320422745 9.416311467664583e+42 13
1757320422778 1.305359201285662e+46 14
1757320422867 1.8095861104770332e+49 15
1757320422927 2.508582992333607e+52 16
1757320422949 3.477584511171184e+55 17
1757320423014 4.8208865599808865e+58 18
1757320423112 6.683071870589043e+61 19
1757320423134 9.26457179022184e+64 20
1757320423195 1.2843239174773282e+68 21
1757320423240 1.780425433958253e+71 22
1757320423280 2.4681582914937696e+74 23
1757320423311 3.421544781196545e+77 24
1757320423335 4.743200114060771e+80 25
1757320423411 6.575377135399743e+83 26
1757320423489 9.11527733029227e+86 27
1757320423571 1.2636276079256236e+90 28
1757320423624 1.751734668791075e+93 29
1757320423668 2.4283850167550346e+96 30
1757320423717 3.3664081065827613e+99 31
1757320423765 4.66676555071551e+102 32
1757320423810 6.469417853039975e+105 33
1757320423855 8.968388684281635e+108 34
1757320423911 1.2432648102109536e+112 35
1757320423966 1.7235062425627813e+115 36
1757320424069 2.389252670675083e+118 37
1757320424218 3.3121599349937197e+121 38
1757320424310 4.591562696413328e+124 39
1757320424380 6.365166057458025e+127 40
1757320424475 8.823867083567031e+130 41
1757320424538 1.2232301499381757e+134 42
1757320424619 1.6957327048866844e+137 43
1757320424715 2.350750924973233e+140 44
1757320424801 3.2587859485978267e+143 45
1757320424840 4.517571702710096e+146 46
1757320424864 6.262594233262921e+149 47
1757320424886 8.68167438426483e+152 48
1757320424921 1.2035183393181458e+156 49
1757320424981 1.6684067254357958e+159 50
1757320425060 2.3128696178044467e+162 51
1757320425098 3.206272060288902e+165 52
1757320425155 4.444773041010396e+168 53
1757320425251 6.161675308461713e+171 54
1757320425285 8.54177305716293e+174 55
1757320425360 1.1841241757720896e+178 56
1757320425448 1.641521092008081e+181 57
1757320425522 2.2755987510772943e+184 58
1757320425628 3.154604409968226e+187 59
1757320425674 4.373147497413522e+190 60
1757320425728 6.0623826473147955e+193 61
1757320425814 8.404126177816003e+196 62
1757320425845 1.1650425405584732e+200 63
1757320425876 1.6150687086229166e+203 64
1757320425953 2.2389284878151546e+206 65
1757320426027 3.1037693608864586e+209 66
1757320426122 4.3026761676422216e+212 67
1757320426201 5.964690043305582e+215 68
1757320426289 8.268697416799636e+218 69
1757320426370 1.1462683974220136e+222 70
1757320426436 1.589042593648304e+225 71
1757320426461 2.2028491495599454e+228 72
1757320426498 3.0537534960443958e+231 73
1757320426582 4.233340452053324e+234 74
1757320426653 5.8685717122239156e+237 75
1757320426676 8.135451030122091e+240 76
1757320426734 1.1277967912644585e+244 77
1757320426758 1.5634358779580914e+247 78
1757320426805 2.1673512138175785e+250 79
1757320426830 3.004543614651809e+253 80
1757320426854 4.165122050728594e+256 81
1757320426903 5.77400228536074e+259 82
1757320426961 8.004351849790116e+262 83
1757320427029 1.1096228468367416e+266 84
1757320427086 1.538241803119091e+269 85
1757320427188 2.1324253115447976e+272 86
1757320427271 2.9561267286433796e+275 87
1757320427330 4.098002958644883e+278 88
1757320427391 5.680956802812408e+281 89
1757320427453 7.875365274526931e+284 90
1757320427518 1.0917417674522781e+288 91
1757320427565 1.513453719607217e+291 92
1757320427640 2.0980622246762585e+294 93
1757320427713 2.9084900592506396e+297 94
1757320427739 4.0319654609219753e+300 95
1757320427764 5.589410706893113e+303 96
1757320427789 inf 97
