1757428739236 27.249765081229615 0
1757428739314 14.041217808400424 1
1757428739408 2.1739417723427983 2
1757428739507 0.9554685049523586 3
1757428739596 0.18900899302534183 4
1757428739681 0.10879393730294878 5
1757428739782 0.09875665864863534 6
1757428739860 0.13352863154471384 7
1757428739934 0.12108134511867834 8
1757428740017 0.1175502753729974 9
1757428740116 0.16164590018611175 10
1757428740197 0.1311160454002796 11
1757428740271 0.17275228998462805 12
1757428740346 0.11551851479030861 13
1757428740405 0.10635523779782813 14
1757428740491 0.13743113656198458 15
1757428740573 0.10382055248537451 16
1757428740646 0.11843661547058103 17
1757428740715 0.09755041525558925 18
1757428740784 0.11522844910846758 19
1757428740867 0.15615368236213945 20
1757428740930 0.09328558800846037 21
1757428741004 0.0888583657616629 22
1757428741126 0.09829285613189612 23
1757428741193 0.15572550313658387 24
1757428741261 0.13307507409853606 25
1757428741335 0.08036717820896105 26
1757428741437 0.1273897226486936 27
1757428741529 0.1681479292808508 28
1757428741622 0.11502862996088636 29
1757428741708 0.10226592178182099 30
1757428741784 0.05936772694367826 31
1757428741874 0.12496853263904727 32
1757428741943 0.08901991482332795 33
1757428742027 0.11081396327301098 34
1757428742087 0.13210021569549865 35
1757428742159 0.10515482486000287 36
1757428742217 0.1414093335822919 37
1757428742278 0.18525476125075988 38
1757428742375 0.14243715166484394 39
1757428742431 0.1347856518489875 40
1757428742505 0.1902960330222638 41
1757428742576 0.10184549192522009 42
1757428742730 0.13532558286932952 43
1757428742914 0.21950742799731582 44
1757428743030 0.15349727113466094 45
1757428743133 0.10792626851643704 46
1757428743225 0.12311773573883318 47
1757428743299 0.11714898351559905 48
1757428743394 0.07645529688162969 49
1757428743481 0.1416061682971229 50
1757428743534 0.10192684299159832 51
1757428743602 0.16405188396842585 52
1757428743685 0.1178165716479386 53
1757428743778 0.13264189244626143 54
1757428743841 0.10607264513528336 55
1757428743900 0.07191116335837425 56
1757428743972 0.07487490803268902 57
1757428744034 0.1708383112195938 58
1757428744114 0.05351699490015906 59
1757428744186 0.062045971191676194 60
1757428744254 0.1600127828785458 61
1757428744311 0.2206776506210794 62
1757428744376 0.15768008718530777 63
1757428744438 0.26341683738839844 64
1757428744488 0.09827810481011642 65
1757428744549 0.17635254052224786 66
1757428744603 0.15892367717596992 67
1757428744674 0.12692641476203056 68
1757428744744 0.15394490348974582 69
1757428744814 0.15354857804561986 70
1757428744889 0.15650429680798844 71
1757428744963 0.40644529677320973 72
1757428745029 0.11757064831730693 73
1757428745085 0.10737091428550802 74
1757428745153 0.12774990773579994 75
1757428745220 0.1888498325793591 76
1757428745281 0.09915506069991135 77
1757428745339 0.13568385379403275 78
1757428745398 0.13914094216885667 79
1757428745462 0.11189023114476479 80
1757428745530 0.11838280103600675 81
1757428745598 0.17027204038721483 82
1757428745663 0.08595500648501299 83
1757428745718 0.08401532348104557 84
1757428745774 0.08780161435736844 85
1757428745852 0.10834124835960264 86
1757428745905 0.1843679939697539 87
1757428745965 0.10898550838958063 88
1757428746038 0.09339748435329143 89
1757428746118 0.08957325964053879 90
1757428746175 0.14872173272098832 91
1757428746245 0.1931643556152623 92
1757428746325 0.11480246075326321 93
1757428746409 0.1292656383823019 94
1757428746491 0.08566830345560296 95
1757428746563 0.09293542912828948 96
1757428746625 0.14242676341093122 97
1757428746712 0.15602191518507968 98
1757428746765 0.09912711645161032 99
1757428746847 0.11063029561254094 100
1757428746922 0.3128885870889291 101
1757428746977 0.07934967098397325 102
1757428747064 0.20974450996694005 103
1757428747129 0.1045934669218671 104
1757428747218 0.08214469827583375 105
1757428747305 0.0735213477765557 106
1757428747465 0.1445485159590158 107
1757428747593 0.07168866231064348 108
1757428747666 0.08822205734768254 109
1757428747723 0.14432255558240714 110
1757428747857 0.05653867720552193 111
1757428747941 0.07528710723311667 112
1757428748004 0.13418035699604042 113
1757428748062 0.1353051538630232 114
1757428748115 0.09452037769402849 115
1757428748172 0.1926741121765491 116
1757428748262 0.08641207866315535 117
1757428748342 0.1637840684381051 118
1757428748412 0.0680520909552404 119
1757428748485 0.12147905014499222 120
1757428748564 0.10697969000376124 121
1757428748625 0.07785584395897427 122
1757428748725 0.14507260070570108 123
1757428748791 0.14787938696643094 124
1757428748854 0.16486899370322997 125
1757428748928 0.15022851647217175 126
1757428749005 0.0723065313464029 127
1757428749096 0.08226803895392482 128
1757428749167 0.16952255359307525 129
1757428749233 0.15649370550290684 130
1757428749306 0.10838235553825976 131
1757428749396 0.08383680230337329 132
1757428749514 0.1545582345039068 133
1757428749620 0.0885090637735755 134
1757428749705 0.11619720192617518 135
1757428749775 0.12895209527297777 136
1757428749871 0.18083837570905817 137
1757428749968 0.10622471022859159 138
1757428750040 0.14410155192370738 139
1757428750119 0.1386057482928448 140
1757428750191 0.15801523591982242 141
1757428750279 0.1590946543234458 142
1757428750370 0.13342040297670468 143
1757428750488 0.17957765285459137 144
1757428750551 0.12437579587873232 145
1757428750615 0.10417823153236844 146
1757428750676 0.0696091829255572 147
1757428750754 0.11230999260565384 148
1757428750854 0.1772123212134828 149
1757428750921 0.16482490656788706 150
1757428750997 0.08953250446818496 151
1757428751069 0.2137010270605502 152
1757428751162 0.1529823139284793 153
1757428751235 0.07267084835667705 154
1757428751333 0.04598864155960687 155
1757428751399 0.15043533450381597 156
1757428751473 0.16192253747250687 157
1757428751551 0.09839632612393923 158
1757428751631 0.16939413096515588 159
1757428751701 0.1109661103555776 160
1757428751764 0.11193942614974321 161
1757428751832 0.10013915421124389 162
1757428751905 0.1405673577082324 163
1757428751981 0.06792096606671984 164
1757428752053 0.10397740566785377 165
1757428752127 0.12999158495579827 166
1757428752196 0.1685008625034121 167
1757428752307 0.08836203105178989 168
1757428752461 0.1375166120187169 169
1757428752558 0.11206487647437585 170
1757428752623 0.1295848500495184 171
1757428752723 0.12610888470867151 172
1757428752825 0.16246569532948726 173
1757428752960 0.15528354331956756 174
1757428753031 0.10145364843410197 175
1757428753089 0.10712451023726419 176
1757428753174 0.14723308088795292 177
1757428753257 0.1967170484386391 178
1757428753316 0.10298398436984708 179
1757428753401 0.15671959821059786 180
1757428753453 0.09373074089511409 181
1757428753557 0.15924464550275713 182
1757428753629 0.08974029665750761 183
1757428753708 0.1097111894069365 184
1757428753770 0.11264186461170657 185
1757428753852 0.17555567201045982 186
1757428753910 0.08783616758956943 187
1757428753966 0.0909792138115259 188
1757428754039 0.193779408954416 189
1757428754101 0.09655186072238456 190
1757428754159 0.09702482644103191 191
1757428754236 0.12077829645429333 192
1757428754303 0.13459160362409148 193
1757428754409 0.08057424422795699 194
1757428754489 0.118095392940103 195
1757428754555 0.12701636798675275 196
1757428754641 0.08403755628961136 197
1757428754744 0.13330051394781123 198
1757428754829 0.14463248753556673 199
1757428754906 0.10813557195002031 200
1757428754981 0.19974006208354156 201
1757428755063 0.11636309479461596 202
1757428755125 0.07347125899899605 203
1757428755183 0.11647038196727758 204
1757428755243 0.11589573397063867 205
1757428755303 0.09710475922123585 206
1757428755374 0.16592211263572035 207
1757428755458 0.13599128357882864 208
1757428755547 0.13551835382787836 209
1757428755642 0.14536016920095832 210
1757428755708 0.19583184210845614 211
1757428755765 0.11715279071420351 212
1757428755844 0.09198548378804386 213
1757428755924 0.12268966045458399 214
1757428756002 0.07437870703096468 215
1757428756106 0.15659520475418007 216
1757428756176 0.12313433245143386 217
1757428756274 0.13191497419096299 218
1757428756338 0.07299174803897017 219
1757428756425 0.06276706530369723 220
1757428756501 0.11048899035361069 221
1757428756563 0.13330034185651285 222
1757428756644 0.09189786850318674 223
1757428756708 0.08525608405406152 224
1757428756797 0.067205517698818 225
1757428756871 0.22392254789132257 226
1757428756958 0.12612458101078322 227
1757428757046 0.12987865074527105 228
1757428757246 0.07877993101227668 229
1757428757387 0.13572245076539108 230
1757428757470 0.11239125582690582 231
1757428757579 0.1387616981554014 232
1757428757676 0.16018743214062156 233
1757428757760 0.29584030357914315 234
1757428757816 0.15940737246556075 235
1757428757911 0.10891134534310568 236
1757428758007 0.14117167335096673 237
1757428758081 0.0922284091923523 238
1757428758169 0.05800599054079021 239
1757428758233 0.12387770011938505 240
1757428758340 0.1109840387244457 241
1757428758422 0.11566667020712097 242
1757428758482 0.08080940635201535 243
1757428758547 0.25922707314238774 244
1757428758627 0.15418517942585183 245
1757428758683 0.11870523844950456 246
1757428758746 0.11083764926537867 247
1757428758877 0.10006480968094 248
1757428758980 0.1534322431539941 249
1757428759069 0.14036498280312287 250
1757428759174 0.0801846771626469 251
1757428759258 0.1586391567852154 252
1757428759324 0.10349758783152908 253
1757428759410 0.10479522278861446 254
1757428759483 0.0701669317543991 255
1757428759561 0.11663604083733445 256
1757428759634 0.1090787792046249 257
1757428759710 0.10636456384254397 258
1757428759783 0.1414426203417304 259
1757428759841 0.13392156875189307 260
1757428759928 0.17420314341473295 261
1757428760031 0.13938012301355085 262
1757428760114 0.14015156547382607 263
1757428760175 0.09413654506591622 264
1757428760243 0.12925331163934076 265
1757428760307 0.08757416043963524 266
1757428760374 0.0881728590298183 267
1757428760471 0.15473106245904078 268
1757428760558 0.10674953008869052 269
1757428760620 0.17042441704104563 270
1757428760691 0.11017256681524354 271
1757428760779 0.15379852015996806 272
1757428760864 0.1329951577004015 273
1757428760956 0.0925746969177594 274
1757428761050 0.14109365703524512 275
1757428761129 0.1377604583121665 276
1757428761229 0.21168756846029965 277
1757428761297 0.14235825015143672 278
1757428761381 0.11293560715307033 279
1757428761453 0.10266437195120771 280
1757428761525 0.06475442345063631 281
1757428761609 0.14036987580172383 282
1757428761713 0.09837956297071054 283
1757428761786 0.1576834585790126 284
1757428761872 0.1966829517825271 285
1757428761947 0.09778542636559914 286
1757428762133 0.10021662589202265 287
1757428762239 0.12573030363931967 288
1757428762304 0.12333170558298417 289
1757428762364 0.14463181985308632 290
1757428762427 0.11687087245076223 291
1757428762516 0.08885917341208684 292
1757428762606 0.14086269741998664 293
1757428762678 0.4209220009343313 294
1757428762759 0.10883732779998145 295
1757428762847 0.1715615818268207 296
1757428762914 0.07874290903563132 297
1757428763010 0.10556315847110892 298
1757428763119 0.08114526236870317 299
1757428763200 0.13754187246985444 300
1757428763317 0.10650528582404827 301
1757428763397 0.11691268349459662 302
1757428763481 0.1332665738908017 303
1757428763567 0.10678724466498489 304
1757428763656 0.11061955415078985 305
1757428763751 0.098874751476461 306
1757428763844 0.1263857171582041 307
1757428763941 0.11825809900271997 308
1757428764093 0.09483662389632734 309
1757428764229 0.13011860996486535 310
1757428764344 0.10758126470119792 311
1757428764444 0.12318980682630051 312
1757428764537 0.12468946019640058 313
1757428764648 0.08249243102121465 314
1757428764766 0.18811405072751955 315
1757428764838 0.12300173919089583 316
1757428764906 0.13284080960806588 317
1757428764973 0.07168156129657693 318
1757428765041 0.10211505889264777 319
1757428765109 0.1402254202202024 320
1757428765177 0.1564559188760535 321
1757428765273 0.13262697074246113 322
1757428765380 0.14196378688344502 323
1757428765449 0.19511906461137132 324
1757428765524 0.12382596256787012 325
1757428765622 0.1025390319498462 326
1757428765726 0.12544415275742388 327
1757428765824 0.09403680749627878 328
1757428765910 0.06392121869320194 329
1757428765978 0.1479530335685001 330
1757428766076 0.15386398668012155 331
1757428766168 0.08466472090536607 332
1757428766244 0.10952718015564611 333
1757428766332 0.09263962419211816 334
1757428766421 0.06956422081003742 335
1757428766508 0.20826483163596804 336
1757428766604 0.1220354489140826 337
1757428766687 0.14178273643274178 338
1757428766827 0.14171420508912838 339
1757428766980 0.11527093764084996 340
1757428767089 0.12852750337987223 341
1757428767188 0.2396623245336315 342
1757428767297 0.15719832153508975 343
1757428767396 0.08690554243088543 344
1757428767473 0.09637158690228743 345
1757428767543 0.1292942193836034 346
1757428767609 0.17216172909117383 347
1757428767704 0.10984513281961837 348
1757428767800 0.15030711704845023 349
1757428767881 0.11832292039727582 350
1757428767964 0.12734527310262164 351
1757428768033 0.15964902381712015 352
1757428768110 0.23520894823238267 353
1757428768204 0.12114958447287116 354
1757428768273 0.11765095440298956 355
1757428768369 0.14520481365363241 356
1757428768456 0.09318203772146277 357
1757428768534 0.11141641725981048 358
1757428768610 0.11025300922994229 359
1757428768711 0.16191170838862434 360
1757428768808 0.1635718172259666 361
1757428768892 0.07764993380905974 362
1757428769009 0.12973865981527102 363
1757428769086 0.08539955138975551 364
1757428769164 0.20690863210636332 365
1757428769272 0.10726999004545322 366
1757428769480 0.06587854425439231 367
1757428769586 0.19516745618706657 368
1757428769680 0.09772360430765294 369
1757428769775 0.07725244730536081 370
1757428769851 0.10662923615187986 371
1757428769918 0.12713794319696173 372
1757428769989 0.09030927244624293 373
1757428770060 0.09626169553029651 374
1757428770133 0.13284710388773466 375
1757428770201 0.14990449308481515 376
1757428770271 0.1182731041067721 377
1757428770361 0.09977760125210977 378
1757428770454 0.10042492323956884 379
1757428770530 0.09785465235485741 380
1757428770639 0.10819489820385585 381
1757428770736 0.21352563405334915 382
1757428770840 0.1426124356566993 383
1757428770946 0.07687112966153341 384
1757428771019 0.15361417616882767 385
1757428771117 0.12118633376109736 386
1757428771205 0.12378617020066127 387
1757428771291 0.11490953513077529 388
1757428771365 0.15586288372654222 389
1757428771452 0.09947094887861557 390
1757428771543 0.1658405504325556 391
1757428771635 0.17001276814720992 392
1757428771731 0.10396186307206197 393
1757428771812 0.16605024935259 394
1757428771900 0.14609165824121773 395
1757428771998 0.11071569475376954 396
1757428772125 0.0823384373329025 397
1757428772288 0.125158158133914 398
1757428772412 0.14617827643124665 399
1757428772500 0.14339266514411883 400
1757428772627 0.13344177587372894 401
1757428772796 0.1183109375430864 402
1757428772870 0.13759198722784172 403
1757428772960 0.15352904090192826 404
1757428773064 0.12423857994510298 405
1757428773156 0.09850368321701237 406
1757428773226 0.11964398162155482 407
1757428773306 0.12754604714557674 408
1757428773392 0.14396936161674617 409
1757428773484 0.12709947718179904 410
1757428773554 0.15571631275434758 411
1757428773635 0.11629534935063533 412
1757428773723 0.059249406188389385 413
1757428773784 0.10218915344795337 414
1757428773859 0.17429563719154473 415
1757428773922 0.11130924077822608 416
1757428774033 0.47503233489467284 417
1757428774109 0.11223651905238066 418
1757428774265 0.14182929353064103 419
1757428774387 0.0859348657348878 420
1757428774473 0.11764934478562711 421
1757428774553 0.09677692804627279 422
1757428774629 0.1200474983930319 423
1757428774721 0.11175279387168163 424
1757428774816 0.13197680245002608 425
1757428774910 0.11532862241659884 426
1757428774982 0.07718288181445666 427
1757428775070 0.09152538484524804 428
1757428775153 0.10496368316588285 429
1757428775231 0.10850302421766435 430
1757428775300 0.12098674240909812 431
1757428775371 0.061109978826714276 432
1757428775458 0.11859964884605456 433
1757428775556 0.07416410187587129 434
1757428775657 0.1342554391840825 435
1757428775746 0.09674041101771987 436
1757428775814 0.0922731692146103 437
1757428775903 0.1289131723342175 438
1757428776015 0.1532806148784173 439
1757428776113 0.15766408035934987 440
1757428776215 0.1085606542755643 441
1757428776297 0.11264383094957842 442
1757428776388 0.09460946292811988 443
1757428776460 0.13286717600257603 444
1757428776572 0.1512343060591075 445
1757428776655 0.13859394818497583 446
1757428776734 0.10065337517042139 447
1757428776806 0.10896448858998803 448
1757428776996 0.16042349629464908 449
1757428777110 0.09871595468314176 450
1757428777216 0.12286187140973623 451
1757428777314 0.08383971196153221 452
1757428777376 0.11679123066357563 453
1757428777478 0.1236696790729331 454
1757428777614 0.1769772202107288 455
1757428777716 0.09154420570342747 456
1757428777822 0.14978749322799828 457
1757428777944 0.07851434129111609 458
1757428778053 0.0881631585765972 459
1757428778160 0.07114879108993102 460
1757428778260 0.22064330766632437 461
1757428778340 0.17490475391597368 462
1757428778426 0.13939605305382477 463
1757428778508 0.08703721158902897 464
1757428778618 0.10253862115478131 465
1757428778726 0.14235009384947625 466
1757428778844 0.16797951765827515 467
1757428778965 0.09380432129267569 468
1757428779070 0.1365683381700417 469
1757428779170 0.08871016397812638 470
1757428779265 0.10272588531545185 471
1757428779349 0.08564161446555557 472
1757428779427 0.09578957860758218 473
1757428779508 0.15775682045921033 474
1757428779604 0.11998656247615956 475
1757428779686 0.12341205604743666 476
1757428779760 0.08104830192786155 477
1757428779829 0.12856018439662215 478
1757428779901 0.12594481758701065 479
1757428779986 0.1795060784701703 480
1757428780134 0.10301878016866908 481
1757428780232 0.19622266564721463 482
1757428780305 0.12340899280828857 483
1757428780390 0.30264655848925587 484
1757428780473 0.09983846684438862 485
1757428780576 0.09261805127671319 486
1757428780688 0.15523497673972234 487
1757428780764 0.07661907920307211 488
1757428780858 0.10738792009193336 489
1757428780954 0.09407469219365984 490
1757428781080 0.1640190062151033 491
1757428781176 0.09079046842067881 492
1757428781269 0.13765775299163677 493
1757428781383 0.11707913492913048 494
1757428781466 0.0958094693933067 495
1757428781550 0.13172226443694357 496
1757428781645 0.11305153359406941 497
1757428781804 0.1559836708658683 498
1757428781965 0.17745161492947556 499
