1757499923884 73.70418111345778 0
1757499923981 2.3238471890112953 1
1757499924087 50.6664495238547 2
1757499924191 18.521892560006542 3
1757499924321 10.161407251886184 4
1757499924432 13.100334597486551 5
1757499924539 1.8523141806698618 6
1757499924638 0.21592078937585488 7
1757499924736 19.6668795695158 8
1757499924837 6.375991401001731 9
1757499924930 1.4214854809598236 10
1757499925026 10.261239366956318 11
1757499925138 2.9869822696025055 12
1757499925237 0.008174782823990366 13
1757499925338 1.4766623090925233 14
1757499925441 9.737322277248966 15
1757499925545 1.638008056686322 16
1757499925653 0.1597230778150347 17
1757499925761 4.556233728103014 18
1757499925867 0.10592831051219499 19
1757499925968 0.5737794277842377 20
1757499926074 0.813527615376734 21
1757499926176 2.994790908432424 22
1757499926277 0.008419480408712305 23
1757499926371 0.4995496132847727 24
1757499926473 0.8553493741144229 25
1757499926573 1.3782106712241737 26
1757499926676 0.20977850840997592 27
1757499926769 0.8302985056744714 28
1757499926868 0.5460802743799869 29
1757499926968 0.12671628469813886 30
1757499927068 3.152151501014639 31
1757499927174 0.6466630379369936 32
1757499927273 0.1966130592298013 33
1757499927369 1.833079726261317 34
1757499927464 3.034229987646598 35
1757499927559 1.926346262368511 36
1757499927653 0.3280385153694993 37
1757499927747 0.19202416118596455 38
1757499927840 0.3275300612598763 39
1757499927930 0.05798538470929132 40
1757499928024 2.333305792786232 41
1757499928122 2.165543706039702 42
1757499928219 0.598778672541583 43
1757499928321 0.8075448990182772 44
1757499928420 4.083276250513126 45
1757499928535 0.7007311079842685 46
1757499928630 1.292034070718552 47
1757499928731 1.3408785175864233 48
1757499928833 0.08247884059037078 49
1757499929121 0.03216605112117029 50
1757499929295 1.5031184144957637 51
1757499929441 0.2796210223293171 52
1757499929569 0.0002524855456517718 53
1757499929688 0.02470641928009489 54
1757499929795 1.3361020415395075 55
1757499929903 0.02373965866844164 56
1757499930006 1.3306921807176262 57
1757499930104 0.6265166906214368 58
1757499930209 0.15091224923417212 59
1757499930331 0.023219551195786337 60
1757499930473 1.1416359369337072 61
1757499930599 0.22444965058820016 62
1757499930701 1.0200046721611258 63
1757499930801 0.5860712220668202 64
1757499930908 1.2418609565497427 65
1757499931014 2.8615123963372198 66
1757499931115 0.6087085068416073 67
1757499931209 0.13493459501515306 68
1757499931332 0.5687492709324292 69
1757499931526 0.13244430167989624 70
1757499931704 0.35285200041589093 71
1757499931888 2.326177381477661 72
1757499932105 2.09381956923214 73
1757499932299 0.005299119775627386 74
1757499932533 0.7145010864152634 75
1757499932659 1.1377720365167046 76
1757499932775 0.07994826180111111 77
1757499932894 1.4801091150484778 78
1757499933003 0.04429006730111386 79
1757499933110 1.568084763103637 80
1757499933220 0.3070907076789201 81
1757499933322 1.489477988793251 82
1757499933424 1.038223371993779 83
1757499933526 0.09781312143641771 84
1757499933628 2.61591173346507 85
1757499933728 1.858929372150596 86
1757499933830 0.12845394845642374 87
1757499933932 2.1956085285197227 88
1757499934035 0.8929582323878503 89
1757499934165 0.3330789853650438 90
1757499934281 0.004201810961080426 91
1757499934382 0.32262674821228104 92
1757499934477 2.032414731981957 93
1757499934578 0.8503584718310395 94
1757499934675 0.036911185853184994 95
1757499934772 2.1378633381488794 96
1757499934867 0.10998887411283505 97
1757499934956 0.6675180918886047 98
1757499935050 0.0001921330921914669 99
1757499935146 0.43297224624278047 100
1757499935255 0.0219560174713959 101
1757499935384 0.022869409117498324 102
1757499935501 0.8731248382755574 103
1757499935598 4.425612528573866 104
1757499935696 0.5360627672236683 105
1757499935792 0.08622831041429797 106
1757499935887 5.556796593594104 107
1757499935982 0.2111378612815369 108
1757499936079 1.471645776735975 109
1757499936176 0.00025141505064249584 110
1757499936273 1.862969985772347 111
1757499936375 0.1370704741359021 112
1757499936478 0.24445573848762486 113
1757499936599 1.8810531997200208 114
1757499936695 0.360390198483487 115
1757499936791 0.4137487971511093 116
1757499936886 1.2299599191097033 117
1757499936982 0.05924911565599515 118
1757499937079 2.125503803647914 119
1757499937177 0.3238488933238219 120
1757499937274 0.6922684081755088 121
1757499937379 0.6979965598557496 122
1757499937473 0.015932439567656036 123
1757499937568 0.3075239415608158 124
1757499937660 3.990252354740915 125
1757499937750 0.6545882618105414 126
1757499937844 1.7757556314471528 127
1757499937940 1.534734698514498 128
1757499938058 1.3710140279605922 129
1757499938158 0.11776199173638095 130
1757499938256 0.5417593169368339 131
1757499938360 0.4532732204749608 132
1757499938460 2.9884838919948815 133
1757499938566 0.4929911389432003 134
1757499938670 1.4253552430548881 135
1757499938763 0.3765912601278226 136
1757499938860 0.0010008192178818669 137
1757499938965 0.5308916700097377 138
1757499939064 0.24266316351961154 139
1757499939168 0.9203592091295738 140
1757499939268 1.9070659133637877 141
1757499939370 0.04482542258829999 142
1757499939468 1.427587926504497 143
1757499939564 0.12119238968764051 144
1757499939661 0.02621227370301799 145
1757499939758 0.6014910850822786 146
1757499939857 0.33931350088519147 147
1757499939964 0.7822927420631419 148
1757499940061 0.8186662388267644 149
1757499940161 2.36680489668193 150
1757499940259 0.7256178129598664 151
1757499940392 0.06692610528146639 152
1757499940539 0.062468891726548084 153
1757499940705 0.1702058107318702 154
1757499940849 1.83620693083301 155
1757499941044 0.7551821088329905 156
1757499941233 1.0627917230573214 157
1757499941400 0.5121014893180664 158
1757499941526 1.8161858611483148 159
1757499941646 0.463035581202376 160
1757499941825 0.8022125499937024 161
1757499941993 0.8737172871276678 162
1757499942263 0.2937142409748381 163
1757499942465 0.9136890808140816 164
1757499942696 0.4253083463507146 165
1757499942861 0.7567068907578778 166
1757499942987 0.0643220725743829 167
1757499943116 0.1934163773090883 168
1757499943235 1.47298081265609 169
1757499943349 0.0020157574838958244 170
1757499943475 0.6799056276777496 171
1757499943609 0.2807305825566479 172
1757499943725 0.43858433016908344 173
1757499943850 1.7018954955127572 174
1757499943969 0.23121953995538308 175
1757499944073 1.027886035887207 176
1757499944182 2.6327700796421794 177
1757499944292 1.395201237524527 178
1757499944394 0.5381134185771258 179
1757499944499 1.480314897801282 180
1757499944595 1.1587814923384048 181
1757499944700 4.269619479262276 182
1757499944804 0.43560578935312355 183
1757499944911 0.33612004042821303 184
1757499945035 0.0693264964347039 185
1757499945195 0.05215332159198838 186
1757499945444 0.9008074316439715 187
1757499945902 0.03719278567554657 188
1757499946103 0.07233572587710052 189
1757499946268 0.9764901021486289 190
1757499946439 0.39841539697047906 191
1757499946846 0.3479650341936339 192
1757499947040 0.3193710241450562 193
1757499947220 0.1780006304344557 194
1757499947382 3.2637117408564382 195
1757499947528 1.6347198420317062 196
1757499947681 0.18440999278953132 197
1757499947816 0.15381133268216216 198
1757499947956 0.029564811968408315 199
1757499948101 0.5760542741213766 200
1757499948238 0.5101187986718588 201
1757499948357 1.2586683685387383 202
1757499948475 0.9427866295540415 203
1757499948598 0.05861580277308786 204
1757499948733 0.0875445639458303 205
1757499948861 0.14708224714153967 206
1757499948997 0.31786887682601134 207
1757499949142 1.426180628594319 208
1757499949280 0.17620374946045161 209
1757499949428 4.923880825867662 210
1757499949597 0.05434852790019465 211
1757499949755 0.11384496925150564 212
1757499949907 0.010883801771123103 213
1757499950047 1.3060050793218718 214
1757499950173 0.00471420607788827 215
1757499950308 0.25546237950811107 216
1757499950437 0.34112866747415377 217
1757499950617 0.2649473142553829 218
1757499950758 0.14009384264690808 219
1757499950895 0.8531425174980845 220
1757499951015 1.634623666643517 221
1757499951127 2.5207722469249907 222
1757499951244 0.13853368158160567 223
1757499951349 0.48062568419965307 224
1757499951457 0.17964144612819782 225
1757499951615 1.1721774143748847 226
1757499951810 2.6215142132766815 227
1757499951994 0.2521563512504077 228
1757499952185 0.001710838848826437 229
1757499952340 1.356186483194515 230
1757499952471 0.0522853442712928 231
1757499952632 0.010765792677899599 232
1757499952809 0.5242608824292994 233
1757499952943 0.8568033900591009 234
1757499953096 0.41327374261836836 235
1757499953225 2.0943617292781047 236
1757499953366 0.5760474084412449 237
1757499953607 0.7396150477035713 238
1757499953787 0.29548726183583984 239
1757499954012 1.6937295502931191 240
1757499954148 0.5275054520625443 241
1757499954395 0.698391863708587 242
1757499954564 0.04189890792945522 243
1757499954680 0.332182002485993 244
1757499954804 0.5511198538745592 245
1757499954927 0.44135736578743984 246
1757499955040 3.240739091622784 247
1757499955149 0.38817682955509647 248
1757499955257 0.048686481751638366 249
1757499955362 0.9497661577563884 250
1757499955468 1.0012520441609327 251
1757499955573 0.9326264362411111 252
1757499955672 0.3741833016016177 253
1757499955777 3.5096840794734243 254
1757499955891 2.7363534984312685 255
1757499956002 0.11434056832622208 256
1757499956111 2.498662668293271 257
1757499956219 0.4868111199268897 258
1757499956321 0.43023925046150674 259
1757499956416 0.7169626002619387 260
1757499956515 0.00034156338383501295 261
1757499956615 0.533153422025264 262
1757499956716 0.38659131853849515 263
1757499956817 0.9751952119975369 264
1757499956929 0.3102364714690109 265
1757499957033 0.6331044623167699 266
1757499957128 0.2807849915421361 267
1757499957228 0.40662305917962394 268
1757499957329 0.23441724421564833 269
1757499957430 0.03885550282146425 270
1757499957534 0.6605762173175905 271
1757499957640 1.0623097796215697 272
1757499957741 2.305125398440621e-05 273
1757499957837 0.62022949878986 274
1757499957939 0.6191864733341752 275
1757499958041 1.9751532969830308 276
1757499958143 3.824539340452764 277
1757499958239 1.277066616764625 278
1757499958334 0.1719390104308432 279
1757499958442 1.0289094323550245 280
1757499958544 0.5633034481771599 281
1757499958643 3.2585072591816653 282
1757499958738 2.1672865689208116 283
1757499958836 1.7392913065556783 284
1757499958934 0.038362814480404454 285
1757499959038 1.8534676568351474 286
1757499959138 1.8991517517985983 287
1757499959242 1.1556744417167053 288
1757499959343 1.2253768339796338 289
1757499959446 0.19535443926548612 290
1757499959547 0.03040935836911029 291
1757499959651 0.00981939493352735 292
1757499959752 1.9267492213899482 293
1757499959855 3.5262453623133987 294
1757499959960 0.46428440735663 295
1757499960063 2.341170914422876 296
1757499960162 0.004552512848711587 297
1757499960267 0.07741528872787876 298
1757499960369 1.3556602841811283 299
1757499960473 1.5850356884657615 300
1757499960569 0.034182232225912546 301
1757499960670 3.134129741650195 302
1757499960773 0.6617944436354876 303
1757499960869 0.028300548760687272 304
1757499960978 0.04783127313932334 305
1757499961081 1.6980185601591906 306
1757499961185 0.7187138617006549 307
1757499961293 1.402129579337062 308
1757499961400 0.5622836296932051 309
1757499961524 1.4729452143659911 310
1757499961656 2.5627112886743255 311
1757499961787 0.6456488442314522 312
1757499961941 0.07431008563195157 313
1757499962135 0.4385397041251031 314
1757499962273 0.0005173866443036998 315
1757499962396 0.5438651034927747 316
1757499962527 1.518897744565843 317
1757499962659 0.06455699615868189 318
1757499962781 0.03372383969161716 319
1757499962908 2.5785988677560185 320
1757499963035 3.0035570000562957 321
1757499963157 0.4909312824972578 322
1757499963266 0.2762422312926602 323
1757499963381 0.10961896474030976 324
1757499963519 1.3917686568741354 325
1757499963718 3.192259075232292 326
1757499963885 0.04462635257920746 327
1757499964029 2.6734427865684216 328
1757499964227 0.9000588687926542 329
1757499964522 0.0012194388032021782 330
1757499964665 0.09809828304072045 331
1757499964790 0.3720862332461113 332
1757499964916 0.13174021721563403 333
1757499965039 0.5768827232101302 334
1757499965152 0.25757085500120486 335
1757499965268 1.1978712456765122 336
1757499965382 1.672153836872185 337
1757499965485 0.3566056801222 338
1757499965592 0.3026069211399281 339
1757499965702 2.2630833215521124 340
1757499965811 0.4915961180860756 341
1757499965921 0.8385544534172353 342
1757499966030 3.9618789157865035 343
1757499966144 2.7578709523016784 344
1757499966250 0.21105656024528588 345
1757499966353 0.25083686177733716 346
1757499966455 0.23456361616133553 347
1757499966557 0.5336564151941737 348
1757499966659 0.09231964452391746 349
1757499966762 0.8882021545017323 350
1757499966867 0.02284328133567424 351
1757499967058 1.748782275626498 352
1757499967178 1.377443619841496 353
1757499967285 0.854869461722337 354
1757499967389 1.2965287284684486 355
1757499967583 0.7858876364732401 356
1757499967730 0.7022845530750172 357
1757499967840 0.061100957731927204 358
1757499967954 0.13297381274388628 359
1757499968064 0.0016161258193712281 360
1757499968179 0.0815703419547068 361
1757499968280 0.8079319555748832 362
1757499968383 0.17559641076931962 363
1757499968494 2.7762378167231705 364
1757499968615 1.2579851826312425 365
1757499968767 1.6382382047012023 366
1757499968890 3.4422434735779013 367
1757499969001 0.07147155086972311 368
1757499969166 0.014284148352506685 369
1757499969285 1.4030158326351208 370
1757499969390 2.4150750744153853 371
1757499969522 0.037298476287705204 372
1757499969632 0.180311570584071 373
1757499969741 2.2855229983034344 374
1757499969849 0.008304653581648294 375
1757499969979 0.03761092635181847 376
1757499970190 0.9193755413680081 377
1757499970318 0.7709807806393648 378
1757499970444 1.0494246809551528 379
1757499970597 2.1328571000012753 380
1757499970725 0.16548713384795802 381
1757499970845 1.6618282593521305 382
1757499970992 0.677062072669938 383
1757499971142 0.2556903898859444 384
1757499971409 1.135308576780799 385
1757499971828 4.49243224256344 386
1757499972152 1.0961670665021457 387
1757499972392 1.288747056185734 388
1757499972617 1.7906705990195013 389
1757499972837 0.1135039249656472 390
1757499973077 0.7048285159788066 391
1757499973278 1.564030143016932 392
1757499973471 0.28337223577858006 393
1757499973895 1.061890002720731 394
1757499974091 0.7503171817217458 395
1757499974232 1.1905475232978033 396
1757499974462 0.7178923918824538 397
1757499974639 0.00014633769944791925 398
1757499974858 1.0131939269336312 399
1757499975031 0.557622495454767 400
1757499975223 0.0033234060078115918 401
1757499975413 0.636690091644755 402
1757499975603 4.030988193070565e-06 403
1757499975827 1.444632283314612 404
1757499976009 0.3369893892536167 405
1757499976203 0.05148897113556193 406
1757499976460 2.9512438347866445 407
1757499976677 5.139485477269924 408
1757499976953 0.6123740492533167 409
1757499977330 0.54524487697997 410
1757499977686 0.007242486206575608 411
1757499977992 0.13199687007290395 412
1757499978303 0.9320351419798905 413
1757499978606 2.7422201033726097 414
1757499978916 3.657968727397746 415
1757499979209 0.01868573179716661 416
1757499979495 0.004937811930585961 417
1757499979787 1.8977279797386324 418
1757499980277 0.8034299594189499 419
1757499980629 3.160330008612295 420
1757499980996 0.9820338559390603 421
1757499981508 2.564857496703119 422
1757499981968 0.6317774756486327 423
1757499982324 0.42894587229658143 424
1757499982834 0.14797432167916996 425
1757499983150 16.392781734988723 426
1757499983495 0.037835187357261955 427
1757499983805 1.3539990908096349 428
1757499984094 0.10138296060821905 429
1757499984351 0.9448015630318158 430
1757499984604 0.24396875947452495 431
1757499984935 1.9403317776266822 432
1757499985240 0.005969066976766109 433
1757499985591 0.006318295841497597 434
1757499985817 0.17584293007810659 435
1757499985948 0.028530237437395623 436
1757499986071 1.301551713341733 437
1757499986191 0.37195996627119887 438
1757499986308 0.1248180504641189 439
1757499986417 1.0484958797483799 440
1757499986531 1.8731683819382767 441
1757499986802 0.05068942507340031 442
1757499986986 1.9475914813709272 443
1757499987166 0.11227635151740403 444
1757499987415 0.9979027568639756 445
1757499987554 0.12788022682003095 446
1757499987680 1.359039518446641 447
1757499987801 1.8127732383248407 448
1757499987924 2.480345068669456 449
1757499988047 0.4455455484548028 450
1757499988169 0.6036638075402668 451
1757499988330 2.236717651796793 452
1757499988488 5.836177517379602 453
1757499988623 0.8834146638907159 454
1757499988861 0.21041080188449063 455
1757499988990 1.8705154617884996 456
1757499989111 1.2533171182097782 457
1757499989241 0.30601926591802253 458
1757499989362 0.3505623020722303 459
1757499989484 0.3090539431412108 460
1757499989602 1.0972038264562844 461
1757499989732 1.3361687236832986 462
1757499989844 0.0005209805608133601 463
1757499989966 2.696983836789863 464
1757499990077 0.36482062357632083 465
1757499990195 1.181292070473979 466
1757499990314 1.6442669188383896 467
1757499990432 0.6704942589718149 468
1757499990547 0.5281327695675789 469
1757499990671 0.11436933209084957 470
1757499990807 0.5680395637316136 471
1757499990930 0.9322562786904187 472
1757499991050 0.006107754777959505 473
1757499991188 0.0978605147909147 474
1757499991563 1.1965827258051025 475
1757499991919 0.7901902093670807 476
1757499992334 0.06581797929163605 477
1757499992751 0.6032325304593374 478
1757499993068 0.07315331556897525 479
1757499993311 0.015478888071185633 480
1757499993471 0.05705786041004144 481
1757499993634 2.758199912852777 482
1757499993817 1.1303604616635972 483
1757499993960 0.354506822061421 484
1757499994087 0.008096041291629696 485
1757499994204 0.50689408501308 486
1757499994317 1.6634385346751264 487
1757499994441 0.5968786814700607 488
1757499994556 0.1570030745169014 489
1757499994672 0.536542393032056 490
1757499994777 0.0075832890027863805 491
1757499994904 0.11827689518563936 492
1757499995011 0.47259321128223764 493
1757499995129 0.43350028153870995 494
1757499995247 0.001578199658438328 495
1757499995354 0.6825609709293455 496
1757499995467 1.3352006363784434 497
1757499995638 0.012038454663525293 498
1757499995761 0.7383835874968385 499
