1757499057602 169.00113551484907 0
1757499057660 168.99655910783457 1
1757499057718 168.9920770642816 2
1757499057777 168.98768735310745 3
1757499057831 168.98338798860414 4
1757499057889 168.9791770293973 5
1757499057948 168.97505257742975 6
1757499058011 168.97101277696845 7
1757499058067 168.96705581363514 8
1757499058135 168.9631799134593 9
1757499058191 168.95938334195316 10
1757499058245 168.95566440320871 11
1757499058301 168.95202143901517 12
1757499058357 168.94845282799776 13
1757499058411 168.944956984776 14
1757499058477 168.9415323591419 15
1757499058544 168.93817743525716 16
1757499058604 168.93489073086914 17
1757499058663 168.93167079654526 18
1757499058719 168.9285162149248 19
1757499058777 168.92542559998856 20
1757499058834 168.92239759634518 21
1757499058890 168.91943087853417 22
1757499058949 168.91652415034537 23
1757499059010 168.91367614415364 24
1757499059068 168.91088562026965 25
1757499059139 168.9081513663053 26
1757499059203 168.90547219655417 27
1757499059264 168.902846951386 28
1757499059323 168.9002744966555 29
1757499059381 168.8977537231248 30
1757499059455 168.89528354589913 31
1757499059513 168.89286290387574 32
1757499059568 168.89049075920562 33
1757499059627 168.8881660967674 34
1757499059688 168.8858879236537 35
1757499059749 168.8836552686693 36
1757499059806 168.88146718184063 37
