1757503917119 169.17593756399393 0
1757503917194 169.00242178021867 1
1757503917250 168.82987939928876 2
1757503917302 168.65763785175767 3
1757503917353 168.48569671731033 4
1757503917408 168.31405521692176 5
1757503917462 168.1427129472888 6
1757503917515 167.97166911731892 7
1757503917570 167.80092334067095 8
1757503917625 167.63047481421418 9
1757503917681 167.46032316851964 10
1757503917744 167.29046758844734 11
1757503917802 167.12090772143088 12
1757503917856 166.9516428683342 13
1757503917908 166.78267231304608 14
1757503917966 166.61399572839906 15
1757503918028 166.44561226915982 16
1757503918083 166.27752162489986 17
1757503918135 166.10972293847846 18
1757503918202 165.94221591615687 19
1757503918268 165.77499984199144 20
1757503918320 165.60807398321697 21
1757503918374 165.4414380712354 22
1757503918437 165.275091219066 23
1757503918550 165.10903317467833 24
1757503918676 164.9432630392853 25
1757503918807 164.77778057737513 26
1757503918931 164.61258505631275 27
1757503919028 164.4476757267933 28
1757503919099 164.28305237819032 29
1757503919191 164.1187140821285 30
1757503919351 163.95466064437866 31
1757503919489 163.79089132042589 32
1757503919575 163.62740534919365 33
1757503919645 163.46420256115664 34
1757503919712 163.30128199853056 35
1757503919778 163.13864350806745 36
1757503919845 162.9762863334315 37
1757503919906 162.8142097018327 38
1757503919977 162.65241348454697 39
1757503920056 162.49089669455918 40
1757503920140 162.32965921930304 41
1757503920219 162.16870029068082 42
1757503920273 162.0080191242475 43
1757503920326 161.84761563178202 44
1757503920378 161.68748879721574 45
1757503920439 161.52763854836672 46
1757503920493 161.3680641054343 47
1757503920548 161.20876467237667 48
1757503920604 161.04974020117965 49
1757503920660 160.89098990500958 50
1757503920714 160.73251298085475 51
1757503920766 160.5743094047632 52
1757503920820 160.41637811446856 53
1757503920906 160.2587191018697 54
1757503920969 160.10133156852385 55
1757503921024 159.94421469991582 56
1757503921080 159.78736851183083 57
1757503921134 159.63079219884952 58
1757503921190 159.4744849395426 59
1757503921244 159.31844677347732 60
1757503921301 159.1626768882785 61
1757503921357 159.00717445562407 62
1757503921411 158.8519395387586 63
1757503921475 158.69697131837256 64
1757503921530 158.54226895927155 65
1757503921589 158.38783254827405 66
1757503921643 158.2336609432475 67
1757503921704 158.0797542465366 68
1757503921761 157.92611162738692 69
1757503921815 157.7727322392629 70
1757503921871 157.61961620791095 71
1757503921926 157.46676269569815 72
1757503921979 157.31417084927241 73
1757503922038 157.16184081767904 74
1757503922097 157.00977175642768 75
1757503922153 156.8579628053705 76
1757503922208 156.7064141367495 77
1757503922266 156.55512489923774 78
1757503922321 156.40409422591264 79
1757503922376 156.25332231211084 80
1757503922432 156.10280829969008 81
1757503922488 155.9525516808366 82
1757503922543 155.80255157956083 83
1757503922599 155.65280822196672 84
1757503922654 155.50332074079137 85
1757503922710 155.35408825331865 86
1757503922765 155.2051110085112 87
1757503922820 155.05638813233958 88
1757503922878 154.90791873538183 89
1757503922933 154.759703089359 90
1757503922988 154.61174031349577 91
1757503923044 154.46402951168517 92
1757503923102 154.31657097830652 93
1757503923156 154.16936382585968 94
1757503923210 154.02240715157322 95
1757503923265 153.87570127238507 96
1757503923320 153.72924529409116 97
1757503923376 153.5830387253719 98
1757503923433 153.43708065453646 99
1757503923497 153.29137142857826 100
1757503923554 153.1459101443212 101
1757503923610 153.00069588345795 102
1757503923667 152.85572901530998 103
1757503923721 152.71100863004554 104
1757503923780 152.56653424338896 105
1757503923836 152.42230492817754 106
1757503923892 152.27832108348196 107
1757503923948 152.13458179056312 108
1757503924003 151.99108611569022 109
1757503924069 151.847834480033 110
1757503924126 151.70482595824544 111
1757503924183 151.5620600729928 112
1757503924238 151.41953588175267 113
1757503924297 151.27725383514075 114
1757503924367 151.13521299896829 115
1757503924423 150.993412899821 116
1757503924481 150.85185258642164 117
1757503924542 150.71053253865972 118
1757503924599 150.56945181354033 119
1757503924658 150.42860994153722 120
1757503924715 150.2880059626544 121
1757503924770 150.1476403858843 122
1757503924826 150.0075122594625 123
1757503924883 149.86762111771822 124
1757503924939 149.72796599197326 125
1757503924995 149.5885474201526 126
1757503925051 149.4493644417591 127
1757503925108 149.3104165949452 128
1757503925168 149.17170290238673 129
1757503925223 149.0332239307721 130
1757503925283 148.89497871090794 131
1757503925339 148.75696678473804 132
1757503925396 148.6191871663285 133
1757503925449 148.48164045096266 134
1757503925516 148.34432566078786 135
1757503925574 148.20724234150708 136
1757503925631 148.0703894986132 137
1757503925690 147.93376775581712 138
1757503925745 147.79737612664306 139
1757503925806 147.66121416052226 140
1757503925862 147.52528085441006 141
1757503925919 147.38957686027868 142
1757503925976 147.25410118306573 143
1757503926033 147.1188533758992 144
1757503926095 146.98383299282645 145
1757503926154 146.84903902013272 146
1757503926213 146.7144721449827 147
1757503926273 146.58013136158246 148
1757503926331 146.44601622763773 149
1757503926387 146.3121257209775 150
1757503926443 146.17846055665632 151
1757503926501 146.04501972037545 152
1757503926568 145.91180277346842 153
1757503926628 145.77880927817068 154
1757503926687 145.64603820174202 155
1757503926747 145.51349029396866 156
1757503926805 145.38116452992213 157
1757503926862 145.24906047542802 158
1757503926920 145.11717769720445 159
1757503926976 144.9855151519981 160
1757503927032 144.85407362407278 161
1757503927093 144.72285207792703 162
1757503927152 144.59185008383153 163
1757503927209 144.46106721294032 164
1757503927268 144.3305024115428 165
1757503927336 144.20015649812842 166
1757503927446 144.0700284266791 167
1757503927515 143.9401177718642 168
1757503927584 143.81042410922734 169
1757503927644 143.68094701518453 170
1757503927703 143.55168542351066 171
1757503927761 143.42264019351478 172
1757503927820 143.29381026659343 173
1757503927878 143.16519522263394 174
1757503927936 143.03679464238695 175
1757503928100 142.90860744929276 176
1757503928165 142.78063453633766 177
1757503928230 142.65287483452488 178
1757503928309 142.52532792804033 179
1757503928378 142.39799340192405 180
1757503928437 142.27087084206866 181
1757503928496 142.14395915954643 182
1757503928553 142.01725928751029 183
1757503928624 141.890770144526 184
1757503928684 141.7644913198782 185
1757503928745 141.6384224036954 186
1757503928804 141.51256298694778 187
1757503928862 141.3869126614456 188
1757503928920 141.26147032389983 189
1757503928978 141.13623695394523 190
1757503929038 141.0112114557058 191
1757503929100 140.88639342433444 192
1757503929160 140.7617824558156 193
1757503929279 140.63737814696307 194
1757503929401 140.51317938229235 195
1757503929515 140.38918718084557 196
1757503929623 140.26540043448279 197
1757503929693 140.14181874331874 198
1757503929753 140.01844170828932 199
1757503929837 139.89526893114942 200
1757503929965 139.77230001447148 201
1757503930072 139.64953382861003 202
1757503930139 139.5269714382113 203
1757503930200 139.4046117208954 204
1757503930260 139.2824542824876 205
1757503930320 139.16050073853367 206
1757503930379 139.03874876699953 207
1757503930435 138.91719797589883 208
1757503930493 138.79584797404962 209
1757503930551 138.6746976155496 210
1757503930612 138.55374801631663 211
1757503930674 138.43299803761462 212
1757503930733 138.31244729146252 213
1757503930791 138.19209539067532 214
1757503930851 138.07194194886245 215
1757503930911 137.95198658042588 216
1757503930968 137.83222890055885 217
1757503931030 137.71266774751237 218
1757503931093 137.59330428803082 219
1757503931164 137.4741373674433 220
1757503931227 137.35516660409053 221
1757503931286 137.23639161709613 222
1757503931351 137.11781202636485 223
1757503931420 136.99942745258093 224
1757503931485 136.88123751720664 225
1757503931574 136.76324184248034 226
1757503931656 136.64544005141516 227
1757503931725 136.5278309625998 228
1757503931793 136.41041580557365 229
1757503931866 136.29319340589464 230
1757503931939 136.17616338965829 231
1757503932017 136.05932538372653 232
1757503932085 135.94267901572638 233
1757503932159 135.82622391404814 234
1757503932228 135.70995970784395 235
1757503932299 135.5938860270261 236
1757503932362 135.47800250226535 237
1757503932436 135.3623079327042 238
1757503932519 135.2468036097588 239
1757503932585 135.13148833943367 240
1757503932663 135.01636175541802 241
1757503932723 134.90142349215188 242
1757503932782 134.78667318482422 243
1757503932843 134.67211046937172 244
1757503932900 134.55773498247686 245
1757503932963 134.4435463615666 246
1757503933025 134.32954424481076 247
1757503933084 134.21572827112047 248
1757503933142 134.1020980801465 249
1757503933221 133.98865331227796 250
1757503933301 133.87539274163885 251
1757503933363 133.76231773885152 252
1757503933425 133.64942708476516 253
1757503933486 133.53672042270608 254
1757503933545 133.42419739673116 255
1757503933607 133.3118576516262 256
1757503933673 133.1997008329046 257
1757503933733 133.0877265868054 258
1757503933793 132.9759345602923 259
1757503933859 132.8643244010518 260
1757503933922 132.75289575749176 261
1757503933990 132.64164827873995 262
1757503934051 132.53058161464247 263
1757503934111 132.41969541576233 264
1757503934171 132.30898933337784 265
1757503934231 132.19846301948115 266
1757503934296 132.08811612677687 267
1757503934364 131.97794830868042 268
1757503934426 131.8679583051936 269
1757503934489 131.75814759428422 270
1757503934548 131.64851492249383 271
1757503934609 131.53905994606646 272
1757503934690 131.42978232194963 273
1757503934751 131.320681707793 274
1757503934814 131.21175776194656 275
1757503934873 131.10301014345953 276
1757503934957 130.99443851207863 277
1757503935019 130.88604252824675 278
1757503935085 130.77782185310156 279
1757503935148 130.66977614847383 280
1757503935214 130.5619050768862 281
1757503935274 130.45420830155163 282
1757503935335 130.34668548637197 283
1757503935396 130.23933629593657 284
1757503935457 130.13216039552069 285
1757503935517 130.02515745108428 286
1757503935578 129.91832712927044 287
1757503935639 129.81166909740386 288
1757503935714 129.70518302348972 289
1757503935778 129.59886857621194 290
1757503935842 129.49272542493188 291
1757503935906 129.38675323968704 292
1757503935968 129.28095169118947 293
1757503936033 129.17532045082444 294
1757503936095 129.06985919064903 295
1757503936156 128.96456758339076 296
1757503936220 128.85944530244606 297
1757503936282 128.75449202187906 298
1757503936346 128.64970741642 299
1757503936408 128.54509116146406 300
1757503936471 128.44064293306963 301
1757503936532 128.33636240795735 302
1757503936594 128.23224926350835 303
1757503936660 128.12830317776317 304
1757503936732 128.0245238294201 305
1757503936795 127.92091089783405 306
1757503936861 127.81746406301501 307
1757503936924 127.71418300562675 308
1757503936985 127.61106740698546 309
1757503937046 127.50811694905833 310
1757503937108 127.40533131446234 311
1757503937171 127.30271018646265 312
1757503937234 127.20025324897149 313
1757503937299 127.09796018654666 314
1757503937362 126.99583068439021 315
1757503937422 126.89386442834716 316
1757503937489 126.79206110490402 317
1757503937553 126.69042040118765 318
1757503937613 126.5889420049637 319
1757503937682 126.48762560463544 320
1757503937752 126.38647088924233 321
1757503937814 126.28547754845873 322
1757503937878 126.18464527259262 323
1757503937947 126.08397375258416 324
1757503938010 125.98346268000448 325
1757503938071 125.88311174705427 326
1757503938136 125.78292064656257 327
1757503938199 125.68288907198534 328
1757503938266 125.58301671740426 329
1757503938330 125.48330327752535 330
1757503938390 125.38374844767766 331
1757503938452 125.28435192381198 332
1757503938515 125.18511340249962 333
1757503938576 125.08603258093102 334
1757503938653 124.98710915691446 335
1757503938741 124.88834282887477 336
1757503938812 124.78973329585214 337
1757503938874 124.69128025750076 338
1757503938939 124.59298341408741 339
1757503939003 124.49484246649043 340
1757503939064 124.39685711619828 341
1757503939125 124.2990270653083 342
1757503939190 124.20135201652543 343
1757503939253 124.10383167316098 344
1757503939316 124.00646573913133 345
1757503939378 123.90925391895664 346
1757503939441 123.81219591775964 347
1757503939503 123.71529144126434 348
1757503939565 123.61854019579482 349
1757503939632 123.52194188827391 350
1757503939728 123.42549622622201 351
1757503939825 123.32920291775572 352
1757503939895 123.23306167158677 353
1757503940062 123.13707219702057 354
1757503940218 123.04123420395526 355
1757503940359 122.94554740288014 356
1757503940489 122.85001150487464 357
1757503940578 122.75462622160705 358
1757503940676 122.65939126533328 359
1757503940826 122.56430634889561 360
1757503940934 122.46937118572154 361
1757503941005 122.37458548982245 362
1757503941068 122.27994897579246 363
1757503941131 122.18546135880723 364
1757503941195 122.09112235462271 365
1757503941260 121.9969316795739 366
1757503941323 121.90288905057373 367
1757503941389 121.80899418511171 368
1757503941452 121.7152468012529 369
1757503941514 121.62164661763661 370
1757503941578 121.52819335347512 371
1757503941642 121.43488672855267 372
1757503941706 121.34172646322416 373
1757503941772 121.24871227841395 374
1757503941840 121.15584389561471 375
1757503941904 121.06312103688619 376
1757503941967 120.97054342485406 377
1757503942031 120.87811078270876 378
1757503942093 120.78582283420427 379
1757503942156 120.69367930365696 380
1757503942219 120.6016799159444 381
1757503942282 120.50982439650423 382
1757503942345 120.41811247133289 383
1757503942408 120.32654386698461 384
1757503942475 120.2351183105701 385
1757503942538 120.14383552975546 386
1757503942601 120.05269525276104 387
1757503942664 119.96169720836018 388
1757503942728 119.8708411258782 389
1757503942793 119.78012673519116 390
1757503942864 119.68955376672466 391
1757503942928 119.59912195145284 392
1757503942991 119.50883102089716 393
1757503943054 119.41868070712513 394
1757503943119 119.32867074274944 395
1757503943182 119.2388008609266 396
1757503943247 119.14907079535588 397
1757503943314 119.0594802802782 398
1757503943377 118.97002905047492 399
1757503943440 118.88071684126685 400
1757503943504 118.791543388513 401
1757503943570 118.70250842860949 402
1757503943649 118.61361169848848 403
1757503943796 118.52485293561698 404
1757503943906 118.43623187799575 405
1757503943989 118.34774826415823 406
1757503944055 118.25940183316938 407
1757503944125 118.17119232462461 408
1757503944199 118.08311947864868 409
1757503944270 117.9951830358945 410
1757503944338 117.90738273754212 411
1757503944407 117.81971832529766 412
1757503944476 117.7321895413921 413
1757503944545 117.6447961285803 414
1757503944615 117.55753783013978 415
1757503944700 117.47041438986976 416
1757503944791 117.38342555209003 417
1757503944861 117.29657106163981 418
1757503944998 117.20985066387671 419
1757503945094 117.12326410467564 420
1757503945156 117.03681113042778 421
1757503945236 116.95049148803939 422
1757503945298 116.86430492493082 423
1757503945362 116.77825118903552 424
1757503945425 116.69233002879874 425
1757503945492 116.60654119317667 426
1757503945554 116.52088443163525 427
1757503945618 116.43535949414921 428
1757503945685 116.34996613120093 429
1757503945750 116.2647040937794 430
1757503945817 116.17957313337917 431
1757503945880 116.09457300199932 432
1757503945950 116.00970345214235 433
1757503946023 115.9249642368132 434
1757503946096 115.84035510951814 435
1757503946180 115.75587582426375 436
1757503946250 115.67152613555588 437
1757503946314 115.58730579839866 438
1757503946379 115.50321456829333 439
1757503946442 115.41925220123728 440
1757503946506 115.33541845372315 441
1757503946570 115.25171308273748 442
1757503946634 115.16813584575999 443
1757503946699 115.08469540716276 444
1757503946762 115.0013827260189 445
1757503946826 114.91819756091262 446
1757503946894 114.83513967091784 447
1757503946967 114.75220881559748 448
1757503947030 114.66940475500225 449
1757503947098 114.58672724966969 450
1757503947161 114.50417606062318 451
1757503947224 114.42175094937083 452
1757503947289 114.33945167790463 453
1757503947361 114.25727800869925 454
1757503947425 114.17522970471121 455
1757503947491 114.09330652937776 456
1757503947555 114.01150824661592 457
1757503947620 113.92983462082148 458
1757503947684 113.848285416868 459
1757503947748 113.76686040010581 460
1757503947812 113.68555933636104 461
1757503947877 113.60438199193453 462
1757503947949 113.52332813360107 463
1757503948014 113.44239752860807 464
1757503948078 113.3615899446749 465
1757503948142 113.28090514999177 466
1757503948205 113.20034291321863 467
1757503948269 113.11990300348445 468
1757503948334 113.03958519038602 469
1757503948400 112.95938924398713 470
1757503948469 112.87931493481743 471
1757503948589 112.79936203387163 472
1757503948664 112.71953031260846 473
1757503948733 112.63981954294964 474
1757503948801 112.56022949727898 475
1757503948869 112.48075994844153 476
1757503948985 112.40141066974236 477
1757503949067 112.32218143494579 478
1757503949139 112.2430720182744 479
1757503949207 112.16408219440808 480
1757503949276 112.085211738483 481
1757503949341 112.00646042609077 482
1757503949409 111.92782803327741 483
1757503949474 111.84931433654246 484
1757503949539 111.77091911283799 485
1757503949608 111.69264213956765 486
1757503949674 111.6144831945858 487
1757503949740 111.53644205619655 488
1757503949807 111.45851850315272 489
1757503949872 111.38071231465501 490
1757503949939 111.30302327035109 491
1757503950013 111.22545115033456 492
1757503950078 111.14799573514416 493
1757503950145 111.07065680576265 494
1757503950210 110.99343414361613 495
1757503950276 110.91632753057289 496
1757503950343 110.83933674894261 497
1757503950409 110.76246158147546 498
1757503950472 110.68570181136111 499
