1757508341344 170.52741121609256 0
1757508341402 169.90634729797804 1
1757508341459 165.6291481319956 2
1757508341523 166.97053060930978 3
1757508341583 167.89380504768 4
1757508341641 170.15280915940897 5
1757508341701 171.26376462148184 6
1757508341760 169.50678051803257 7
1757508341818 173.10008330174423 8
1757508341878 170.38562799730818 9
1757508341941 166.30417892940383 10
1757508341999 167.91263829398972 11
1757508342060 164.60194867028798 12
1757508342122 170.29231499057985 13
1757508342180 167.0792849878752 14
1757508342238 168.14629362071287 15
1757508342296 168.85928649328392 16
1757508342361 169.1791828875743 17
1757508342421 169.30984787792025 18
1757508342481 168.4258379245752 19
1757508342541 167.6644166712452 20
1757508342609 169.71474613091243 21
1757508342666 169.06558695281151 22
1757508342725 168.20261180594545 23
