1757490248553 7.858618971010663 0
1757490248632 5.288994036778723 1
1757490248710 1.440054187809606 2
1757490248791 4.3119805176356705 3
1757490248864 241.59015820963296 4
1757490248942 16.265328320853662 5
1757490249018 7.117626067904931 6
1757490249096 6.475259214645205 7
1757490249174 8.529669929590694 8
1757490249251 0.007643281524933125 9
1757490249331 19.276115165628223 10
1757490249414 3.9672025085053537 11
1757490249495 23.00150881839595 12
1757490249577 2.0778120745215283 13
1757490249649 4.292606471353864 14
1757490249727 0.9368020930000878 15
1757490249804 6.737110202213992 16
1757490249883 9.563057917557508 17
1757490249966 27.030272855490434 18
1757490250049 18.933826229648243 19
1757490250130 27.98064374977797 20
1757490250213 9.050961958703597 21
1757490250294 2.082097253234273 22
1757490250371 0.28793853413002596 23
1757490250450 20.702881667755314 24
1757490250526 7.1883288760446264 25
1757490250613 11.11507170788315 26
1757490250697 1.930990622188132 27
1757490250779 1.4185591540501414 28
1757490250862 3.4197982134238627 29
1757490250956 7.038880848704065 30
1757490251040 25.345734399995287 31
1757490251123 37870.48337545862 32
1757490251204 11.790331922824235 33
1757490251285 5.745498609910715 34
1757490251371 13.263595234901263 35
1757490251451 1.276587411725293 36
1757490251532 3.664419533959107 37
1757490251612 3.8754469400315332 38
1757490251691 19.911673349305865 39
1757490251782 0.013546542720041745 40
1757490251882 3.050902620875861 41
1757490252054 3.1439172328887808 42
1757490252191 12.098167704058561 43
1757490252296 1.4213594010626052 44
1757490252417 17.944713224550153 45
1757490252599 0.06812000809903834 46
1757490252698 2.356309907270776 47
1757490252792 13.4909808002783 48
1757490252882 25.76574356076603 49
1757490252982 1.5160636879286218 50
1757490253080 1.5179188257610583 51
1757490253178 1.3547700131482814 52
1757490253266 1.2951889323945616 53
1757490253366 1.4538615587118484 54
1757490253475 13.208160179737314 55
1757490253583 3654.796704358111 56
1757490253672 0.9380168383188408 57
1757490253766 4.834707703834322 58
1757490253852 17.047940745953554 59
1757490253941 41.76511011665823 60
1757490254034 17.60875401009925 61
1757490254117 7.018834671889485 62
1757490254221 0.29804790707101514 63
1757490254344 2.261596624376358 64
1757490254438 8.563624119087157 65
1757490254522 4.362405689892397 66
1757490254611 0.3091117762698132 67
1757490254700 0.13164962814578085 68
1757490254784 2.822225569632714 69
1757490254868 10.30229712063239 70
1757490254951 0.00270492358760847 71
1757490255034 0.31060399747640416 72
1757490255117 5.678433177379341 73
1757490255202 0.0407668145661616 74
1757490255285 7.054075706750549 75
1757490255368 10.30455567167129 76
1757490255455 800.2332801415084 77
1757490255538 0.03860656847371323 78
1757490255624 14.531911374134001 79
1757490255701 9.425438458847864 80
1757490255785 0.001215376937623036 81
1757490255868 19.874990193028776 82
1757490255947 6.546402035357696 83
1757490256037 12.06920946668937 84
1757490256119 22.036535126314263 85
1757490256200 9.58920110798687 86
1757490256279 12.682152472728747 87
1757490256360 9.463385009257372 88
1757490256437 3.8011024080865767 89
1757490256518 0.3559760304420025 90
1757490256599 138.8183042970178 91
1757490256690 4.458925988490353 92
1757490256775 10.30200731164059 93
1757490256862 1.8585702177462058 94
1757490256950 1.1233890648993443 95
1757490257037 6.191032292813861 96
1757490257126 252.3322677877912 97
1757490257219 7.264526763974625 98
1757490257306 47.30403092707565 99
1757490257391 5.030743690169953 100
1757490257477 12.6146724184254 101
1757490257579 8.794961704523772 102
1757490257674 1.7583736491090243 103
1757490257772 5.428695567558855 104
1757490257885 15.598628531299676 105
1757490257996 0.0944498426881751 106
1757490258216 0.888752578621216 107
1757490258408 9.258355911950977 108
1757490258677 11.015454530163419 109
1757490258820 1.3124301158699136 110
1757490258952 8.204667749360977 111
1757490259109 1.4632548985255718 112
1757490259252 75.16272734409606 113
1757490259406 12.376110237830263 114
1757490259542 22.17954127693487 115
1757490259641 14.422136976749346 116
1757490259737 5.022905550054639 117
1757490259830 0.365600990787261 118
1757490259920 18.277254018856524 119
1757490260012 6.642373617063175 120
1757490260113 30.995834016161933 121
1757490260199 12.206141957814355 122
1757490260285 1.2408411771011425 123
1757490260371 4.334921434068239 124
1757490260457 5.317475267285342 125
1757490260541 1.7720358524068631 126
1757490260625 10.018061798579618 127
1757490260709 0.9843302024030279 128
1757490260792 1.6082614633181762 129
1757490260875 0.9160172985952885 130
1757490260954 6.781912268321933 131
1757490261036 21.934211459720707 132
1757490261127 12.259190260392499 133
1757490261208 5.086050081547505 134
1757490261291 2.0180342062855883 135
1757490261373 3439.812639357881 136
1757490261460 67.45696771506442 137
1757490261544 18.48840976929578 138
1757490261630 6.490545596736897 139
1757490261714 4.611472564870234 140
1757490261796 15.022730909725192 141
1757490261880 4.534565424482886 142
1757490261964 35.867405766327295 143
1757490262047 14.225314007049302 144
1757490262139 0.5931941451539493 145
1757490262221 0.559403177775812 146
1757490262300 10.053387006699657 147
1757490262382 0.0018921996730110603 148
1757490262466 23.13124195859226 149
1757490262548 20.831411599582324 150
1757490262630 8.447936230115438 151
1757490262714 34.79883567196773 152
1757490262809 0.023530310778924667 153
1757490262897 7.897415370035478 154
1757490262984 4.808309055548398 155
1757490263065 63.07994125328647 156
1757490263162 0.0003434066912082207 157
1757490263247 21.248115459697754 158
1757490263330 21.935759018341717 159
1757490263431 4.440169317474171 160
1757490263521 4.0384711385953915 161
1757490263612 13.382016391773403 162
1757490263723 0.9715708116102196 163
1757490263814 5.206491669799155 164
1757490263902 326.04275030643123 165
1757490263993 10.521706946285367 166
1757490264081 20.263618245828347 167
1757490264169 0.010340701422170114 168
1757490264255 14.448715453767196 169
1757490264343 14.624094557918736 170
1757490264432 0.46273334874854133 171
1757490264520 6.502687078476588 172
1757490264610 39.49705368336503 173
1757490264706 4.485331667553786 174
1757490264794 10.593553208494583 175
1757490264881 6.915034126984836 176
1757490264968 6.552151588937766 177
1757490265124 17.865259320688537 178
1757490265275 70.11821898445716 179
1757490265412 7.691796109101302 180
1757490265518 0.21450468736769923 181
1757490265732 1.1794040196438953 182
1757490265906 0.024200549391438758 183
1757490266031 16.837629469638294 184
1757490266149 9.421898427062837 185
1757490266284 0.3363371726970935 186
1757490266402 50.306622885385266 187
1757490266505 6.394023003290119 188
1757490266605 16.95965575032453 189
1757490266698 6.780057538087395 190
1757490266791 76.4971349815953 191
1757490266886 0.781197123587272 192
1757490266986 0.004133417424645282 193
1757490267081 10.036280089234515 194
1757490267173 1.0212564879814017 195
1757490267277 42.132396373808646 196
1757490267366 9.663139151438711 197
1757490267456 6.824405481785144 198
1757490267543 91.14432932005879 199
1757490267632 5.3314253233403655 200
1757490267721 2.92581744925198 201
1757490267810 11.435830705697636 202
1757490267899 7.043861853184837e-05 203
1757490267983 9.123642014330624 204
1757490268062 15.161531798175785 205
1757490268146 10.574231745071183 206
1757490268231 200.2259987535304 207
1757490268317 0.952076126724174 208
1757490268400 9.252965120941514 209
1757490268485 12.302131779953445 210
1757490268569 14.03248584390369 211
1757490268653 2.455876699902726 212
1757490268737 8.575259518041497 213
1757490268815 279664.66586087825 214
1757490268898 6.656193230195687 215
1757490268982 21.975565878427002 216
1757490269067 0.0005155805009589314 217
1757490269151 11.36995697004266 218
1757490269262 17.837674310770534 219
1757490269363 0.19644570084786286 220
1757490269485 3.8056363995214317 221
1757490269609 35.30862419956653 222
1757490269707 10.586603850462408 223
1757490269802 6.642273018812882 224
1757490269899 1.9723314253140078 225
1757490269990 3.3040505457799862 226
1757490270090 13.248941360943515 227
1757490270187 1.2949387642730437 228
1757490270294 5.510825687215232 229
1757490270386 17.7673277765304 230
1757490270479 5.689470630001554 231
1757490270570 7.065314862820798 232
1757490270659 1.700517233401496 233
1757490270746 0.26789641472026754 234
1757490270835 28.21606274969798 235
1757490270923 1.3637066272457519 236
1757490271011 15.523928783228035 237
1757490271101 40.20303629758474 238
1757490271185 2.2102093934237628 239
1757490271268 23.62761012941816 240
1757490271361 0.6835504505702731 241
1757490271537 30.595294450894773 242
1757490271672 0.8574621083164984 243
1757490271785 2.2752992695359575 244
1757490271931 0.8869833085383998 245
1757490272101 0.15149522496703907 246
1757490272209 1.2132471624407428 247
1757490272302 0.22323215265505156 248
1757490272397 0.08851523876087025 249
1757490272490 0.41809946886682936 250
1757490272584 3.532247161616403 251
1757490272671 0.025166651313891026 252
1757490272757 14.482537448905314 253
1757490272845 1.666744492368779 254
1757490272933 2.9910231137306376 255
1757490273022 4.6959505348543225 256
1757490273110 12.773033771899753 257
1757490273198 0.022041272553350602 258
1757490273294 6.272961719507404 259
1757490273381 9.219190655488894 260
1757490273466 1.2164265565099683 261
1757490273552 12.548417118225162 262
1757490273637 0.9347046121057747 263
1757490273722 0.4409470995449298 264
1757490273806 0.3025615111599857 265
1757490273890 0.13609117197053436 266
1757490273975 0.0012656302724857835 267
1757490274061 0.0014644659908392569 268
1757490274148 23.129250690875388 269
1757490274233 17.836480484767442 270
1757490274321 17.882836615989685 271
1757490274407 0.1997192225017747 272
1757490274493 507.4698993586853 273
1757490274578 0.04265683298072265 274
1757490274672 7.45808326396637 275
1757490274761 11.001780994285825 276
1757490274857 3.4754619782389438 277
1757490274947 3.190981817070977 278
1757490275038 0.5912323114500654 279
1757490275162 9.556274675149627 280
1757490275259 3.8718408767363512 281
1757490275378 13.636445944319862 282
1757490275472 13.320630266372126 283
1757490275559 0.16590507016405187 284
1757490275646 7.9806168013116245 285
1757490275736 0.1597444386721141 286
1757490275826 1.1943658097387397 287
1757490275915 204.46451343111318 288
1757490276004 60.1093923262311 289
1757490276092 21.104105735958193 290
1757490276177 2.7908578260995256 291
1757490276267 7.295394292234568 292
1757490276355 2.3497790486198067 293
1757490276446 1.144455648004803 294
1757490276532 47.42475975741818 295
1757490276618 164.20558297146894 296
1757490276715 10.449656661013616 297
1757490276898 0.000101482559452592 298
1757490276994 12.683856363033126 299
1757490277097 8.86533593414514 300
1757490277189 9.732928051734584 301
1757490277379 76.39193517876285 302
1757490277493 10.510775587190526 303
1757490277587 1521.9516392883127 304
1757490277702 3.178665467595691 305
1757490277890 1.0940187045578404 306
1757490278053 0.9253494281898345 307
1757490278277 12.36416356990907 308
1757490278489 3.013444682592326 309
1757490278631 17.185656625237957 310
1757490278753 25.103827863851873 311
1757490278924 0.8158851259895818 312
1757490279104 6.110467290407445 313
1757490279361 5.094909872137036 314
1757490279502 0.009823889961501084 315
1757490279672 8.384003517875188 316
1757490279821 11.80693434664567 317
1757490279958 110.73068073933956 318
1757490280160 1.9626681843683573 319
1757490280335 1.904460810291551 320
1757490280480 12.411414994618523 321
1757490280593 9.549637839878086 322
1757490280735 0.3792403042622729 323
1757490280898 7.228322540178173 324
1757490281121 2.696026736250771 325
1757490281306 15.940403560710058 326
1757490281462 1.0369905402862463 327
1757490281591 96.638580110196 328
1757490281717 0.1409805659834622 329
1757490281846 7.504736250121583 330
1757490281970 6.029899930331768 331
1757490282192 6.838392818164765 332
1757490282477 0.4716645738445936 333
1757490282716 0.4196283253743249 334
1757490282888 6.29981763388099 335
1757490283113 0.3595184693673643 336
1757490283288 0.14453660439987429 337
1757490283506 8.774360206084921 338
1757490283667 4.542355752329619 339
1757490283822 19.716950769844882 340
1757490283972 22.300337600212163 341
1757490284160 1.6725116306177463 342
1757490284358 104.79752643885536 343
1757490284535 9.430556230674782 344
1757490284728 18.016340083503696 345
1757490284882 4.1761260773587825 346
1757490285134 0.6454117206573148 347
1757490285295 0.2952691029041584 348
1757490285514 13.267300501721447 349
1757490285706 9.225479533663826 350
1757490285882 116.55300020817153 351
1757490286102 6.957962890383798 352
1757490286309 0.13155858421777214 353
1757490286521 3.014250407217594 354
1757490286733 1.0519548998323922 355
1757490286977 0.6354962329671339 356
1757490287234 3.9214245938135908 357
1757490287441 1.7497784470338855 358
1757490287657 0.6530334753014245 359
1757490287831 0.44490965258052795 360
1757490287957 226.44759200610338 361
1757490288078 0.028874607847977376 362
1757490288191 10.417566584876006 363
1757490288298 5.3759682695620645 364
1757490288409 7.766821811709073 365
1757490288511 9.953737302143724 366
1757490288611 0.007122443286462804 367
1757490288715 21.247550877839732 368
1757490288810 1.5051321429101248 369
1757490288931 22.76276803818051 370
1757490289273 3.8445059426794734 371
1757490289519 0.9639476210279577 372
1757490289929 5.175112068525673 373
1757490290201 152.20568314134795 374
1757490290417 2.0331191839814644 375
1757490290626 0.27645264080249515 376
1757490290782 3.5852285760643827 377
1757490290898 3.8617797972577126 378
1757490291012 10.44610663889312 379
1757490291113 8.517478686673803 380
1757490291215 16.613443279196506 381
1757490291316 1.3882874459366596 382
1757490291426 12.465144533263196 383
1757490291522 1.336098209563519 384
1757490291614 0.04041576026010848 385
1757490291710 4.309219709217381 386
1757490291810 7.972104673868588 387
1757490291904 10.97974711099073 388
1757490291997 46.00917403433762 389
1757490292099 3.313728647627149 390
1757490292197 3.4742013913885414 391
1757490292292 11.886590968417263 392
1757490292387 1.1294451225583495 393
1757490292481 20.013392998364697 394
1757490292573 58.511064549228294 395
1757490292674 0.08474181077049074 396
1757490292771 0.7964671315574018 397
1757490292879 2.547628254074877 398
1757490292976 5.222497427972397 399
1757490293070 1.6887645953087633 400
1757490293243 53.314275217751906 401
1757490293359 1.957758646309565 402
1757490293468 10.005971909414109 403
1757490293598 11.58688678614031 404
1757490293704 12.456651299686854 405
1757490293799 2.2531357241754 406
1757490293898 11.531988665626814 407
1757490293995 6.33953070392141 408
1757490294085 32.22315105858605 409
1757490294178 0.22458683830208417 410
1757490294273 7.539796763849264 411
1757490294368 6.98794619661923 412
1757490294455 2.889610813548658 413
1757490294549 0.0010034926634454049 414
1757490294643 7.9942604810491655 415
1757490294737 5.1840425850294 416
1757490294841 7.4592238923198195 417
1757490294931 0.15345360454158471 418
1757490295037 3.2351268806162126 419
1757490295126 2.509316478664335 420
1757490295219 36.277676207246046 421
1757490295310 19.47586043910435 422
1757490295395 2.3793245501433486 423
1757490295485 70.05108014046209 424
1757490295573 2.917148643680553 425
1757490295661 12.421332835068373 426
1757490295752 1.3817713430194394 427
1757490295847 4.827232543875786 428
1757490295939 43.82164713667579 429
1757490296038 1.279779504681019 430
1757490296131 5.9927294004010765 431
1757490296225 11.857778207929027 432
1757490296326 3.4633956522973874 433
1757490296414 5.551900094592273 434
1757490296503 0.3739575826572756 435
1757490296592 0.6897264359487368 436
1757490296689 5.497174235721735 437
1757490296778 6.397650940518107 438
1757490296879 0.7590580141456708 439
1757490296968 5.990001474624395 440
1757490297135 5.347004079813882 441
1757490297311 118.89895899282148 442
1757490297518 7.901284993462257 443
1757490297832 5.799980654879185 444
1757490298010 25.364716911807232 445
1757490298159 2.934326718198518 446
1757490298334 13.235232311735535 447
1757490298465 8.404219939457356 448
1757490298628 0.013806607888762564 449
1757490298780 2.6283673044434757 450
1757490298929 4.284262193944046 451
1757490299107 1.5011379057848937 452
1757490299325 0.8792735399439014 453
1757490299512 16.70539354074361 454
1757490299665 4.894419322049903 455
1757490299819 3.3742351014502883 456
1757490299985 1.4326829141591735 457
1757490300135 16.803220780674664 458
1757490300281 5.934379830332079 459
1757490300418 37.677304597088714 460
1757490300563 0.33850076535256 461
1757490300702 3.7002564461826477 462
1757490300886 11.181758429122237 463
1757490301044 26.391270930298862 464
1757490301177 2.9113916622043385 465
1757490301316 9.195283604259833 466
1757490301470 2.174685647017468 467
1757490301609 3.7575282556424487 468
1757490301815 7.3110285333764535 469
1757490302047 117.02016620194652 470
1757490302228 1.3699010145396207 471
1757490302377 3.2012828667770026 472
1757490302512 14.21837354250072 473
1757490302651 2259.640578531469 474
1757490302788 0.03090447358583075 475
1757490302951 18.569493607025425 476
1757490303088 3.201756317107643 477
1757490303242 26.220299516056635 478
1757490303389 3.657928212847364 479
1757490303531 15.577410015187446 480
1757490303669 1.824520460311462 481
1757490303823 20.356106710396496 482
1757490303959 3.2498764420681336 483
1757490304113 0.7103334296226095 484
1757490304267 8.930185804689996 485
1757490304420 14.320318875058756 486
1757490304535 14.93365322885725 487
1757490304763 16.3658286006033 488
1757490304926 76.94393465440263 489
1757490305077 108.12879965757331 490
1757490305301 1.8598174552635103 491
1757490305571 0.0409909468512829 492
1757490305732 2.48279734979084 493
1757490305850 1.5498887634010392 494
1757490305961 12.966759108113816 495
1757490306071 1.267380408121117 496
1757490306191 42.81473782838807 497
1757490306339 20.553165426487013 498
1757490306542 11.483548913648734 499
