1757504623661 169.25484662757714 0
1757504623716 169.2427817978597 1
1757504623773 169.23217032624953 2
1757504623835 169.22177380684357 3
1757504623891 169.2116616027183 4
1757504623944 169.2017908925696 5
1757504624000 169.19211405295147 6
1757504624054 169.18270637167817 7
1757504624107 169.17352270281637 8
1757504624165 169.16455748336801 9
1757504624220 169.155759665093 10
1757504624275 169.1472132587716 11
1757504624330 169.13886952396047 12
1757504624385 169.13067547392765 13
1757504624442 169.12272026910597 14
1757504624496 169.11495312315307 15
1757504624559 169.10736938303722 16
1757504624616 169.0999129762099 17
1757504624670 169.09268080787007 18
1757504624725 169.08561885398638 19
1757504624780 169.07872291248196 20
1757504624835 169.071934020919 21
1757504624888 169.06535628795547 22
1757504624944 169.05893265746587 23
1757504625003 169.0526593340429 24
1757504625061 169.04653261809597 25
1757504625119 169.04048971156814 26
1757504625176 169.03464399944508 27
1757504625233 169.0289344123202 28
1757504625288 169.02335760797047 29
1757504625343 169.017910328415 30
1757504625401 169.01252624432766 31
1757504625456 169.00732722140467 32
1757504625511 169.00224849511713 33
1757504625579 168.99728712156482 34
1757504625639 168.99244023092578 35
1757504625698 168.98763824845642 36
1757504625752 168.9830107841663 37
1757504625810 168.97848967696828 38
1757504625865 168.9740723331127 39
1757504625920 168.96975622400157 40
1757504625975 168.9655388845273 41
1757504626030 168.96134681250825 42
1757504626084 168.95731879767868 43
1757504626139 168.95338257555903 44
1757504626196 168.94953591753554 45
1757504626253 168.9457766508465 46
1757504626313 168.94210265715986 47
1757504626370 168.9385118711873 48
1757504626428 168.9349263747564 49
1757504626524 168.93149511740566 50
1757504626615 168.9281412253576 51
1757504626688 168.9248628307808 52
1757504626754 168.92165811251908 53
1757504626823 168.91852529490467 54
1757504626892 168.91546264660167 55
1757504626965 168.9124684794792 56
1757504627032 168.9095411475135 57
1757504627098 168.90659725086098 58
1757504627158 168.90379812426963 59
1757504627229 168.90106117935878 60
1757504627299 168.89838492671558 61
1757504627365 168.8957679139937 62
1757504627436 168.8932087249724 63
1757504627502 168.89070597864034 64
1757504627572 168.88825832830233 65
1757504627673 168.88586446070943 66
1757504627740 168.88352309521096 67
1757504627797 168.88123298292854 68
1757504627858 168.8789929059509 69
1757504627915 168.87680167654992 70
1757504627974 168.87465813641597 71
1757504628033 168.87247089319487 72
1757504628102 168.87041897716426 73
1757504628245 168.86841147850285 74
1757504628383 168.8664473481658 75
1757504628465 168.86452556302348 76
1757504628562 168.8626451252061 77
1757504628635 168.86080506146533 78
1757504628697 168.8590044225525 79
1757504628754 168.8572422826121 80
1757504628819 168.85551773859157 81
1757504629135 168.85382990966545 82
1757504629217 168.85217793667474 83
1757504629303 168.85056098158034 84
1757504629384 168.84897822693057 85
1757504629562 168.84742887534222 86
1757504629759 168.84591214899484 87
1757504629933 168.84442728913817 88
1757504630060 168.8429735556117 89
1757504630141 168.84155022637702 90
1757504630223 168.84015659706162 91
1757504630297 168.83879198051477 92
1757504630356 168.83745570637433 93
1757504630420 168.8361471206449 94
1757504630478 168.83486558528662 95
1757504630536 168.83361047781443 96
1757504630594 168.83238119090765 97
1757504630661 168.8311771320293 98
1757504630744 168.82999772305527 99
1757504630851 168.8288423999132 100
1757504630935 168.82771061222994 101
1757504631008 168.82660182298847 102
1757504631075 168.8255155081934 103
1757504631141 168.82445115654514 104
