1757503112096 148.77139951427236 0
1757503112152 139.3379392801707 1
1757503112206 129.13784438931032 2
1757503112263 127.88868872108844 3
1757503112320 117.0020645274581 4
1757503112376 100.63232482108567 5
1757503112432 97.78834422112624 6
1757503112485 114.28701525522473 7
1757503112541 106.42221412473707 8
1757503112601 104.72425926298521 9
1757503112675 80.07879665609406 10
1757503112737 70.94186754610216 11
1757503112791 75.49782714791831 12
1757503112845 87.4760778963833 13
1757503112901 83.1899324764026 14
1757503112956 81.3563328920191 15
1757503113026 76.1518359679837 16
1757503113086 79.97135016574804 17
1757503113142 76.52424974008053 18
1757503113201 65.86541045880779 19
1757503113255 73.5726713015923 20
1757503113311 63.089375824149045 21
1757503113367 61.15774587653809 22
1757503113422 54.583395936211424 23
1757503113479 64.28527792193363 24
1757503113534 58.7632729191917 25
1757503113589 55.025614568524574 26
1757503113642 60.176275575580895 27
1757503113699 54.9481148406075 28
1757503113753 60.31366911495825 29
1757503113811 56.67302231729654 30
1757503113866 57.91407978549413 31
1757503113920 54.19707844124338 32
1757503113978 47.56812556645069 33
1757503114040 49.93678796698893 34
1757503114096 51.3017142852509 35
1757503114150 53.72793067757847 36
1757503114207 44.67710151775218 37
1757503114261 47.2797154430924 38
1757503114316 45.24151198213431 39
1757503114372 48.84281767477366 40
1757503114430 43.01787247765823 41
1757503114483 45.0630920950917 42
1757503114537 44.31007565931589 43
1757503114597 41.59201985671919 44
1757503114653 40.59252525162358 45
1757503114709 42.363356190484026 46
1757503114764 52.69034188922654 47
1757503114820 38.236880531501896 48
1757503114874 36.43380929252772 49
1757503114928 39.90136554190545 50
1757503114982 47.197438541751964 51
1757503115047 37.46872236709319 52
1757503115102 43.81368106468889 53
1757503115154 48.95095284439725 54
1757503115221 41.508194619125064 55
1757503115278 36.231256444598316 56
1757503115336 36.19182392829558 57
1757503115391 33.35275434780792 58
1757503115449 69.44534819750338 59
1757503115507 39.64842824705562 60
1757503115561 40.349414091665494 61
1757503115617 31.529055373252433 62
1757503115673 32.68783007409088 63
1757503115730 38.99219304224108 64
1757503115784 54.703065832363116 65
1757503115839 30.19953344107685 66
1757503115893 29.211618245205692 67
1757503115951 32.92003153680882 68
1757503116009 31.670388063095867 69
1757503116074 32.66483233960474 70
1757503116129 34.997112174650304 71
1757503116183 29.168655656757796 72
1757503116241 31.941983898511403 73
1757503116303 29.94248145913226 74
1757503116358 27.34849046983847 75
1757503116414 28.21998846438617 76
1757503116468 32.395747608652755 77
1757503116531 34.6796687416482 78
1757503116592 31.155780055498656 79
1757503116648 26.56526089568288 80
1757503116703 27.07988792633182 81
1757503116758 32.84175344179437 82
1757503116819 22.643219630276437 83
1757503116875 35.67115759230049 84
1757503116931 32.58589842524041 85
1757503116989 26.639873313918844 86
1757503117044 31.542310773459217 87
1757503117105 28.632269904413064 88
1757503117159 25.874566484781663 89
1757503117215 23.523938289929266 90
1757503117269 22.033703787998473 91
1757503117325 22.06155323703894 92
1757503117380 26.487077140868365 93
1757503117435 26.60660082528471 94
1757503117487 31.74987157598369 95
1757503117542 24.6198330047686 96
1757503117597 31.293860514231632 97
1757503117651 25.860901939874676 98
1757503117707 25.94359870141966 99
1757503117762 24.66609986879795 100
1757503117816 24.087269860058512 101
1757503117870 37.09559411478479 102
1757503117925 20.608126862388612 103
1757503117980 23.279956486429707 104
1757503118036 27.66222067876396 105
1757503118099 26.008248499285187 106
1757503118157 26.46999742192694 107
1757503118212 28.80939465581305 108
1757503118267 20.78429915581692 109
1757503118322 29.321695907714393 110
1757503118399 28.665035115997657 111
1757503118582 22.769380158848314 112
1757503118820 25.592419261727485 113
1757503118957 27.45480942883996 114
1757503119065 30.093309213065243 115
1757503119133 20.585482704474167 116
1757503119195 35.17762531847387 117
1757503119309 27.432440100457658 118
1757503119391 21.712875212979363 119
1757503119458 19.93635618742902 120
1757503119568 31.179695735227327 121
1757503119704 19.58709411547976 122
1757503119780 26.339424367825977 123
1757503119895 31.765218352727015 124
1757503119951 35.164992972447536 125
1757503120009 21.286491130378565 126
1757503120065 34.98491528945675 127
1757503120132 22.53032684103491 128
1757503120189 31.491406757813998 129
1757503120245 25.62907185970304 130
1757503120302 26.210513516503987 131
1757503120361 29.628592251888662 132
1757503120417 23.002007826412438 133
1757503120474 18.599556722573293 134
1757503120533 20.72386935993003 135
1757503120594 21.989343417956356 136
1757503120655 20.917011874832127 137
1757503120712 22.454469541309614 138
1757503120770 22.275858534328552 139
1757503120825 24.86217355160858 140
1757503120881 20.14042616301932 141
1757503120939 18.678661064832 142
1757503120998 22.993803749120236 143
1757503121056 18.97298258877622 144
1757503121113 22.38830916739821 145
1757503121180 31.378778829839046 146
1757503121236 20.962053172600065 147
1757503121292 21.975957583083574 148
1757503121373 26.58741442088485 149
1757503121431 21.451560636534822 150
1757503121489 20.367125162611277 151
1757503121548 16.26247039664769 152
1757503121607 30.831377100837912 153
1757503121664 19.424664596329627 154
1757503121719 16.346135221635837 155
1757503121775 17.031195322926127 156
1757503121830 25.360251025077435 157
1757503121884 15.358663191791653 158
1757503121939 34.514752507006726 159
1757503121994 17.985640174286168 160
1757503122060 16.89365178057802 161
1757503122147 19.59067476749318 162
1757503122210 38.69008716639653 163
1757503122266 22.57513856608625 164
1757503122323 17.824043837645274 165
1757503122380 16.120805107502562 166
1757503122436 16.22184947910908 167
1757503122493 21.698586938033824 168
1757503122549 26.14429639662524 169
1757503122605 26.352882322897997 170
1757503122661 23.306885259017278 171
1757503122717 17.3904477330256 172
1757503122775 15.481846327030812 173
1757503122834 15.202869211930604 174
1757503122891 16.443035750689535 175
1757503122949 75.05657135444669 176
1757503123006 19.940739665066644 177
1757503123062 18.68958259642314 178
1757503123121 23.57787406411681 179
1757503123186 18.841222365638536 180
1757503123244 18.781451276552826 181
1757503123301 13.48441588633989 182
1757503123359 13.953846032029528 183
1757503123417 16.034761861960295 184
1757503123474 17.049841731641425 185
1757503123533 27.43843183618305 186
1757503123589 14.492233397657781 187
1757503123647 22.45036125068374 188
1757503123703 22.125994624931774 189
1757503123762 18.046268839697174 190
1757503123820 17.584153964696927 191
1757503123876 15.97619341588045 192
1757503123935 17.26388401434063 193
1757503123992 22.697135472448494 194
1757503124051 12.28725296906001 195
1757503124110 16.758948842849474 196
1757503124169 20.691580676141054 197
1757503124235 15.96988798808041 198
1757503124293 62.748298830225735 199
1757503124352 14.25309654646225 200
1757503124409 17.02749421436809 201
1757503124467 14.65762723623484 202
1757503124523 16.38879859428888 203
1757503124581 19.96718611699948 204
1757503124639 15.429452698520405 205
1757503124697 17.17484370290269 206
1757503124756 11.225124802111926 207
1757503124814 17.725744920922963 208
1757503124887 13.715992498429415 209
1757503124947 11.931590992330182 210
1757503125006 14.390777419647247 211
1757503125064 17.98561188367931 212
1757503125121 12.663792032726253 213
1757503125179 18.681497960568645 214
1757503125247 14.271670185905363 215
1757503125304 19.994441610948385 216
1757503125364 14.61038334060482 217
1757503125422 14.279767650667182 218
1757503125481 17.290554911722214 219
1757503125540 15.067456293573848 220
1757503125598 20.764125096691316 221
1757503125657 19.31150287568193 222
1757503125715 15.10540980993839 223
1757503125774 11.954680258067695 224
1757503125833 57.631843779495455 225
1757503125891 14.95506081305657 226
1757503125947 12.598370137523961 227
1757503126006 13.762396910868175 228
1757503126065 16.264631218117394 229
1757503126124 16.067016960724743 230
1757503126183 16.57899518368954 231
1757503126251 16.04296954036901 232
1757503126309 15.64997521059328 233
1757503126369 11.74869991876044 234
1757503126427 15.779667178176576 235
1757503126484 14.50666537519146 236
1757503126541 12.626042657380836 237
1757503126600 17.13649503898221 238
1757503126658 14.262031980720893 239
1757503126721 13.107826087425654 240
1757503126780 13.840241956783665 241
1757503126838 15.169153385756612 242
1757503126896 11.671407327689955 243
1757503126967 14.85531013408638 244
1757503127027 15.192087364271174 245
1757503127085 13.903846591792671 246
1757503127144 11.022981855754084 247
1757503127206 13.382445637066736 248
1757503127273 10.990113722164466 249
1757503127332 15.187495794604125 250
1757503127390 17.16264500660194 251
1757503127449 11.597499561296829 252
1757503127507 11.687686490814858 253
1757503127564 13.632678592691718 254
1757503127622 14.356034770970233 255
1757503127682 18.567222472660877 256
1757503127746 19.26143793169053 257
1757503127807 12.212636678050059 258
1757503127867 10.45270795112196 259
1757503127926 14.508228657918062 260
1757503127985 50.31831735894055 261
1757503128045 17.829114915447096 262
1757503128107 8.531571510414468 263
1757503128167 17.678152186035476 264
1757503128226 16.777943088383772 265
1757503128293 9.542912112877003 266
1757503128352 15.258083714993285 267
1757503128411 11.19509849776041 268
1757503128471 11.898069927647708 269
1757503128530 11.506418830597916 270
1757503128647 12.344002164618399 271
1757503128799 12.718475953747317 272
1757503128927 15.679176025192032 273
1757503129048 12.477047037868417 274
1757503129193 14.887356326942337 275
1757503129308 11.216193408439032 276
1757503129419 14.702315319975016 277
1757503129494 16.986481503727234 278
1757503129585 9.838780292371066 279
1757503129727 11.246445604765796 280
1757503129807 10.558956402489382 281
1757503129870 12.082817021847646 282
1757503129929 14.40142779921112 283
1757503129988 16.52841509968498 284
1757503130048 8.678367307446772 285
1757503130108 10.205519881113046 286
1757503130170 10.867326502040585 287
1757503130231 10.727451950966596 288
1757503130291 12.106839517392016 289
1757503130351 13.072859168277297 290
1757503130409 11.116005032141805 291
1757503130471 9.373476658014539 292
1757503130531 10.243827960932816 293
1757503130590 12.716888771035434 294
1757503130650 9.47662034684513 295
1757503130719 14.222830252905261 296
1757503130805 9.718636319377199 297
1757503130866 10.334454942304935 298
1757503130929 10.263782369525718 299
1757503130988 9.9643711338486 300
1757503131048 9.708580926777826 301
1757503131111 16.019506746373683 302
1757503131176 14.920678716044575 303
1757503131236 39.85964341841783 304
1757503131297 12.84882185827337 305
1757503131366 12.832094606872952 306
1757503131425 13.633765845614969 307
1757503131485 13.25758235926049 308
1757503131547 9.599222731836052 309
1757503131607 16.85488605457801 310
1757503131667 9.885919784793614 311
1757503131728 8.457823386641483 312
1757503131788 12.590613233344243 313
1757503131850 11.223674653659266 314
1757503131911 10.300804131459367 315
1757503131973 15.991855463178869 316
1757503132035 11.38753555779123 317
1757503132096 13.353727972014546 318
1757503132159 9.699719959397981 319
1757503132221 12.081645998050545 320
1757503132281 12.905090053349156 321
1757503132354 11.692089173961866 322
1757503132429 9.93476729236176 323
1757503132502 11.726200672232405 324
1757503132573 8.057488480954472 325
1757503132639 12.86168193097079 326
1757503132705 9.102013605954133 327
1757503132769 11.928677073064144 328
1757503132830 39.48458045146958 329
1757503132891 8.14734746960536 330
1757503132950 10.520840495477374 331
1757503133011 9.390490389207702 332
1757503133072 10.693939682321245 333
1757503133142 9.166754880654102 334
1757503133231 9.791864334082893 335
1757503133295 12.257248743340924 336
1757503133361 6.341441395877463 337
1757503133421 9.832523017523227 338
1757503133484 10.146547470063966 339
1757503133544 9.03383925993133 340
1757503133605 10.418819570499176 341
1757503133667 16.10331948338447 342
1757503133731 8.943650588992506 343
1757503133791 9.058099527513232 344
1757503133855 9.876952448989947 345
1757503133918 7.679651540221949 346
1757503133981 10.214589706063009 347
1757503134041 13.277865074466686 348
1757503134104 9.744351459358777 349
1757503134166 8.473537513893751 350
1757503134228 7.245360549674639 351
1757503134290 7.280363457501152 352
1757503134353 9.214769772546305 353
1757503134421 8.522395714219819 354
1757503134481 9.423452899010858 355
1757503134542 9.544135209442674 356
1757503134603 11.25014741274006 357
1757503134664 8.262361028031599 358
1757503134726 10.294226479686175 359
1757503134790 8.046019955315224 360
1757503134854 7.93365000048169 361
1757503134916 8.483661234215134 362
1757503134977 6.9237152155071815 363
1757503135038 12.95837860306125 364
1757503135100 7.681352363768594 365
1757503135161 8.324449306134937 366
1757503135223 10.509460255195133 367
1757503135284 13.185083446531834 368
1757503135348 9.395384516000767 369
1757503135418 8.978877814782006 370
1757503135480 8.619440848518607 371
1757503135542 10.699761834948486 372
1757503135603 9.4117695878666 373
1757503135665 9.40414690773168 374
1757503135726 9.817729021324386 375
1757503135787 7.840030519625648 376
1757503135850 7.811147281431067 377
1757503135911 9.042641201451584 378
1757503135974 7.240099555530066 379
1757503136035 9.728111324392325 380
1757503136097 7.939953897987175 381
1757503136161 6.938640217360465 382
1757503136222 7.947254532759671 383
1757503136286 8.373098822265275 384
1757503136353 9.3290369559469 385
1757503136426 8.09215764379302 386
1757503136488 10.058289540025878 387
1757503136550 10.168805907815699 388
1757503136614 11.892517868154977 389
1757503136676 12.766839099555995 390
1757503136739 11.221253905023618 391
1757503136804 5.696796195840128 392
1757503136867 7.689355993892185 393
1757503136930 9.035042579001917 394
1757503136993 6.97958094974211 395
1757503137057 6.871456347314556 396
1757503137121 9.192415152987351 397
1757503137184 8.450867623411176 398
1757503137253 8.778042822329418 399
1757503137317 8.784094871733684 400
1757503137383 4.889783308780447 401
1757503137454 8.120287840921346 402
1757503137529 7.793181225582009 403
1757503137595 8.825082060752129 404
1757503137655 5.8680082247380225 405
1757503137718 9.442354112361151 406
1757503137781 7.306272902291631 407
1757503137846 10.172680729031404 408
1757503137908 8.177295232962978 409
1757503137973 8.304094148843818 410
1757503138038 8.411982893905348 411
1757503138101 8.109970212412646 412
1757503138163 8.409925982797485 413
1757503138227 7.03922200606474 414
1757503138290 7.234427445399013 415
1757503138353 8.905835101526696 416
1757503138416 7.922217856105147 417
1757503138480 7.862683218910724 418
1757503138543 9.286339983345007 419
1757503138608 7.628657590280059 420
1757503138672 7.924794836595776 421
1757503138735 30.28881848712869 422
1757503138798 7.056818382326341 423
1757503138862 8.11634698526901 424
1757503138925 6.785868008147959 425
1757503139040 5.456681832225294 426
1757503139215 6.587158696712364 427
1757503139345 7.742013431956434 428
1757503139425 8.047257614544044 429
1757503139509 8.935700234702 430
1757503139636 6.452611478266524 431
1757503139722 5.178765876179163 432
1757503139792 7.737116064430911 433
1757503139917 5.840485425219583 434
1757503140009 5.521184747248917 435
1757503140073 7.900681623181834 436
1757503140137 7.094224993709208 437
1757503140201 6.1334826793762005 438
1757503140266 6.443747670794356 439
1757503140330 7.69393493718687 440
1757503140395 6.6635984235385965 441
1757503140462 5.1221537253495555 442
1757503140528 7.501979316793079 443
1757503140591 8.626032292613873 444
1757503140654 5.807578747048204 445
1757503140718 7.004467756189594 446
1757503140781 7.808898584649982 447
1757503140846 6.3821944536774025 448
1757503140910 7.302408508069421 449
1757503140973 8.923935746008489 450
1757503141038 6.757106794335437 451
1757503141101 5.822283385454875 452
1757503141164 7.733339476424549 453
1757503141228 6.547001191654513 454
1757503141292 5.95775109412071 455
1757503141356 6.263928549191779 456
1757503141419 8.625833979405575 457
1757503141493 7.549063436226439 458
1757503141557 5.652242256351352 459
1757503141621 6.082908410362401 460
1757503141685 4.474518846081241 461
1757503141750 6.348267407699003 462
1757503141814 6.1048042756921355 463
1757503141878 6.338279049932668 464
1757503141940 5.154696521818974 465
1757503142004 5.388364935450758 466
1757503142067 6.257053277870254 467
1757503142133 6.702017448155085 468
1757503142196 4.71068293077345 469
1757503142260 7.33145003161067 470
1757503142326 6.259759286259061 471
1757503142389 8.099584811966054 472
1757503142452 6.189154499873448 473
1757503142525 5.499691949377318 474
1757503142590 6.052267854995595 475
1757503142652 7.204832816662615 476
1757503142717 4.700042419320874 477
1757503142781 5.036572917422412 478
1757503142845 6.7700272527735335 479
1757503142908 4.909273121065149 480
1757503142973 6.44744730365435 481
1757503143039 6.918328438714866 482
1757503143104 6.9328342410626105 483
1757503143170 5.781282537401882 484
1757503143234 5.809131406401314 485
1757503143298 5.858900752882502 486
1757503143365 5.770465512080969 487
1757503143453 5.813852574530096 488
1757503143533 5.722717600482126 489
1757503143600 6.162353497587162 490
1757503143664 5.799959646755462 491
1757503143730 7.467700648045836 492
1757503143795 4.859860211284847 493
1757503143858 6.002526031682976 494
1757503143920 6.506157983881701 495
1757503143984 8.257396204578491 496
1757503144047 5.619580291071472 497
1757503144110 25.562441935246994 498
1757503144196 5.502493788310797 499
