1757487595408 33.14993146338804 0
1757487595513 21.40885249029584 1
1757487595598 19.843095873804604 2
1757487595670 11.26522746263538 3
1757487595726 8.98284016361463 4
1757487595805 12.126089465901897 5
1757487595861 7.295617306104108 6
1757487595924 8.758380596791634 7
1757487595995 7.900801440108934 8
1757487596048 3.6078404834089675 9
1757487596101 3.6566421338635084 10
1757487596177 4.126648001781149 11
1757487596297 2.2655025114874987 12
1757487596390 2.197348206386888 13
1757487596441 1.6032108676055266 14
1757487596486 1.8146030827988258 15
1757487596532 1.0292589901103253 16
1757487596580 1.1922896250834483 17
1757487596637 1.2613525162927777 18
1757487596681 0.6844594849466535 19
1757487596726 0.7096804123419492 20
1757487596768 0.5038597162109626 21
1757487596877 0.4932020173002535 22
1757487597004 0.46697561842891655 23
1757487597149 0.9981504920454283 24
1757487597233 0.4962149630094553 25
1757487597288 0.3365564417057712 26
1757487597362 0.3088939308302415 27
1757487597480 0.29729426849550694 28
1757487597570 0.20207348666403288 29
1757487597646 0.24237701058559097 30
1757487597696 0.2241903590790185 31
1757487597741 0.13536060819921583 32
1757487597792 0.1927401645607225 33
1757487597838 0.21362594764583046 34
1757487597882 0.14620753753679475 35
1757487597926 0.20524869736472107 36
1757487597972 0.13910442588444275 37
1757487598017 0.11090740009872412 38
1757487598064 0.11867561349013352 39
1757487598109 0.11761017590878678 40
1757487598155 0.11852794183628249 41
1757487598200 0.13187134636701878 42
1757487598245 0.22776538479648625 43
1757487598290 0.20508403331310976 44
1757487598337 0.11779961076177786 45
1757487598381 0.0930913037692197 46
1757487598422 0.11418840411649214 47
1757487598464 0.10659675620210389 48
1757487598507 0.08506182102237679 49
1757487598552 0.10041725540596554 50
1757487598595 0.11566678536614218 51
1757487598637 0.14872954920286724 52
1757487598689 0.14831176446689073 53
1757487598734 0.09264067555604974 54
1757487598776 0.09010085275097271 55
1757487598820 0.10708480432717236 56
1757487598860 0.13686433598701875 57
1757487598903 0.11029351077492915 58
1757487598946 0.12651929622646896 59
1757487598987 0.09829010285598064 60
1757487599029 0.1346019507621158 61
1757487599073 0.14099749704551898 62
1757487599115 0.08079200015133924 63
1757487599159 0.09830725139282764 64
1757487599202 0.13232579875515235 65
1757487599254 0.10020576961152303 66
1757487599299 0.14413437669311588 67
1757487599346 0.10760070542668845 68
1757487599388 0.08669237318165307 69
1757487599432 0.1285937109773401 70
1757487599474 0.13940304858284905 71
1757487599546 0.11004294610140264 72
1757487599603 0.14132409837808368 73
1757487599659 0.1373169924943415 74
1757487599738 0.10616040223053073 75
1757487599786 0.11031386148457158 76
1757487599833 0.1172270989327068 77
1757487599878 0.10206530605454696 78
1757487599926 0.09553435928279198 79
1757487599970 0.11626912623302006 80
1757487600013 0.11506503912320751 81
1757487600058 0.13039527931812683 82
1757487600101 0.14575251267193154 83
1757487600143 0.13844612297231543 84
1757487600186 0.06916770976266917 85
1757487600230 0.0894136144298522 86
1757487600273 0.1296869213471171 87
1757487600318 0.10203447102510643 88
1757487600362 0.13632806056957703 89
1757487600409 0.1368599389728805 90
1757487600452 0.1300856116195002 91
1757487600494 0.12431160483292729 92
1757487600537 0.13206105634943024 93
1757487600581 0.10841839132306783 94
1757487600623 0.17903070207362756 95
1757487600665 0.07660576677836616 96
1757487600714 0.16988452834848683 97
1757487600759 0.17348155526362985 98
1757487600801 0.10860056585386656 99
1757487600845 0.07372129445276203 100
1757487600888 0.09820505170878456 101
1757487600932 0.10441176479157654 102
1757487600974 0.14145726877868206 103
1757487601017 0.08406146382720572 104
1757487601058 0.11672568695611724 105
1757487601104 0.13739441902969143 106
1757487601147 0.1053482549609567 107
1757487601190 0.09134009860738017 108
1757487601232 0.11818037422816743 109
1757487601275 0.08154152579070088 110
1757487601320 0.13430963730033987 111
1757487601372 0.11317021065778014 112
1757487601418 0.09191368918572791 113
1757487601463 0.12173263297391089 114
1757487601510 0.12820555129587802 115
1757487601555 0.16256112752385365 116
1757487601601 0.05912166685517732 117
1757487601647 0.09639759555153085 118
1757487601696 0.10033340966374817 119
1757487601744 0.10058894043200622 120
1757487601791 0.08609912761830756 121
1757487601839 0.06700655709085412 122
1757487601884 0.10217055222314185 123
1757487601930 0.16286295922665947 124
1757487601974 0.10926347646309709 125
1757487602022 0.14954109683768652 126
1757487602065 0.14771622420816066 127
1757487602109 0.15692378163923684 128
1757487602153 0.08980618046874353 129
1757487602197 0.09565961410749696 130
1757487602241 0.0877241953251285 131
1757487602298 0.11185260333521353 132
1757487602390 0.11063852700718393 133
1757487602466 0.15396453472262286 134
1757487602637 0.1452276244163933 135
1757487602754 0.13542643914804642 136
1757487602885 0.12157134844181425 137
1757487602954 0.10344992678023662 138
1757487603010 0.09316599897129459 139
1757487603098 0.08127794243623783 140
1757487603223 0.1252513673304007 141
1757487603313 0.08241244054918438 142
1757487603416 0.10060857546583206 143
1757487603480 0.1236915649617869 144
1757487603530 0.09703700042321119 145
1757487603582 0.12146191150708531 146
1757487603631 0.12338056725784133 147
1757487603678 0.10974004268437162 148
1757487603726 0.11009688653590727 149
1757487603788 0.1561449938105487 150
1757487603852 0.16843893393635692 151
1757487603931 0.08018155772472665 152
1757487603991 0.11770765779458083 153
1757487604072 0.10721484914427337 154
1757487604135 0.11682580171724737 155
1757487604186 0.09347810135858939 156
1757487604235 0.11699773932319561 157
1757487604283 0.07215908208155093 158
1757487604335 0.06798517549151385 159
1757487604387 0.12055562025389405 160
1757487604437 0.07189983536157157 161
1757487604487 0.0754097192831093 162
1757487604545 0.10218082591301035 163
1757487604594 0.13089971902459968 164
1757487604643 0.14104356753677025 165
1757487604690 0.12807101266460316 166
1757487604750 0.09270462120315871 167
1757487604801 0.0918979664015169 168
1757487604848 0.09429010524588662 169
1757487604898 0.14135941289571383 170
1757487604948 0.07681189357768937 171
1757487605006 0.12663307282068925 172
1757487605055 0.12981738231461723 173
1757487605102 0.08281337452543704 174
1757487605150 0.14520807890956033 175
1757487605196 0.14420160623706257 176
1757487605243 0.13356720417537044 177
1757487605290 0.1339597862379894 178
1757487605341 0.12594969787606655 179
1757487605390 0.12442143120154234 180
1757487605438 0.1060886692402899 181
1757487605486 0.07882014740870366 182
1757487605535 0.10193809271309008 183
1757487605594 0.09160134921733143 184
1757487605656 0.10908477150737368 185
1757487605704 0.1035857193518529 186
1757487605754 0.09413427338200331 187
1757487605816 0.10132709135928258 188
1757487605866 0.07944884404364078 189
1757487605914 0.12638582872787013 190
1757487605967 0.06679417347556632 191
1757487606014 0.08006403778689325 192
1757487606063 0.14866022411440932 193
1757487606110 0.13103739127477843 194
1757487606159 0.1411801827793302 195
1757487606206 0.14445411707597636 196
1757487606253 0.10021317114241485 197
1757487606298 0.11542056072372814 198
1757487606345 0.09910298520864436 199
1757487606392 0.11334662957909838 200
1757487606440 0.10289651068047394 201
1757487606486 0.09264772818327924 202
1757487606534 0.09836961044124029 203
1757487606583 0.16824441861121148 204
1757487606631 0.10481909189281417 205
1757487606678 0.05293763374227468 206
1757487606726 0.12291153908780211 207
1757487606774 0.11321696683725513 208
1757487606832 0.07256338865850222 209
1757487606883 0.13712338163462787 210
1757487606929 0.16577347902508086 211
1757487606976 0.13067718825518654 212
1757487607027 0.13054345662014413 213
1757487607075 0.13926207694271076 214
1757487607121 0.12660023658984643 215
1757487607168 0.06314149841914188 216
1757487607216 0.09068955649110878 217
1757487607265 0.14513144688081892 218
1757487607313 0.15308008213072938 219
1757487607362 0.1496857810994846 220
1757487607411 0.1757197957938247 221
1757487607458 0.07879889035035054 222
1757487607504 0.10860164427029838 223
1757487607551 0.11327204285998088 224
1757487607597 0.10828022250273747 225
1757487607644 0.10620050948222186 226
1757487607690 0.0818294577238581 227
1757487607737 0.12019172735793457 228
1757487607785 0.11070875150103786 229
1757487607843 0.08136097854713478 230
1757487607892 0.13180652908191656 231
1757487607940 0.1217700770063273 232
1757487607987 0.10894840680428579 233
1757487608034 0.09232049170797682 234
1757487608091 0.07975044111614159 235
1757487608140 0.10634860408187426 236
1757487608194 0.12273933880069927 237
1757487608259 0.0931825491695077 238
1757487608314 0.1827082568045133 239
1757487608385 0.10767947012724642 240
1757487608440 0.08731377995158864 241
1757487608548 0.07650054062451903 242
1757487608704 0.0783388140554265 243
1757487608799 0.21760203849095774 244
1757487608876 0.12265461264072056 245
1757487609008 0.08735608478629794 246
1757487609113 0.12961633548529833 247
1757487609177 0.1130097135159934 248
1757487609231 0.14555179823368136 249
1757487609283 0.1286096575583401 250
1757487609335 0.14992275644195263 251
1757487609386 0.1095270977439882 252
1757487609439 0.13362852248415533 253
1757487609490 0.11430759721209027 254
1757487609539 0.10630845976378503 255
1757487609589 0.07751140091964073 256
1757487609637 0.1025364665850873 257
1757487609687 0.07299933903398124 258
1757487609737 0.08997098410231727 259
1757487609786 0.1230239143069062 260
1757487609835 0.07205297480449091 261
1757487609894 0.11932063556022751 262
1757487609945 0.09303390226063997 263
1757487609996 0.11985682391238836 264
1757487610057 0.10679204064123002 265
1757487610143 0.07373105764833693 266
1757487610206 0.09571843706332879 267
1757487610270 0.09876428168066495 268
1757487610322 0.08884279678990675 269
1757487610373 0.13721357459796524 270
1757487610425 0.06940151883761547 271
1757487610475 0.08937058940677504 272
1757487610526 0.08324594972318218 273
1757487610576 0.1186643997583999 274
1757487610625 0.15727670217826906 275
1757487610674 0.09125532408201693 276
1757487610726 0.11764975525937185 277
1757487610778 0.06657699073856393 278
1757487610828 0.10607943260014863 279
1757487610888 0.1300481630153441 280
1757487610940 0.10654016687345079 281
1757487610992 0.09578266459249628 282
1757487611040 0.14590005867249292 283
1757487611090 0.10715878958381139 284
1757487611138 0.12426636669625074 285
1757487611186 0.11665017391714234 286
1757487611235 0.10605280173782182 287
1757487611284 0.07771529278563413 288
1757487611333 0.07444606801493749 289
1757487611381 0.0914190029023426 290
1757487611431 0.12626268479265293 291
1757487611481 0.11093092669611415 292
1757487611530 0.09256363895521211 293
1757487611580 0.15315443765528328 294
1757487611629 0.08116434204380271 295
1757487611680 0.12199292368126628 296
1757487611728 0.1279474997243297 297
1757487611776 0.12826698932904582 298
1757487611824 0.13155764906021536 299
1757487611874 0.13698510770122907 300
1757487611931 0.12197609586483182 301
1757487611980 0.13546143097382826 302
1757487612034 0.10521899814208323 303
1757487612088 0.11195455650728557 304
1757487612137 0.11878004494478882 305
1757487612186 0.08529695801548504 306
1757487612237 0.11104911181020634 307
1757487612288 0.10817650515254358 308
1757487612337 0.08985228074382516 309
1757487612387 0.120261574203155 310
1757487612449 0.10969147547978614 311
1757487612513 0.0849941343352243 312
1757487612570 0.12983306285381108 313
1757487612641 0.08668509337331455 314
1757487612725 0.12371365078870404 315
1757487612777 0.1266477239399714 316
1757487612829 0.08609184684080436 317
1757487612882 0.10340151162719972 318
1757487612944 0.0962102237027528 319
1757487612997 0.0765834140030854 320
1757487613049 0.13219066828347595 321
1757487613099 0.17051252834620673 322
1757487613147 0.12178772628346124 323
1757487613197 0.12875821721944053 324
1757487613246 0.07980334682825362 325
1757487613296 0.11276698622900827 326
1757487613344 0.14840681686842166 327
1757487613393 0.10600778162262289 328
1757487613444 0.08646174436477036 329
1757487613493 0.14246882405208902 330
1757487613543 0.10658569675566733 331
1757487613592 0.14112740497338502 332
1757487613642 0.11788380317372954 333
1757487613696 0.09496813381930126 334
1757487613745 0.08178603543399046 335
1757487613795 0.08615126018147248 336
1757487613844 0.10641472377534185 337
1757487613892 0.1290513810697661 338
1757487613952 0.09631895846269078 339
1757487614004 0.13447312217236299 340
1757487614053 0.1290415601698647 341
1757487614103 0.10364340221822049 342
1757487614151 0.14678122522228265 343
1757487614205 0.11959689508157319 344
1757487614254 0.1041702068400163 345
1757487614302 0.16455269082118773 346
1757487614351 0.11153287709962988 347
1757487614402 0.1057928625947909 348
1757487614516 0.10739480274093496 349
1757487614621 0.10704417143237546 350
1757487614729 0.06963760576978227 351
1757487614798 0.08972297918498155 352
1757487614865 0.10649581325388134 353
1757487614986 0.09266299415819042 354
1757487615095 0.06738919181664713 355
1757487615156 0.11341832819746418 356
1757487615210 0.11883510440293986 357
1757487615263 0.10092175289440125 358
1757487615314 0.11981079207546996 359
1757487615367 0.12292567521251811 360
1757487615419 0.09914821596185033 361
1757487615472 0.09348246812788207 362
1757487615524 0.13509847932642158 363
1757487615576 0.11846640266963171 364
1757487615626 0.10373115324250765 365
1757487615675 0.11446343700814168 366
1757487615725 0.10756190106788709 367
1757487615775 0.10506791817812218 368
1757487615827 0.12003666243319361 369
1757487615877 0.0999447141463563 370
1757487615927 0.11286446856908441 371
1757487615988 0.09553028947257916 372
1757487616039 0.0955412952907129 373
1757487616089 0.1305028163797053 374
1757487616139 0.07514213838625344 375
1757487616190 0.10643763469523015 376
1757487616240 0.11619934857176771 377
1757487616291 0.21177262258825233 378
1757487616340 0.10147149369358846 379
1757487616391 0.13404681827945963 380
1757487616441 0.08361506397547411 381
1757487616490 0.08281550785622988 382
1757487616540 0.1002988575467 383
1757487616591 0.08155673092144469 384
1757487616641 0.07372276520902218 385
1757487616691 0.11805945068788802 386
1757487616740 0.09852780049039303 387
1757487616814 0.08005698277769512 388
1757487616869 0.08465493203912179 389
1757487616931 0.16392943003305346 390
1757487617014 0.10494913040663201 391
1757487617067 0.09213306818091892 392
1757487617119 0.16551762533014042 393
1757487617172 0.1263987671505345 394
1757487617225 0.09811297008450856 395
1757487617279 0.10884697249035948 396
1757487617331 0.11227282494029556 397
1757487617382 0.09026584501916221 398
1757487617432 0.0852641543296606 399
1757487617483 0.07117770383021292 400
1757487617534 0.12590948748272948 401
1757487617588 0.08104005042205788 402
1757487617638 0.06634887815072987 403
1757487617688 0.20668694706978077 404
1757487617738 0.07346286356604097 405
1757487617790 0.06715790941063149 406
1757487617841 0.15663623529083112 407
1757487617892 0.11250340237951881 408
1757487617944 0.09526931750381196 409
1757487617998 0.11859914528566977 410
1757487618051 0.13973430407553186 411
1757487618101 0.14695018090149684 412
1757487618153 0.12628060874648953 413
1757487618205 0.08637588034980478 414
1757487618256 0.10252796014114736 415
1757487618308 0.09332569183501231 416
1757487618361 0.14010020421181635 417
1757487618412 0.164626849240003 418
1757487618462 0.08620434259849674 419
1757487618515 0.11506999745064447 420
1757487618567 0.23964740271236024 421
1757487618619 0.13541926911634627 422
1757487618699 0.11269635463411443 423
1757487618783 0.15190600645469002 424
1757487618846 0.06381671685479365 425
1757487618907 0.09806890994798467 426
1757487618963 0.07659515500275489 427
1757487619030 0.20167222425591455 428
1757487619084 0.09670122675504327 429
1757487619137 0.12500697372347097 430
1757487619191 0.07468611295451753 431
1757487619243 0.12114946451973801 432
1757487619296 0.1132881810478668 433
1757487619348 0.11705995497343817 434
1757487619401 0.11598379129409782 435
1757487619455 0.07264958286713463 436
1757487619508 0.13072624534645536 437
1757487619562 0.05374733573051062 438
1757487619614 0.11487533167370939 439
1757487619669 0.13690234406301124 440
1757487619723 0.09127266170998656 441
1757487619775 0.15147096102217905 442
1757487619829 0.07235543228276357 443
1757487619882 0.1539189210929103 444
1757487619934 0.09459895884108054 445
1757487619987 0.07572814167536711 446
1757487620053 0.09860743758773807 447
1757487620134 0.12417363342006342 448
1757487620261 0.12692812210016308 449
1757487620371 0.15402025782261447 450
1757487620459 0.12190182079331066 451
1757487620536 0.13268247145931206 452
1757487620636 0.1239896564503484 453
1757487620771 0.11802622310231646 454
1757487620851 0.09583927810401362 455
1757487620911 0.08189301878889725 456
1757487620969 0.17626836161405815 457
1757487621026 0.07810680052589099 458
1757487621120 0.142372505961143 459
1757487621179 0.1267583640291935 460
1757487621269 0.08111664036196342 461
1757487621341 0.12108663986761611 462
1757487621400 0.13176114045115073 463
1757487621457 0.0860646350581037 464
1757487621515 0.1141857823893716 465
1757487621574 0.16977764944571008 466
1757487621632 0.12835053869292726 467
1757487621687 0.14101519305069488 468
1757487621742 0.08759618093461513 469
1757487621797 0.08478811880341687 470
1757487621852 0.08472694566984422 471
1757487621912 0.20918860351094254 472
1757487621973 0.09817353234944019 473
1757487622029 0.13685802819915582 474
1757487622101 0.07193348069972176 475
1757487622163 0.12094183404762653 476
1757487622222 0.10281433637300354 477
1757487622279 0.12392824521633455 478
1757487622335 0.1288444339397536 479
1757487622395 0.10288672546917751 480
1757487622451 0.10841937172333745 481
1757487622507 0.15267132272807163 482
1757487622565 0.12007332540093346 483
1757487622622 0.13010627793639656 484
1757487622679 0.08178239060952941 485
1757487622735 0.08706697192728682 486
1757487622791 0.14265053541736827 487
1757487622848 0.07584000611115471 488
1757487622907 0.20307055871090873 489
1757487622965 0.08419496155488541 490
1757487623023 0.14403580219995457 491
1757487623081 0.06711110087441344 492
1757487623144 0.08799705004623389 493
1757487623200 0.15126563009462243 494
1757487623257 0.10521672310397112 495
1757487623312 0.14151192099157206 496
1757487623371 0.17946547508065486 497
1757487623430 0.07472975529538603 498
1757487623489 0.13803529401153575 499
