1757495795115 253.62657835984933 0
1757495795197 204.7469746364553 1
1757495795293 203.5381359053163 2
1757495795383 193.40157696798738 3
1757495795468 148.53036747958464 4
1757495795564 218.83425720752984 5
1757495795698 135.3974653607113 6
1757495795797 178.63145377920142 7
1757495795891 178.36902736244969 8
1757495796007 160.34462302924675 9
1757495796130 116.65611404568962 10
1757495796224 208.97485734962734 11
1757495796324 159.10304194987572 12
1757495796425 189.47730403841555 13
1757495796519 163.01140476263149 14
1757495796682 100.66306718835308 15
1757495796874 172.15069935685898 16
1757495796987 193.57003141867918 17
1757495797107 193.99501428509345 18
1757495797251 149.06697115804337 19
1757495797378 154.94278935514737 20
1757495797494 182.09348160219352 21
1757495797604 289.9500652297076 22
1757495797713 165.24193884684558 23
1757495797818 159.54992328491463 24
1757495797926 221.08172358527042 25
1757495798039 155.28603244686803 26
1757495798143 150.249494714054 27
1757495798234 143.7529472357844 28
1757495798327 198.15438735971924 29
1757495798420 117.32727085432555 30
1757495798532 187.944748047728 31
1757495798662 190.1675958626493 32
1757495798784 238.22423849871208 33
1757495798900 155.48558480106877 34
1757495799009 128.2113034814341 35
1757495799114 206.72764477857953 36
1757495799216 203.7068761732513 37
1757495799317 185.26202383655854 38
1757495799421 141.5373640625949 39
1757495799537 164.84849933484415 40
1757495799639 130.55169034027645 41
1757495799743 214.87428980166462 42
1757495799853 87.35091365313467 43
1757495799962 140.79923347448107 44
1757495800057 219.46571198198131 45
1757495800152 203.10181522009893 46
1757495800249 110.36824436519821 47
1757495800339 149.32440972902072 48
1757495800423 157.51462623049142 49
1757495800513 141.43920327913048 50
1757495800623 150.42474348951782 51
1757495800794 109.24738085837993 52
1757495800944 154.38673227991902 53
1757495801147 130.43671898990743 54
1757495801263 125.85551653561636 55
1757495801481 219.59250747262445 56
1757495801644 232.7993143404154 57
1757495801826 277.650867276304 58
1757495801920 177.68390286155886 59
1757495802015 169.01688744179745 60
1757495802110 172.25122842273203 61
1757495802200 157.49724330829653 62
1757495802292 152.3848485584168 63
1757495802380 176.02680355746318 64
1757495802467 196.21424179198272 65
1757495802553 140.08249544052538 66
1757495802647 185.4903275162062 67
1757495802735 166.26760643946275 68
1757495802822 194.6186487651966 69
1757495802929 168.7800156675138 70
1757495803035 195.84621133727185 71
1757495803145 175.4925063458185 72
1757495803249 132.73198766275837 73
1757495803351 198.55813309081796 74
1757495803445 143.06342288236468 75
1757495803589 136.01788237149356 76
1757495803711 223.3402010246989 77
1757495803821 253.29127718520814 78
1757495803929 138.64813488781917 79
1757495804082 245.49284606874508 80
1757495804210 150.4383462810301 81
1757495804324 200.42601489894207 82
1757495804443 297.04502036726655 83
1757495804591 177.45307241442444 84
1757495804790 160.38495114532114 85
1757495805002 189.7463253740551 86
1757495805128 213.76091505874342 87
1757495805259 218.87671829389268 88
1757495805381 210.2918275795555 89
1757495805504 194.91318742096448 90
1757495805621 187.20395005912502 91
1757495805756 167.08852298690053 92
1757495805871 279.518062211174 93
1757495805983 179.88336444695813 94
1757495806117 119.44298755793628 95
1757495806228 148.88028503146413 96
1757495806323 199.99857648517153 97
1757495806419 216.51434017786465 98
1757495806516 163.33736341343672 99
1757495806611 146.30600192025787 100
1757495806705 189.96078240870142 101
1757495806797 116.2656131047119 102
1757495806897 149.3272128077079 103
1757495806986 193.83963506423802 104
1757495807089 162.50354121859309 105
1757495807189 139.3929072795291 106
1757495807280 166.44513024869548 107
1757495807369 153.49482406304338 108
1757495807459 188.88131337873813 109
1757495807547 132.16594411305294 110
1757495807638 203.9796353285487 111
1757495807721 154.62904395970048 112
1757495807837 181.83885767006055 113
1757495807928 154.6555156701905 114
1757495808013 156.4955703294395 115
1757495808117 187.48089791954243 116
1757495808208 121.88782445048804 117
1757495808302 139.41255248347213 118
1757495808386 170.30573860044868 119
1757495808472 172.61622719305618 120
1757495808566 228.33061170452862 121
1757495808664 193.36550895079256 122
1757495808761 235.3176397536388 123
1757495808855 133.1201724352448 124
1757495808953 199.00456054501905 125
1757495809045 136.90347607352786 126
1757495809144 160.37690369217367 127
1757495809238 239.4195834393649 128
1757495809329 219.67590257218745 129
1757495809417 231.26604240520467 130
1757495809504 247.95804749655275 131
1757495809590 137.13470769708184 132
1757495809708 184.8843001881286 133
1757495809881 241.7899016567622 134
1757495810032 206.19808883605208 135
1757495810150 169.13793448278162 136
1757495810389 41.23697205004519 137
1757495810580 204.14441501196637 138
1757495810705 177.6880387512318 139
1757495810836 240.57317119140743 140
1757495810958 175.03154141384275 141
1757495811072 229.15221998133484 142
1757495811179 141.41349208188728 143
1757495811282 173.25206791151925 144
1757495811375 174.35015070718367 145
1757495811493 265.5930218104187 146
1757495811641 150.74738206185532 147
1757495811748 155.9169623300502 148
1757495811861 142.28792789623037 149
1757495811993 156.2490308228356 150
1757495812092 167.57235231445722 151
1757495812202 194.61473425343695 152
1757495812299 159.29910319708233 153
1757495812393 266.4897848166996 154
1757495812488 118.88371061016852 155
1757495812581 139.77689838476286 156
1757495812681 149.48469272167 157
1757495812776 173.76964381187872 158
1757495812872 130.6403483689446 159
1757495812967 167.8943191292663 160
1757495813060 238.8834270733878 161
1757495813157 195.4196235637731 162
1757495813249 197.72180056817 163
1757495813341 184.76216336768482 164
1757495813448 122.98701501971654 165
1757495813545 186.8727133127298 166
1757495813639 114.70247924466798 167
1757495813732 104.80444143608749 168
1757495813825 196.92422633217652 169
1757495813914 188.76612966406256 170
1757495814004 183.80882779814792 171
1757495814095 185.96276774076313 172
1757495814198 209.80674128888012 173
1757495814289 111.06869485908643 174
1757495814381 243.31374018336277 175
1757495814470 152.8222403948039 176
1757495814556 185.32813940998795 177
1757495814646 156.7608969238897 178
1757495814731 162.2364518327373 179
1757495814832 158.96020736850272 180
1757495814940 254.8075152569501 181
1757495815052 154.6272788444 182
1757495815164 196.15300981559292 183
1757495815281 145.34832892507168 184
1757495815383 100.22408562663126 185
1757495815487 130.41710935349883 186
1757495815582 163.79181247945672 187
1757495815674 143.56143382040958 188
1757495815768 213.8729783427372 189
1757495815862 115.2006234210013 190
1757495815953 258.665219390551 191
1757495816045 188.45484987069818 192
1757495816136 217.03092344648002 193
1757495816229 310.85801095656865 194
1757495816319 170.41030430588464 195
1757495816413 218.379000188191 196
1757495816497 139.00795320324812 197
1757495816588 225.47316140944625 198
1757495816677 173.35701302688494 199
1757495816770 206.57378054465644 200
1757495816858 144.7993948997161 201
1757495816949 237.95185944688149 202
1757495817038 173.09901968591066 203
1757495817125 83.29644978984665 204
1757495817208 46.74802642501656 205
1757495817302 129.81315159423264 206
1757495817388 211.16127710835266 207
1757495817479 127.33097617079588 208
1757495817585 210.2597076335263 209
1757495817774 179.70244385436834 210
1757495817961 300.2919853341148 211
1757495818129 136.814619363679 212
1757495818251 127.44741219190892 213
1757495818389 159.77153976988282 214
1757495818510 199.07204603805462 215
1757495818640 81.24706609744462 216
1757495818764 190.36255145027636 217
1757495818916 240.84693920125235 218
1757495819039 152.3902480442606 219
1757495819160 200.86761153878396 220
1757495819293 86.99894670295583 221
1757495819467 178.43653417663802 222
1757495819633 201.25869442490406 223
1757495819791 191.3489291545777 224
1757495819980 111.97876691636567 225
1757495820114 71.37734739510981 226
1757495820336 125.61904100910958 227
1757495820520 229.53972008267533 228
1757495820663 157.09972106085218 229
1757495820805 154.26868673726293 230
1757495820946 189.494589148291 231
1757495821071 207.73089187708243 232
1757495821228 156.13777665967805 233
1757495821388 113.1405962572663 234
1757495821529 176.1133460068824 235
1757495821689 201.7949647021948 236
1757495821836 209.52620420885083 237
1757495821982 121.32763193707827 238
1757495822117 140.75495673146364 239
1757495822258 196.4584664533977 240
1757495822401 150.49403851579802 241
1757495822545 138.40519583368228 242
1757495822682 46.55362976975079 243
1757495822821 167.33933840337815 244
1757495822960 275.3069439987967 245
1757495823113 165.5952181073525 246
1757495823230 161.48274936462423 247
1757495823362 184.75606332467416 248
1757495823505 182.55393114403088 249
1757495823640 154.65339328606717 250
1757495823768 131.6654033250109 251
1757495823906 167.64211810144113 252
1757495824001 157.67091426138657 253
1757495824096 172.27483127819758 254
1757495824187 85.58946881076946 255
1757495824277 396.08931268918445 256
1757495824366 151.77764251880942 257
1757495824465 137.43490155296138 258
1757495824555 227.79101865438605 259
1757495824645 165.51272793696856 260
1757495824736 244.98024908212682 261
1757495824828 148.00138367726248 262
1757495824917 290.91549298290215 263
1757495825004 271.9083216926561 264
1757495825092 83.68930734351001 265
1757495825182 128.88709333606806 266
1757495825270 219.48433412602563 267
1757495825357 198.4151951595958 268
1757495825452 217.2892642373383 269
1757495825544 194.55226650308396 270
1757495825635 158.8787211526417 271
1757495825722 163.17027386335658 272
1757495825820 177.98152427241152 273
1757495825918 138.7251033151134 274
1757495826014 189.93089352308436 275
1757495826108 207.04079983082949 276
1757495826197 149.2108079997688 277
1757495826286 236.49367282513725 278
1757495826374 153.11468501029864 279
1757495826473 118.92796763170529 280
1757495826559 184.14436193936993 281
1757495826711 246.41123517973014 282
1757495826887 142.20951471839794 283
1757495827108 149.57049012945475 284
1757495827216 128.42870336536558 285
1757495827426 256.7207508729778 286
1757495827578 192.29408749084266 287
1757495827697 129.88364997260229 288
1757495827852 143.18807395386614 289
1757495828004 175.83310968394278 290
1757495828114 192.27764935742007 291
1757495828223 133.2207401290101 292
1757495828324 181.12697216252036 293
1757495828427 200.50991399779542 294
1757495828540 174.84070911175274 295
1757495828644 174.74770553074038 296
1757495828741 160.36321033666795 297
1757495828837 154.5303003716542 298
1757495828927 302.6828060096253 299
1757495829020 160.53106329139493 300
1757495829105 162.1552532815959 301
1757495829198 88.44945856289512 302
1757495829288 205.2508399205586 303
1757495829383 106.51069087857948 304
1757495829475 179.19792613074264 305
1757495829574 198.74092076368913 306
1757495829679 223.64148580057514 307
1757495829771 57.52019629872554 308
1757495829863 137.7724967245273 309
1757495829951 180.89759996958767 310
1757495830043 139.42209633328085 311
1757495830134 247.90517400360895 312
1757495830230 141.63026089595184 313
1757495830321 168.74689538749251 314
1757495830408 109.37360519742712 315
1757495830501 183.3295919125699 316
1757495830591 193.43435286060904 317
1757495830680 176.03691019599864 318
1757495830768 155.3039381770711 319
1757495830858 179.93511963429188 320
1757495830945 187.51753887915248 321
1757495831035 103.39140868995361 322
1757495831122 195.43967147525856 323
1757495831210 145.56275383782912 324
1757495831295 114.54184970556707 325
1757495831382 143.0931040322321 326
1757495831471 168.00478624221077 327
1757495831566 128.32318347155197 328
1757495831655 189.99350021287142 329
1757495831744 137.06512741792142 330
1757495831834 67.77884184543073 331
1757495831922 214.3452314730927 332
1757495832012 96.765232600456 333
1757495832102 270.48076506681235 334
1757495832190 187.01148447367706 335
1757495832278 159.16396990933558 336
1757495832372 169.88051358310662 337
1757495832461 179.72750561578752 338
1757495832545 284.65509371790995 339
1757495832635 221.34342324112157 340
1757495832724 164.12655620020027 341
1757495832814 160.12236317919778 342
1757495832904 158.53915015593154 343
1757495832992 97.22694196767571 344
1757495833083 189.49566908720524 345
1757495833172 121.23641473769668 346
1757495833260 214.04431838698676 347
1757495833349 205.95252816141522 348
1757495833440 197.1674522833386 349
1757495833528 70.69490419773958 350
1757495833628 97.73620341405211 351
1757495833717 135.29765994574706 352
1757495833805 171.4898718905873 353
1757495833894 224.8323892830495 354
1757495833985 153.11633909028754 355
1757495834071 205.5613808614501 356
1757495834159 201.1085894279939 357
1757495834247 194.9008458606769 358
1757495834337 141.1125514501977 359
1757495834429 158.71046957536205 360
1757495834606 171.37814289975412 361
1757495834765 95.76371678052979 362
1757495834863 153.28155990431068 363
1757495835008 129.37560242878675 364
1757495835157 136.74375484948783 365
1757495835264 365.9008437200552 366
1757495835374 174.2885305927084 367
1757495835475 182.18460071364078 368
1757495835582 181.61287175101253 369
1757495835703 93.97213066514092 370
1757495835831 174.43051383352187 371
1757495835939 139.19135245857873 372
1757495836048 182.78225678498896 373
1757495836143 110.81802896084842 374
1757495836246 198.22722007676055 375
1757495836346 82.39857016099252 376
1757495836452 257.3267605533519 377
1757495836554 186.42727493427765 378
1757495836662 159.2635677034116 379
1757495836758 169.64878226608678 380
1757495836856 130.1788548715971 381
1757495836953 157.3010405436627 382
1757495837119 167.8845660897942 383
1757495837258 108.95668394159729 384
1757495837359 154.92270070832527 385
1757495837453 178.19846280110247 386
1757495837553 125.611040182533 387
1757495837663 176.78326060940938 388
1757495837761 168.43058876475934 389
1757495837856 217.18179506919716 390
1757495837950 111.60318581151972 391
1757495838038 258.67659746998305 392
1757495838133 152.00299088166054 393
1757495838226 153.1403254995959 394
1757495838320 233.94884021112432 395
1757495838414 319.52644798688993 396
1757495838513 148.75011142078455 397
1757495838605 80.15492061086798 398
1757495838707 262.30348663633436 399
1757495838864 108.46511845135929 400
1757495838967 179.26270115174032 401
1757495839059 206.15889532692592 402
1757495839153 198.53325339661416 403
1757495839246 181.12178123659118 404
1757495839413 90.06043159301696 405
1757495839587 159.90344331446593 406
1757495839762 216.6732910510025 407
1757495839880 150.994390850839 408
1757495839985 195.00675644338727 409
1757495840083 202.61107107656835 410
1757495840180 114.32148710400782 411
1757495840284 168.76875297670088 412
1757495840375 168.30906429277542 413
1757495840470 240.33976453946804 414
1757495840577 145.83076584823777 415
1757495840682 186.46794672737198 416
1757495840784 215.47524804486952 417
1757495840880 115.6224221463381 418
1757495840976 165.44150551465736 419
1757495841073 176.64854507413986 420
1757495841171 210.36510379216185 421
1757495841266 212.8675102161238 422
1757495841358 119.26477571483461 423
1757495841464 131.9747920935979 424
1757495841569 115.9942350511938 425
1757495841665 169.03536349780123 426
1757495841768 252.1505241805322 427
1757495841865 122.85994999347677 428
1757495841961 115.5829311872956 429
1757495842057 106.46674650932883 430
1757495842154 138.99608691827257 431
1757495842258 155.87059842863695 432
1757495842351 124.18573037132458 433
1757495842441 138.6001802704495 434
1757495842538 163.79660373251758 435
1757495842629 162.8613147894225 436
1757495842794 269.3433177843652 437
1757495842977 105.0879670678567 438
1757495843202 207.11219215226603 439
1757495843389 204.56425334841668 440
1757495843547 176.54140963725595 441
1757495843750 200.70400351261762 442
1757495843952 110.20470651392644 443
1757495844167 205.68450248805743 444
1757495844383 121.8291011234711 445
1757495844522 131.38571012422747 446
1757495844643 156.19782848829664 447
1757495844751 144.43277396318354 448
1757495844862 170.63354252173934 449
1757495844976 195.450093898745 450
1757495845081 183.1907129088382 451
1757495845180 181.64881687726603 452
1757495845285 167.07874857351104 453
1757495845381 226.53589927920163 454
1757495845481 118.18464708386966 455
1757495845580 111.14798790336482 456
1757495845678 133.02689374702675 457
1757495845778 198.3763037220266 458
1757495845871 140.85340320482277 459
1757495845968 163.1756303393832 460
1757495846061 186.61810108089222 461
1757495846163 239.63536971291748 462
1757495846260 160.48893555531768 463
1757495846359 184.23940575120727 464
1757495846452 167.83844098275512 465
1757495846545 165.21172488995657 466
1757495846639 166.14240215200164 467
1757495846727 150.3367226258734 468
1757495846819 190.10884738081455 469
1757495846914 195.66752285292137 470
1757495847006 158.20538029482074 471
1757495847101 137.3390066768202 472
1757495847193 187.4852992353574 473
1757495847283 200.9095692658879 474
1757495847379 150.93577117336974 475
1757495847474 135.10279346749545 476
1757495847570 180.23819011468638 477
1757495847665 212.30815896386508 478
1757495847759 147.8337597686062 479
1757495847851 160.04375566670922 480
1757495847957 180.7007856749966 481
1757495848053 205.9948214432031 482
1757495848158 152.2836387661954 483
1757495848254 205.26925869166854 484
1757495848348 135.683641381129 485
1757495848450 164.25424879899344 486
1757495848561 213.94605916405038 487
1757495848663 153.08714201717623 488
1757495848761 134.98895146948695 489
1757495848867 173.16881312841767 490
1757495848978 117.12314276168975 491
1757495849075 175.82320758020407 492
1757495849181 145.58412243235676 493
1757495849284 172.33774122843542 494
1757495849390 165.67306567209044 495
1757495849488 151.92623927742838 496
1757495849585 139.6575428337317 497
1757495849677 98.04505470768184 498
1757495849774 195.80237179614363 499
