1757424399133 168.82873598878226 0
1757424399158 168.77537079281 1
1757424399182 168.75717854423047 2
1757424399206 168.73928613325032 3
1757424399232 168.72337791491677 4
1757424399260 168.7091396409775 5
1757424399286 168.6963982426233 6
1757424399312 168.684993111424 7
1757424399338 168.67478154083503 8
1757424399364 168.66563631846068 9
1757424399388 168.65744403820608 10
1757424399411 168.65010357390454 11
1757424399440 168.64352472617125 12
1757424399464 168.63762702077395 13
1757424399488 168.63233864140253 14
1757424399511 168.6275954815571 15
1757424399535 168.62334030204724 16
1757424399558 168.6195219821467 17
1757424399582 168.61609485382354 18
1757424399607 168.61301810967743 19
1757424399630 168.610255276289 20
1757424399655 168.60777374563426 21
1757424399679 168.60554435805471 22
1757424399704 168.6035410310146 23
1757424399727 168.60174042853393 24
1757424399751 168.60012166676339 25
1757424399777 168.59866605168295 26
1757424399803 168.59735684535795 27
1757424399827 168.59617905759043 28
1757424399854 168.5951192601585 29
1757424399879 168.59416542115187 30
1757424399905 168.5933067571922 31
1757424399930 168.59253360157294 32
1757424399957 168.59183728657362 33
1757424399985 168.59121003839857 34
1757424400011 168.59064488336142 35
1757424400036 168.5901355640905 36
1757424400061 168.58967646466564 37
1757424400096 168.58926254371823 38
1757424400122 168.58888927463124 39
