1757428113695 163.82569773490218 0
1757428113754 151.48788621285982 1
1757428113808 145.6464056422466 2
1757428113845 140.0102271493785 3
1757428113886 134.5763585124631 4
1757428113917 129.34106936214192 5
1757428113949 124.30105698123243 6
1757428113981 119.45349754916003 7
1757428114015 114.79595851309695 8
1757428114052 110.3263488203908 9
1757428114084 106.04287251803271 10
1757428114117 101.94398881457374 11
1757428114153 98.02837739911763 12
1757428114184 94.29490836517354 13
1757428114215 90.74261613418378 14
1757428114247 87.3706768553835 15
1757428114278 84.18889947844623 16
1757428114327 81.19428522033355 17
1757428114366 78.38579151175205 18
1757428114413 75.77681799194134 19
1757428114450 73.27715247648489 20
1757428114484 70.88620738392882 21
1757428114517 68.59652818639023 22
1757428114547 66.40470629830666 23
1757428114579 64.31022364824983 24
1757428114612 62.3171137928409 25
1757428114643 60.42649308280636 26
1757428114674 58.63335178592962 27
1757428114705 56.937069693754985 28
1757428114736 55.33603822075463 29
1757428114768 53.829361360919755 30
1757428114799 52.41584652023198 31
1757428114831 51.118962278053736 32
1757428114863 49.90671981622788 33
1757428114894 48.76262807790993 34
1757428114925 47.68189389943463 35
1757428114956 46.67501187018106 36
1757428114988 45.72927179112351 37
1757428115024 44.82556325929157 38
1757428115058 43.95941112721436 39
1757428115091 43.126300563354576 40
1757428115125 42.32315435393826 41
1757428115162 41.54765645174155 42
1757428115197 40.798062445401335 43
1757428115231 40.073031463716575 44
1757428115262 39.3715078890844 45
1757428115295 38.692644534223774 46
1757428115328 38.03574452527528 47
1757428115360 37.40022370900987 48
1757428115402 36.78558200176485 49
1757428115436 36.191384588605914 50
1757428115469 35.61724746348016 51
1757428115502 35.062827720857 52
1757428115537 34.527815973108126 53
1757428115569 34.01193107880741 54
1757428115602 33.51491592895188 55
1757428115635 33.05044010854031 56
1757428115667 32.61104377048925 57
1757428115698 32.19048469695516 58
1757428115753 31.78667924022304 59
1757428115835 31.397370927513936 60
1757428115871 31.020827890450917 61
1757428115905 30.655416014268393 62
1757428115939 30.29983770218537 63
1757428115971 29.952896799741257 64
1757428116005 29.613623304086502 65
1757428116040 29.281139178931586 66
1757428116129 28.95472106703633 67
1757428116292 28.63372323329974 68
1757428116379 28.31760755182067 69
1757428116454 28.00589863341994 70
1757428116521 27.698197052643973 71
1757428116607 27.39415270759205 72
1757428116671 27.09346975142386 73
1757428116747 26.795890407642805 74
1757428116804 26.50119599690466 75
1757428116868 26.209196851914886 76
1757428116952 25.919731663183743 77
1757428117034 25.63266102845691 78
1757428117102 25.34786620664028 79
1757428117161 25.06524488591718 80
1757428117213 24.784709851412572 81
1757428117266 24.506186143390597 82
1757428117334 24.229609850775322 83
1757428117376 23.95492616360225 84
1757428117438 23.682088362042496 85
1757428117505 23.411056458934176 86
1757428117583 23.141796388763744 87
1757428117649 22.874279048679856 88
1757428117714 22.608479665313197 89
1757428117789 22.344377110339053 90
1757428117830 22.081953415030732 91
1757428117873 21.821193278152535 92
1757428117914 21.562083698530394 93
1757428117963 21.304613619470512 94
1757428118018 21.04877365332084 95
1757428118094 20.794555823785156 96
1757428118132 20.541953361021218 97
1757428118191 20.29096051467088 98
1757428118247 20.041572402423462 99
1757428118308 19.793784874390493 100
1757428118357 19.547594401850485 101
1757428118410 19.302997979024187 102
1757428118459 19.059993041817336 103
1757428118498 18.818577396885356 104
1757428118542 18.578749162648062 105
1757428118584 18.340506718273804 106
1757428118626 18.103848661148998 107
1757428118664 17.868773770390828 108
1757428118702 17.635280976416745 109
1757428118743 17.403369335034522 110
1757428118786 17.17303800586658 111
1757428118830 16.944286234118508 112
1757428118879 16.71711333544978 113
1757428118945 16.49151868329398 114
1757428118998 16.26750169839484 115
1757428119039 16.045061840119313 116
1757428119091 15.824198599346625 117
1757428119161 15.604911492633503 118
1757428119240 15.387200057492906 119
1757428119286 15.171063848578884 120
1757428119365 14.956502434650801 121
1757428119428 14.74351539617224 122
1757428119483 14.532102323448385 123
1757428119547 14.322262815200496 124
1757428119614 14.113996477505871 125
1757428119675 13.90730292303211 126
1757428119807 13.702181770513375 127
1757428119868 13.49863264441882 128
1757428119986 13.296655174775474 129
1757428120062 13.096248997110946 130
1757428120166 12.897413752489326 131
1757428120229 12.700149087616328 132
1757428120268 12.504454654995275 133
1757428120331 12.310330113117708 134
1757428120398 12.117775126676094 135
1757428120474 11.926789366788002 136
1757428120516 11.73737251122343 137
1757428120564 11.549524244628598 138
1757428120625 11.363244258740988 139
1757428120685 11.17853225259161 140
1757428120739 10.995387932691505 141
1757428120808 10.813811013200286 142
1757428120867 10.633801216075287 143
1757428120907 10.45535827120044 144
1757428120963 10.27848191649434 145
1757428121003 10.103171897997576 146
1757428121059 9.92942796993951 147
1757428121101 9.757249894784929 148
1757428121150 9.586637443261356 149
1757428121216 9.417590394367751 150
1757428121269 9.250108535365506 151
1757428121330 9.084191661752758 152
1757428121407 8.919839577223058 153
1757428121449 8.757052093609385 154
1757428121510 8.595829030814643 155
1757428121554 8.436170216729689 156
1757428121616 8.278075487139894 157
1757428121686 8.121544685621313 158
1757428121742 7.966577663427426 159
1757428121801 7.8131742793674155 160
1757428121844 7.66133439967687 161
1757428121890 7.5110578978818285 162
1757428121959 7.3623446546569555 163
1757428122017 7.21519455767863 164
1757428122066 7.069607501473711 165
1757428122136 6.925583387264646 166
1757428122187 6.783122122811571 167
1757428122237 6.642223622252018 168
1757428122301 6.50288780593877 169
1757428122353 6.365114600276398 170
1757428122428 6.230611807267367 171
1757428122467 6.1006071324050755 172
1757428122522 5.9738046340183395 173
1757428122575 5.850142290391251 174
1757428122650 5.729518458850835 175
1757428122707 5.611849671976931 176
1757428122781 5.4970473370309705 177
1757428122844 5.385032827900102 178
1757428122896 5.275725889662438 179
1757428122950 5.169052856089401 180
1757428123073 5.0649400636749435 181
1757428123170 4.963318496654385 182
1757428123234 4.864119979053655 183
1757428123350 4.767279803570383 184
1757428123444 4.672734512530699 185
1757428123530 4.5804233768017175 186
1757428123574 4.49028709176007 187
1757428123618 4.402268599802497 188
1757428123693 4.316312315129945 189
1757428123768 4.2323645722513055 190
1757428123813 4.15037315745534 191
1757428123883 4.070287544960272 192
1757428123960 3.992058607032737 193
1757428124014 3.915638730251641 194
1757428124084 3.8409816303228217 195
1757428124155 3.7680424012690277 196
1757428124259 3.6967773921343827 197
1757428124322 3.627144219190134 198
1757428124380 3.5591016796815502 199
1757428124434 3.4926097441317547 200
1757428124483 3.4276294926533475 201
1757428124554 3.3641230969969422 202
1757428124606 3.302053770947533 203
1757428124662 3.241385747522009 204
1757428124736 3.1820842384467882 205
1757428124817 3.124115409494672 206
1757428124874 3.067446346061024 207
1757428124944 3.0120450282620914 208
1757428125002 2.9578803008059023 209
1757428125070 2.9049218487028705 210
1757428125123 2.853140170318966 211
1757428125175 2.8025065541179637 212
1757428125227 2.752993054192668 213
1757428125281 2.7045724682197894 214
1757428125348 2.6572183150082997 215
1757428125402 2.610904813718631 216
1757428125455 2.565606863114101 217
1757428125509 2.5213000220281283 218
1757428125559 2.477960490094931 219
1757428125607 2.4355650894145118 220
1757428125667 2.394091246595412 221
1757428125741 2.3535169755522376 222
1757428125835 2.3138208607297894 223
1757428125890 2.2749820409628385 224
1757428125946 2.2369801937754668 225
1757428125992 2.1997955202330917 226
1757428126059 2.1634087302277694 227
1757428126142 2.1278010282553868 228
1757428126225 2.092954099610001 229
1757428126310 2.0588500970231314 230
1757428126362 2.0254716276994893 231
1757428126443 1.9928017407597314 232
1757428126514 1.960823915057221 233
1757428126587 1.9295220473699426 234
1757428126661 1.8988804409439088 235
1757428126747 1.868883794384122 236
1757428126886 1.839517190875141 237
1757428127022 1.8107660877248277 238
1757428127184 1.7826163062169016 239
1757428127298 1.755054021764722 240
1757428127374 1.7280657543543145 241
1757428127483 1.7016383592687179 242
1757428127563 1.675759018083247 243
1757428127622 1.6504152299238248 244
1757428127668 1.6255948029791876 245
1757428127721 1.6012858462593274 246
1757428127790 1.5774767615919387 247
1757428127841 1.5541562358495482 248
1757428127929 1.5313132333998651 249
1757428127996 1.5089369887724293 250
1757428128040 1.4870169995346856 251
1757428128099 1.4655430193710162 252
1757428128144 1.444505051358337 253
1757428128210 1.4238933414322352 254
1757428128264 1.4036983720377145 255
1757428128329 1.3839108559588984 256
1757428128398 1.364521730322173 257
1757428128467 1.3455221507675093 258
1757428128542 1.3269034857828041 259
1757428128603 1.3086573111963227 260
1757428128651 1.2907754048224391 261
1757428128700 1.2732497412560724 262
1757428128770 1.2560724868113187 263
1757428128833 1.239235994599989 264
1757428128888 1.22273279974586 265
1757428128941 1.2065556147305743 266
1757428128991 1.190697324867323 267
1757428129092 1.1751509838984737 268
1757428129160 1.1599098097135279 269
1757428129218 1.144967180183833 270
1757428129266 1.1303166291106284 271
1757428129322 1.1159518422831065 272
1757428129379 1.101866653643276 273
1757428129432 1.0880550415544907 274
1757428129485 1.0745111251706705 275
1757428129565 1.0612291609032585 276
1757428129611 1.0482035389830986 277
1757428129667 1.0354287801144937 278
1757428129735 1.0228995322188015 279
1757428129809 1.0106105672649743 280
1757428129879 0.9985567781845693 281
1757428129958 0.9867331758688013 282
1757428130020 0.9751348862453186 283
1757428130106 0.9637571474324027 284
1757428130166 0.9525953069684229 285
1757428130236 0.9416448191143975 286
1757428130340 0.9309012422276106 287
1757428130441 0.9203602362042447 288
1757428130526 0.91001755998914 289
1757428130603 0.8998690691507585 290
1757428130833 0.8899107135195348 291
1757428130998 0.8801385348878332 292
1757428131156 0.8705486647698318 293
1757428131238 0.8611373222196037 294
1757428131335 0.8519008117058292 295
1757428131448 0.8428355210415491 296
1757428131505 0.833937919367437 297
1757428131561 0.8252045551871049 298
1757428131621 0.8166320544530442 299
1757428131703 0.8082171187017585 300
1757428131751 0.7999565232367732 301
1757428131810 0.7918471153582117 302
1757428131896 0.7838858126376417 303
1757428131962 0.7760696012369775 304
1757428132038 0.7683955342702403 305
1757428132110 0.7608607302069899 306
1757428132155 0.7534623713163257 307
1757428132214 0.7461977021503357 308
1757428132273 0.7390640280659562 309
1757428132325 0.7320587137841664 310
1757428132401 0.7251791819855495 311
1757428132447 0.7184229119412372 312
1757428132528 0.7117874381782615 313
1757428132601 0.7052703491784347 314
1757428132686 0.6988692861098285 315
1757428132750 0.6925819415899988 316
1757428132799 0.6864060584801169 317
1757428132845 0.6803394287091693 318
1757428132909 0.6743798921274383 319
1757428132972 0.6685253353884903 320
1757428133025 0.6627736908589263 321
1757428133085 0.657122935555132 322
1757428133136 0.6515710901063532 323
1757428133204 0.6461162177433909 324
1757428133267 0.6407564233122316 325
1757428133324 0.6354898523119767 326
1757428133371 0.6303146899564348 327
1757428133438 0.6252291602587444 328
1757428133489 0.6202315251384459 329
1757428133555 0.6153200835504059 330
1757428133616 0.6104931706350366 331
1757428133700 0.6057491568892438 332
1757428133755 0.6010864473575869 333
1757428133802 0.5965034808431148 334
1757428133866 0.5919987291373695 335
1757428133932 0.5875706962690723 336
1757428134004 0.5832179177710128 337
1757428134081 0.5789389599646588 338
1757428134150 0.5747324192620585 339
1757428134232 0.5705969214845598 340
1757428134291 0.5665311211979522 341
1757428134359 0.5625337010635861 342
1757428134419 0.55860337120508 343
1757428134480 0.5547388685901994 344
1757428134548 0.5509389564275516 345
1757428134684 0.5472024235776949 346
1757428134833 0.5435280839783048 347
1757428134959 0.5399147760830509 348
1757428135027 0.536361362313835 349
1757428135127 0.5328667285260401 350
1757428135188 0.5294297834864877 351
1757428135247 0.5260494583637597 352
1757428135324 0.5227247062305977 353
1757428135401 0.5194545015780602 354
1757428135466 0.5162378398411459 355
1757428135534 0.5130737369356156 356
1757428135606 0.5099612288057014 357
1757428135679 0.506899370982464 358
1757428135748 0.5038872381525175 359
1757428135814 0.5009239237368565 360
1757428135886 0.49800853947955903 361
1757428135962 0.4951402150461032 362
1757428136008 0.4923180976310586 363
1757428136066 0.48954135157493894 364
1757428136116 0.4868091579899646 365
1757428136166 0.4841207143945416 366
1757428136248 0.48147523435622736 367
1757428136333 0.4788719471429738 368
1757428136417 0.47631009738246216 369
1757428136479 0.4737889447293025 370
1757428136552 0.47130776353994147 371
1757428136620 0.4688658425550583 372
1757428136686 0.46646248458928785 373
1757428136766 0.46409700622808003 374
1757428136824 0.46176873753152986 375
1757428136872 0.459477021745003 376
1757428136938 0.45722121501640184 377
1757428136992 0.45500068611989325 378
1757428137045 0.4528148161859693 379
1757428137095 0.4506629984376592 380
1757428137143 0.4485446379327607 381
1757428137196 0.44645915131194586 382
1757428137253 0.4444059665525945 383
1757428137315 0.4423845227282209 384
1757428137402 0.4403942697733577 385
1757428137453 0.43843466825376554 386
1757428137513 0.4365051891418503 387
1757428137582 0.4346053135971503 388
1757428137661 0.43273453275177726 389
1757428137726 0.4308923475006968 390
1757428137814 0.4290782682967346 391
1757428137863 0.427291814950181 392
1757428137945 0.42553251643291284 393
1757428138018 0.42379991068688727 394
1757428138096 0.4220935444369437 395
1757428138155 0.42041297300778546 396
1757428138272 0.41875776014504745 397
1757428138417 0.41712747784036375 398
1757428138545 0.4155217061603304 399
1757428138643 0.41394003307927224 400
1757428138712 0.41238205431573166 401
1757428138783 0.41084737317258313 402
1757428138848 0.4093356003806969 403
1757428138900 0.4078463539460607 404
1757428138950 0.4063792590002832 405
1757428139000 0.4049339476544007 406
1757428139070 0.40351005885590685 407
1757428139129 0.4021072382489333 408
1757428139214 0.4007251380375053 409
1757428139285 0.39936341685180493 410
1757428139335 0.3980217396173619 411
1757428139399 0.39669977742712054 412
1757428139457 0.3953972074162997 413
1757428139506 0.3941137126399947 414
1757428139563 0.39284898195344553 415
1757428139635 0.3916027098949155 416
1757428139710 0.390374596571127 417
1757428139801 0.38916434754518353 418
1757428139870 0.38797167372692093 419
1757428139924 0.3867962912656519 420
1757428139984 0.3856379214452184 421
1757428140066 0.38449629058132 422
1757428140123 0.3833711299210653 423
1757428140189 0.3822621755446856 424
1757428140240 0.38116916826936326 425
1757428140297 0.3800918535551398 426
1757428140381 0.3790299814128362 427
1757428140444 0.37798330631395555 428
1757428140508 0.37695158710251353 429
1757428140568 0.37593458690876286 430
1757428140629 0.37493207306474746 431
1757428140711 0.3739438170216798 432
1757428140784 0.372969594269061 433
1757428140874 0.3720091842555362 434
1757428140923 0.3710623703114267 435
1757428140975 0.3701289395729078 436
1757428141042 0.369208682907795 437
1757428141129 0.3683013948429037 438
1757428141198 0.36740687349294193 439
1757428141290 0.36652492049090746 440
1757428141346 0.36565534091995133 441
1757428141433 0.3647979432466758 442
1757428141513 0.36395253925583954 443
1757428141581 0.3631189439864311 444
1757428141646 0.362296975669083 445
1757428141727 0.36148645566479476 446
1757428141796 0.3606872084049459 447
1757428141946 0.35989906133255145 448
1757428142070 0.3591218448447504 449
1757428142120 0.35835539223649004 450
1757428142252 0.3575995396453785 451
1757428142375 0.3568541259976899 452
1757428142465 0.356118992955481 453
1757428142557 0.35539398486480905 454
1757428142659 0.3546789487050198 455
1757428142757 0.3539737340390808 456
1757428142821 0.35327819296494223 457
1757428142889 0.3525921800678945 458
1757428142947 0.3519155523739118 459
1757428143059 0.351248169303947 460
1757428143160 0.35058989262917145 461
1757428143254 0.34994058642712333 462
1757428143365 0.3493001170387601 463
1757428143462 0.34866835302638227 464
1757428143535 0.34804516513241424 465
1757428143651 0.3474304262390324 466
1757428143748 0.34682401132860086 467
1757428143828 0.3462257974449245 468
1757428143903 0.34563566365527476 469
1757428143997 0.34505349101319 470
1757428144144 0.34447916252202876 471
1757428144298 0.3439125630992553 472
1757428144400 0.343353579541444 473
1757428144441 0.34280210048998944 474
1757428144480 0.342258016397505 475
1757428144525 0.3417212194948933 476
1757428144565 0.34119160375907853 477
1757428144603 0.34066906488138426 478
1757428144641 0.34015350023653756 479
1757428144681 0.33964480885229614 480
1757428144721 0.3391428913796741 481
1757428144760 0.33864765006376885 482
1757428144805 0.3381589887151565 483
1757428144847 0.3376768126818562 484
1757428144912 0.3372010288218548 485
1757428144958 0.3367315454761657 486
1757428144997 0.33626827244242335 487
1757428145036 0.33581112094899823 488
1757428145076 0.33536000362961665 489
1757428145121 0.3349148344984799 490
1757428145161 0.3344755289258738 491
1757428145201 0.33404200361424874 492
1757428145244 0.33361417657477355 493
1757428145289 0.3331919671043406 494
1757428145334 0.33277529576302245 495
1757428145374 0.3323640843519633 496
1757428145413 0.3319582558917015 497
1757428145455 0.3315577346009097 498
1757428145493 0.3311624458755494 499
