1757497594578 173.31829975754934 0
1757497594629 168.84596458562942 1
1757497594681 172.79011031756139 2
1757497594733 165.85428391365988 3
1757497594784 167.69515309346252 4
1757497594834 164.78184405112768 5
1757497594887 166.60972751941648 6
1757497594939 167.35126354908215 7
1757497594990 166.37828499135148 8
1757497595039 168.9514227066473 9
1757497595088 173.51651919666168 10
1757497595139 173.61900610005145 11
1757497595188 169.08920418530704 12
1757497595236 163.45902984103773 13
1757497595283 170.07635893123117 14
1757497595336 165.89244211267908 15
1757497595388 174.46928359326117 16
1757497595437 161.03340311910364 17
1757497595490 166.77533711656233 18
1757497595542 170.5887236966502 19
1757497595591 169.51523834228308 20
1757497595639 169.5092194725992 21
1757497595686 164.86776563625287 22
1757497595734 169.38193863637048 23
1757497595781 167.6982005671901 24
1757497595830 169.15200206455958 25
1757497595878 172.74527149859227 26
1757497595939 169.09541805077416 27
1757497595988 168.00437188455155 28
1757497596037 167.46881194230878 29
1757497596085 169.127889621992 30
1757497596133 166.91423560979865 31
1757497596183 166.9193642387924 32
1757497596232 169.40763259897844 33
1757497596281 168.6866075230175 34
1757497596331 170.79737892501905 35
1757497596379 171.03811557596106 36
1757497596431 168.09356461301456 37
1757497596480 169.27519385298731 38
1757497596529 169.87904718803782 39
1757497596579 166.0088144494401 40
1757497596627 168.8062553374231 41
1757497596675 166.22306906808203 42
1757497596721 169.3735271954327 43
1757497596768 170.62456177030893 44
1757497596815 170.5256763435363 45
1757497596865 168.60644117210362 46
1757497596921 167.9816772551889 47
1757497596976 170.22431493285472 48
1757497597026 168.2343089435667 49
1757497597077 168.71959421206148 50
1757497597128 167.77844051110867 51
1757497597180 169.37992900857245 52
1757497597233 166.02784477198938 53
1757497597284 168.97562162416838 54
1757497597340 165.65763583822945 55
1757497597397 165.7459172793908 56
1757497597456 172.92213894617853 57
1757497597507 171.35406027123244 58
1757497597559 170.7544291744594 59
1757497597612 165.8831342573695 60
1757497597666 166.99218312090989 61
1757497597722 166.74761626596924 62
1757497597865 169.85293956670648 63
1757497597972 170.18961426131813 64
1757497598036 168.50195840777138 65
1757497598096 170.53614367814384 66
1757497598149 166.72462118301422 67
1757497598207 172.68943220379234 68
1757497598354 170.1954640296342 69
1757497598446 167.06602785221813 70
1757497598501 171.30972047026165 71
1757497598557 170.36426521368193 72
1757497598613 169.53817812483203 73
1757497598700 168.3485981743772 74
1757497598797 170.17992047173797 75
1757497598884 170.4876929961445 76
1757497598969 175.4234889718026 77
1757497599043 172.4560804499752 78
1757497599114 167.3296723272213 79
1757497599225 167.41249123763424 80
1757497599313 163.0106647062609 81
1757497599403 167.37201060237024 82
1757497599505 165.86585125235538 83
1757497599577 170.67167498584146 84
1757497599646 173.34836480455795 85
1757497599709 163.07199068671062 86
1757497599791 164.06866195052558 87
1757497599878 166.73732394691183 88
1757497599947 167.08351506008546 89
1757497600014 171.0843143757251 90
1757497600076 167.39519241538972 91
1757497600133 169.92064973940612 92
1757497600190 167.10992675802615 93
1757497600246 167.66274190429996 94
1757497600301 171.24715289133155 95
1757497600354 167.8659938949833 96
1757497600406 167.3803443975119 97
1757497600461 170.56074159870334 98
1757497600512 166.9778688586253 99
1757497600569 168.51373734237472 100
1757497600632 167.02644631290062 101
1757497600703 170.05907983381667 102
1757497600758 170.32960286723517 103
1757497600823 168.0080765572019 104
1757497600879 166.82559747749264 105
1757497600938 167.9421609437538 106
1757497601007 173.0269885120678 107
1757497601076 170.1336932122844 108
1757497601130 168.8760255399084 109
1757497601183 169.617621721896 110
1757497601237 168.5361328918161 111
1757497601289 168.95608759947066 112
1757497601348 170.4412330982792 113
1757497601402 168.22146688757238 114
1757497601456 166.8616155601548 115
1757497601507 170.5487009184477 116
1757497601561 171.98342466063983 117
1757497601613 171.94606904017857 118
1757497601667 167.45486642346518 119
