1757429568224 0.0005561842671976894 0
1757429568382 0.02826692940023533 1
1757429568517 0.4723613302046481 2
1757429568632 0.005696913200820571 3
1757429568768 0.10194273005242095 4
1757429568905 0.004520348441857471 5
1757429569026 0.008044080654573117 6
1757429569138 0.02550726942807614 7
1757429569267 0.4007296019101613 8
1757429569386 0.013335960854292122 9
1757429569511 0.13139968256893142 10
1757429569643 0.14609041105325576 11
1757429569765 0.022360814898040544 12
1757429569916 0.09228808685140655 13
1757429570046 0.08648836314076407 14
1757429570171 0.014913933277624195 15
1757429570305 0.4250818071424552 16
1757429570467 0.04407172311513418 17
1757429570653 0.26819552282234904 18
1757429570837 0.06255257258117629 19
1757429570983 0.0003212011769122678 20
1757429571131 0.008785076031888333 21
1757429571270 0.06925183492782354 22
1757429571419 0.04213583996632743 23
1757429571582 0.03273550714610446 24
1757429571744 0.11239984964725447 25
1757429571942 0.004312940291182673 26
1757429572089 0.07789346897135312 27
1757429572273 0.06339038688995398 28
1757429572468 0.9200402925120739 29
1757429572621 0.1196354246448239 30
1757429572817 0.09308435188091763 31
1757429573000 0.11005528699769107 32
1757429573204 0.0689000978769051 33
1757429573392 0.22792192120201124 34
1757429573572 0.00501483031302912 35
1757429573738 1.732916915076749 36
1757429573961 0.06468556702717054 37
1757429574187 0.23205517163235195 38
1757429574408 0.11477044158560222 39
1757429574574 0.0007182596654937779 40
1757429574745 0.05255874702799274 41
1757429574891 0.09911751291736727 42
1757429575036 0.12593440448649085 43
1757429575185 1.3823072364514721 44
1757429575333 0.032400070339957565 45
1757429575488 0.1816835444786467 46
1757429575721 0.0013586116861548788 47
1757429576436 0.005448438459203846 48
1757429576586 2.0078171630031223 49
1757429576745 0.018551245285491527 50
1757429576902 0.06793828961874679 51
1757429577041 1.6577047066356385 52
1757429577188 0.03176252118426996 53
1757429577326 0.04145705508505616 54
1757429577457 0.02913522663464551 55
1757429577577 0.030200429515733564 56
1757429577691 0.3985055330387113 57
1757429577824 0.02435918514033168 58
1757429577960 0.00709380909545419 59
1757429578093 0.16453475195765097 60
1757429578326 0.014082336289103997 61
1757429578671 0.006253896027637013 62
1757429578882 0.8399870715281835 63
1757429579063 1.1439717344533738e-05 64
1757429579256 0.011367686162542506 65
1757429579409 0.1282875192832988 66
1757429579614 0.0021935549005377194 67
1757429579757 0.009353758799266785 68
1757429579904 0.6920000943553616 69
1757429580074 0.005716838129091435 70
1757429580259 0.4301080153490406 71
1757429580427 0.01736743908580014 72
1757429580604 0.041947244306957 73
1757429580778 0.05374100444962104 74
1757429580969 0.2417672757407787 75
1757429581123 0.13057881134808721 76
1757429581248 0.015273625573749583 77
1757429581401 3.736144700253826e-05 78
1757429581525 0.01148109204936777 79
1757429581651 0.037464261305327894 80
1757429581831 0.0017801882406345614 81
1757429581975 5.112771791969335e-05 82
1757429582105 0.08308914424933053 83
1757429582281 2.140943916798387e-05 84
1757429582433 0.2774825177899417 85
1757429582575 0.019809104084543745 86
1757429582727 0.11530103393937935 87
1757429582905 0.02042360350628107 88
1757429583053 4.479553434565729 89
1757429583231 0.2520988725952108 90
1757429583416 0.10823994945946623 91
1757429583577 0.004646909171614412 92
1757429583764 0.024869258114658784 93
1757429584569 0.04984816749392171 94
1757429584720 0.0008824615323146043 95
1757429584888 5.278847546681516e-05 96
1757429585090 0.0013040444763521358 97
1757429585224 0.1646971172532189 98
1757429585345 0.045535969137414506 99
1757429585505 0.00078733719237619 100
1757429585645 2.678038142335811e-05 101
1757429585770 0.9680874291006836 102
1757429585938 0.08629407431331032 103
1757429586052 0.011816393233112923 104
1757429586163 0.024150591578095723 105
1757429586311 0.1098416770917282 106
1757429586412 0.009849419046953264 107
1757429586522 1.0172185128104072 108
1757429586642 0.03309556312425361 109
1757429586759 0.22111676811609282 110
1757429586869 0.01870358959346678 111
1757429586995 0.330149010996136 112
1757429587114 9.702038756393157e-05 113
1757429587310 0.0014368827337000033 114
1757429587496 0.027341632015667847 115
1757429587652 0.08340660485885715 116
1757429587822 0.12643236020951032 117
1757429587970 0.006725403649579424 118
1757429588147 0.1998409175294149 119
1757429588305 0.0945493553511501 120
1757429588492 0.058701529487988506 121
1757429588631 0.000657045111999335 122
1757429588788 0.059182138743712094 123
1757429588944 0.03677819003055122 124
1757429589099 0.03329444817989463 125
1757429589282 0.12536892272591868 126
1757429589561 1.5265627907911747 127
1757429589771 0.0004177895098423592 128
1757429589957 0.023266329483008823 129
1757429590169 0.07140885482656201 130
1757429590340 0.00011369619402635064 131
1757429590556 0.024174280324522228 132
1757429590775 0.1513315635565902 133
1757429590970 0.2511048079545472 134
1757429591165 0.011196820970183258 135
1757429591325 0.0017090765400614347 136
1757429591502 0.9206473378514054 137
1757429591658 0.0008475737582231736 138
1757429591802 0.003182439867329 139
1757429591943 0.058530409148599194 140
1757429592093 0.20480782582755083 141
1757429592254 0.6249681840378336 142
1757429592424 0.08772359115997433 143
1757429593081 0.02997689641617987 144
1757429593582 0.020869302774283793 145
1757429593733 0.15160943859917103 146
1757429593877 0.330102140085625 147
1757429594013 0.024351003966952015 148
1757429594160 0.18651126825059164 149
1757429594306 1.35971459909196e-05 150
1757429594444 0.06465952143694043 151
1757429594579 0.10372601318765677 152
1757429594732 0.010591458352232278 153
1757429594877 0.16360130664661307 154
1757429595000 4.272838227158787e-05 155
1757429595135 0.24592575998984775 156
1757429595276 0.006932303834632699 157
1757429595396 0.02305208808830789 158
1757429595524 0.00016582435488839665 159
1757429595639 0.023774846195376127 160
1757429595806 0.007812347233692744 161
1757429595968 0.07114464093271199 162
1757429596150 0.0017155729328887086 163
1757429596293 0.03166743326590769 164
1757429596455 0.06792358687927319 165
1757429596624 0.14383926421580462 166
1757429596805 0.13359988045363358 167
1757429596994 0.0035571809588922417 168
1757429597180 0.10405116137450116 169
1757429597331 0.2234028213079966 170
1757429597493 0.2912166758329556 171
1757429597665 0.00039660474689063094 172
1757429597835 0.4564464551905311 173
1757429597999 0.1419432705390597 174
1757429598183 0.368392369023299 175
1757429598351 0.1839852493757912 176
1757429598496 0.10178012559627934 177
1757429598649 0.9520113095887486 178
1757429598799 0.0019424560539096757 179
1757429598933 0.024087849640337566 180
1757429599090 0.029594170335445112 181
1757429599228 0.13622682550283663 182
1757429599382 0.00372827122570319 183
1757429599571 0.01369527876354975 184
1757429599765 0.04378953246485849 185
1757429599916 0.11067216523833676 186
1757429600070 0.1904881773967691 187
1757429600225 1.1270956220640304e-06 188
1757429600388 0.002736831150123969 189
1757429600567 0.18774175162646678 190
1757429601135 0.007644271148875291 191
1757429601405 0.8142895012713993 192
1757429601552 0.19572373730027265 193
1757429601709 4.075762615041171e-05 194
1757429601862 1.0044342598827367 195
1757429602021 0.0008048407158255214 196
1757429602154 3.1898236582370026e-05 197
1757429602270 0.14788379332836651 198
1757429602402 0.09064718731079277 199
1757429602622 0.05956388310692152 200
1757429602781 0.11353806463356507 201
1757429602888 0.00036358360086030574 202
1757429603022 0.27147326296686847 203
1757429603146 0.027273751194270206 204
1757429603280 0.25913695957841104 205
1757429603391 0.000767072951529558 206
1757429603521 0.2363383004884044 207
1757429603627 0.004674468990362116 208
1757429603743 0.0030236574209934644 209
1757429603861 0.6730555953470183 210
1757429604023 9.060127574039843e-05 211
1757429604198 0.22401405737506808 212
1757429604382 0.21023757353215966 213
1757429604528 2.575613611912168 214
1757429604689 0.008173020751777381 215
1757429604838 0.007001049842027493 216
1757429605007 0.00466931858417526 217
1757429605171 2.888129658847258 218
1757429605353 0.014988500512614895 219
1757429605494 0.08973026933727307 220
1757429605654 0.012755180658233946 221
1757429605835 0.0038733203203319562 222
1757429606032 0.3857396598113444 223
1757429606210 0.12585580965351717 224
1757429606393 0.017425288244919707 225
1757429606554 0.6407452312269775 226
1757429606791 0.0911409203130205 227
1757429606983 0.004886114805297362 228
1757429607180 1.6228353232270263 229
1757429607383 0.007302773364239415 230
1757429607649 0.01571733041712878 231
1757429607883 0.09080364160181564 232
1757429608131 0.01717416057427142 233
1757429608322 0.03227868401071021 234
1757429608493 0.026475531183880043 235
1757429608688 0.07659902956179758 236
1757429608874 0.0201669296228089 237
1757429609700 0.013663497364762111 238
1757429609870 0.12040625955901316 239
1757429610019 0.3593509273166846 240
1757429610168 0.016619006064596934 241
1757429610291 1.6516277750116932 242
1757429610431 10.034055160176045 243
1757429610575 0.14926405372316193 244
1757429610696 0.3541031268775361 245
1757429610852 0.326310291458246 246
1757429610969 0.22369566124602547 247
1757429611096 0.0010441458138392282 248
1757429611239 0.10715427239502125 249
1757429611388 7.117537589546933e-05 250
1757429611546 0.00023221931406420507 251
1757429611676 0.09059827936391193 252
1757429611802 0.002935629319943252 253
1757429611934 0.014719472202578094 254
1757429612067 0.07329740400194071 255
1757429612223 0.24886580729857719 256
1757429612392 0.12467618800528953 257
1757429612569 0.45254862250283434 258
1757429612735 0.025267164891541162 259
1757429612913 0.0009848155861233638 260
1757429613074 0.13424132041350983 261
1757429613237 0.06892744173510955 262
1757429613378 0.10738419468043653 263
1757429613548 0.05531287638431799 264
1757429613757 0.01236368231338754 265
1757429613942 0.3505202453954719 266
1757429614123 0.34355948382948076 267
1757429614310 0.020041515183211716 268
1757429614437 0.5651627462570583 269
1757429614601 0.07041359947531689 270
1757429614764 0.030369490393832542 271
1757429614930 0.22223512780939586 272
1757429615095 0.22454691994345374 273
1757429615259 0.007954669502198291 274
1757429615405 1.0508875637728887 275
1757429615552 0.001941789784578765 276
1757429615704 0.7357483754122576 277
1757429615849 0.04770471836768686 278
1757429616012 0.042833533037285126 279
1757429616174 0.5116129077551046 280
1757429616372 0.07278789756984405 281
1757429616532 0.05569795220723592 282
1757429616699 9.452382409946313e-05 283
1757429616874 0.036762635804788835 284
1757429617243 0.000552711556071749 285
1757429617818 0.15920497095455363 286
1757429617979 0.05849731163271609 287
1757429618145 0.12575343391183308 288
1757429618277 0.0003610493579747975 289
1757429618449 0.10890108658887693 290
1757429618586 0.2552469352011419 291
1757429618720 0.09456447455365793 292
1757429618846 0.010134448822029615 293
1757429618988 0.03896311454436957 294
1757429619148 0.0001131381545469973 295
1757429619366 0.14319200413634423 296
1757429619477 0.5235308546436747 297
1757429619609 0.05135442926818797 298
1757429619818 0.0011714123313643632 299
1757429619955 0.0031569211125079604 300
1757429620110 0.876944217193286 301
1757429620245 0.006528393910105132 302
1757429620383 0.0953531616986625 303
1757429620547 0.015670452513774094 304
1757429620742 0.12145692867994261 305
1757429620907 0.0032455111308460354 306
1757429621066 0.14677502456866484 307
1757429621246 0.0712155593683734 308
1757429621402 1.6342951845211535 309
1757429621609 0.04280667082283855 310
1757429621770 0.01598699927605242 311
1757429621933 0.1381026192399982 312
1757429622075 0.0002745170667051657 313
1757429622229 0.0036734327676879517 314
1757429622374 0.05139848063493568 315
1757429622564 0.30855708223759964 316
1757429622789 0.026110846574643288 317
1757429623003 0.00908704457684714 318
1757429623250 0.07268037854562485 319
1757429623417 0.0004995645174883058 320
1757429623648 0.006324665581394548 321
1757429623871 0.01664957195127345 322
1757429624062 0.33355530613721524 323
1757429624259 0.009054501549453885 324
1757429624430 2.69553448659746e-05 325
1757429624611 0.05093895567834292 326
1757429624769 0.2647060704369886 327
1757429624925 0.00991576125566924 328
1757429625173 0.001124674952046126 329
1757429625384 1.5992643424931765 330
1757429625851 0.031411997269934475 331
1757429626355 0.2383595431624694 332
1757429626510 0.6302793311141234 333
1757429626666 0.059647760696723603 334
1757429626815 0.010564783912033917 335
1757429626962 0.02427613409219129 336
1757429627103 0.25497025849841454 337
1757429627232 0.006216637020721136 338
1757429627366 0.019371000813075953 339
1757429627519 0.0788115611683437 340
1757429627671 0.02845544923141963 341
1757429627801 0.11382736242004321 342
1757429627929 0.015655606821151986 343
1757429628067 0.0090763812406543 344
1757429628191 0.05488399173054527 345
1757429628332 0.0014339041698599305 346
1757429628481 0.04989145031790716 347
1757429628627 0.10796952522161095 348
1757429628746 0.14426991230057515 349
1757429628900 0.006967916146320314 350
1757429629084 0.5096276679545751 351
1757429629270 0.29585214508326374 352
1757429629482 1.0261562522784415 353
1757429629664 0.0023936178904011424 354
1757429629820 0.4023019454373542 355
1757429629989 0.009058144266153615 356
1757429630130 0.007966007683550587 357
1757429630274 0.42108478976673597 358
1757429630472 0.04621120632374605 359
1757429630761 0.0023551928205447614 360
1757429630977 9.66468372636689e-05 361
1757429631181 0.08159368865413905 362
1757429631391 0.09480343199854578 363
1757429631588 0.009767906994855505 364
1757429631801 0.5982226396108291 365
1757429631947 0.0004972091504823536 366
1757429632088 0.050269233110863766 367
1757429632255 0.011558856031800046 368
1757429632403 0.0041998766233194125 369
1757429632560 0.20498469270008382 370
1757429632721 0.06702443561501104 371
1757429632895 0.16415903751282512 372
1757429633063 0.09348759662620779 373
1757429633229 0.06717128707248023 374
1757429633387 0.6285553780917881 375
1757429633565 0.007218176900326949 376
1757429633724 2.95162154321338e-05 377
1757429634035 0.006427019885296678 378
1757429634643 2.0200658155578637 379
1757429634798 0.042566051659765944 380
1757429634979 0.04106064420809343 381
1757429635131 0.02985206498936243 382
1757429635299 0.1697092919865849 383
1757429635461 0.0034380019807462203 384
1757429635631 5.325120621666316 385
1757429635790 0.46185952480163583 386
1757429635939 0.03187414674698522 387
1757429636079 0.29011277393932206 388
1757429636221 0.1945420457344298 389
1757429636370 1.07024028159079 390
1757429636502 0.0007535147499871262 391
1757429636652 0.0029406814509710644 392
1757429636818 0.03524206483970747 393
1757429637021 0.012818422523843414 394
1757429637184 0.011537020933893166 395
1757429637372 0.05688065299611763 396
1757429637573 1.0054115820930463 397
1757429637742 9.986740893801793e-05 398
1757429637890 0.03764560055187731 399
1757429638071 0.15217595529701733 400
1757429638274 0.11088713464290076 401
1757429638451 0.25255879554370125 402
1757429638645 0.014347347767446613 403
1757429638802 0.17043578065193846 404
1757429639012 0.06482551416936234 405
1757429639147 0.12849678399997172 406
1757429639324 0.22860993150171516 407
1757429639627 0.1418313109911855 408
1757429639837 0.6392864098070523 409
1757429640259 0.07065785830152657 410
1757429640500 0.042857029368141945 411
1757429640730 0.008899385999623146 412
1757429640996 0.2646601681596513 413
1757429641201 0.14506227543751146 414
1757429641393 0.12397383614849322 415
1757429641577 0.9518137092601642 416
1757429641757 0.1652880601584869 417
1757429641939 0.013232366731937208 418
1757429642132 3.957081025343043e-05 419
1757429642329 0.03109940129881788 420
1757429642538 0.22896274721917534 421
1757429643050 0.09425670961755694 422
1757429643686 0.04274460516837227 423
1757429643873 1.6521849548888252e-06 424
1757429644111 0.03078458988373873 425
1757429644344 0.0045597682506463046 426
1757429644526 0.03192085041119012 427
1757429644702 0.0017608232305449322 428
1757429644826 0.06362571511031188 429
1757429644998 0.036077822652801086 430
1757429645125 0.06576201099372035 431
1757429645255 0.053266670299098755 432
1757429645380 0.061914831749494074 433
1757429645511 0.06850873831243504 434
1757429645649 2.9855118568429195 435
1757429645789 0.9217776771853983 436
1757429645964 0.004477126928182649 437
1757429646178 0.04208691372136534 438
1757429646387 0.006527591647310403 439
1757429646559 0.0036329672575729907 440
1757429646716 0.14948277872977062 441
1757429646908 0.005468062043438103 442
1757429647085 0.036755031998004006 443
1757429647262 0.26151504941855824 444
1757429647438 1.5418228988529743 445
1757429647605 0.05136757236922861 446
1757429647795 0.017447874635320822 447
1757429647987 0.025177338851754542 448
1757429648189 0.004750607957911129 449
1757429648356 0.09608805274475012 450
1757429648547 0.04350218152140064 451
1757429648754 0.01907068391618518 452
1757429648930 0.012302312430058172 453
1757429649097 0.06232937322387549 454
1757429649371 0.1475886835132455 455
1757429649567 0.051459058116674596 456
1757429649729 0.0024663533032676472 457
1757429649927 0.41559679356759155 458
1757429650102 0.15768588074042186 459
1757429650261 0.5276689738213811 460
1757429650417 2.3923250544978285 461
1757429650589 0.02247979781109253 462
1757429651062 0.015060374870392445 463
1757429651512 0.0029586700408944966 464
1757429651689 0.018482682209846373 465
1757429651861 0.00012046076319385274 466
1757429652002 0.016145515291536697 467
1757429652166 0.1321184377301889 468
1757429652329 0.45310063739875284 469
1757429652465 0.12665406002632407 470
1757429652606 0.00018989687554378417 471
1757429652752 0.006649380007591291 472
1757429652881 0.06836048109575014 473
1757429653044 1.8498248383023204 474
1757429653177 0.003141198692858449 475
1757429653369 0.0456080708864331 476
1757429653516 0.02367001546870033 477
1757429653653 0.0005105016148382016 478
1757429653779 0.3497816405222589 479
1757429653910 0.02232292684682948 480
1757429654052 0.18435476335742954 481
1757429654195 0.01767918834217423 482
1757429654357 0.0011048184481085453 483
1757429654569 0.2744540343916414 484
1757429654797 0.013265697123194845 485
1757429655000 0.05750453856604483 486
1757429655178 0.0001878454488313382 487
1757429655382 0.1914049467048088 488
1757429655583 0.545462299817717 489
1757429655771 0.021969037171039114 490
1757429655945 0.3435427228156464 491
1757429656136 0.007176198149788106 492
1757429656300 0.9987006203278297 493
1757429656510 0.04425095156151996 494
1757429656678 0.10316312484930475 495
1757429656935 0.020530281639464854 496
1757429657130 0.0034114807323378463 497
1757429657333 0.09078747682355535 498
1757429657540 0.008078913659273329 499
