1757434322919 165.31791475734565 0
1757434323015 150.96461572598596 1
1757434323091 145.27751765372852 2
1757434323177 139.69670889859768 3
1757434323236 134.53852762382394 4
1757434323313 129.74535256187835 5
1757434323398 125.28939968638554 6
1757434323477 121.1422109371054 7
1757434323536 117.27794203733124 8
1757434323616 113.67302880301278 9
1757434323664 110.30598647092067 10
1757434323744 107.15722259689618 11
1757434323802 104.20886710119566 12
1757434323882 101.44461767580255 13
1757434323930 98.84959917135848 14
1757434323999 96.41023569524243 15
1757434324069 94.11413426810275 16
1757434324114 91.94997899080188 17
1757434324166 89.9074347689082 18
1757434324228 87.97705972839161 19
1757434324278 86.15022553484039 20
1757434324365 84.41904490003022 21
1757434324433 82.77630562468907 22
1757434324522 81.21541058541071 23
1757434324591 79.73032312740514 24
1757434324682 78.31551737362939 25
1757434324742 76.96593300525839 26
1757434324807 75.67693410883669 27
1757434324869 74.4442717221648 28
1757434324937 73.26404974435296 29
1757434325000 72.1326939058208 30
1757434325072 71.0469235216121 31
1757434325126 70.00372577647927 32
1757434325181 69.00033231299807 33
1757434325237 68.0341979147096 34
1757434325292 67.10351088635738 35
1757434325348 66.20532262551639 36
1757434325400 65.33790809969723 37
1757434325453 64.4994377431268 38
1757434325505 63.68822232843006 39
1757434325560 62.90330034552941 40
1757434325616 62.14233512228793 41
1757434325697 61.404292029859555 42
1757434325779 60.68793893634514 43
1757434325831 59.99213406907211 44
1757434325885 59.31581918178453 45
1757434325955 58.658012439234675 46
1757434326038 58.01780204979623 47
1757434326108 57.394340452124865 48
1757434326187 56.78683901208608 49
1757434326254 56.19456318400082 50
1757434326311 55.61682809467496 51
1757434326387 55.05299451241473 52
1757434326454 54.50246516664164 53
1757434326528 53.96468138682104 54
1757434326612 53.43912003223899 55
1757434326717 52.92529068672684 56
1757434326790 52.42273309476587 57
1757434326866 51.931014817525906 58
1757434326967 51.44972908932103 59
1757434327039 50.978492856721374 60
1757434327122 50.51694498415546 61
1757434327201 50.06474461129004 62
1757434327286 49.621569648795166 63
1757434327356 49.187115400303135 64
1757434327434 48.761093299463475 65
1757434327512 48.34322975198972 66
1757434327570 47.93326507349845 67
1757434327624 47.53095251476392 68
1757434327695 47.136057366759836 69
1757434327753 46.748356138541276 70
1757434327848 46.36763580163924 71
1757434327999 45.993693095204115 72
1757434328113 45.626333886647586 73
1757434328165 45.26537258299913 74
1757434328219 44.910631588618465 75
1757434328322 44.56194080529161 76
1757434328425 44.21913717109041 77
1757434328488 43.882064234695505 78
1757434328549 43.550571762174464 79
1757434328619 43.224515373471924 80
1757434328696 42.90375620611051 81
1757434328769 42.588160603821045 82
1757434328848 42.27759982802067 83
1757434328919 41.97194979024056 84
1757434328988 41.671090803769886 85
1757434329055 41.374907352934976 86
1757434329114 41.0832878785696 87
1757434329173 40.796124578358125 88
1757434329227 40.5133132208475 89
1757434329304 40.234752972028154 90
1757434329364 39.96034623347864 91
1757434329446 39.68999849115553 92
1757434329517 39.42361817398871 93
1757434329607 39.1611165215139 94
1757434329672 38.90240745984005 95
1757434329741 38.64740748530867 96
1757434329802 38.39603555525641 97
1757434329859 38.148212985342504 98
1757434329930 37.90386335294696 99
1757434329994 37.662912406187885 100
1757434330048 37.42528797814265 101
1757434330110 37.19091990589324 102
1757434330179 36.95973995404678 103
1757434330239 36.73168174241109 104
1757434330297 36.50668067753118 105
1757434330353 36.28467388781691 106
1757434330405 36.06560016201312 107
1757434330461 35.84939989078444 108
1757434330518 35.636015011204165 109
1757434330580 35.425388953954254 110
1757434330680 35.21746659305812 111
1757434330787 35.01219419798194 112
1757434330869 34.80951938795315 113
1757434330960 34.6093910883564 114
1757434331049 34.41175948907777 115
1757434331138 34.21657600467805 116
1757434331223 34.02379323628485 117
1757434331302 33.83336493510142 118
1757434331371 33.64524596743755 119
1757434331501 33.45939228117522 120
1757434331575 33.27576087358749 121
1757434331659 33.09430976043533 122
1757434331737 32.91499794627236 123
1757434331798 32.737785395892246 124
1757434331883 32.56263300685826 125
1757434331944 32.3895025830585 126
1757434332028 32.21835680923411 127
1757434332098 32.0491592264315 128
1757434332175 31.88187420833263 129
1757434332256 31.71646693842059 130
1757434332349 31.552903387940372 131
1757434332412 31.391150294617272 132
1757434332485 31.231175142097793 133
1757434332563 31.07294614008007 134
1757434332614 30.91643220510279 135
1757434332673 30.761602941963528 136
1757434332734 30.608428625739126 137
1757434332793 30.456880184382292 138
1757434332869 30.306929181870156 139
1757434332955 30.158547801881845 140
1757434333040 30.011708831983444 141
1757434333135 29.866385648299882 142
1757434333203 29.722552200654388 143
1757434333355 29.58018299815728 144
1757434333463 29.43925309522663 145
1757434333588 29.299738078024408 146
1757434333711 29.161614051292528 147
1757434333805 29.024857625573812 148
1757434333902 28.88944590480404 149
1757434333994 28.7553564742613 150
1757434334063 28.62256738886022 151
1757434334145 28.49105716177865 152
1757434334236 28.360804753405343 153
1757434334289 28.23178956059744 154
1757434334350 28.103991406237192 155
1757434334432 27.977390529077955 156
1757434334495 27.851967573869526 157
1757434334583 27.727703581753758 158
1757434334656 27.604579980921564 159
1757434334711 27.482578577522744 160
1757434334772 27.361681546820506 161
1757434334823 27.241871424582946 162
1757434334902 27.12313109870391 163
1757434334999 27.005443801046063 164
1757434335086 26.888793099499285 165
1757434335192 26.77316289024762 166
1757434335288 26.65853739023852 167
1757434335363 26.54490112984824 168
1757434335437 26.43223894573719 169
1757434335509 26.320535973889967 170
1757434335593 26.209777642834187 171
1757434335680 26.099949667032995 172
1757434335768 25.991038040446124 173
1757434335842 25.883029030254566 174
1757434335907 25.775909170744065 175
1757434336002 25.669665257342878 176
1757434336096 25.564284340809312 177
1757434336172 25.459753721564866 178
1757434336241 25.356060944168664 179
1757434336337 25.253193791929363 180
1757434336423 25.151140281650523 181
1757434336547 25.04988865850576 182
1757434336653 24.94942739104009 183
1757434336719 24.849745166293836 184
1757434336793 24.750830885045918 185
1757434336885 24.652673657173022 186
1757434337004 24.555262797121603 187
1757434337094 24.458587819489633 188
1757434337193 24.362638434715056 189
1757434337261 24.267404544868096 190
1757434337364 24.17287623954465 191
1757434337435 24.07904379185798 192
1757434337522 23.985897654526156 193
1757434337592 23.89342845605259 194
1757434337667 23.801626996997324 195
1757434337747 23.710557631281873 196
1757434337823 23.620100531266708 197
1757434337902 23.53028431549607 198
1757434337989 23.4411003112724 199
1757434338071 23.352540126578976 200
1757434338142 23.264595520865168 201
1757434338206 23.177258401881392 202
1757434338278 23.090520822598176 203
1757434338355 23.00437497819629 204
1757434338444 22.918813203126284 205
1757434338523 22.83382796823579 206
1757434338602 22.749411877962743 207
1757434338673 22.66555766759293 208
1757434338742 22.58225820058015 209
1757434338810 22.4995064659275 210
1757434338888 22.41729557562817 211
1757434338969 22.33561876216427 212
1757434339058 22.254469376062247 213
1757434339115 22.17384088350347 214
1757434339259 22.09372686398861 215
1757434339430 22.014121008054467 216
1757434339560 21.935017115041944 217
1757434339641 21.85640909091393 218
1757434339694 21.778290946121817 219
1757434339771 21.70065679351947 220
1757434339864 21.623500846323537 221
1757434339941 21.54681741611887 222
1757434340001 21.47060091090802 223
1757434340112 21.394845833203725 224
1757434340230 21.31954677816334 225
1757434340306 21.24469843176417 226
1757434340386 21.17029556901878 227
1757434340470 21.096333052229244 228
1757434340559 21.022805829279402 229
1757434340637 20.949708931964327 230
1757434340694 20.877037474355937 231
1757434340752 20.804786651204026 232
1757434340813 20.732951736371803 233
1757434340881 20.661528081305125 234
1757434340977 20.590511113534678 235
1757434341067 20.519896335210234 236
1757434341146 20.4496793216663 237
1757434341239 20.379855720018405 238
1757434341310 20.310421247789304 239
1757434341371 20.241371691564343 240
1757434341464 20.172702905675454 241
1757434341536 20.104410810912864 242
1757434341601 20.036491393264157 243
1757434341706 19.96894070267984 244
1757434341770 19.901754851864915 245
1757434341881 19.834930015095754 246
1757434341953 19.768462427061834 247
1757434342013 19.702348381731635 248
1757434342073 19.63658423124218 249
1757434342142 19.571166384811743 250
1757434342224 19.506091307675074 251
1757434342300 19.44135552004075 252
1757434342398 19.37695559607005 253
1757434342465 19.31288816287694 254
1757434342528 19.24914989954861 255
1757434342605 19.18573753618622 256
1757434342703 19.12264785296523 257
1757434342778 19.059877679215045 258
1757434342861 18.997423892517443 259
1757434342940 18.935283417823335 260
1757434343043 18.87345322658759 261
1757434343125 18.811930335921343 262
1757434343201 18.750711807761515 263
1757434343266 18.68979474805715 264
1757434343347 18.629176305972138 265
1757434343439 18.56885367310403 266
1757434343529 18.508824082718537 267
1757434343614 18.449084808999427 268
1757434343683 18.38963316631336 269
1757434343759 18.33046650848951 270
1757434343821 18.271582228113527 271
1757434343888 18.21297775583552 272
1757434343975 18.154650559691817 273
1757434344055 18.096598144440197 274
1757434344122 18.03881805090825 275
1757434344199 17.98130785535461 276
1757434344265 17.924065168842795 277
1757434344420 17.86708763662737 278
1757434344576 17.81037293755216 279
1757434344675 17.75391878346028 280
1757434344822 17.69772291861567 281
1757434344921 17.64178311913598 282
1757434345013 17.586097192436448 283
1757434345103 17.530662976684674 284
1757434345200 17.475478340265916 285
1757434345269 17.420541181258802 286
1757434345349 17.365849426921145 287
1757434345422 17.311401033185707 288
1757434345509 17.257193984165728 289
1757434345592 17.203226291669875 290
1757434345662 17.149495994726603 291
1757434345737 17.09600115911756 292
1757434345798 17.04273987691999 293
1757434345868 16.98971026605782 294
1757434345928 16.93691046986136 295
1757434345991 16.884338656635318 296
1757434346092 16.8319930192351 297
1757434346171 16.779871774651085 298
1757434346257 16.727973163600822 299
1757434346330 16.676295450128865 300
1757434346424 16.624836921214253 301
1757434346499 16.57359588638529 302
1757434346585 16.52257067734163 303
1757434346679 16.471759647583426 304
1757434346756 16.42116117204744 305
1757434346818 16.37077364674995 306
1757434346894 16.32059548843632 307
1757434346980 16.270625134237125 308
1757434347049 16.22086104133065 309
1757434347113 16.17130168661166 310
1757434347176 16.121945566366332 311
1757434347241 16.07279119595318 312
1757434347323 16.023837109489893 313
1757434347414 15.97508185954595 314
1757434347522 15.92652401684087 315
1757434347587 15.878162169948064 316
1757434347667 15.82999492500406 317
1757434347771 15.782020905423115 318
1757434347850 15.734238751616985 319
1757434347944 15.686647120719893 320
1757434348011 15.63924468631843 321
1757434348089 15.592030138186425 322
1757434348175 15.545002182024643 323
1757434348260 15.498159539205126 324
1757434348329 15.451500946520287 325
1757434348418 15.405025155936421 326
1757434348505 15.358730934351769 327
1757434348583 15.312617063358857 328
1757434348674 15.26668233901119 329
1757434348752 15.22092557159406 330
1757434348843 15.175345585399542 331
1757434348908 15.12994121850547 332
1757434348981 15.084711322558382 333
1757434349072 15.039654762560325 334
1757434349141 14.994770416659499 335
1757434349211 14.950057175944579 336
1757434349290 14.90551394424274 337
1757434349361 14.861139637921198 338
1757434349432 14.816933185692367 339
1757434349520 14.772893528422353 340
1757434349672 14.729019618942914 341
1757434349737 14.685310421866676 342
1757434349925 14.641764913405652 343
1757434350072 14.598382081192899 344
1757434350210 14.55516092410736 345
1757434350390 14.512100452101743 346
1757434350486 14.469199686033397 347
1757434350568 14.426457657498172 348
1757434350643 14.383873408667174 349
1757434350812 14.341445992126337 350
1757434350943 14.299174470718812 351
1757434351022 14.257057917390092 352
1757434351115 14.21509541503579 353
1757434351223 14.173286056352088 354
1757434351320 14.131628943688762 355
1757434351399 14.090123188904725 356
1757434351510 14.048767913226062 357
1757434351609 14.007562247106549 358
1757434351700 13.966505330090513 359
1757434351804 13.925596310678065 360
1757434351914 13.884834346192646 361
1757434352030 13.84421860265086 362
1757434352099 13.803748254634463 363
1757434352167 13.763422485164597 364
1757434352239 13.723240485578156 365
1757434352305 13.683201455406223 366
1757434352384 13.643304602254595 367
1757434352502 13.60354914168633 368
1757434352578 13.563934297106277 369
1757434352655 13.524459299647553 370
1757434352737 13.485123388059959 371
1757434352816 13.44592580860024 372
1757434352905 13.4068658149242 373
1757434352986 13.367942667980673 374
1757434353046 13.329155635907211 375
1757434353125 13.290503993927535 376
1757434353211 13.251987024250756 377
1757434353282 13.213604015972184 378
1757434353350 13.175354264975875 379
1757434353414 13.137237073838744 380
1757434353507 13.099251751736313 381
1757434353584 13.061397614349994 382
1757434353681 13.023673983775911 383
1757434353754 12.98608018843527 384
1757434353831 12.948615562986141 385
1757434353916 12.911279448236765 386
1757434354021 12.874071191060239 387
1757434354108 12.83699014431064 388
1757434354191 12.800035666740493 389
1757434354272 12.76320712291963 390
1757434354362 12.726503883155342 391
1757434354458 12.689925323413872 392
1757434354549 12.65347082524316 393
1757434354627 12.617139775696852 394
1757434354720 12.580931567259567 395
1757434354822 12.54484559777337 396
1757434354892 12.508881270365418 397
1757434354976 12.473037993376812 398
1757434355077 12.437315180292565 399
1757434355155 12.40171224967274 400
1757434355238 12.36622862508466 401
1757434355323 12.330863735036253 402
1757434355403 12.295617012910427 403
1757434355481 12.260487896900516 404
1757434355552 12.225475829946788 405
1757434355629 12.190580259673922 406
1757434355704 12.15580063832952 407
1757434355790 12.121136422723575 408
1757434355932 12.086587074168941 409
1757434356098 12.052152058422703 410
1757434356230 12.01783084562853 411
1757434356295 11.983622910259891 412
1757434356374 11.94952773106421 413
1757434356464 11.915544791007893 414
1757434356542 11.88167357722221 415
1757434356627 11.847913580950044 416
1757434356715 11.814264297493493 417
1757434356795 11.780725226162257 418
1757434356898 11.747295870222874 419
1757434356968 11.713975736848713 420
1757434357043 11.680764337070803 421
1757434357142 11.647661185729369 422
1757434357211 11.614665801426181 423
1757434357272 11.581777706477592 424
1757434357336 11.548996426868355 425
1757434357420 11.516321492206133 426
1757434357498 11.483752435676683 427
1757434357596 11.451288793999822 428
1757434357696 11.418930107385973 429
1757434357771 11.38667591949345 430
1757434357855 11.354525777386371 431
1757434357957 11.322479231493217 432
1757434358055 11.29053583556605 433
1757434358145 11.258695146640333 434
1757434358224 11.226956724995373 435
1757434358327 11.195320134115372 436
1757434358422 11.163784940651079 437
1757434358508 11.13235071438198 438
1757434358574 11.101017028179145 439
1757434358646 11.069783457968565 440
1757434358730 11.038649582695076 441
1757434358827 11.007614984286835 442
1757434358919 10.9766792476203 443
1757434358998 10.945841960485794 444
1757434359085 10.915102713553527 445
1757434359186 10.884461100340156 446
1757434359305 10.853916717175878 447
1757434359396 10.823469163171938 448
1757434359474 10.7931180401887 449
1757434359572 10.762862952804152 450
1757434359667 10.732703508282896 451
1757434359766 10.702639316545591 452
1757434359853 10.672669990138855 453
1757434359937 10.642795144205607 454
1757434360030 10.61301439645586 455
1757434360109 10.583327367137931 456
1757434360206 10.553733679010076 457
1757434360295 10.524232957312567 458
1757434360359 10.494824829740141 459
1757434360442 10.465508926414884 460
1757434360541 10.436284879859484 461
1757434360617 10.407152324970918 462
1757434360682 10.378110898994471 463
1757434360784 10.349160241498163 464
1757434360852 10.320299994347554 465
1757434360934 10.291529801680882 466
1757434361037 10.262849309884603 467
1757434361156 10.23425816756924 468
1757434361372 10.205756025545632 469
1757434361468 10.177342536801456 470
1757434361527 10.14901735647817 471
1757434361658 10.120780141848213 472
1757434361765 10.092630552292562 473
1757434361839 10.064568249278627 474
1757434361926 10.036592896338426 475
1757434362025 10.008704159047092 476
1757434362101 9.98090170500168 477
1757434362193 9.953185203800272 478
1757434362261 9.925554327021382 479
1757434362364 9.89800874820366 480
1757434362457 9.870548142825848 481
1757434362521 9.843172188287063 482
1757434362596 9.815880563887331 483
1757434362666 9.788672950808387 484
1757434362742 9.761549032094761 485
1757434362925 9.734508492635127 486
1757434363044 9.70755101914389 487
1757434363153 9.68067630014306 488
1757434363287 9.653884025944347 489
1757434363411 9.62717388863153 490
1757434363499 9.60054558204305 491
1757434363572 9.573998801754847 492
1757434363666 9.547533245063445 493
1757434363747 9.521148610969249 494
1757434363845 9.49484460016009 495
1757434363915 9.468620914994984 496
1757434363984 9.442477259488106 497
1757434364056 9.416413339292992 498
1757434364125 9.390428861686969 499
