1757507953720 163.29956624315872 0
1757507953791 161.4036923013525 1
1757507953862 154.9666724559463 2
1757507953926 137.6364464171365 3
1757507953986 134.1169702459389 4
1757507954056 135.8699452748434 5
1757507954115 126.43301396421892 6
1757507954180 132.3146962514728 7
1757507954242 119.74879018410279 8
1757507954302 119.38544279248323 9
1757507954369 119.12994367709602 10
1757507954429 125.45449036071263 11
1757507954487 113.57938861846189 12
1757507954543 101.09289942533225 13
1757507954602 106.11673925317534 14
1757507954660 111.86935483421873 15
1757507954717 99.87680116939801 16
1757507954793 92.442153223807 17
1757507954947 96.67326026139024 18
1757507955095 85.16142717710086 19
1757507955225 81.64151435976804 20
1757507955324 91.12756740593676 21
1757507955394 89.89933074825292 22
1757507955499 84.64279621231655 23
1757507955634 81.36265534864812 24
1757507955907 85.39455454294055 25
1757507956010 89.30366219667536 26
1757507956087 75.61456155395511 27
1757507956155 81.27908482362865 28
1757507956223 82.19559834301519 29
1757507956288 77.93885866702998 30
1757507956352 74.30529429521685 31
1757507956419 60.16404556794645 32
1757507956490 63.14969077474919 33
1757507956562 72.16151183712827 34
1757507956628 62.68145338961506 35
1757507956690 63.34624658122133 36
1757507956752 69.4433672032661 37
1757507956812 69.95726377776451 38
1757507956873 59.38729552650154 39
1757507956934 69.17803820435675 40
1757507956997 65.39792968375389 41
1757507957060 52.238583627378425 42
1757507957134 60.055899075391515 43
1757507957195 60.27823559993265 44
1757507957258 58.435304988171175 45
1757507957316 61.31991122032505 46
1757507957375 66.7776055195488 47
1757507957433 52.161557773651246 48
1757507957489 50.93200243598949 49
1757507957546 55.04056107310993 50
1757507957607 53.51794239748915 51
1757507957663 50.106404496878135 52
1757507957721 70.0398818288059 53
1757507957777 51.7826689016095 54
1757507957834 45.26624737086271 55
1757507957891 51.17721408990709 56
1757507957947 58.83579549441975 57
1757507958004 51.20316409029666 58
1757507958062 53.826397629645136 59
1757507958125 53.10116588966568 60
1757507958187 50.38961680754763 61
1757507958244 49.20493383428243 62
1757507958301 50.316497978702124 63
1757507958357 45.27659341959437 64
1757507958415 51.72279940594651 65
1757507958471 48.64774866984802 66
1757507958526 43.444413231042404 67
1757507958584 48.02602299669118 68
1757507958641 40.619761465033385 69
1757507958698 42.02069615315099 70
1757507958753 52.01667963701586 71
1757507958809 37.69402250334425 72
1757507958865 44.57924723835817 73
1757507958921 49.02392084829344 74
1757507958977 50.83671102026195 75
1757507959033 56.78303427296627 76
1757507959091 40.231713907514724 77
1757507959156 58.319169912201254 78
1757507959214 43.35305018865906 79
1757507959271 37.16827550166887 80
1757507959328 48.4187406997346 81
1757507959383 38.546576085606766 82
1757507959446 32.633308141457405 83
1757507959505 40.25264461480559 84
1757507959563 44.73434087652148 85
1757507959622 35.60460452567083 86
1757507959679 48.097705682383804 87
1757507959736 91.21144547015827 88
1757507959797 38.2277126698856 89
1757507959858 43.133770874044984 90
1757507959917 32.8997200346806 91
1757507959974 43.34680984759955 92
1757507960033 41.02702611769535 93
1757507960091 44.19382491474719 94
1757507960148 28.760716960320163 95
1757507960212 58.547456148031905 96
1757507960270 51.395183834064845 97
1757507960328 41.073393126930874 98
1757507960384 34.12409272443643 99
1757507960441 49.58984349213218 100
1757507960497 38.05105710021419 101
1757507960555 34.30141219179924 102
1757507960613 39.947727603095046 103
1757507960671 35.84818096176675 104
1757507960728 34.29574451401518 105
1757507960786 47.11571388313113 106
1757507960844 35.47358473887369 107
1757507960902 38.96351129211255 108
1757507960959 38.39027377138216 109
1757507961017 36.207995745361764 110
1757507961074 50.50227769763697 111
1757507961133 45.06223050249772 112
1757507961201 31.25651542344343 113
1757507961259 61.26905250903591 114
1757507961316 32.305887779250014 115
1757507961372 32.503019859402315 116
1757507961429 35.09850657992478 117
1757507961487 30.198359333253958 118
1757507961547 26.628000742233596 119
1757507961605 35.92292918128739 120
1757507961664 44.465390204444276 121
1757507961723 34.87157691682969 122
1757507961780 25.74559647769941 123
1757507961839 29.23303360210191 124
1757507961898 30.95769801058385 125
1757507961954 34.46639450091749 126
1757507962012 51.95455632201922 127
1757507962070 35.930468348716396 128
1757507962130 35.95228164290916 129
1757507962189 32.90553211271037 130
1757507962249 33.872328337555224 131
1757507962308 29.696941108505555 132
1757507962371 31.50295364549777 133
1757507962431 47.666077236000966 134
1757507962491 30.304027565328436 135
1757507962549 24.92071652076737 136
1757507962609 36.18902719563837 137
1757507962671 26.37546852864188 138
1757507962736 29.106505888665435 139
1757507962801 29.06192094549456 140
1757507962867 32.54255824393926 141
1757507962930 25.955068056827457 142
1757507962989 33.24288712500978 143
1757507963049 50.39870269505408 144
1757507963110 25.69325468214275 145
1757507963169 30.675796665261277 146
1757507963240 29.029727887410825 147
1757507963301 54.59850253086975 148
1757507963360 72.99544352560456 149
1757507963419 36.18144793054507 150
1757507963478 38.452654313342926 151
1757507963538 27.173794830127104 152
1757507963596 36.4239461949495 153
1757507963656 24.909404211900114 154
1757507963717 39.046491549764475 155
1757507963776 32.323111770112945 156
1757507963841 26.29340042852563 157
1757507963937 30.462968005275282 158
1757507964071 28.90192075894539 159
1757507964137 21.9076182771946 160
1757507964201 30.14814201445853 161
1757507964276 21.080505782175923 162
1757507964339 32.27406875065789 163
1757507964398 23.884219173325295 164
1757507964460 38.08404164005717 165
1757507964520 34.00424049202035 166
1757507964581 21.44955312414052 167
1757507964641 32.40965493341374 168
1757507964702 22.37808113434132 169
1757507964760 26.88783940051377 170
1757507964821 28.050078362316636 171
1757507964881 24.26386890346062 172
1757507964940 26.209595586143138 173
1757507964999 23.57581630497184 174
1757507965060 75.6863979465752 175
1757507965122 25.416078087254235 176
1757507965181 19.365806450030814 177
1757507965256 29.283878043145933 178
1757507965318 25.21197986356152 179
1757507965377 30.997573713925522 180
1757507965436 26.74419835394517 181
1757507965497 27.48385542934048 182
1757507965557 30.01230354561524 183
1757507965618 25.30507311284894 184
1757507965683 20.244965512109584 185
1757507965746 29.135590898891298 186
1757507965807 27.52566312171153 187
1757507965868 20.708925320227056 188
1757507965929 21.80202066943257 189
1757507965989 18.878166305606715 190
1757507966057 25.776860600191345 191
1757507966119 22.633680598110715 192
1757507966184 21.850350983416305 193
1757507966287 28.135224410211908 194
1757507966370 25.06642822924925 195
1757507966448 22.226482571967292 196
1757507966528 28.873306964518132 197
1757507966632 21.707995582591007 198
1757507966849 23.90736224704123 199
1757507967118 17.7226587238639 200
1757507967309 22.803521691006527 201
1757507967434 16.057161350478907 202
1757507967559 22.373179301406356 203
1757507967683 19.64496586382891 204
1757507967873 24.748307928301855 205
1757507968020 23.891391787383522 206
1757507968110 27.597439901891136 207
1757507968194 45.8676970972567 208
1757507968280 23.187327472434152 209
1757507968371 30.16767874283148 210
1757507968455 40.3782392656446 211
1757507968537 28.081943323546255 212
1757507968630 16.0724775991544 213
1757507968725 21.896818492432757 214
1757507968820 28.000947607107765 215
1757507968894 26.66558117740193 216
1757507968969 26.280078788519376 217
1757507969039 22.541138031595654 218
1757507969108 27.101524336726072 219
1757507969177 19.789363397548826 220
1757507969246 23.25618232190874 221
1757507969343 18.567460593980687 222
1757507969409 55.78328296106012 223
1757507969480 20.487991484090987 224
1757507969546 19.1504429276555 225
1757507969613 19.25468965438061 226
1757507969680 22.989139076560104 227
1757507969746 21.130682150350452 228
1757507969810 21.178045036676583 229
1757507969872 29.247477449633976 230
1757507969936 19.660309300719966 231
1757507970001 41.19547396285708 232
1757507970064 18.70215604086289 233
1757507970125 18.905663988141814 234
1757507970186 21.106404500378915 235
1757507970247 21.963726259335534 236
1757507970308 24.60853095964403 237
1757507970377 22.479431774492515 238
1757507970439 24.74706221607069 239
1757507970504 20.35222389597951 240
1757507970565 21.432533246911543 241
1757507970625 23.39337997777389 242
1757507970688 23.740197356858175 243
1757507970747 27.323426319948577 244
1757507970807 17.454938560580995 245
1757507970868 21.026554483071322 246
1757507970932 26.773536175480206 247
1757507970993 15.603231706633595 248
1757507971053 24.155908052216443 249
1757507971113 27.909072892427094 250
1757507971177 17.97310911028055 251
1757507971240 23.87015140439854 252
1757507971303 19.63661139682758 253
1757507971374 24.510809982418227 254
1757507971441 22.522521664758486 255
1757507971506 40.19284963489433 256
1757507971571 22.111858450537255 257
1757507971634 22.61834587029116 258
1757507971699 21.37780314367488 259
1757507971765 21.9255787391812 260
1757507971829 16.927481953540877 261
1757507971892 24.270218068724166 262
1757507971958 24.736712043343193 263
1757507972023 18.126093833669827 264
1757507972086 21.518449681185007 265
1757507972149 19.096783996556496 266
1757507972213 19.142477812283875 267
1757507972277 19.29094987050691 268
1757507972340 23.70563117044757 269
1757507972412 17.887840924360173 270
1757507972477 15.638389451457064 271
1757507972542 18.946357879784927 272
1757507972607 17.597311392808347 273
1757507972674 15.640542845538869 274
1757507972736 18.120599897970546 275
1757507972800 18.491440946457526 276
1757507972865 23.29862188231654 277
1757507972928 18.00300289944873 278
1757507972992 19.27534593576453 279
1757507973058 21.035722186187105 280
1757507973121 18.422376935997907 281
1757507973184 20.691950618307168 282
1757507973247 38.01711624803222 283
1757507973314 22.576707160685498 284
1757507973380 20.44027526796604 285
1757507973452 13.949416237732331 286
1757507973519 28.278609987629135 287
1757507973586 23.7656599800663 288
1757507973650 18.40125801852949 289
1757507973714 23.959073578553827 290
1757507973778 24.007796885299232 291
1757507973841 21.776188837941252 292
1757507973905 22.93035986772234 293
1757507973969 18.17058264506005 294
1757507974035 18.07188768608407 295
1757507974101 22.31769457301354 296
1757507974168 14.921432141037714 297
1757507974232 20.43117321139658 298
1757507974295 21.51728104382862 299
1757507974361 19.67421546244949 300
1757507974431 17.71891115863217 301
1757507974496 18.788606342232285 302
1757507974563 17.81450589863857 303
1757507974628 14.777318933266598 304
1757507974693 17.94067620163818 305
1757507974757 18.274600600661042 306
1757507974823 19.56629931964368 307
1757507974886 13.74726789019139 308
1757507974950 17.861644044959668 309
1757507975018 12.357913691054392 310
1757507975083 20.650427107098068 311
1757507975147 22.528755834789546 312
1757507975212 19.39812328115654 313
1757507975274 14.741389974762155 314
1757507975339 13.032502785026802 315
1757507975403 21.010956712235785 316
1757507975478 24.76732492550407 317
1757507975545 19.598419617558736 318
1757507975608 39.48473225845766 319
1757507975674 21.637254692334682 320
1757507975737 18.177473590935115 321
1757507975803 27.138465686029537 322
1757507975868 19.812972351662175 323
1757507975931 17.13969714464457 324
1757507975996 12.789283372251697 325
1757507976063 15.730813107090805 326
1757507976128 15.564261237506805 327
1757507976194 15.40426355988273 328
1757507976262 18.117126708373284 329
1757507976328 16.689903341095754 330
1757507976393 19.024759927875152 331
1757507976467 19.22345383785412 332
1757507976544 14.850622700246399 333
1757507976610 15.168835522365947 334
1757507976675 12.641230421292219 335
1757507976742 31.187121436312427 336
1757507976808 29.260615204702145 337
1757507976872 16.625787778309356 338
1757507976939 23.0360422407668 339
1757507977004 15.718783848554134 340
1757507977078 18.238893371358255 341
1757507977148 16.785219027397872 342
1757507977214 14.197751567421996 343
1757507977279 22.559782597945713 344
1757507977348 18.000962157133554 345
1757507977414 18.448153228353004 346
1757507977479 16.23522734146314 347
1757507977547 14.607737885266962 348
1757507977616 17.189756139078067 349
1757507977681 16.449346250155195 350
1757507977748 17.884280943825065 351
1757507977813 15.210781581023634 352
1757507977877 17.637084434215538 353
1757507977942 15.825680287332204 354
1757507978007 16.39555282792166 355
1757507978072 13.51084262403422 356
1757507978138 17.466807127178456 357
1757507978203 29.877033440336703 358
1757507978268 38.519845261929724 359
1757507978332 12.426244149389518 360
1757507978399 15.526838626295286 361
1757507978462 16.395066843273494 362
1757507978532 11.437454658529292 363
1757507978600 13.396079457507968 364
1757507978664 15.452047634548316 365
1757507978729 15.308938142608952 366
1757507978796 20.433535256915118 367
1757507978860 19.55966414909964 368
1757507978924 17.214618413429502 369
1757507979046 15.7355622762932 370
1757507979181 13.374717346393359 371
1757507979255 14.239862387605646 372
1757507979361 16.245831337461762 373
1757507979433 15.713960314151608 374
1757507979513 15.394518540704995 375
1757507979659 11.700712116950825 376
1757507979830 14.66605933493931 377
1757507979985 16.65024258096251 378
1757507980078 12.7300069721416 379
1757507980187 9.5803489123337 380
1757507980350 13.814516847462487 381
1757507980451 14.076921148217998 382
1757507980527 17.110172679105236 383
1757507980597 13.83836821147367 384
1757507980664 16.619884283176262 385
1757507980731 26.61308340242026 386
1757507980798 16.654583050489606 387
1757507980868 16.163441933168972 388
1757507980936 14.958860101650506 389
1757507981003 18.62160871999305 390
1757507981073 18.002890230159732 391
1757507981140 18.4361564017638 392
1757507981207 13.137429898396315 393
1757507981274 16.979180852151163 394
1757507981342 32.18309604413735 395
1757507981411 30.21247581805909 396
1757507981481 15.952559155242605 397
1757507981554 12.996386370697811 398
1757507981623 15.288721164800927 399
1757507981693 14.986692626463759 400
1757507981761 12.778580873413356 401
1757507981828 18.609314926751 402
1757507981894 13.273393668004493 403
1757507981964 13.904147474815872 404
1757507982031 14.14709309629942 405
1757507982098 17.22520175610141 406
1757507982183 11.599563586867879 407
1757507982278 13.054677770499415 408
1757507982366 20.859709270136435 409
1757507982503 36.53318551847924 410
1757507982616 11.202215490571982 411
1757507982706 15.835866471825826 412
1757507982797 13.244950864735925 413
1757507982883 11.174451244489438 414
1757507982970 11.9917906257786 415
1757507983056 16.84043280300836 416
1757507983140 13.44999614524979 417
1757507983225 10.226477519756328 418
1757507983310 13.86640433497268 419
1757507983394 15.845290082688413 420
1757507983492 12.370535254461982 421
1757507983581 15.795879157569921 422
1757507983653 16.10556433999111 423
1757507983731 14.208307982602093 424
1757507983804 16.913854856071072 425
1757507983880 10.44076587711735 426
1757507983964 12.420376769077317 427
1757507984048 12.60850896837144 428
1757507984129 13.363514525360506 429
1757507984210 14.110245426052925 430
1757507984296 15.96508750455344 431
1757507984390 11.752967635341577 432
1757507984503 13.675320330332903 433
1757507984619 15.510385946938113 434
1757507984697 11.975479456110724 435
1757507984774 13.1773536251871 436
1757507984850 10.377550611201453 437
1757507984924 13.750771900230797 438
1757507985004 21.95553317365906 439
1757507985078 12.283692769727063 440
1757507985152 15.409511846286984 441
1757507985225 17.547284950650365 442
1757507985308 10.556084284677503 443
1757507985388 12.536851586663436 444
1757507985468 13.427027126961866 445
1757507985548 14.49444460648904 446
1757507985640 11.95879359345384 447
1757507985717 15.5549265097571 448
1757507985795 12.814641414686164 449
1757507985871 12.695247759637425 450
1757507985943 14.201070288843276 451
1757507986018 21.76327481734249 452
1757507986088 12.318859980901564 453
1757507986160 14.653086591424048 454
1757507986230 14.493702471572055 455
1757507986304 13.31651583686474 456
1757507986379 14.145392286214268 457
1757507986450 13.719594110881197 458
1757507986522 16.914524760038958 459
1757507986591 16.691373971957447 460
1757507986677 11.892050726366849 461
1757507986744 25.08292688316807 462
1757507986815 14.771650713939621 463
1757507986883 16.072061208157127 464
1757507986962 16.36718085855892 465
1757507987036 15.010392297949858 466
1757507987111 26.380368409318034 467
1757507987187 12.155621658998045 468
1757507987257 11.254385047117408 469
1757507987326 9.820291916171575 470
1757507987394 14.35709939949684 471
1757507987463 14.196527980450512 472
1757507987541 19.878959044314247 473
1757507987615 26.505165529598685 474
1757507987701 25.634449306636856 475
1757507987777 11.465870361838768 476
1757507987847 13.20319121160093 477
1757507987914 10.8537352797548 478
1757507987984 20.246501819078517 479
1757507988055 14.03104165666142 480
1757507988125 24.35127647592711 481
1757507988193 9.20369563840907 482
1757507988263 12.025149287536266 483
1757507988330 15.924848041874192 484
1757507988398 11.680969583890478 485
1757507988466 23.876095306092505 486
1757507988536 22.157855151562966 487
1757507988604 14.932751556394003 488
1757507988687 7.655668376610275 489
1757507988757 14.695995522174002 490
1757507988826 13.901362777126016 491
1757507988893 15.899148145465459 492
1757507988963 12.839991798767942 493
1757507989037 12.520458216585444 494
1757507989105 22.153206456337838 495
1757507989173 15.344141642833714 496
1757507989241 10.64775818218329 497
1757507989308 31.448995639016726 498
1757507989377 21.656526660260194 499
