1757499808130 0.6149829570298769 0
1757499808225 1.5289477003157574 1
1757499808321 0.8071410247178976 2
1757499808417 1.2983845160387324 3
1757499808510 1.2135120654054192 4
1757499808602 0.003972863278039732 5
1757499808697 0.8767582721065299 6
1757499808789 2.9823653502663543 7
1757499808886 0.10029205062791381 8
1757499809033 1.4221948719875126 9
1757499809135 1.3644799460072898 10
1757499809234 0.15979000715160266 11
1757499809328 4.78391998570389e-05 12
1757499809424 1.827655868033377 13
1757499809526 0.7936822920997239 14
1757499809717 0.7245036379416168 15
1757499809904 0.8388810055311112 16
1757499810039 0.45173674931388424 17
1757499810239 0.09081915971672629 18
1757499810446 0.21175704857370692 19
1757499810569 0.10561558809038046 20
1757499810683 2.860275618125601 21
1757499810794 0.13585688699630638 22
1757499810905 0.016115129704659448 23
1757499811012 1.1693916285917036 24
1757499811116 0.7380037937954786 25
1757499811227 42.82208752246699 26
1757499811329 2.6020023323823787 27
1757499811427 0.6092498736494706 28
1757499811523 1.4529357512575334 29
1757499811620 9.096836701596057 30
1757499811718 1.0952983667828535 31
1757499811814 1.330439150111601 32
1757499811911 0.07243227734204226 33
1757499812007 0.9453368033311268 34
1757499812101 0.004575231928079892 35
1757499812197 0.010237693767307814 36
1757499812292 1.7353168979089693 37
1757499812385 3.5386514696674336 38
1757499812477 0.00207241641422837 39
1757499812570 2.246696945759488 40
1757499812666 3.0065430743897603 41
1757499812755 0.014550140201524446 42
1757499812854 0.3101484375991401 43
1757499812952 0.13496374652057885 44
1757499813045 1.5913883239663076 45
1757499813142 0.2279186125921172 46
1757499813243 3.1604784910320385 47
1757499813338 0.8152033401287837 48
1757499813428 0.5715480231555 49
1757499813523 1.7767141679138907 50
1757499813615 2.2906896222603113 51
1757499813711 1.7754922995171827 52
1757499813805 0.2076373207855583 53
1757499813898 1.9649804670221165 54
1757499813990 0.29710682974725633 55
1757499814083 0.7587306225698578 56
1757499814178 0.08335014973700447 57
1757499814281 0.0001476062569482987 58
1757499814375 0.010152236745040144 59
1757499814467 0.681919554537949 60
1757499814555 0.061938330643702966 61
1757499814646 0.08537453207379155 62
1757499814739 1.043677651310493 63
1757499814830 1.5809896844496882 64
1757499814925 0.6969214633399075 65
1757499815016 1.6645470423347 66
1757499815108 0.06591175564266175 67
1757499815199 0.0012532425817705017 68
1757499815299 0.6417758239285007 69
1757499815392 0.07719271790580653 70
1757499815486 0.16038156154453953 71
1757499815582 0.06924139834491827 72
1757499815678 1.4959386832990331 73
1757499815773 0.058527719351217575 74
1757499815870 1.0103448750319235 75
1757499815964 0.5834465067168618 76
1757499816058 0.4696372256383925 77
1757499816155 1.7200856738658563 78
1757499816249 0.31533128389977566 79
1757499816340 1.1221378063993068 80
1757499816434 0.31579945908303764 81
1757499816527 0.6277473435634959 82
1757499816618 1.6067072957615542 83
1757499816710 0.011621682441615275 84
1757499816801 0.712595927303876 85
1757499816893 3.3714113724198396 86
1757499816985 1.4687384649426827 87
1757499817077 0.01808658613495736 88
1757499817173 3.4482766333585353 89
1757499817268 0.25500598183152023 90
1757499817363 2.0428342929364613 91
1757499817451 0.47442614224343044 92
1757499817547 1.6268033841767702 93
1757499817642 0.05804578527712044 94
1757499817737 1.4252941296557442 95
1757499817834 4.450166352256573 96
1757499817930 0.2986299669503678 97
1757499818025 0.5299336103535713 98
1757499818152 0.8588087050641171 99
1757499818299 0.5521005142144393 100
1757499818445 0.015041981150423305 101
1757499818573 1.0442694812455473 102
1757499818777 0.2943544067078595 103
1757499818953 0.7551707736129167 104
1757499819074 0.8445933476485392 105
1757499819202 1.1666131941565794 106
1757499819316 2.8511502937650146 107
1757499819437 1.3336003315618827 108
1757499819558 1.6836675693188878 109
1757499819704 2.0535312674697344 110
1757499819808 0.29034585169303617 111
1757499819918 3.91783258525755 112
1757499820021 0.02184926119002365 113
1757499820127 1.74573094738402 114
1757499820231 1.0982284563379379 115
1757499820338 0.05090586530246907 116
1757499820444 1.109123123390726 117
1757499820548 0.008222619046050227 118
1757499820648 0.5434559181296323 119
1757499820750 1.4946352090457073 120
1757499820851 0.016273891877478065 121
1757499820953 1.7665312724030244 122
1757499821050 0.6917407527720064 123
1757499821146 0.0058245490323645495 124
1757499821245 1.7089556304891704 125
1757499821345 0.4339190836535778 126
1757499821442 0.6110664359042342 127
1757499821538 1.7027564298347244 128
1757499821633 0.0005497631300276237 129
1757499821729 3.5325869150571694 130
1757499821818 1.9361951667932333 131
1757499821915 0.36560504431890395 132
1757499822010 0.13610720305219456 133
1757499822106 1.2229800165638482 134
1757499822201 1.0295604338398856 135
1757499822297 0.49057455063026845 136
1757499822403 2.9727961888515795 137
1757499822498 0.4447895888795216 138
1757499822591 2.674756937029203 139
1757499822683 2.8103915292781183 140
1757499822778 2.3341615199698564 141
1757499822873 1.3121672627597327 142
1757499822970 0.001243739718125582 143
1757499823066 1.0206446994936138 144
1757499823163 0.08950100053180345 145
1757499823257 4.437230382975852 146
1757499823367 1.2425406262043068 147
1757499823458 1.6465190774691498 148
1757499823556 1.7599940646077723 149
1757499823652 3.7948501179033722 150
1757499823745 0.9144893679225821 151
1757499823841 54.48617363619441 152
1757499823937 0.6472882974759444 153
1757499824034 0.10312909247355492 154
1757499824130 0.985331516220375 155
1757499824223 0.00026026282184469655 156
1757499824315 2.296810527467834 157
1757499824419 0.27699655470941315 158
1757499824512 0.0024875219914805417 159
1757499824607 0.4477365435189692 160
1757499824701 0.3041962436292213 161
1757499824799 0.13948327586159504 162
1757499824891 1.927120063897115 163
1757499824985 0.017730317216814697 164
1757499825077 3.0031713640056967 165
1757499825174 1.1090853952358724 166
1757499825274 0.026716720780979242 167
1757499825378 0.3044367182357461 168
1757499825476 0.7014449703030557 169
1757499825575 0.5078828372011351 170
1757499825666 0.24679195533522244 171
1757499825838 0.3709411571480644 172
1757499825935 0.4185216490940264 173
1757499826031 1.1518810270404174 174
1757499826127 0.33938679512852615 175
1757499826223 3.9194058953037403 176
1757499826320 1.12169371647751 177
1757499826417 1.4687037034943418 178
1757499826515 1.2152301793756564 179
1757499826611 0.9528993598122307 180
1757499826706 0.7275648488728698 181
1757499826802 0.03949723315131695 182
1757499826940 0.29614872152487787 183
1757499827128 1.0334373812994728 184
1757499827264 1.3913203046562856 185
1757499827405 0.22476947321557733 186
1757499827582 0.8384150826348449 187
1757499827750 0.07460958345541537 188
1757499827869 0.6541572521826468 189
1757499827976 0.12900021261316483 190
1757499828087 0.1735891480518611 191
1757499828194 0.0022580464871949863 192
1757499828299 0.06130512712366071 193
1757499828420 1.414990823713548 194
1757499828539 0.13778802029187137 195
1757499828647 0.7711430127518121 196
1757499828763 3.1710669221166574 197
1757499828879 0.12809362489235043 198
1757499829034 0.044167870392700787 199
1757499829149 0.13708013973145378 200
1757499829260 1.786209764739254 201
1757499829370 2.4220909845561316 202
1757499829477 0.4180752541825066 203
1757499829584 2.1055004007674927 204
1757499829685 0.7701130617602536 205
1757499829788 0.5300942680333852 206
1757499829889 1.949264777903613 207
1757499829985 0.18903241422127384 208
1757499830081 0.009739746437457557 209
1757499830180 0.24200809091303246 210
1757499830270 2.8381526670316832 211
1757499830369 3.71474083013129 212
1757499830466 0.7149515473971741 213
1757499830592 0.002910843893877204 214
1757499830697 2.114054731588968 215
1757499830808 1.2356552048174114 216
1757499830911 0.2054483516880145 217
1757499831017 3.5511891446853876 218
1757499831116 0.5159617329718322 219
1757499831218 0.030184808873956345 220
1757499831319 1.8770397600786228 221
1757499831422 1.2863086355543856 222
1757499831528 1.6103234538397082 223
1757499831628 3.235857989809733 224
1757499831727 0.4930648846419945 225
1757499831826 0.03289930311283561 226
1757499831924 0.07919246510525339 227
1757499832024 2.159145413830566 228
1757499832120 0.4128430257884307 229
1757499832220 0.17290656396836684 230
1757499832316 0.5947076146940603 231
1757499832416 0.6445213450026365 232
1757499832512 0.05229900937538409 233
1757499832614 0.0033131608942395677 234
1757499832715 0.03292501292290115 235
1757499832819 0.022671099340070104 236
1757499832922 0.7125569778808399 237
1757499833021 2.602594958957226 238
1757499833116 0.003862591859776024 239
1757499833209 2.397799003033812 240
1757499833303 0.3096600982135142 241
1757499833399 2.949207446629949 242
1757499833497 0.009953869736327775 243
1757499833600 3.3195077121924026 244
1757499833699 0.29411491052638256 245
1757499833793 0.08544757991140846 246
1757499833890 1.6202439468060466 247
1757499833988 1.7431459812386645 248
1757499834086 0.8248798044728979 249
1757499834181 0.030239301651054488 250
1757499834274 2.480364734701568 251
1757499834370 0.18544651643568413 252
1757499834467 0.2413119930389432 253
1757499834570 4.1872492914013 254
1757499834667 0.28032284330059937 255
1757499834766 0.03973850014347149 256
1757499834865 0.29240945978521415 257
1757499834962 0.6802449324512347 258
1757499835061 0.2951346881951245 259
1757499835159 0.5022214383664013 260
1757499835258 0.07265295153037908 261
1757499835356 0.08091841594736511 262
1757499835454 0.9864130296864994 263
1757499835555 2.752848816971153 264
1757499835652 0.02487160712023811 265
1757499835777 0.10998891133294957 266
1757499835963 0.6542293845631831 267
1757499836119 0.05385172484990132 268
1757499836251 0.5524847534684466 269
1757499836462 2.4472010521821894 270
1757499836704 0.12189864828802975 271
1757499836878 1.9288680664015299 272
1757499837033 0.3352016756955041 273
1757499837178 0.746348863004367 274
1757499837315 1.4603281959323584 275
1757499837453 1.854190135340203 276
1757499837573 1.1144108330908973 277
1757499837703 0.09621288672556148 278
1757499837877 1.1362230160613263 279
1757499838013 1.3279385107963992 280
1757499838135 1.096017297333862 281
1757499838261 0.08880290965298089 282
1757499838411 0.7771818835359013 283
1757499838565 3.4918615502911146 284
1757499838699 0.0020322465022580304 285
1757499838828 0.03380824775909529 286
1757499838957 3.483483907639951 287
1757499839085 0.8313005309889304 288
1757499839206 0.23562838433995056 289
1757499839320 0.14319599021133803 290
1757499839434 1.4084747966882885 291
1757499839546 2.059111544146123 292
1757499839655 0.2483275918751284 293
1757499839763 0.03174695191485442 294
1757499839870 0.4573580384124563 295
1757499839970 0.02559503039757065 296
1757499840094 0.08834655608636234 297
1757499840265 0.1515500325636497 298
1757499840388 2.438599338765631 299
1757499840502 0.14696102463830632 300
1757499840615 2.5952425014001146 301
1757499840729 1.4474469636947516 302
1757499840837 0.1359013775605025 303
1757499840937 0.11245598791796826 304
1757499841043 1.4430983991413018 305
1757499841148 0.2103247326918036 306
1757499841257 0.18076336329550985 307
1757499841364 4.327409460088499 308
1757499841463 0.22301900174157785 309
1757499841566 0.19310772873652635 310
1757499841661 0.3349688356200705 311
1757499841764 0.005552125942978481 312
1757499841866 0.9858907371416262 313
1757499841966 1.2525859349007775 314
1757499842070 0.031647744678261 315
1757499842172 0.7270431464414223 316
1757499842273 0.7649316908283879 317
1757499842374 0.5595388417284274 318
1757499842469 0.2746387427833561 319
1757499842570 0.37715676449974644 320
1757499842676 4.223644406362149 321
1757499842786 2.301627063795595 322
1757499842903 1.9602524856502732 323
1757499843002 0.5890642603227672 324
1757499843104 0.013336954491166095 325
1757499843205 0.6594789497004658 326
1757499843301 3.208068723266634 327
1757499843400 89.58539792102681 328
1757499843498 1.1462831161108793 329
1757499843596 0.002618793659909981 330
1757499843695 2.948725808602468 331
1757499843794 0.1100964190612994 332
1757499843891 1.6935639616444513 333
1757499843991 1.6326895017924692 334
1757499844090 0.0874196779030954 335
1757499844189 0.2861391956471111 336
1757499844294 0.1632504925172339 337
1757499844398 0.763019029464279 338
1757499844497 0.8781207497319005 339
1757499844597 0.3815458216506669 340
1757499844697 0.26474280236940523 341
1757499844803 0.4527757843477699 342
1757499844902 1.738949258843523 343
1757499844998 1.9994608228375659 344
1757499845095 0.5275799011032224 345
1757499845190 0.22405307384338027 346
1757499845289 0.20202756136309355 347
1757499845405 1.494399499454213 348
1757499845583 0.2887527912744759 349
1757499845734 4.667079804164385 350
1757499845879 0.5583397374146747 351
1757499846067 3.3121385502168335 352
1757499846182 1.3474996329447066 353
1757499846293 0.9814470734261408 354
1757499846400 1.5877948534446205 355
1757499846506 1.338820549689446 356
1757499846612 0.029618609894820958 357
1757499846716 0.01796782325621089 358
1757499846830 0.7022625882890214 359
1757499846937 1.7541748186261217 360
1757499847043 0.1803950792915504 361
1757499847161 2.1526806216303225 362
1757499847272 1.58532059450916 363
1757499847387 0.5763280326372003 364
1757499847497 1.9915996713497364 365
1757499847625 0.12303526607185969 366
1757499847765 0.13257287999583048 367
1757499847889 0.21555300134580893 368
1757499848004 0.28408101341964465 369
1757499848115 1.573346535186494 370
1757499848225 0.10993114381931475 371
1757499848364 2.11637278550581 372
1757499848475 0.06891916582592732 373
1757499848584 0.3195031766958473 374
1757499848690 1.9135331855732627 375
1757499848791 1.5426214277835262 376
1757499848893 0.00022517590576336133 377
1757499848998 0.9824703207635094 378
1757499849097 0.3745942671593072 379
1757499849196 0.14394769573020022 380
1757499849300 0.6625004161583723 381
1757499849396 3.5084591628541966 382
1757499849496 0.9515950760927399 383
1757499849594 0.7273890957530925 384
1757499849697 0.43467441922088623 385
1757499849798 0.9736111644271851 386
1757499849896 0.39887543141640813 387
1757499849997 0.2245424065787328 388
1757499850099 2.743955456468831 389
1757499850201 1.0335470767792048 390
1757499850306 2.70882848372311 391
1757499850406 2.2792147516057986 392
1757499850511 1.9581259496807926 393
1757499850612 0.013392425679448944 394
1757499850715 0.3965992000395707 395
1757499850818 2.872696959076408 396
1757499850919 0.6085730633726874 397
1757499851020 3.2549647132345596 398
1757499851117 3.0678250911606795 399
1757499851217 0.43658501227818863 400
1757499851315 0.5287993123048689 401
1757499851415 3.9590070147851883 402
1757499851520 0.7854214231759561 403
1757499851621 1.024571867554386 404
1757499851729 1.510672311398804 405
1757499851831 1.1284435498015126 406
1757499851930 0.25351522354890327 407
1757499852030 0.35833630232257907 408
1757499852130 1.2334587291655164 409
1757499852230 0.20741394781361774 410
1757499852330 0.6878958465575411 411
1757499852426 1.8435604136842652 412
1757499852526 1.8212786491404278 413
1757499852627 0.3166327574865976 414
1757499852725 2.045613926942018 415
1757499852817 0.7076168024328717 416
1757499852927 0.973744422338202 417
1757499853027 0.031019664842225226 418
1757499853130 0.4208656759567042 419
1757499853226 4.992598444611032 420
1757499853326 0.382884018693417 421
1757499853430 0.2190634555897038 422
1757499853527 3.041469742939046 423
1757499853631 1.0387855386953635 424
1757499853735 2.4181597427184265 425
1757499853839 0.9324820499841714 426
1757499853951 0.07771766042949879 427
1757499854052 2.2119506266943207 428
1757499854147 0.3829869441125115 429
1757499854349 5.456045531557357 430
1757499854514 2.199630626021354 431
1757499854658 0.2519969145145198 432
1757499854838 1.6670956202873723 433
1757499855000 0.1241543314658878 434
1757499855199 0.6881282167540159 435
1757499855396 3.0353777132495967 436
1757499855526 0.0684635230104757 437
1757499855654 0.12970995259928075 438
1757499855787 0.00773041984435398 439
1757499855910 0.5657417983330721 440
1757499856038 0.04536881200885637 441
1757499856159 0.03005799870380376 442
1757499856281 0.6528961016410747 443
1757499856390 4.582753752958306 444
1757499856533 0.30511068207708614 445
1757499856661 1.2671792738096703 446
1757499856782 0.057688652682422716 447
1757499856912 0.4326933749333247 448
1757499857044 0.3157123463032499 449
1757499857207 0.9124855408764463 450
1757499857335 0.1548812520250905 451
1757499857469 2.5285195088052688 452
1757499857588 0.09475411329508193 453
1757499857704 1.477131200229479 454
1757499857820 2.719745503365396 455
1757499857940 0.24192494507187765 456
1757499858056 1.8842403976268305 457
1757499858169 1.2209231858652572 458
1757499858282 0.025038511325383688 459
1757499858391 0.11557556427809672 460
1757499858496 0.17045934142026797 461
1757499858605 0.016550937113899516 462
1757499858711 0.023592987120897226 463
1757499858822 0.005125294663177943 464
1757499858933 0.6963775601071455 465
1757499859040 1.1996679366148395 466
1757499859147 4.157549537639575 467
1757499859249 1.0200055355784936 468
1757499859347 0.9070037596993491 469
1757499859445 0.45547935849669463 470
1757499859550 1.120928234744752 471
1757499859657 0.00040943999931299 472
1757499859762 0.9486741336158564 473
1757499859861 4.608711542020783 474
1757499859959 0.1871136173982186 475
1757499860063 0.2874147130639665 476
1757499860163 0.7557906366052417 477
1757499860268 0.01410873315228556 478
1757499860370 0.00023918506023438998 479
1757499860475 1.772950010787416 480
1757499860579 0.26966969588574746 481
1757499860685 1.3268737484669306 482
1757499860789 0.440652539926498 483
1757499860893 0.00012080506512964195 484
1757499860999 0.635639879058741 485
1757499861105 0.7231209789109121 486
1757499861207 0.14503259736407234 487
1757499861312 0.014191714297638327 488
1757499861415 0.11721496948869832 489
1757499861519 0.11291533887816563 490
1757499861615 1.02893218503996 491
1757499861721 2.6998999976331084 492
1757499861823 0.38354621304861286 493
1757499861926 0.34296134067444783 494
1757499862042 0.2770345571601992 495
1757499862146 0.09720263793500353 496
1757499862251 0.006964773507540476 497
1757499862366 2.305429382140402 498
1757499862473 1.2292752300748653 499
