1757436448734 150.04206264871962 0
1757436448767 137.01648608944694 1
1757436448804 131.87999973797784 2
1757436448839 126.82346927280082 3
1757436448874 122.14433750743652 4
1757436448913 117.7951375034564 5
1757436448951 113.74820486080847 6
1757436448991 109.97765752706646 7
1757436449029 106.46004991593671 8
1757436449066 103.17409671091951 9
1757436449102 100.10046883198227 10
1757436449138 97.22160678654082 11
1757436449173 94.52155222988866 12
1757436449208 91.98579582493268 13
1757436449243 89.60113981877198 14
1757436449278 87.35557390101124 15
1757436449315 85.23816304948699 16
1757436449349 83.23894619566133 17
1757436449382 81.34884465613499 18
1757436449416 79.55957937974135 19
1757436449452 77.86359615260305 20
1757436449493 76.2539979873516 21
1757436449531 74.72448399832018 22
1757436449568 73.26929413272659 23
1757436449615 71.88315918939043 24
1757436449655 70.56125561203298 25
1757436449692 69.29916459427837 26
1757436449728 68.09283507864446 27
1757436449764 66.93855027256116 28
1757436449799 65.83289734121485 29
1757436449834 64.77273997018303 30
1757436449870 63.75519352074363 31
1757436449909 62.77760252773746 32
1757436449944 61.8375203142167 33
1757436449982 60.93269051908579 34
1757436450024 60.06103035376573 35
1757436450067 59.22061542180099 36
1757436450103 58.40966595146798 37
1757436450143 57.626534306007166 38
1757436450181 56.86969364924192 39
1757436450218 56.13772765620499 40
1757436450255 55.42932116909419 41
1757436450291 54.74325170853492 42
1757436450327 54.07838175884148 43
1757436450363 53.433651753834106 44
1757436450399 52.80807369686583 45
1757436450434 52.20072535512013 46
1757436450470 51.610744974022225 47
1757436450508 51.0373264628263 48
1757436450546 50.479715007151825 49
1757436450582 49.93720306849575 50
1757436450619 49.40912673458626 51
1757436450655 48.894862387910564 52
1757436450694 48.39382366287846 53
1757436450782 47.90545866491002 54
1757436450915 47.42924742728689 55
1757436451045 46.96469958391144 56
1757436451119 46.511352238199535 57
1757436451167 46.06876801021173 58
1757436451220 45.63653324582639 59
1757436451319 45.21425637329187 60
1757436451398 44.80156639388028 61
1757436451467 44.3981114946182 62
1757436451528 44.00355777220057 63
1757436451565 43.61758805821673 64
1757436451604 43.24183690541656 65
1757436451642 42.87306608097772 66
1757436451680 42.51200234069258 67
1757436451718 42.15837924437908 68
1757436451756 41.811948243729034 69
1757436451792 41.47247241301918 70
1757436451831 41.139725563598695 71
1757436451866 40.81349162672167 72
1757436451903 40.49356406667059 73
1757436451942 40.17974533657087 74
1757436451981 39.87184637254814 75
1757436452020 39.56968612312479 76
1757436452064 39.27309111098642 77
1757436452104 38.981895024507146 78
1757436452142 38.69593833665504 79
1757436452179 38.41506794910961 80
1757436452216 38.13913685961409 81
1757436452254 37.86800385075804 82
1757436452293 37.60153319854322 83
1757436452332 37.33959439922768 84
1757436452369 37.0820619130727 85
1757436452406 36.828814923734136 86
1757436452444 36.57973711214695 87
1757436452483 36.33471644384791 88
1757436452524 36.09364496877004 89
1757436452561 35.85641863262227 90
1757436452599 35.62293709904052 91
1757436452638 35.393103581762944 92
1757436452675 35.16682468614233 93
1757436452718 34.944010259363644 94
1757436452766 34.72457324878495 95
1757436452834 34.50842956786557 96
1757436452891 34.29549796918715 97
1757436452950 34.08569992411132 98
1757436453006 33.87895950865246 99
1757436453046 33.67520329517603 100
1757436453093 33.47436024956173 101
1757436453134 33.276361633497636 102
1757436453173 33.08114091159587 103
1757436453212 32.88863366304236 104
1757436453251 32.698777497514236 105
1757436453292 32.51151197511684 106
1757436453332 32.32677853010983 107
1757436453371 32.14452039820757 108
1757436453411 31.964682547253773 109
1757436453451 31.787211611083716 110
1757436453494 31.61205582639974 111
1757436453533 31.439164972497185 112
1757436453573 31.268490313688506 113
1757436453615 31.099984544283007 114
1757436453655 30.93360173598859 115
1757436453694 30.769297287610332 116
1757436453734 30.607027876928413 117
1757436453773 30.44675141464495 118
1757436453813 30.288427000296107 119
1757436453852 30.132014880031857 120
1757436453892 29.977476406171537 121
1757436453931 29.824773998448745 122
1757436453974 29.67387110686395 123
1757436454013 29.52473217606785 124
1757436454051 29.377322611202956 125
1757436454098 29.231608745134572 126
1757436454142 29.08755780700659 127
1757436454181 28.94513789206039 128
1757436454222 28.80431793265913 129
1757436454260 28.665067670462165 130
1757436454302 28.527357629697605 131
1757436454341 28.39115909148363 132
1757436454380 28.256444069151605 133
1757436454418 28.12318528452665 134
1757436454459 27.99135614512325 135
1757436454499 27.860930722216008 136
1757436454539 27.731883729747235 137
1757436454577 27.604190504035223 138
1757436454617 27.47782698424867 139
1757436454656 27.35276969361443 140
1757436454696 27.228995721327433 141
1757436454737 27.10648270513285 142
1757436454779 26.985208814552376 143
1757436454818 26.865152734727417 144
1757436454858 26.74629365085355 145
1757436454943 26.62861123318161 146
1757436455034 26.512085622562125 147
1757436455110 26.39669741651046 148
1757436455226 26.282427655771663 149
1757436455281 26.16925781136441 150
1757436455361 26.057169772084627 151
1757436455403 25.94614583245029 152
1757436455465 25.83616868106954 153
1757436455570 25.727221389415206 154
1757436455663 25.619287400989442 155
1757436455734 25.512350520863087 156
1757436455788 25.406394905574718 157
1757436455828 25.30140505337542 158
1757436455870 25.197365794805524 159
1757436455909 25.094262283590407 160
1757436455948 24.992079987842903 161
1757436455990 24.890804681560386 162
1757436456030 24.790422436405215 163
1757436456072 24.69091961375755 164
1757436456114 24.59228285703008 165
1757436456162 24.494499084234693 166
1757436456202 24.397555480791542 167
1757436456244 24.301439492571177 168
1757436456284 24.20613881916109 169
1757436456324 24.111641407348166 170
1757436456365 24.017935444808845 171
1757436456406 23.92500935399951 172
1757436456446 23.83285178623934 173
1757436456488 23.741451615978715 174
1757436456530 23.65079793524633 175
1757436456572 23.56088004826826 176
1757436456616 23.471687466252945 177
1757436456657 23.38320990233581 178
1757436456702 23.295437266677993 179
1757436456745 23.20835966171329 180
1757436456786 23.121967377538308 181
1757436456826 23.036250887440456 182
1757436456867 22.951200843559004 183
1757436456908 22.86680807267438 184
1757436456950 22.783063572121296 185
1757436456991 22.699958505821186 186
1757436457033 22.617484200429907 187
1757436457100 22.535632141596633 188
1757436457154 22.454393970330063 189
1757436457212 22.37376147946828 190
1757436457268 22.29372661024859 191
1757436457309 22.214281448974113 192
1757436457352 22.135418223773588 193
1757436457392 22.05712930145142 194
1757436457433 21.979407184424808 195
1757436457475 21.902244507745102 196
1757436457517 21.825634036200523 197
1757436457558 21.74956866149755 198
1757436457598 21.67404139951839 199
1757436457640 21.599045387651998 200
1757436457680 21.524573882196254 201
1757436457723 21.450620255828955 202
1757436457763 21.37717799514544 203
1757436457806 21.304240698260646 204
1757436457847 21.231802072473496 205
1757436457889 21.15985593199177 206
1757436457931 21.08839619571537 207
1757436457973 21.017416885076226 208
1757436458016 20.94691212193307 209
1757436458057 20.8768761265193 210
1757436458098 20.807303215442357 211
1757436458141 20.738187799732962 212
1757436458193 20.669524382942733 213
1757436458236 20.601307559288642 214
1757436458279 20.533532011842965 215
1757436458322 20.466192510767243 216
1757436458364 20.399283911589098 217
1757436458405 20.332801153520407 218
1757436458447 20.266739257815814 219
1757436458489 20.201093326170227 220
1757436458534 20.135858539154274 221
1757436458576 20.07103015468652 222
1757436458625 20.006603506541428 223
1757436458668 19.942574002892027 224
1757436458709 19.878937124886296 225
1757436458752 19.815688425256262 226
1757436458795 19.7528235269589 227
1757436458840 19.690338121848036 228
1757436458886 19.628227969376194 229
1757436458933 19.566488895325744 230
1757436458991 19.505116790568405 231
1757436459034 19.444107609852363 232
1757436459078 19.383457370616345 233
1757436459121 19.32316215182971 234
1757436459192 19.26321809285807 235
1757436459264 19.20362139235359 236
1757436459375 19.144368307169426 237
1757436459478 19.08545515129758 238
1757436459567 19.026878294829594 239
1757436459638 18.968634162939484 240
1757436459714 18.91071923488826 241
1757436459763 18.85313004304967 242
1757436459820 18.795863171956338 243
1757436459943 18.73891525736601 244
1757436460027 18.68228298534729 245
1757436460094 18.625963091384378 246
1757436460137 18.569952359500338 247
1757436460181 18.514247621398493 248
1757436460236 18.45884575562135 249
1757436460280 18.403743686726795 250
1757436460323 18.348938384480995 251
1757436460366 18.294426863067695 252
1757436460410 18.240206180313436 253
1757436460454 18.186273436928364 254
1757436460499 18.132625775762218 255
1757436460547 18.07926038107518 256
1757436460591 18.026174477823158 257
1757436460636 17.973365330957243 258
1757436460680 17.920830244736976 259
1757436460723 17.86856656205702 260
1757436460768 17.81657166378714 261
1757436460811 17.7648429681249 262
1757436460855 17.713377929961034 263
1757436460899 17.662174040257014 264
1757436460945 17.611228825434694 265
1757436460989 17.560539846777605 266
1757436461035 17.51010469984381 267
1757436461079 17.459921013889847 268
1757436461124 17.409986451305727 269
1757436461169 17.3602987070606 270
1757436461221 17.310855508158898 271
1757436461265 17.261654613106742 272
1757436461319 17.21269381138833 273
1757436461372 17.163970922952217 274
1757436461422 17.11548379770706 275
1757436461490 17.06723031502686 276
1757436461549 17.019208383265326 277
1757436461592 16.971415939279247 278
1757436461636 16.923850947960624 279
1757436461682 16.876511401777492 280
1757436461725 16.829395320323076 281
1757436461769 16.78250074987327 282
1757436461812 16.735825762952132 283
1757436461857 16.689368457905353 284
1757436461901 16.643126958481414 285
1757436461946 16.597099413420388 286
1757436461990 16.551283996050106 287
1757436462038 16.50567890388966 288
1757436462084 16.460282358259995 289
1757436462128 16.41509260390153 290
1757436462173 16.370107908598563 291
1757436462220 16.32532656281044 292
1757436462271 16.280746879309255 293
1757436462315 16.236367192824016 294
1757436462361 16.192185859691104 295
1757436462405 16.14820125751093 296
1757436462449 16.104411784810647 297
1757436462494 16.060815860712818 298
1757436462540 16.017411924609902 299
1757436462583 15.97419843584445 300
1757436462628 15.931173873394904 301
1757436462673 15.888336735566917 302
1757436462718 15.845685539690017 303
1757436462763 15.803218821819566 304
1757436462807 15.760935136443921 305
1757436462852 15.718833056196637 306
1757436462896 15.676911171573714 307
1757436462941 15.635168090655656 308
1757436462986 15.593602438834386 309
1757436463030 15.552212858544847 310
1757436463075 15.510998009001185 311
1757436463121 15.469956565937535 312
1757436463167 15.429087221353173 313
1757436463211 15.38838868326206 314
1757436463264 15.347859675446694 315
1757436463309 15.307498937216085 316
1757436463355 15.267305223167932 317
1757436463401 15.227277302954784 318
1757436463447 15.18741396105422 319
1757436463491 15.147713996542846 320
1757436463538 15.108176222874217 321
1757436463583 15.068799467660426 322
1757436463629 15.029582572457427 323
1757436463673 14.990524392553949 324
1757436463786 14.951623796763972 325
1757436463900 14.912879667222695 326
1757436464024 14.874290899185914 327
1757436464147 14.835856400832737 328
1757436464203 14.79757509307168 329
1757436464272 14.759445909349893 330
1757436464384 14.721467795465658 331
1757436464464 14.683639709383963 332
1757436464534 14.645960621055153 333
1757436464579 14.608429512236597 334
1757436464625 14.57104537631732 335
1757436464671 14.533807218145537 336
1757436464717 14.496714053859018 337
1757436464764 14.459764910718297 338
1757436464808 14.42295882694262 339
1757436464854 14.386294851548579 340
1757436464901 14.349772044191392 341
1757436464948 14.313389475008877 342
1757436464993 14.277146224467886 343
1757436465039 14.241041383213298 344
1757436465086 14.205074051919514 345
1757436465130 14.169243341144346 346
1757436465177 14.133548371185306 347
1757436465224 14.097988271938236 348
1757436465270 14.062562182758262 349
1757436465326 14.027269252322995 350
1757436465374 13.99210863849795 351
1757436465421 13.957079508204187 352
1757436465468 13.922181037288054 353
1757436465514 13.887412410393086 354
1757436465559 13.85277282083394 355
1757436465636 13.818261470472411 356
1757436465685 13.7838775695954 357
1757436465749 13.749620336794905 358
1757436465805 13.715488998849898 359
1757436465853 13.681482790610145 360
1757436465899 13.647600954881876 361
1757436465946 13.613842742315272 362
1757436465995 13.580207411293808 363
1757436466041 13.546694227825318 364
1757436466090 13.513302465434837 365
1757436466136 13.480031405059153 366
1757436466184 13.446880334943016 367
1757436466231 13.413848550537065 368
1757436466279 13.3809353543973 369
1757436466334 13.348140056086228 370
1757436466383 13.315461972075534 371
1757436466430 13.282900425650329 372
1757436466477 13.250454746814897 373
1757436466523 13.218124272199956 374
1757436466572 13.185908344971367 375
1757436466618 13.15380631474029 376
1757436466664 13.121817537474792 377
1757436466713 13.089941375412801 378
1757436466761 13.058177196976468 379
1757436466807 13.026524376687869 380
1757436466854 12.994982295086025 381
1757436466902 12.963550338645241 382
1757436466949 12.932227899694706 383
1757436466996 12.901014376339393 384
1757436467044 12.869909172382135 385
1757436467090 12.83891169724699 386
1757436467136 12.808021365903757 387
1757436467183 12.777237598793684 388
1757436467230 12.746559821756348 389
1757436467281 12.715987465957639 390
1757436467337 12.685519967818914 391
1757436467383 12.655156768947212 392
1757436467430 12.624897316066555 393
1757436467478 12.594741060950366 394
1757436467530 12.56468746035484 395
1757436467576 12.53473597595344 396
1757436467624 12.504886074272358 397
1757436467669 12.475137226626963 398
1757436467715 12.445488909059264 399
1757436467767 12.41594060227631 400
1757436467816 12.386491791589545 401
1757436467863 12.357141966855112 402
1757436467910 12.327890622415026 403
1757436467958 12.298737257039322 404
1757436468006 12.269681373868998 405
1757436468054 12.240722480359926 406
1757436468101 12.211860088227551 407
1757436468148 12.183093713392458 408
1757436468198 12.154422875926766 409
1757436468245 12.12584710000136 410
1757436468315 12.09736591383388 411
1757436468460 12.068978849637533 412
1757436468559 12.040685443570677 413
1757436468652 12.012485235687167 414
1757436468753 11.984377769887448 415
1757436468818 11.95636259387039 416
1757436468873 11.928439259085847 417
1757436468958 11.900607320687945 418
1757436469048 11.872866337489047 419
1757436469107 11.845215871914434 420
1757436469176 11.817655489957664 421
1757436469265 11.790184761136588 422
1757436469329 11.762803258450027 423
1757436469401 11.735510558335113 424
1757436469468 11.708306240625259 425
1757436469539 11.68118988850874 426
1757436469609 11.654161088487912 427
1757436469656 11.627219430339043 428
1757436469791 11.600364507072692 429
1757436469855 11.57359591489477 430
1757436469928 11.546913253168066 431
1757436470001 11.520316124374448 432
1757436470098 11.49380413407752 433
1757436470172 11.467376890885935 434
1757436470242 11.441034006417166 435
1757436470310 11.414775095261845 436
1757436470384 11.388599774948633 437
1757436470436 11.362507665909598 438
1757436470491 11.336498391446078 439
1757436470543 11.310571577695091 440
1757436470599 11.284726853596187 441
1757436470652 11.258963850858827 442
1757436470706 11.233282203930194 443
1757436470760 11.207681549963525 444
1757436470814 11.182161528786848 445
1757436470865 11.156721782872205 446
1757436470932 11.131361957305336 447
1757436471011 11.106081699755741 448
1757436471062 11.080880660447265 449
1757436471128 11.05575849212901 450
1757436471207 11.030714850046738 451
1757436471293 11.005749391914668 452
1757436471369 10.98086177788764 453
1757436471436 10.956051670533737 454
1757436471503 10.931318734807267 455
1757436471593 10.906662638022123 456
1757436471671 10.882083049825546 457
1757436471746 10.857579642172245 458
1757436471801 10.8331520892989 459
1757436471885 10.808800067699012 460
1757436471976 10.78452325609812 461
1757436472050 10.760321335429369 462
1757436472131 10.736193988809406 463
1757436472200 10.71214090151466 464
1757436472270 10.688161760957888 465
1757436472336 10.664256256665125 466
1757436472417 10.640424080252908 467
1757436472466 10.616664925405821 468
1757436472517 10.592978487854397 469
1757436472583 10.569364465353269 470
1757436472644 10.545822557659685 471
1757436472716 10.522352466512258 472
1757436472788 10.498953895610077 473
1757436472847 10.475626550592084 474
1757436472900 10.452370139016677 475
1757436473009 10.42918437034172 476
1757436473091 10.406068955904699 477
1757436473255 10.383023608903247 478
1757436473376 10.360048044375874 479
1757436473488 10.337141979183018 480
1757436473656 10.314305131988284 481
1757436473722 10.291537223240015 482
1757436473786 10.268837975153076 483
1757436473872 10.246207111690865 484
1757436473955 10.223644358547622 485
1757436474012 10.201149443130943 486
1757436474103 10.178722094544533 487
1757436474177 10.156362043571203 488
1757436474264 10.134069022656092 489
1757436474383 10.111842765890112 490
1757436474453 10.089683008993608 491
1757436474515 10.067589489300284 492
1757436474568 10.045561945741259 493
1757436474629 10.023600118829414 494
1757436474703 10.001703750643928 495
1757436474765 9.979872584814979 496
1757436474841 9.958106366508714 497
1757436474934 9.936404842412347 498
1757436475001 9.91476776071954 499
