1757325111501 117.55058953973773 0
1757325111542 7802145879.218757 1
1757325111570 3.5198656896051067e+18 2
1757325111591 1.587888328411357e+27 3
1757325111612 7.163311240635757e+35 4
1757325111641 3.2315262359510438e+44 5
1757325111679 1.4578121015321259e+53 6
1757325111703 6.576508956449969e+61 7
1757325111728 2.966806902536447e+70 8
1757325111754 1.3383914254849951e+79 9
1757325111777 6.037776190557958e+87 10
1757325111803 2.7237727792568865e+96 11
1757325111827 1.2287534216029288e+105 12
1757325111849 5.543175196547881e+113 13
1757325111871 2.5006474626569053e+122 14
1757325111893 1.1280967154685599e+131 15
1757325111915 5.089090799303732e+139 16
1757325111938 2.2958000682415555e+148 17
1757325111962 1.0356855794475209e+157 18
1757325111985 4.672203970693006e+165 19
1757325112008 2.1077333098916225e+174 20
1757325112031 9.508445550521984e+182 21
1757325112053 4.289467569874377e+191 22
1757325112075 1.9350725557863627e+200 23
1757325112096 8.729535158292926e+208 24
1757325112118 3.9380840709047515e+217 25
1757325112139 1.776555780840275e+226 26
1757325112161 8.014431346844997e+234 27
1757325112183 3.615485114850262e+243 28
1757325112206 1.6310243422135789e+252 29
1757325112230 7.357907225137121e+260 30
1757325112252 3.3193127369423057e+269 31
1757325112274 1.4974145104720477e+278 32
1757325112296 6.755164077241388e+286 33
1757325112327 3.047402131562577e+295 34
1757325112350 1.3747496944951395e+304 35
1757325112372 inf 36
