1757488772916 2.9243895215266207 0
1757488773041 19.56926240754477 1
1757488773136 12.565948733321779 2
1757488773233 12.838259625274457 3
1757488773325 3.0446118775845767 4
1757488773432 0.6916590113668177 5
1757488773522 12.668600102270764 6
1757488773621 2.9991693876392977 7
1757488773740 1.5950150658211268 8
1757488773869 3.4016380518324563 9
1757488773989 13.02093948659879 10
1757488774100 10.740865444427506 11
1757488774205 2.9104520268948137 12
1757488774294 129.19292957973028 13
1757488774396 29.00054478028532 14
1757488774483 17.80230147192708 15
1757488774566 5.521774209288264 16
1757488774655 3.5490819061567764 17
1757488774759 7.103899894990563 18
1757488774904 20.815343835814144 19
1757488774982 6.119648828153847 20
1757488775061 0.01722219476973604 21
1757488775141 12.1502357102596 22
1757488775220 14.039124150918918 23
1757488775300 2.2660214155882628 24
1757488775379 8.089277397805434 25
1757488775458 0.11162283575328345 26
1757488775546 2.696133877967384 27
1757488775639 5.72675933460734 28
1757488775841 0.2006433836901977 29
1757488775943 36.35086968360947 30
1757488776069 2.3256337837875334 31
1757488776200 2.755030790533255 32
1757488776300 9.791766255356038 33
1757488776398 4.683275372226571 34
1757488776518 3.4079985536947355 35
1757488776621 14.9012311764162 36
1757488776704 3.78062330603122 37
1757488776792 7.492108172871474 38
1757488776916 10.25941379502605 39
1757488777038 4.554350633277131 40
1757488777133 0.017507794344656026 41
1757488777219 2.3724150362991843 42
1757488777320 10.428029075408189 43
1757488777432 0.11897522382692953 44
1757488777531 24.51419843586868 45
1757488777613 0.4597273147277328 46
1757488777730 52.282756183734165 47
1757488777837 0.27290777220024204 48
1757488777962 0.09747552679496627 49
1757488778078 18.750725087698136 50
1757488778173 7.6695646584173165 51
1757488778283 3.585919302635602 52
1757488778399 2.043142511591681 53
1757488778495 0.1602203522186859 54
1757488778593 12.102036406558733 55
1757488778690 0.597529076453884 56
1757488778789 3.1901053663933308 57
1757488778911 9.139623156218969 58
1757488779015 2.3931639275327097 59
1757488779114 13.275332236308419 60
1757488779210 21.635429427686635 61
1757488779313 0.02132902195562156 62
1757488779407 20.450374498318862 63
1757488779500 1.2694746430743686 64
1757488779584 18.20420765456719 65
1757488779689 4.506702250222943 66
1757488779789 1.5122318169068376 67
1757488779875 0.641662363802026 68
1757488780015 4.994113047997958 69
1757488780114 6.4915017964363235 70
1757488780207 4.709620552732218 71
1757488780298 0.030981392308076335 72
1757488780400 0.020093354040992592 73
1757488780493 3.1058452647089054 74
1757488780581 13.338987282765833 75
1757488780686 17.440318489485026 76
1757488780827 23.803691864836757 77
1757488780911 1.7294081745475953 78
1757488780991 7.683809344802981 79
1757488781071 1.7965427707736652 80
1757488781151 7.464774615439496 81
1757488781266 0.718490212905207 82
1757488781356 2.06160365506172 83
1757488781448 10.293011450369589 84
1757488781682 3.751505621085303 85
1757488781766 16.748257726734174 86
1757488781849 16.211558806371443 87
1757488781926 20.08923726324452 88
1757488782109 3.967569213816685 89
1757488782211 5.336678713943421 90
1757488782406 4.917000170648968 91
1757488782561 0.07426232175216767 92
1757488782660 2.386835805615893 93
1757488782771 2.7996448524846507 94
1757488782889 7.886247425327237 95
1757488782986 10.882916388853042 96
1757488783110 3.785139160715344 97
1757488783240 29.752515998317342 98
1757488783335 0.017677568630746907 99
1757488783437 1.1327787448737483 100
1757488783575 3.920044395990046 101
1757488783725 8.95743035401094 102
1757488783873 18.428512617981657 103
1757488783979 1.978810761952146 104
1757488784074 30.50815657438907 105
1757488784173 0.29437188621461796 106
1757488784285 2.1950260735111957 107
1757488784390 0.09771082039130873 108
1757488784503 4.938522118770129 109
1757488784602 0.6402229423706367 110
1757488784758 0.21781699117358047 111
1757488784902 13.81615709299618 112
1757488784998 3.96321043565461 113
1757488785098 0.11218550161558322 114
1757488785236 6.269453802051374 115
1757488785356 9.954455023649421 116
1757488785450 1.2247890620781945 117
1757488785556 0.017206243107634692 118
1757488785655 6.690175891704697 119
1757488785750 9.982190419522775 120
1757488785856 0.8534701897632921 121
1757488785956 4.102629622646598 122
1757488786062 23.438210995660103 123
1757488786168 3.9605341432696535 124
1757488786283 5.064375078954983 125
1757488786398 5.385945386653034 126
1757488786506 3.104133039476084 127
1757488786593 6.89701305682932 128
1757488786690 7.883743603455058 129
1757488786793 0.0029544151777266595 130
1757488786902 0.09941607583323378 131
1757488787012 0.02131827392248761 132
1757488787126 13.85664898287495 133
1757488787244 11.878032818845941 134
1757488787336 0.6802940544425544 135
1757488787428 4.224949120611685 136
1757488787523 5.811802409159839 137
1757488787618 0.612220132576654 138
1757488787729 12.900740746828921 139
1757488787866 1.5833386822497297 140
1757488787994 11.800452733576938 141
1757488788078 2.849403315509841 142
1757488788160 0.26488435710382946 143
1757488788242 423.89155298651326 144
1757488788382 9.241820658815325 145
1757488788603 3.242529938260403 146
1757488788729 28.92343211692355 147
1757488788832 3.5258532804435934 148
1757488788970 3.357227546662566 149
1757488789061 0.02496044702595915 150
1757488789164 5.729736320624886 151
1757488789266 11.773761571122648 152
1757488789398 5.741478751423329 153
1757488789501 2.908131946091683 154
1757488789595 0.1345206635726629 155
1757488789709 6.003226020948476 156
1757488789811 14.059845521310546 157
1757488789967 12.792090923648537 158
1757488790081 0.1617754183084049 159
1757488790173 5.351454131946849 160
1757488790280 0.11692077067137523 161
1757488790370 0.22040931643861245 162
1757488790482 3.173174807295477 163
1757488790564 14.974653178495165 164
1757488790659 8.915399874457789 165
1757488790764 14.742995440938847 166
1757488790868 5.210569071599997 167
1757488790962 3.2340393664106157 168
1757488791057 1.1471673600363899 169
1757488791186 0.001390649274618278 170
1757488791299 3.608167295921239 171
1757488791417 8.917753111428986 172
1757488791538 7.488797565113722 173
1757488791637 2.0822315032460548 174
1757488791753 0.11699876043090604 175
1757488791868 39.47967805573591 176
1757488791974 1.2995599991227706 177
1757488792096 11.674321899529248 178
1757488792196 1.443306395593632 179
1757488792317 14.0245751962783 180
1757488792402 63.86746378142124 181
1757488792505 3.5885747164978365 182
1757488792614 0.00012932834813300176 183
1757488792719 6.485189885241528 184
1757488792820 15.692788563494954 185
1757488792941 3.607262136529727 186
1757488793058 7.09722267347742 187
1757488793145 8.797150092615121 188
1757488793245 1.774862993976477 189
1757488793343 5.861573238653574 190
1757488793427 2.3281943656010062 191
1757488793539 3.672832755495557 192
1757488793653 18.78693210633243 193
1757488793771 1.1086438593446653 194
1757488793854 10.74105160506117 195
1757488793951 0.4173383851665697 196
1757488794131 10.438822107079137 197
1757488794271 3.355671440106797 198
1757488794433 14.080506043705325 199
1757488794557 9.136818222762969 200
1757488794716 86.60165049683279 201
1757488794847 5.222378525236342 202
1757488794942 12.14628835521657 203
1757488795031 2.7618332403342998 204
1757488795158 2.047590910950318 205
1757488795263 13.58148664274386 206
1757488795385 17.23612346437663 207
1757488795501 0.00582870826710104 208
1757488795603 10.479986453374252 209
1757488795708 0.010225511723101103 210
1757488795809 4.895499252907109 211
1757488795902 8.795974899044475 212
1757488796015 1.631673022346578 213
1757488796153 7.281610890432156 214
1757488796276 11.273708438619497 215
1757488796396 6.004277964423191 216
1757488796505 3.678597451599426 217
1757488796604 8.409784362499716 218
1757488796710 6.98208289394615 219
1757488796808 4.26772604905462 220
1757488796915 14.670464018890566 221
1757488797024 2.6204026756757814 222
1757488797123 0.17229977155596132 223
1757488797224 0.577689294939985 224
1757488797335 0.004604752363092889 225
1757488797449 13.599067714961935 226
1757488797549 3.174729361887942 227
1757488797656 3.3216092452668686 228
1757488797761 4.35564878733759 229
1757488797865 8.245608243062472 230
1757488797984 10.056009390749216 231
1757488798114 20.84645019943981 232
1757488798232 7.161802359192336 233
1757488798390 15.849494401208961 234
1757488798478 0.0258307782397206 235
1757488798565 5.204643785220737 236
1757488798656 6.724114274570245 237
1757488798831 5.0006790631335685 238
1757488798940 14.013684625680646 239
1757488799031 6.8743393574244 240
1757488799126 13.970158936979383 241
1757488799237 2.690407256230968 242
1757488799359 0.02073387579711588 243
1757488799464 6.7219910802595715 244
1757488799605 83.2807725202931 245
1757488799695 0.31081071690114453 246
1757488799804 0.012800232894888214 247
1757488799897 0.002913252775880067 248
1757488799982 5.645181865605147 249
1757488800066 11.057244347107442 250
1757488800152 6.064846559505834 251
1757488800238 0.06609066682521415 252
1757488800325 2.997229264080391 253
1757488800440 5.685436149239666 254
1757488800593 9.814745637251335 255
1757488800727 1.3997242238226077 256
1757488800819 6.091377531576555 257
1757488800940 15.203727150560633 258
1757488801035 8.956478713642547 259
1757488801121 13.50149723055299 260
1757488801218 5.090204131385438 261
1757488801343 19.409330144685235 262
1757488801459 2.358233398379479 263
1757488801567 2.5235190600744537 264
1757488801663 0.6857842474539797 265
1757488801767 4.192871439599648 266
1757488801879 81.61158784380197 267
1757488801992 11.792872189768003 268
1757488802081 8.560774598721595 269
1757488802180 4.419159990102207 270
1757488802296 14.176147493463988 271
1757488802396 17.298246633594054 272
1757488802507 1.0270998092303778 273
1757488802621 0.6354095575625912 274
1757488802712 8.117000083629186 275
1757488802810 3.7627601696843476 276
1757488802928 10.762976195230285 277
1757488803028 0.24825788116326755 278
1757488803137 1.9133988873696448 279
1757488803265 0.5425744702868253 280
1757488803368 0.7655930293685044 281
1757488803481 9.410359133294067 282
1757488803606 4.455463968255123 283
1757488803718 5.466794173426647 284
1757488803827 11.030437753428982 285
1757488803959 16.420288985928476 286
1757488804070 29.886039949261026 287
1757488804178 1.2909386013173123 288
1757488804288 14.475788290510694 289
1757488804394 0.04978288827929798 290
1757488804515 0.17777573984071687 291
1757488804639 6.850522734590336 292
1757488804754 2.924885815067908 293
1757488804882 2.449093348921006 294
1757488805019 20.96113068685612 295
1757488805153 2.645046208953488 296
1757488805266 1354.313852376807 297
1757488805377 0.016400350682009332 298
1757488805490 0.1050250209741914 299
1757488805594 2.6887835386079844 300
1757488805691 5.562753373393586 301
1757488805803 0.41609360150859065 302
1757488805921 19.59390266476365 303
1757488806096 2.001125565593276 304
1757488806261 0.05369653760078373 305
1757488806440 0.03716984549104281 306
1757488806538 1.1245367628578873 307
1757488806655 8.388728229915378 308
1757488806768 10.610296616707227 309
1757488806885 5.266944682024337 310
1757488807004 0.7807806130763961 311
1757488807119 13.777839133979132 312
1757488807218 7.575287321777372 313
1757488807319 2.74957731299506 314
1757488807409 20.734738433153183 315
1757488807519 0.0031577758113186566 316
1757488807649 5.271923167514987 317
1757488807762 7.105179802734711 318
1757488807857 71.2370162440422 319
1757488807966 10.126244031055382 320
1757488808072 2.191168141444526 321
1757488808157 1.8247641594424753 322
1757488808249 8.254108899912007 323
1757488808353 0.04349459101223805 324
1757488808458 198.07903977861224 325
1757488808585 4.349961556181258 326
1757488808693 3.6067470134043793 327
1757488808822 8.360536591697036 328
1757488808933 68.08798257618683 329
1757488809054 22.204760073955 330
1757488809149 0.15201643906179482 331
1757488809251 10.408088016510515 332
1757488809356 8.55465096800827 333
1757488809463 0.9360224848669974 334
1757488809563 0.0018962512370870447 335
1757488809673 9.554421757880428 336
1757488809787 13.234308592432976 337
1757488809891 8.471923038552529 338
1757488810013 0.2849431867187251 339
1757488810142 8.857115137131384 340
1757488810253 14.486035209984083 341
1757488810395 0.6035732644779079 342
1757488810512 2.5428186898484704 343
1757488810625 16.258806395757677 344
1757488810740 10.145064609703729 345
1757488810851 5.387718912614879 346
1757488810976 28.901677153036804 347
1757488811073 0.18197887468761875 348
1757488811183 39.492988109000656 349
1757488811279 9.365733038519304 350
1757488811372 0.43449846360076316 351
1757488811462 195.66332961509886 352
1757488811550 12.420307620885685 353
1757488811636 0.013941518125635289 354
1757488811724 17.4102262053389 355
1757488811830 1.813416994494356 356
1757488811993 0.035287494166994816 357
1757488812249 0.5043721192497638 358
1757488812446 54.17824551145509 359
1757488812594 1.250262981431765 360
1757488812795 24.813890194974203 361
1757488812926 9.340135976637702 362
1757488813017 13.221294965374742 363
1757488813111 0.24843731054418694 364
1757488813203 11.597668071303056 365
1757488813292 11.460067662022908 366
1757488813382 8.048229797883105 367
1757488813470 6.1872656426171 368
1757488813562 7.08906776928525 369
1757488813652 15.720258669854871 370
1757488813745 1.1925667339358261 371
1757488813846 2.300942416305002 372
1757488813960 1.388438174641358 373
1757488814047 0.5206049460746639 374
1757488814144 10.441532968095459 375
1757488814240 4.430806033292067 376
1757488814329 0.7855205439281235 377
1757488814418 0.7840668104231162 378
1757488814509 0.1899513263001984 379
1757488814599 9.893714033657346 380
1757488814688 2.4902204169590094 381
1757488814772 1.038104525853622 382
1757488814861 637.9720570735739 383
1757488814949 8.265555275952574 384
1757488815039 7.756428442200261 385
1757488815128 12.306743301426273 386
1757488815226 0.7256359738615102 387
1757488815316 2.4733019975927766 388
1757488815407 4.299027755099966 389
1757488815496 19.64353825357322 390
1757488815584 0.07919729847824727 391
1757488815675 11.49441912799846 392
1757488815782 0.15054896631799178 393
1757488815881 11.95820994492241 394
1757488815975 1.510449944682543 395
1757488816064 21.96916397066472 396
1757488816154 12.881678577902317 397
1757488816249 2.04902475804199 398
1757488816339 12.044162456664427 399
1757488816422 9.659726135595486 400
1757488816512 47.85787254878575 401
1757488816601 6.225455204598347 402
1757488816690 19.40017544361734 403
1757488816779 3.086347176235172 404
1757488816868 11.24156509992964 405
1757488816955 60.11320005703046 406
1757488817044 0.3147742513979692 407
1757488817132 0.04897827651315188 408
1757488817220 5.6143145280179985 409
1757488817317 6.667747763696892 410
1757488817406 0.9308421018701148 411
1757488817495 10.170350594498181 412
1757488817579 0.03064902459461404 413
1757488817669 5.876434003508064 414
1757488817758 10.03645938851781 415
1757488817875 1.8266708976177216e-05 416
1757488818032 29.733372934818664 417
1757488818192 1.4833789427844366 418
1757488818327 12.667837492668724 419
1757488818424 0.06213642015120935 420
1757488818513 0.5019527587229009 421
1757488818645 0.37005038823668757 422
1757488818784 6.858062226256527 423
1757488818897 9.369928636154393 424
1757488819001 0.7610838109755854 425
1757488819115 0.32091095678894144 426
1757488819226 9.046196838047761 427
1757488819336 15.026455926868016 428
1757488819429 19.41521398180828 429
1757488819564 11.235870402265679 430
1757488819687 9.422191281302927 431
1757488819791 3.6861544769307177 432
1757488819916 4.149966380924139 433
1757488820033 3.8788922061115776 434
1757488820138 0.1410176754937142 435
1757488820252 18.38880707816344 436
1757488820358 11.264459535900992 437
1757488820450 5.398743151006828 438
1757488820575 20.870350749372985 439
1757488820687 2.1354936544226817 440
1757488820818 9.237301207706873 441
1757488820918 0.08754698595591132 442
1757488821048 24.399469682835548 443
1757488821176 2.1763955187702337 444
1757488821332 3.2640919889774507 445
1757488821452 6.025071613338833 446
1757488821568 11.019255298535048 447
1757488821674 9.915595343513042 448
1757488821792 3.723169597709554 449
1757488821925 11.801447460695329 450
1757488822041 0.8822009464330425 451
1757488822149 10.950303382384723 452
1757488822264 9.676887934936852 453
1757488822393 5.106743264654616 454
1757488822495 7.755947164468384 455
1757488822607 11.973447202518582 456
1757488822740 16.785025827523263 457
1757488822851 12.572889150010923 458
1757488822960 12.752498323387062 459
1757488823065 0.24142116571058067 460
1757488823157 3.6661718773908314 461
1757488823295 3.285444574102919 462
1757488823427 13.01251314146 463
1757488823519 9.838349947980848 464
1757488823610 0.6359843608653143 465
1757488823701 22.423018144366594 466
1757488823805 0.3150461799011108 467
1757488824096 4.614334605174 468
1757488824265 0.01725365525373513 469
1757488824447 17.719530825250434 470
1757488824542 69.71835396481377 471
1757488824637 2.109406066890553 472
1757488824726 2.1487001539016437 473
1757488824819 0.05875893799209684 474
1757488824911 16.69830045852897 475
1757488824998 3.068644218493973 476
1757488825090 11.220335111802171 477
1757488825181 3.9649640074073256 478
1757488825275 9.042130291958072 479
1757488825362 1.9129636196205508 480
1757488825470 13.639494445238071 481
1757488825559 22.908378263192432 482
1757488825653 5.765887602066096 483
1757488825749 0.04504127831018569 484
1757488825842 12.668621489876418 485
1757488825935 0.15305023964605777 486
1757488826030 0.03927412852845232 487
1757488826123 18.273021001367656 488
1757488826215 3.7303467318321983 489
1757488826300 1.4632770531067298 490
1757488826391 2.111057394569762 491
1757488826514 0.2979020676028951 492
1757488826621 9.13608349799993 493
1757488826715 8.962254716179826 494
1757488826805 6.103408946540051 495
1757488826890 0.26616009854581146 496
1757488826980 8.525262007577746 497
1757488827067 0.4885264144439052 498
1757488827159 6.398486848571015 499
