1757567934789 nan 0
1757567934882 nan 1
1757567935013 nan 2
1757567935121 nan 3
1757567935214 nan 4
1757567935310 nan 5
1757567935402 nan 6
1757567935500 nan 7
1757567935591 nan 8
1757567935685 nan 9
1757567935844 nan 10
1757567936015 nan 11
1757567936125 nan 12
1757567936232 nan 13
1757567936341 nan 14
1757567936431 nan 15
1757567936520 nan 16
1757567936607 nan 17
1757567936694 nan 18
1757567936780 nan 19
1757567936875 nan 20
1757567936971 nan 21
1757567937084 nan 22
1757567937172 nan 23
1757567937261 nan 24
1757567937354 nan 25
1757567937453 nan 26
1757567937545 nan 27
1757567937639 nan 28
1757567937728 nan 29
1757567937819 nan 30
1757567937914 nan 31
1757567938003 nan 32
1757567938094 nan 33
1757567938188 nan 34
1757567938278 nan 35
1757567938372 nan 36
1757567938465 nan 37
1757567938555 nan 38
1757567938647 nan 39
1757567938740 nan 40
1757567938834 nan 41
1757567938928 nan 42
1757567939020 nan 43
1757567939124 nan 44
1757567939219 nan 45
1757567939309 nan 46
1757567939404 nan 47
1757567939497 nan 48
1757567939593 nan 49
1757567939701 nan 50
1757567939809 nan 51
1757567939906 nan 52
1757567940004 nan 53
1757567940099 nan 54
1757567940192 nan 55
1757567940290 nan 56
1757567940383 nan 57
1757567940479 nan 58
1757567940572 nan 59
1757567940664 nan 60
1757567940754 nan 61
1757567940844 nan 62
1757567940930 nan 63
1757567941030 nan 64
1757567941122 nan 65
1757567941215 nan 66
1757567941306 nan 67
1757567941398 nan 68
1757567941492 nan 69
1757567941592 nan 70
1757567941696 nan 71
1757567941808 nan 72
1757567941930 nan 73
1757567942034 nan 74
1757567942160 nan 75
1757567942269 nan 76
1757567942367 nan 77
1757567942459 nan 78
1757567942557 nan 79
1757567942651 nan 80
1757567942742 nan 81
1757567942834 nan 82
1757567942927 nan 83
1757567943024 nan 84
1757567943127 nan 85
1757567943226 nan 86
1757567943315 nan 87
1757567943404 nan 88
1757567943495 nan 89
1757567943590 nan 90
1757567943684 nan 91
1757567943776 nan 92
1757567943867 nan 93
1757567943959 nan 94
1757567944054 nan 95
