1757572620425 169.79015007554108 0
1757572620494 169.76801349028867 1
1757572620568 169.75731004834557 2
1757572620645 169.7466685639836 3
1757572620712 169.7361554922744 4
1757572620777 169.72576888529983 5
1757572620844 169.71550723009284 6
1757572620910 169.70536902940432 7
1757572620985 169.69535280405063 8
1757572621051 169.6854570926786 9
1757572621121 169.6756804515498 10
1757572621186 169.66602145432702 11
1757572621254 169.65647869186324 12
1757572621321 169.6470507719933 13
1757572621387 169.63773631932813 14
1757572621455 169.62853397505148 15
1757572621522 169.61944239671905 16
1757572621589 169.6104602580602 17
1757572621658 169.60158624878176 18
1757572621723 169.59281907437466 19
1757572621788 169.5841574559227 20
1757572621852 169.5756001299136 21
1757572621918 169.56714584805232 22
1757572622004 169.55879337707677 23
1757572622071 169.55054149857588 24
1757572622139 169.54238900880955 25
1757572622205 169.53433471853103 26
1757572622268 169.52637745281137 27
1757572622331 169.5185160508661 28
1757572622394 169.51074936588398 29
1757572622466 169.50307626485767 30
1757572622533 169.49549562841665 31
1757572622600 169.48800635066215 32
1757572622669 169.4806073390041 33
1757572622734 169.47611571748132 34
1757572622796 169.4702471458305 35
1757572622861 169.46445122609165 36
1757572622926 169.4587186879209 37
1757572622999 169.45304885908394 38
1757572623066 169.44744102380426 39
1757572623133 169.44189447502333 40
1757572623202 169.43640851397876 41
1757572623265 169.43098245010728 42
1757572623329 169.42561560094666 43
1757572623394 169.42030729203915 44
1757572623466 169.41505685683563 45
1757572623531 169.4098636366015 46
1757572623595 169.40472698032312 47
1757572623663 169.39964624461575 48
1757572623735 169.39462079363253 49
1757572623804 169.38964999897445 50
1757572623874 169.3847332396016 51
1757572623968 169.3798699017451 52
1757572624050 169.3750593788208 53
1757572624121 169.37030107134325 54
1757572624190 169.36559438684114 55
1757572624272 169.36093873977373 56
1757572624337 169.35633355144802 57
1757572624403 169.3517782499375 58
1757572624471 169.3472722700011 59
1757572624538 169.34281505300385 60
1757572624603 169.33840604683786 61
1757572624673 169.3340447058448 62
1757572624743 169.3297304907391 63
1757572624808 169.3254628685318 64
1757572624874 169.3212413124557 65
1757572624940 169.31706530189155 66
1757572625016 169.31293432229435 67
1757572625088 169.3088478651214 68
1757572625158 169.3048054277608 69
1757572625225 169.30080651346097 70
1757572625293 169.2968506312606 71
1757572625357 169.29293729592015 72
1757572625422 169.28906602785358 73
1757572625487 169.28523635306124 74
1757572625553 169.28144780306332 75
1757572625619 169.27769991483436 76
1757572625687 169.27399223073826 77
1757572625758 169.27032429846435 78
1757572625826 169.26669567096422 79
1757572625890 169.2631059063889 80
1757572625956 169.25955456802737 81
1757572626023 169.25604122424525 82
