1757504407809 182.22963055955054 0
1757504407861 180.30502178330573 1
1757504407913 178.41336182345165 2
1757504407981 176.5540302984286 3
1757504408090 174.72641880880477 4
1757504408169 172.92993070393845 5
1757504408233 171.1639808531977 6
1757504408302 169.42799542164929 7
1757504408370 167.72391814954534 8
1757504408435 166.04861728475993 9
1757504408510 164.40155317251487 10
1757504408576 162.78219656728368 11
1757504408654 161.19002843018154 12
1757504408718 159.6245397303119 13
1757504408779 158.08523124999275 14
1757504408840 156.57161339378695 15
1757504408898 155.0832060012612 16
1757504408953 153.61953816340247 17
1757504409005 152.18014804261813 18
1757504409060 150.76702911603186 19
1757504409112 149.3772553027742 20
1757504409169 148.01039162370594 21
1757504409224 146.66601147177354 22
1757504409278 145.3460896806118 23
1757504409330 144.04776315917388 24
1757504409384 142.77063068138057 25
1757504409439 141.5142987359636 26
1757504409496 140.27838137648428 27
1757504409560 139.06250007427914 28
1757504409638 137.86628357427682 29
1757504409716 136.6893677536284 30
1757504409779 135.53139548309727 31
1757504409834 134.39201649115444 32
1757504409889 133.27088723072583 33
1757504409948 132.16767074854053 34
1757504410005 131.0820365570282 35
1757504410060 130.0136605087169 36
1757504410117 128.96222467308127 37
1757504410175 127.92741721579429 38
1757504410229 126.90893228033474 39
1757504410283 125.9064698719047 40
1757504410340 124.91973574361211 41
1757504410397 123.94844128487364 42
1757504410451 122.99230341199485 43
1757504410507 122.05104446088492 44
1757504410568 121.1243920818643 45
1757504410626 120.21207913652422 46
1757504410691 119.31384359659813 47
1757504410754 118.42942844480564 48
1757504410814 117.55858157763045 49
1757504410874 116.70105570999449 50
1757504410932 115.85660828179104 51
1757504410992 115.02500136624074 52
1757504411055 114.20600158003475 53
1757504411117 113.39937999523 54
1757504411180 112.60491205286267 55
1757504411238 111.82237747824576 56
1757504411293 111.05156019791832 57
1757504411351 110.29224825821393 58
1757504411409 109.54423374541659 59
1757504411465 108.8073127074733 60
1757504411519 108.08128507723258 61
1757504411586 107.36595459717955 62
1757504411643 106.6611287456378 63
1757504411701 105.96661866440985 64
1757504411759 105.28223908782779 65
1757504411814 104.60780827318678 66
1757504411869 103.94314793253405 67
1757504411924 103.28808316578728 68
1757504411979 102.64244239515644 69
1757504412036 102.0060573008428 70
1757504412090 101.37876275799155 71
1757504412146 100.76039677487215 72
1757504412204 100.1508004322634 73
1757504412259 99.54981782401917 74
1757504412314 98.95729599879206 75
1757504412368 98.37308490289188 76
1757504412422 97.7970373242575 77
1757504412478 97.2290088375197 78
1757504412534 96.66885775013391 79
1757504412597 96.11644504956209 80
1757504412652 95.5716343514831 81
1757504412709 95.0342918490115 82
1757504412765 94.50428626290501 83
1757504412820 93.98148879274156 84
1757504412875 93.46577306904673 85
1757504413025 92.95701510635317 86
1757504413136 92.4550932571737 87
1757504413199 91.95988816687043 88
1757504413257 91.47128272940208 89
1757504413344 90.98916204393274 90
1757504413433 90.51341337228503 91
1757504413556 90.04392609722099 92
1757504413703 89.580591681535 93
1757504413818 89.12330362794255 94
1757504413907 88.6719574397493 95
1757504413968 88.22645058228542 96
1757504414064 87.78668244508998 97
1757504414213 87.35255430483116 98
1757504414288 86.9239692889473 99
1757504414351 86.50083233999548 100
1757504414411 86.08305018069305 101
1757504414469 85.67053127963922 102
1757504414526 85.26318581770303 103
1757504414586 84.86092565506492 104
1757504414652 84.46366429889886 105
1757504414711 84.07131687168301 106
1757504414770 83.68380008012616 107
1757504414827 83.30103218469823 108
1757504414887 82.92293296975284 109
1757504414942 82.54942371423064 110
1757504415001 82.18042716293188 111
1757504415057 81.81586749834707 112
1757504415113 81.45567031303513 113
1757504415171 81.09976258253788 114
1757504415229 80.748072638821 115
1757504415285 80.40053014423054 116
1757504415342 80.0570660659555 117
1757504415400 79.71761265098615 118
1757504415455 79.38210340155885 119
1757504415511 79.05047305107736 120
1757504415571 78.72265754050194 121
1757504415644 78.39859399519655 122
1757504415704 78.0782207022257 123
1757504415763 77.76147708809181 124
1757504415821 77.44830369690456 125
1757504415878 77.1386421689742 126
1757504415934 76.83243521981981 127
1757504415991 76.52962661958527 128
1757504416048 76.23016117285414 129
1757504416104 75.93398469885642 130
1757504416160 75.64104401205903 131
1757504416217 75.3512869031328 132
1757504416274 75.06466212028855 133
1757504416331 74.7811193509749 134
1757504416387 74.50060920393135 135
1757504416445 74.2230831915886 136
1757504416502 73.94849371281069 137
1757504416558 73.67679403597117 138
1757504416616 73.40793828235749 139
1757504416682 73.14188140989675 140
1757504416739 72.87857919719696 141
1757504416797 72.61798822789743 142
1757504416854 72.36006587532208 143
1757504416910 72.10477028743034 144
1757504416968 71.8520603720592 145
1757504417026 71.6018957824511 146
1757504417083 71.35423690306209 147
1757504417139 71.10904483564464 148
1757504417198 70.86628138559988 149
1757504417257 70.62590904859393 150
1757504417314 70.38789099743325 151
1757504417370 70.15219106919399 152
1757504417431 69.9187737526001 153
1757504417488 69.687604175646 154
1757504417545 69.45864809345827 155
1757504417603 69.23187187639219 156
1757504417659 69.00724249835854 157
1757504417725 68.784727525376 158
1757504417788 68.56429510434475 159
1757504417855 68.34591395203724 160
1757504417912 68.12955334430154 161
1757504417969 67.91518310547336 162
1757504418030 67.7027735979927 163
1757504418101 67.49229571222092 164
1757504418158 67.28372085645462 165
1757504418215 67.07702094713218 166
1757504418274 66.87216839922965 167
1757504418330 66.66913611684171 168
1757504418389 66.46789748394482 169
1757504418448 66.26842635533819 170
1757504418506 66.07069704775994 171
1757504418562 65.87468433117436 172
1757504418627 65.68036342022747 173
1757504418691 65.48770996586713 174
1757504418762 65.29670004712487 175
1757504418834 65.10731016305623 176
1757504418894 64.91951722483626 177
1757504418952 64.73329854800748 178
1757504419010 64.54863184487729 179
1757504419069 64.36549521706166 180
1757504419127 64.18386714817257 181
1757504419184 64.00372649664631 182
1757504419243 63.82505248870971 183
1757504419302 63.64782471148203 184
1757504419361 63.472023106209384 185
1757504419419 63.2976279616295 186
1757504419477 63.12461990746411 187
1757504419534 62.952979908036525 188
1757504419592 62.78268925601196 189
1757504419651 62.61372956625827 190
1757504419719 62.446082769824635 191
1757504419780 62.27973110803601 192
1757504419842 62.11465712670122 193
1757504419902 61.95084367043197 194
1757504419963 61.78827387707148 195
1757504420022 61.62693117222965 196
1757504420080 61.466799263923455 197
1757504420138 61.30786213732012 198
1757504420197 61.15010404958122 199
1757504420256 60.993509524805674 200
1757504420316 60.83806334906979 201
1757504420374 60.68375056556243 202
1757504420432 60.53055646981344 203
1757504420491 60.37846660501365 204
1757504420553 60.22746675742439 205
1757504420619 60.07754295187515 206
1757504420683 59.92868144734741 207
1757504420783 59.78086873264303 208
1757504420851 59.634091522135634 209
1757504420920 59.48833675160333 210
1757504420996 59.34359157414107 211
1757504421083 59.1998433561514 212
1757504421164 59.057079673411764 213
1757504421240 58.91528830721703 214
1757504421326 58.77445724059586 215
1757504421398 58.634574654599255 216
1757504421472 58.495628924660146 217
1757504421543 58.35760861702244 218
1757504421614 58.22050248523832 219
1757504421672 58.084299466732375 220
1757504421731 57.94898867943133 221
1757504421803 57.81455941845811 222
1757504421867 57.68100115288888 223
1757504421924 57.54830352257209 224
1757504421983 57.41645633500795 225
1757504422041 57.285449562287575 226
1757504422098 57.155273338090325 227
1757504422155 57.025917954738404 228
1757504422213 56.897373860307475 229
1757504422271 56.76963165579239 230
1757504422351 56.64268209232668 231
1757504422426 56.51651606845517 232
1757504422503 56.391124627458204 233
1757504422562 56.266498954726956 234
1757504422626 56.14263037518848 235
1757504422693 56.019510350779775 236
1757504422753 55.89713047796972 237
1757504422835 55.77548248532822 238
1757504422895 55.65455823114122 239
1757504422958 55.5343497010713 240
1757504423018 55.41484900586233 241
1757504423081 55.29604837908785 242
1757504423138 55.17794017494204 243
1757504423199 55.060516866072504 244
1757504423261 54.94377104145418 245
1757504423324 54.827695404303434 246
1757504423384 54.71228277003166 247
1757504423447 54.59752606423758 248
1757504423507 54.483418320737485 249
1757504423567 54.36995267963273 250
1757504423626 54.257122385413766 251
1757504423687 54.144920785099906 252
1757504423747 54.03334132641429 253
1757504423815 53.922377555993215 254
1757504423882 53.81202311762935 255
1757504423944 53.70230531887931 256
1757504424040 53.59318431076976 257
1757504424209 53.484654018789634 258
1757504424328 53.37670845889285 259
1757504424444 53.2693417359003 260
1757504424515 53.162548041931984 261
1757504424615 53.05632165486867 262
1757504424748 52.95065693684234 263
1757504424859 52.84554833275509 264
1757504424928 52.740990368825855 265
1757504424991 52.6369776511644 266
1757504425052 52.53350486437202 267
1757504425115 52.43056677016853 268
1757504425176 52.328158206045046 269
1757504425236 52.22627408394188 270
1757504425299 52.12490938895129 271
1757504425359 52.02405917804445 272
1757504425420 51.92371857882237 273
1757504425483 51.82388278828992 274
1757504425543 51.724547071653056 275
1757504425605 51.62570676113828 276
1757504425670 51.52735725483429 277
1757504425771 51.42949401555515 278
1757504425861 51.33211256972469 279
1757504425928 51.23520850628179 280
1757504425994 51.13877747560588 281
1757504426064 51.04281518846251 282
1757504426127 50.94731741496872 283
1757504426189 50.852279983577326 284
1757504426257 50.757698780080396 285
1757504426323 50.663569746631 286
1757504426392 50.569888880783246 287
1757504426457 50.476652234550116 288
1757504426523 50.383855913478726 289
1757504426590 50.291496075742785 290
1757504426651 50.19956893125173 291
1757504426714 50.10807074077658 292
1757504426777 50.016997815091685 293
1757504426843 49.926346514132554 294
1757504426917 49.836113246169134 295
1757504426981 49.74629446699433 296
1757504427044 49.65688667912762 297
1757504427107 49.5678864310332 298
1757504427170 49.47929031635263 299
1757504427232 49.39109497315155 300
1757504427293 49.30329708318033 301
1757504427356 49.21589337114819 302
1757504427418 49.128880604010796 303
1757504427482 49.042255590270834 304
1757504427544 48.956015179291434 305
1757504427607 48.870156260622245 306
1757504427669 48.78467576333775 307
1757504427731 48.69957065538773 308
1757504427793 48.6148379429597 309
1757504427855 48.53047466985285 310
1757504427930 48.44647791686351 311
1757504427993 48.36284480118182 312
1757504428056 48.279572475799384 313
1757504428117 48.19665812892768 314
1757504428177 48.114098983427176 315
1757504428245 48.03189229624667 316
1757504428307 47.950035357872956 317
1757504428371 47.86852549179043 318
1757504428436 47.78736005395043 319
1757504428499 47.706536432250395 320
1757504428562 47.62605204602215 321
1757504428623 47.54590434552983 322
1757504428696 47.466090811476505 323
1757504428758 47.38660895452004 324
1757504428820 47.30745631479743 325
1757504428882 47.22863046145792 326
1757504428966 47.15012899220438 327
1757504429029 47.07194953284308 328
1757504429091 46.99408973684139 329
1757504429153 46.9165472848936 330
1757504429229 46.839319884494415 331
1757504429297 46.762405269520166 332
1757504429362 46.68580119981741 333
1757504429425 46.609505460799106 334
1757504429489 46.53351586304776 335
1757504429551 46.457830241925855 336
1757504429613 46.38244645719313 337
1757504429675 46.307362392630694 338
1757504429738 46.23257595567185 339
1757504429802 46.15808507703947 340
1757504429869 46.08388771038987 341
1757504429939 46.00998183196291 342
1757504430004 45.93636544023835 343
1757504430071 45.8630365555983 344
1757504430141 45.78999321999564 345
1757504430207 45.717233496628225 346
1757504430270 45.644755469619035 347
1757504430336 45.57255724370168 348
1757504430402 45.5006369439117 349
1757504430467 45.42899271528315 350
1757504430530 45.35762272255056 351
1757504430594 45.28652514985614 352
1757504430657 45.215698200462086 353
1757504430719 45.14514009646793 354
1757504430782 45.074849078532864 355
1757504430848 45.004823405602835 356
1757504430911 44.935061354642514 357
1757504430981 44.8655612203718 358
1757504431048 44.79632131500711 359
1757504431113 44.72733996800685 360
1757504431175 44.65861552582164 361
1757504431239 44.59014635164863 362
1757504431302 44.521930825190196 363
1757504431365 44.45396734241674 364
1757504431428 44.386254315333616 365
1757504431491 44.31879017175206 366
1757504431554 44.25157335506406 367
1757504431616 44.18460232402112 368
1757504431681 44.1178755525168 369
1757504431743 44.05139152937298 370
1757504431805 43.98514875812978 371
1757504431870 43.91914575683914 372
1757504431933 43.85338105786177 373
1757504432005 43.78785320766774 374
1757504432069 43.722560766640306 375
1757504432132 43.65750230888322 376
1757504432195 43.59267642203114 377
1757504432259 43.52808170706342 378
1757504432326 43.46371677812093 379
1757504432390 43.399580262326005 380
1757504432453 43.33567079960543 381
1757504432516 43.271987042516486 382
1757504432578 43.208527656075695 383
1757504432640 43.14529131759074 384
1757504432703 43.082276716494945 385
1757504432765 43.019482554184655 386
1757504432828 42.95690754385933 387
1757504432894 42.89455041036422 388
1757504432956 42.83240989003575 389
1757504433027 42.77048473054942 390
1757504433092 42.70877369077028 391
1757504433152 42.64727554060579 392
1757504433214 42.58598906086118 393
1757504433276 42.52491304309726 394
1757504433342 42.46404628949032 395
1757504433405 42.40338761269473 396
1757504433473 42.342935835707344 397
1757504433566 42.28268979173453 398
1757504433642 42.22264832406111 399
1757504433721 42.16281028592153 400
1757504433798 42.10317454037313 401
1757504433879 42.04373996017148 402
1757504433953 41.98450542764766 403
1757504434043 41.925469834587695 404
1757504434123 41.86663208211374 405
1757504434196 41.80799108056733 406
1757504434258 41.74954574939444 407
1757504434320 41.69129501703239 408
1757504434383 41.63323782079862 409
1757504434447 41.57537310678115 410
1757504434510 41.5176998297309 411
1757504434572 41.46021695295561 412
1757504434632 41.402923448215596 413
1757504434695 41.345818295620944 414
1757504434756 41.28890048353056 415
1757504434820 41.23216900845271 416
1757504434940 41.17562287494704 417
1757504435142 41.11926109552835 418
1757504435320 41.06308269057166 419
1757504435435 41.00708668821896 420
1757504435533 40.9512721242872 421
1757504435665 40.895638042177914 422
1757504435759 40.84018349278816 423
1757504435843 40.784907534422835 424
1757504435989 40.72980923270837 425
1757504436082 40.67488766050777 426
1757504436224 40.62014189783693 427
1757504436360 40.565571031782255 428
1757504436427 40.51117415641955 429
1757504436491 40.456950372734184 430
1757504436557 40.40289878854236 431
1757504436623 40.349018518413715 432
1757504436688 40.295308683595046 433
1757504436757 40.241768411935176 434
1757504436822 40.18839683781094 435
1757504436888 40.13519310205439 436
1757504436954 40.08215635188095 437
1757504437022 40.02928574081873 438
1757504437090 39.976580428638954 439
1757504437155 39.9240395812873 440
1757504437220 39.871662370816345 441
1757504437286 39.819447975319 442
1757504437350 39.767395578862946 443
1757504437415 39.715504371425965 444
1757504437483 39.663773548832346 445
1757504437548 39.6122023126901 446
1757504437613 39.56078987032923 447
1757504437679 39.50953543474071 448
1757504437746 39.45843822451663 449
1757504437811 39.40749746379091 450
1757504437876 39.35671238218112 451
1757504437942 39.306082214730985 452
1757504438007 39.255606201853794 453
1757504438079 39.205283589276625 454
1757504438148 39.15511362798528 455
1757504438213 39.1050955741702 456
1757504438278 39.055228689172885 457
1757504438343 39.00551223943335 458
1757504438408 38.95594549643809 459
1757504438474 38.906527736668984 460
1757504438550 38.857258241552735 461
1757504438622 38.80813629741117 462
1757504438692 38.75916119541215 463
1757504438759 38.71033223152121 464
1757504438827 38.661648706453825 465
1757504438896 38.61310992562841 466
1757504438962 38.564715199119895 467
1757504439030 38.516463841614005 468
1757504439104 38.46835517236209 469
1757504439175 38.42038851513672 470
1757504439250 38.372563198187706 471
1757504439317 38.324878554198854 472
1757504439383 38.27733392024524 473
1757504439456 38.229928637751094 474
1757504439526 38.18266205244829 475
1757504439597 38.13553351433528 476
1757504439668 38.08854237763668 477
1757504439742 38.041688000763386 478
1757504439810 37.99496974627323 479
1757504439886 37.94838698083202 480
1757504439954 37.901939075175335 481
1757504440022 37.855625404070665 482
1757504440094 37.80944534628006 483
1757504440170 37.76339828452331 484
1757504440239 37.71748360544161 485
1757504440309 37.67170069956165 486
1757504440376 37.62604896126022 487
1757504440442 37.580527788729285 488
1757504440509 37.53513658394142 489
1757504440574 37.48987475261585 490
1757504440640 37.44474170418471 491
1757504440707 37.39973685175997 492
1757504440771 37.35485961210056 493
1757504440837 37.31010940558014 494
1757504440905 37.26548565615507 495
1757504440972 37.22098779133289 496
1757504441037 37.1766152421412 497
1757504441105 37.13236744309691 498
1757504441182 37.08824383217586 499
