1757491448117 122.17371013813936 0
1757491448166 94.54835848478903 1
1757491448219 66.57195243165302 2
1757491448270 66.91548595500741 3
1757491448319 52.195904439193924 4
1757491448366 54.374824599725564 5
1757491448502 56.00260986291293 6
1757491448581 51.99748604142534 7
1757491448644 34.53450737985357 8
1757491448701 45.09062959244239 9
1757491448770 44.60209810316875 10
1757491448850 52.16354264524502 11
1757491448908 34.941543892454966 12
1757491448962 30.839907237608145 13
1757491449012 40.090906608399116 14
1757491449062 30.194712891736867 15
1757491449116 29.11980702526886 16
1757491449166 21.589305117861414 17
1757491449216 28.99808029412279 18
1757491449265 24.585049219120325 19
1757491449318 25.60739271247388 20
1757491449368 24.381449411841984 21
1757491449418 18.74739616299581 22
1757491449464 20.111941690374938 23
1757491449527 23.9092679481691 24
1757491449575 25.2760528131563 25
1757491449631 55.38818272948986 26
1757491449681 22.371504653696473 27
1757491449737 23.898311849997757 28
1757491449789 20.957493282192036 29
1757491449839 24.180922650579873 30
1757491449889 21.52288899730061 31
1757491449940 21.944623852517434 32
1757491449987 15.91779677890783 33
1757491450034 19.835051419911963 34
1757491450082 15.502338104934118 35
1757491450130 14.404122096204853 36
1757491450179 16.928806262803036 37
1757491450231 16.915770287922523 38
1757491450280 17.653371082267743 39
1757491450328 16.233337680165608 40
1757491450374 13.338781103482816 41
1757491450421 12.41302696477046 42
1757491450469 15.687489997593653 43
1757491450519 22.258925465947602 44
1757491450568 14.210286162654098 45
1757491450614 15.348975386740392 46
1757491450668 17.989592435659546 47
1757491450715 15.813213869599016 48
1757491450761 15.00667907320561 49
1757491450808 15.693579276207537 50
1757491450857 23.848543712762986 51
1757491450908 18.706774062345897 52
1757491450955 10.93276637145029 53
1757491451003 14.312994184125955 54
1757491451050 18.53135947300465 55
1757491451097 10.784797562113846 56
1757491451142 25.866271059542182 57
1757491451188 10.220034262967507 58
1757491451234 12.930390824252038 59
1757491451285 13.569868986978989 60
1757491451331 13.351981116345378 61
1757491451377 13.415379150174155 62
1757491451426 11.352193256085 63
1757491451473 14.058080468278428 64
1757491451533 13.276750715763677 65
1757491451581 19.71104870031559 66
1757491451628 11.905718707273694 67
1757491451682 9.498499550674987 68
1757491451729 12.357922128669747 69
1757491451775 12.163700424007358 70
1757491451824 11.33124726280822 71
1757491451874 13.389558202832257 72
1757491451921 9.978177261621026 73
1757491451969 12.087236357341212 74
1757491452015 13.279997181963504 75
1757491452062 10.21713147420364 76
1757491452108 10.182223193782798 77
1757491452155 12.427796339524875 78
1757491452202 9.050692266948753 79
1757491452249 12.49663385148221 80
1757491452296 10.516929176929363 81
1757491452343 12.203549240763115 82
1757491452390 9.642993812301347 83
1757491452436 14.235822659793234 84
1757491452481 11.250074650038036 85
1757491452530 9.760447324319614 86
1757491452576 9.183192089975341 87
1757491452623 10.298783931289583 88
1757491452677 13.260863790319265 89
1757491452725 7.998352186794338 90
1757491452772 8.166526536684644 91
1757491452818 11.10896634380267 92
1757491452865 8.800883752277617 93
1757491452968 11.36382631259478 94
1757491453071 9.816689107320453 95
1757491453184 8.02148876030819 96
1757491453349 9.881301942640452 97
1757491453416 16.706871017945947 98
1757491453487 7.557343489497243 99
1757491453634 17.96422634620538 100
1757491453746 8.98114727478633 101
1757491453852 15.557446889318223 102
1757491453914 10.069204352233312 103
1757491453968 10.860448480695252 104
1757491454022 11.318035776779348 105
1757491454075 9.091663874881897 106
1757491454127 10.696511566296609 107
1757491454179 8.326706543032662 108
1757491454229 10.783436216092662 109
1757491454280 11.01669138658949 110
1757491454331 9.496034303400018 111
1757491454381 8.772985484448727 112
1757491454433 11.286669660262149 113
1757491454484 7.347241089582398 114
1757491454534 7.578253906011149 115
1757491454584 9.08767564266477 116
1757491454635 9.87645575046192 117
1757491454686 10.33887606177336 118
1757491454737 8.285474158557589 119
1757491454804 14.083109962890077 120
1757491454859 6.8269556905870585 121
1757491454910 8.900640294423402 122
1757491454962 5.6406099071609495 123
1757491455020 8.81939789871704 124
1757491455091 7.406560349102828 125
1757491455148 15.75844706527093 126
1757491455200 10.187519767846055 127
1757491455253 6.900551866186228 128
1757491455304 9.473188183581964 129
1757491455353 8.398143771989877 130
1757491455404 15.169880981242018 131
1757491455455 9.222551162438032 132
1757491455506 9.727159193174174 133
1757491455556 12.014012976492202 134
1757491455606 13.98843237622175 135
1757491455656 6.316244350449538 136
1757491455705 7.965947927897321 137
1757491455760 6.023280799888124 138
1757491455808 6.412742262563981 139
1757491455857 6.339261329511072 140
1757491455905 7.703734251442832 141
1757491455954 7.3484918869679445 142
1757491456002 6.7894046883335974 143
1757491456051 9.00433310729145 144
1757491456100 11.571507395860417 145
1757491456147 9.610030773838298 146
1757491456195 10.583509926195424 147
1757491456245 6.576903445784805 148
1757491456294 8.22674359850126 149
1757491456342 8.597045118119292 150
1757491456391 6.59781923427089 151
1757491456441 7.888167051147151 152
1757491456489 7.781484593982842 153
1757491456537 7.256744793440116 154
1757491456588 7.823820458047737 155
1757491456636 8.228792730422798 156
1757491456685 9.002601406534879 157
1757491456741 8.460937303173942 158
1757491456793 8.430712820636105 159
1757491456839 8.277218148625312 160
1757491456888 6.455551394144908 161
1757491456937 7.470933572585968 162
1757491456988 7.036059377867024 163
1757491457037 7.40337425301523 164
1757491457085 15.06480079771432 165
1757491457132 6.959510158044708 166
1757491457181 9.245691963066092 167
1757491457228 7.694104868587 168
1757491457276 6.315918433393492 169
1757491457325 7.024805629286175 170
1757491457373 8.31280960736212 171
1757491457421 7.77644821182929 172
1757491457473 7.203581577105504 173
1757491457522 7.738572802767177 174
1757491457573 8.275364624486784 175
1757491457621 14.155601329668864 176
1757491457670 6.451404996909107 177
1757491457721 7.504815059213887 178
1757491457787 7.923736653404984 179
1757491457836 7.615616299141787 180
1757491457886 6.910874569783997 181
1757491457937 8.754914758429353 182
1757491457988 6.87707886702151 183
1757491458038 6.36422373029301 184
1757491458088 7.134801364143702 185
1757491458138 13.609000716909977 186
1757491458187 7.431783760338561 187
1757491458236 6.643081426309609 188
1757491458284 9.429548736219537 189
1757491458333 7.267925137357158 190
1757491458382 8.75024737906062 191
1757491458430 5.153485540279006 192
1757491458481 5.954430356712835 193
1757491458529 7.459030923744007 194
1757491458577 8.334059400332796 195
1757491458625 7.824409434897672 196
1757491458675 7.906808141808919 197
1757491458722 8.323194373738556 198
1757491458777 10.269815767584209 199
1757491458829 6.917858412772527 200
