1757320394596 165.3142515225854 0
1757320394619 188437.79088068558 1
1757320394661 261508507.19943574 2
1757320394683 362812492283.3083 3
1757320394706 503362999680762.8 4
1757320394728 6.983615266642327e+17 5
1757320394749 9.68900819075307e+20 6
1757320394772 1.344244723304857e+24 7
1757320394793 1.8649936511134337e+27 8
1757320394816 2.58747626707593e+30 9
1757320394839 3.589842479455167e+33 10
1757320394861 4.980516803682302e+36 11
1757320394916 6.909926486670383e+39 12
1757320394942 9.586773006344943e+42 13
1757320394965 1.330060701115656e+46 14
1757320394989 1.8453148598401393e+49 15
1757320395011 2.5601740800931536e+52 16
1757320395032 3.55196365835836e+55 17
1757320395082 4.9279640507255895e+58 18
1757320395104 6.837015245946429e+61 19
1757320395126 9.485616573526165e+64 20
1757320395149 1.3160263440000418e+68 21
1757320395172 1.8258437126120243e+71 22
1757320395193 2.533159976685672e+74 23
1757320395213 3.514484521954081e+77 24
1757320395234 4.875965816898525e+80 25
1757320395254 6.764873340328108e+83 26
1757320395275 9.385527509663936e+86 27
1757320395296 1.3021400727420833e+90 28
1757320395316 1.806578018438386e+93 29
1757320395337 2.506430917091676e+96 30
1757320395357 3.4774008529027587e+99 31
1757320395378 4.824516251100202e+102 32
1757320395405 6.693492652047973e+105 33
1757320395431 9.286494552236872e+108 34
1757320395455 1.2884003247891688e+112 35
1757320395493 1.78751560944704e+115 36
1757320395520 2.4799838936238064e+118 37
1757320395544 3.4407084783646105e+121 38
1757320395565 4.773609563968364e+124 39
1757320395596 6.622865148994313e+127 40
1757320395618 9.18850655756192e+130 41
1757320395639 1.2748055540762303e+134 42
1757320395661 1.7686543406405437e+137 43
1757320395682 2.4538159303309553e+140 44
1757320395704 3.4044032695304966e+143 45
1757320395727 4.72324002722843e+146 46
1757320395748 6.552982883807843e+149 47
1757320395770 9.091552499540562e+152 48
1757320395791 1.2613542308517664e+156 49
1757320395813 1.7499920896547097e+159 50
1757320395834 2.42792408266315e+162 51
1757320395855 3.36848114115693e+165 52
1757320395876 4.6734019730484865e+168 53
1757320395897 6.483837992986985e+171 54
1757320395919 8.995621468417905e+174 55
1757320395940 1.2480448415056993e+178 56
1757320395964 1.731526756519841e+181 57
1757320395985 2.4023054371403625e+184 58
1757320396008 3.332938051106577e+187 59
1757320396030 4.624089793401693e+190 60
1757320396055 6.415422696003166e+193 61
1757320396076 8.900702669555026e+196 62
1757320396098 1.2348758883990526e+200 63
1757320396120 1.7132562634244114e+203 64
1757320396141 2.3769571110246216e+206 65
1757320396164 3.297769999893422e+209 66
1757320396186 4.575297939435304e+212 67
1757320396209 6.347729294425464e+215 68
1757320396231 8.806785422214571e+218 69
1757320396253 1.2218458896954457e+222 70
1757320396274 1.695178554481283e+225 71
1757320396297 2.3518762519956815e+228 72
1757320396320 3.262973030232683e+231 73
1757320396342 4.5270209208462465e+234 74
1757320396364 6.2807501710543054e+237 75
1757320396388 8.713859158358955e+240 76
1757320396416 1.2089533791943558e+244 77
1757320396439 1.677291595496369e+247 78
1757320396462 2.3270600378300195e+250 79
1757320396485 3.228543226595553e+253 80
1757320396509 4.4792533052632e+256 81
1757320396531 6.214477789064063e+259 82
1757320396553 8.621913421460621e+262 83
1757320396578 1.1961969061660848e+266 84
1757320396609 1.6595933737396646e+269 85
1757320396635 2.3025056760832237e+272 86
1757320396670 3.194476714768509e+275 87
1757320396693 4.4319897176354835e+278 88
1757320396715 6.148904691155364e+281 89
1757320396738 8.53093786532609e+284 90
1757320396761 1.1835750351885853e+288 91
1757320396784 1.6420818977188905e+291 92
1757320396806 2.2782104037759088e+294 93
1757320396828 3.160769661417534e+297 94
1757320396851 4.385224839628196e+300 95
1757320396873 6.084023498715772e+303 96
1757320396895 inf 97
