1757482884723 23.506958359675004 0
1757482884755 12.53436337667947 1
1757482884784 9.277257355562208 2
1757482884826 9.648572409947139 3
1757482884862 6.101091598017678 4
1757482884897 3.3375065312279415 5
1757482884936 2.15879657212086 6
1757482884968 1.7825830082245164 7
1757482884999 0.7304769744884521 8
1757482885033 0.8859610423807774 9
1757482885067 0.7174077175554021 10
1757482885098 0.7772650335455192 11
1757482885132 0.29849883921405757 12
1757482885174 0.2788059537140336 13
1757482885204 0.24076162599802278 14
1757482885234 0.2503073235186875 15
1757482885264 0.22534418916698962 16
1757482885293 0.08694475203113705 17
1757482885350 0.17649890127163334 18
1757482885384 0.10996384676394524 19
1757482885424 0.150046191613078 20
1757482885459 0.12192657938190717 21
1757482885491 0.12161859345875814 22
1757482885524 0.11366942384988044 23
1757482885556 0.11980588852494967 24
1757482885587 0.08392552957812013 25
1757482885617 0.1252605961215411 26
1757482885651 0.14482394495689613 27
1757482885684 0.1367225442460564 28
1757482885714 0.08719161406455621 29
1757482885745 0.10157862414556423 30
1757482885780 0.13146442113124082 31
1757482885828 0.1332396658646329 32
1757482885885 0.09427336705408561 33
1757482885916 0.10272845912692048 34
1757482885951 0.14637951060315654 35
1757482885981 0.08076726108926595 36
1757482886012 0.10439436203257076 37
1757482886042 0.050121890716224006 38
1757482886072 0.11843171530033435 39
1757482886102 0.11979622379000496 40
1757482886132 0.10663784739754356 41
1757482886164 0.12178884009261651 42
1757482886194 0.09954540683249812 43
1757482886287 0.08987690464397091 44
1757482886365 0.11081305164474167 45
1757482886414 0.14562724489682166 46
1757482886465 0.10993313215921578 47
1757482886513 0.13803770508992505 48
1757482886567 0.09927720215458363 49
1757482886600 0.10590227578410007 50
1757482886631 0.13651695026855581 51
1757482886662 0.1160596885359876 52
1757482886692 0.08647680291850872 53
1757482886724 0.13240260105202487 54
1757482886756 0.1371455014317456 55
1757482886787 0.1472038728472933 56
1757482886819 0.11254101319959992 57
1757482886860 0.10363900295613478 58
1757482886891 0.06559853806906138 59
1757482886921 0.12171358862945725 60
1757482886955 0.09191334937121014 61
1757482886988 0.11396685048711207 62
1757482887019 0.11970403947491817 63
1757482887050 0.13655867968381813 64
1757482887081 0.11148009029430016 65
1757482887111 0.13935640970309188 66
1757482887142 0.09448081841985669 67
1757482887186 0.12179859647598963 68
1757482887258 0.11510064284642776 69
1757482887292 0.11842371242857215 70
1757482887326 0.11072872776394119 71
1757482887360 0.11061531685530752 72
1757482887391 0.1033263137342354 73
1757482887422 0.10058808877629688 74
1757482887454 0.13381511979633942 75
1757482887492 0.11991188032194285 76
1757482887524 0.08806218586976307 77
1757482887555 0.09200265579780127 78
1757482887586 0.12553706877266713 79
1757482887617 0.14486729215909894 80
1757482887648 0.11878327459608341 81
1757482887679 0.1334410619941333 82
1757482887710 0.10324465609243037 83
1757482887741 0.09535666940269613 84
1757482887772 0.1254890538296722 85
1757482887803 0.11360489721005938 86
1757482887834 0.16486549026410544 87
1757482887877 0.09427433704133192 88
1757482887908 0.08802956427789403 89
1757482887939 0.09510645624357744 90
1757482887970 0.12844416898247032 91
1757482888009 0.1000647662307122 92
1757482888040 0.10636495731385079 93
1757482888072 0.16378874556480882 94
1757482888104 0.15218824226618205 95
1757482888135 0.11064447000161501 96
1757482888166 0.07490233932732804 97
1757482888197 0.10879609081110472 98
1757482888231 0.12969273022799674 99
1757482888264 0.11682522636366692 100
1757482888296 0.18298871731056143 101
1757482888328 0.09493354100251483 102
1757482888419 0.09129483744028194 103
1757482888482 0.13264162482515815 104
1757482888521 0.11001201562033407 105
1757482888555 0.10758413056491664 106
1757482888587 0.07657236084006214 107
1757482888618 0.09856218724024125 108
1757482888651 0.1384778183528019 109
1757482888683 0.1108411323834307 110
1757482888713 0.09718439947039446 111
1757482888745 0.09611476236283575 112
1757482888776 0.09785887513925462 113
1757482888808 0.110788576096633 114
1757482888840 0.08918217343041784 115
1757482888881 0.11397137818548699 116
1757482888920 0.17460668168045723 117
1757482888954 0.11356742811291731 118
1757482888987 0.09349174399027613 119
1757482889025 0.09122673595495202 120
1757482889058 0.08475817520487793 121
1757482889106 0.1297759129927653 122
1757482889181 0.12533457541511106 123
1757482889216 0.15066118212717097 124
1757482889251 0.15182976637256193 125
1757482889285 0.08909425540274375 126
1757482889317 0.1380434961310953 127
1757482889349 0.07950071299318383 128
1757482889381 0.11893357818675666 129
1757482889413 0.09432691969302708 130
1757482889446 0.14629346837970628 131
1757482889481 0.07537217318194578 132
1757482889517 0.12367291800038457 133
1757482889555 0.13204291575919794 134
1757482889588 0.12871396105279095 135
1757482889621 0.12803117019016114 136
1757482889653 0.15089869162382313 137
1757482889686 0.14311599578907636 138
1757482889718 0.12158765885295235 139
1757482889751 0.11057305906963162 140
1757482889784 0.1286666712061209 141
1757482889816 0.11369442717078806 142
1757482889848 0.11086111188205526 143
1757482889891 0.12921726162208125 144
1757482889925 0.1269140631351309 145
1757482889959 0.09029355267506464 146
1757482889991 0.13460968967621453 147
1757482890024 0.13151904596995292 148
1757482890065 0.111324236042058 149
1757482890101 0.14860546755295978 150
1757482890135 0.09856337121641741 151
1757482890167 0.10959371444799983 152
1757482890200 0.11229144418575854 153
1757482890233 0.13342368913575828 154
1757482890267 0.11834172633509128 155
1757482890300 0.10086168606860035 156
1757482890332 0.09476920046064811 157
1757482890365 0.07280317946590614 158
1757482890398 0.11145515565795391 159
1757482890430 0.10321420763205241 160
1757482890463 0.1325194080100102 161
1757482890496 0.10378753688240282 162
1757482890529 0.14110406352285249 163
1757482890568 0.09086697875213386 164
1757482890603 0.1124175092963735 165
1757482890636 0.08849762146220483 166
1757482890669 0.09433003419323512 167
1757482890702 0.12724373148563162 168
1757482890735 0.10649142275309807 169
1757482890768 0.11830773724519847 170
1757482890801 0.0972853996028126 171
1757482890834 0.10834542909159975 172
1757482890868 0.14299031614266028 173
1757482890910 0.08876712985600142 174
1757482890946 0.11181807232866407 175
1757482890979 0.1106750888883088 176
1757482891012 0.10127551761121349 177
1757482891046 0.09456966196934863 178
1757482891086 0.11859128802825503 179
1757482891120 0.12079623093793289 180
1757482891153 0.11204044933434554 181
1757482891186 0.11138149534378089 182
1757482891219 0.11556743004472403 183
1757482891254 0.1175826419626097 184
1757482891288 0.13178049577512996 185
1757482891321 0.1055901162968696 186
1757482891354 0.10613244498813063 187
1757482891388 0.09474158496115816 188
1757482891421 0.1419111191430378 189
1757482891454 0.06004974320245201 190
1757482891488 0.10432814065693559 191
1757482891522 0.13105579598764167 192
1757482891557 0.13058012421507373 193
1757482891598 0.0677452686026509 194
1757482891632 0.21028567109117602 195
1757482891666 0.10796079356642303 196
1757482891699 0.1419827116545445 197
1757482891734 0.11367483194573116 198
1757482891768 0.1481053059861458 199
1757482891801 0.11071454021402118 200
1757482891834 0.09686226955963134 201
1757482891868 0.13833839718349364 202
1757482891911 0.11957164040310957 203
1757482891948 0.16872637592669618 204
1757482891981 0.1110502914673697 205
1757482892015 0.13997561855345517 206
1757482892048 0.11793269387062809 207
1757482892088 0.1217034984794784 208
1757482892124 0.12131509789240554 209
1757482892157 0.12172979831353707 210
1757482892191 0.1095534398553984 211
1757482892224 0.09534423997552903 212
1757482892258 0.14277504532087784 213
1757482892295 0.07237350709461594 214
1757482892337 0.10630961124049153 215
1757482892396 0.1556996807487759 216
1757482892436 0.10018653084689888 217
1757482892479 0.17177526590484304 218
1757482892519 0.152185799168123 219
1757482892556 0.10800342075792516 220
1757482892601 0.10564606156395608 221
1757482892641 0.0798107997685007 222
1757482892677 0.09931437039800065 223
1757482892711 0.09149601975974757 224
1757482892769 0.07852882478001272 225
1757482892826 0.09700218028447001 226
1757482892863 0.1578440645490563 227
1757482892898 0.0898208797594619 228
1757482892944 0.09079868276628109 229
1757482892980 0.07934244344021928 230
1757482893015 0.11130392249336503 231
1757482893050 0.10853528161113102 232
1757482893085 0.12097346894696831 233
1757482893128 0.11232396056238626 234
1757482893166 0.11905669916369574 235
1757482893201 0.09108122215297675 236
1757482893235 0.12675932555120487 237
1757482893270 0.08240667081101 238
1757482893308 0.10220194063433467 239
1757482893343 0.08929654931350005 240
1757482893378 0.13522796568672157 241
1757482893414 0.09048376219282356 242
1757482893448 0.0984260732569661 243
1757482893483 0.11704469932009233 244
1757482893517 0.10894881967184017 245
1757482893552 0.14646961240604503 246
1757482893587 0.09966582217204725 247
1757482893626 0.12785564251881598 248
1757482893662 0.10981058663060429 249
1757482893698 0.1445930011727535 250
1757482893732 0.10895282968438086 251
1757482893767 0.1137625325057252 252
1757482893801 0.09632747687653356 253
1757482893836 0.08652818806071584 254
1757482893871 0.07180144369017269 255
1757482893906 0.11286639883558967 256
1757482893950 0.11947198073311587 257
1757482893987 0.11903263027992227 258
1757482894022 0.11605685348490749 259
1757482894058 0.12643924887682872 260
1757482894093 0.094729650337957 261
1757482894132 0.11255820368144488 262
1757482894172 0.14428169068240637 263
1757482894207 0.07639247372493149 264
1757482894241 0.1111197783440814 265
1757482894276 0.1132079989036683 266
1757482894313 0.14594656943111764 267
1757482894351 0.1142944618713015 268
1757482894387 0.09718439156501783 269
1757482894425 0.14970060348002584 270
1757482894464 0.10690098643758693 271
1757482894501 0.0694869267912458 272
1757482894539 0.1134271637388018 273
1757482894574 0.10943106447886002 274
1757482894610 0.0810245825153708 275
1757482894649 0.09916296021402764 276
1757482894688 0.14152141358628068 277
1757482894724 0.1215134819958545 278
1757482894760 0.10923372096696056 279
1757482894795 0.07658786781662029 280
1757482894831 0.11221081086256016 281
1757482894868 0.07722204643124113 282
1757482894906 0.07747328120117589 283
1757482894955 0.10242172018369362 284
1757482895014 0.14786132447436998 285
1757482895052 0.1420692152397075 286
1757482895092 0.11025363564712157 287
1757482895135 0.09180719316424327 288
1757482895185 0.1022704689152487 289
1757482895223 0.15500823968193309 290
1757482895261 0.12507803809725518 291
1757482895299 0.12832950141090452 292
1757482895340 0.162216776700877 293
1757482895379 0.08509320304506887 294
1757482895415 0.09626758968338477 295
1757482895450 0.13460249430601343 296
1757482895485 0.07655296122409223 297
1757482895521 0.10022195780832509 298
1757482895557 0.0759800701917261 299
1757482895592 0.12175424906921284 300
1757482895628 0.16497332089036093 301
1757482895669 0.13227184404698353 302
1757482895711 0.16183525766203624 303
1757482895750 0.09615116412810423 304
1757482895789 0.15995828423474204 305
1757482895827 0.10848414651924135 306
1757482895866 0.11172313750488772 307
1757482895904 0.10125193944683482 308
1757482895940 0.13202658315155538 309
1757482895988 0.08605159932802177 310
1757482896027 0.12159518473815634 311
1757482896063 0.08684362877037054 312
1757482896099 0.08324081578754648 313
1757482896137 0.10092898619079393 314
1757482896176 0.11511081987007768 315
1757482896220 0.10971532942072434 316
1757482896257 0.06847581218982775 317
1757482896295 0.14927354588507713 318
1757482896331 0.1066489891616369 319
1757482896370 0.12328087957813587 320
1757482896409 0.12465787733969932 321
1757482896446 0.09805750838424987 322
1757482896486 0.09916677005691361 323
1757482896528 0.09322652729795497 324
1757482896564 0.097394327908811 325
1757482896600 0.09558455584147289 326
1757482896640 0.08168636516572723 327
1757482896678 0.15729311162079201 328
1757482896724 0.08798860897760714 329
1757482896761 0.12099373211324713 330
1757482896797 0.09751525619964324 331
1757482896836 0.10417059722508545 332
1757482896872 0.11151538201874694 333
1757482896910 0.12533016600947364 334
1757482896950 0.20129478362784003 335
1757482896997 0.06916689159960196 336
1757482897037 0.166161616761018 337
1757482897075 0.1230115266236151 338
1757482897115 0.12427625241218707 339
1757482897158 0.10221293660430718 340
1757482897198 0.11026986878153533 341
1757482897245 0.09409985065281834 342
1757482897285 0.0874883180180006 343
1757482897324 0.13088045275469815 344
1757482897363 0.14495004661559058 345
1757482897403 0.13615963881084805 346
1757482897440 0.08893748337294886 347
1757482897478 0.13903651810874104 348
1757482897518 0.06465576081600374 349
1757482897559 0.16401048835543175 350
1757482897599 0.0840420456568559 351
1757482897639 0.11291451662185445 352
1757482897679 0.13897772406528755 353
1757482897721 0.17260588869980836 354
1757482897765 0.06518392569512484 355
1757482897803 0.11169036952950481 356
1757482897842 0.12498275343665875 357
1757482897880 0.08212665573026864 358
1757482897917 0.0880537303969879 359
1757482897953 0.08113997267181576 360
1757482898002 0.10723765195715317 361
1757482898042 0.11517955503712596 362
1757482898082 0.07585526280076531 363
1757482898123 0.10459720439515846 364
1757482898163 0.12825236017155675 365
1757482898204 0.10540371899234433 366
1757482898249 0.11519662902330463 367
1757482898291 0.10902597541457146 368
1757482898332 0.06815294740718458 369
1757482898374 0.07177828015895786 370
1757482898414 0.12278030832812402 371
1757482898453 0.11059877333840387 372
1757482898490 0.09072786012413912 373
1757482898531 0.1262337674722516 374
1757482898572 0.1366772508306338 375
1757482898611 0.07951908159469896 376
1757482898651 0.126452194103146 377
1757482898692 0.10904834475022238 378
1757482898734 0.12507523006352633 379
1757482898781 0.08158111039957396 380
1757482898843 0.09252850143612083 381
1757482898951 0.08374778525627304 382
1757482899006 0.1382709225074866 383
1757482899049 0.13983959574427107 384
1757482899179 0.09461347642011078 385
1757482899298 0.11604243446672764 386
1757482899365 0.1179594365384045 387
1757482899441 0.12823750516152427 388
1757482899498 0.11119992956823209 389
1757482899554 0.08015164732097976 390
1757482899604 0.04615247660819106 391
1757482899657 0.17288387196467053 392
1757482899706 0.1241630026224475 393
1757482899755 0.0921364742880076 394
1757482899821 0.08652468884003073 395
1757482899899 0.14005250180165887 396
1757482899946 0.1016767334596395 397
1757482899998 0.10286951707442114 398
1757482900049 0.09821267052198403 399
1757482900096 0.1089790119084812 400
1757482900143 0.12110895695681176 401
1757482900190 0.1204506512058194 402
1757482900238 0.09845594947844079 403
1757482900285 0.11059412311356046 404
1757482900336 0.115554332815649 405
1757482900383 0.14844225962405147 406
1757482900430 0.06182140980779755 407
1757482900478 0.08007460546314436 408
1757482900526 0.14428208702089385 409
1757482900574 0.0739320584907191 410
1757482900622 0.10210216784873645 411
1757482900670 0.11767565149030727 412
1757482900716 0.09132424558254304 413
1757482900763 0.10211462142843168 414
1757482900812 0.15811829223857707 415
1757482900868 0.0980074307610667 416
1757482900918 0.1338551958234453 417
1757482900969 0.15006857959329203 418
1757482901025 0.09355284890778195 419
1757482901111 0.08657824848924711 420
1757482901160 0.10349738987153281 421
1757482901209 0.1296623167439983 422
1757482901256 0.1614599831411763 423
1757482901304 0.14660124714786135 424
1757482901355 0.15202836282581 425
1757482901401 0.20909964309757748 426
1757482901451 0.16113694313144977 427
1757482901504 0.09661482451729414 428
1757482901553 0.11921606499291598 429
1757482901604 0.12002480851988795 430
1757482901655 0.07123027295646495 431
1757482901706 0.09106185791485717 432
1757482901756 0.0684126272221961 433
1757482901806 0.1533995429256107 434
1757482901867 0.16151094795591592 435
1757482901923 0.07680884271628602 436
1757482901975 0.12757547560395063 437
1757482902030 0.11328953819711318 438
1757482902088 0.08440851351462911 439
1757482902137 0.10101157166161238 440
1757482902184 0.1183630894097977 441
1757482902234 0.08769681490642138 442
1757482902290 0.07308340841454812 443
1757482902341 0.12142830905326149 444
1757482902399 0.19057668948643808 445
1757482902452 0.12521065106845958 446
1757482902505 0.054159270544325226 447
1757482902559 0.11727701615114564 448
1757482902613 0.07514119721286726 449
1757482902664 0.16655954158228842 450
1757482902718 0.12982942764914657 451
1757482902770 0.13793075231953433 452
1757482902823 0.12708644919252626 453
1757482902877 0.13756169730197815 454
1757482902934 0.12078628572319161 455
1757482902985 0.07785003124134239 456
1757482903038 0.1351047041966955 457
1757482903099 0.2458051505584366 458
1757482903150 0.11274140315347166 459
1757482903203 0.13583538559529804 460
1757482903255 0.10467235828300281 461
1757482903306 0.17486130923208987 462
1757482903357 0.12095873005450415 463
1757482903412 0.08402061168601456 464
1757482903465 0.13539704769258298 465
1757482903516 0.1403698657207482 466
1757482903566 0.12210558805465772 467
1757482903619 0.07175999734765151 468
1757482903673 0.10984994410511273 469
1757482903724 0.1325653676564697 470
1757482903775 0.11526297699354834 471
1757482903827 0.10426888762171388 472
1757482903878 0.09786089345015138 473
1757482903933 0.08448011585541584 474
1757482903983 0.1057718286760132 475
1757482904036 0.09537961102513229 476
1757482904096 0.10012561739214246 477
1757482904147 0.10363689351195586 478
1757482904199 0.16983470524105496 479
1757482904250 0.10450274972737757 480
1757482904301 0.0747024959154218 481
1757482904351 0.10656962099476568 482
1757482904403 0.10275038921687585 483
1757482904459 0.09916212485859106 484
1757482904528 0.09244580618899571 485
1757482904650 0.13969002492280375 486
1757482904826 0.10390859064336425 487
1757482904975 0.08294699364320686 488
1757482905148 0.09498837694944799 489
1757482905251 0.12466562600062431 490
1757482905343 0.10076381370855754 491
1757482905422 0.09933167034119138 492
1757482905530 0.08700326653488358 493
1757482905635 0.1414645493546031 494
1757482905707 0.1097115983162005 495
1757482905754 0.14368227911635612 496
1757482905799 0.10007977248418502 497
1757482905856 0.09406435181086184 498
1757482905943 0.11425161129509344 499
