1757428917910 0.03539034259627296 0
1757428918108 0.09132408084182644 1
1757428918915 0.0001810889101649985 2
1757428919118 0.0025108949168086148 3
1757428919424 0.017344990866627354 4
1757428919709 0.025153408447394693 5
1757428919998 0.13867953346469372 6
1757428920226 0.1558813805413054 7
1757428920446 0.07656950431850251 8
1757428920609 0.0041301870820596364 9
1757428920777 2.232643387583997 10
1757428920963 0.02462412648121228 11
1757428921147 0.08823455887626581 12
1757428921315 0.014894124662013149 13
1757428921454 1.9911010967526674 14
1757428921600 0.002543006648175906 15
1757428921728 0.0217997644960781 16
1757428921990 0.08236576646959519 17
1757428922099 0.028242518264008122 18
1757428922207 0.3752647047405376 19
1757428922389 0.0003994001616708235 20
1757428922529 0.06956550128865008 21
1757428922670 0.0007789973831431484 22
1757428922809 0.004615964102381026 23
1757428922958 0.46437911431829926 24
1757428923098 0.10578367752983817 25
1757428923234 0.07100407535417086 26
1757428923368 0.66496360359631 27
1757428923483 0.1043881728947057 28
1757428923597 0.020022265305290853 29
1757428923732 0.13349152166803466 30
1757428923870 0.023483197826678962 31
1757428923996 0.12281755306657312 32
1757428924134 0.26297225228306353 33
1757428924259 0.08610567329016852 34
1757428924379 0.0236109315547356 35
1757428924500 0.02951541004021129 36
1757428924632 1.07377183521109 37
1757428924755 0.18657610063398483 38
1757428924865 0.07956064640518115 39
1757428924998 0.0170241838336004 40
1757428925132 0.04944815939474385 41
1757428925253 0.16515046871418015 42
1757428925394 0.24147476428150902 43
1757428925520 0.14290756143969213 44
1757428925653 0.027068972606101877 45
1757428925813 4.219731677441781e-05 46
1757428925967 0.01022002974972794 47
1757428926116 0.15469017630523227 48
1757428926282 0.6936205377117564 49
1757428926479 0.2723342329288428 50
1757428926629 0.1304217755702362 51
1757428926737 0.18981669711098348 52
1757428926896 0.04642359147800477 53
1757428927128 0.1731345912404981 54
1757428927276 3.223999061331497e-05 55
1757428927418 0.19810228031427354 56
1757428927571 0.6220697106849425 57
1757428927695 0.13738012299355434 58
1757428927907 0.058423094642410404 59
1757428928051 0.07011681360080044 60
1757428928223 0.15984012909714673 61
1757428928362 0.1308030974203176 62
1757428928483 0.05782420670279798 63
1757428928621 0.01958830828269907 64
1757428928759 0.11398829545907592 65
1757428928887 0.2587338817434915 66
1757428929043 0.16387824027368708 67
1757428929188 0.01733863004638106 68
1757428929306 0.00249222454836893 69
1757428929428 0.5493952197013036 70
1757428929568 0.0815076553345989 71
1757428929684 0.03735158315228641 72
1757428929798 0.12577179306116523 73
1757428929980 0.0013491990369308268 74
1757428930122 0.0007552525969605687 75
1757428930258 0.020815228293297027 76
1757428930405 0.016967516928837974 77
1757428930543 0.09171858050777897 78
1757428930694 0.09575041882316605 79
1757428930911 0.35228831308056346 80
1757428931093 0.00304281174054069 81
1757428931243 0.0533118605974502 82
1757428931368 0.06561652261312573 83
1757428931496 0.0010387292408769616 84
1757428931640 0.07310609150973288 85
1757428931761 0.05226345471287245 86
1757428931887 0.022271479997422412 87
1757428932026 0.09070411971504526 88
1757428932155 2.9181334766474646e-05 89
1757428932292 0.5111477690132137 90
1757428932405 0.029913232334445258 91
1757428932528 0.000611214825302024 92
1757428932677 0.0603767608218167 93
1757428932836 0.05008658788899917 94
1757428932970 0.02268478131853928 95
1757428933097 5.922841576638124e-05 96
1757428933237 0.3186785627562481 97
1757428933358 0.014494765291226416 98
1757428933476 0.0485274124369126 99
1757428933693 0.1694849984159345 100
1757428933829 0.0005869439840023026 101
1757428933957 0.09877366931193744 102
1757428934090 1.4066141378072765 103
1757428934252 0.022608205190213445 104
1757428934413 0.006616400767205157 105
1757428934588 0.0375668259551229 106
1757428934735 0.06260489926874074 107
1757428934885 0.018250701617042696 108
1757428935056 0.032715878021379735 109
1757428935204 0.05513144312504676 110
1757428935367 0.048208287358672726 111
1757428935607 0.020283222869079517 112
1757428935790 0.653317132050771 113
1757428935944 0.051948158389647524 114
1757428936100 0.00027663094479779283 115
1757428936253 0.010028522041922363 116
1757428936378 0.30241817721859016 117
1757428936517 0.00021815398553807501 118
1757428936653 0.0712853531509104 119
1757428936793 0.004216982766602945 120
1757428936963 0.04046096535643493 121
1757428937103 0.050391383042984565 122
1757428937227 0.026599737324290645 123
1757428937354 0.4299074228426205 124
1757428937475 0.2907826349789734 125
1757428937631 0.4833420161869309 126
1757428937757 0.060552917337777824 127
1757428937866 0.044975248886723274 128
1757428937996 1.262516667576815 129
1757428938121 0.21367243249257198 130
1757428938258 0.017099034543751567 131
1757428938385 0.7943308872121096 132
1757428938502 0.1929336752186576 133
1757428938624 0.026683220370785025 134
1757428938770 0.15790666869191503 135
1757428938893 0.021781826018349416 136
1757428939016 0.14462385540661638 137
1757428939158 0.009471748894682316 138
1757428939307 0.5015038982765 139
1757428939459 0.3204888552695143 140
1757428939604 0.3141184154137725 141
1757428939747 0.004385749774502656 142
1757428939873 0.011294019144142523 143
1757428940009 1.8702838090245248 144
1757428940196 0.04803908488347848 145
1757428940347 0.2773689457968578 146
1757428940487 0.047314479378787654 147
1757428940693 0.0027814337369157427 148
1757428940831 0.33229774166788556 149
1757428940980 0.07682877777270712 150
1757428941127 0.0029218077854382524 151
1757428941286 0.06634661045211697 152
1757428941434 0.0713869473620603 153
1757428941570 0.0016982301984645068 154
1757428941701 1.0707935350136225e-06 155
1757428941836 0.0016173674640825046 156
1757428941974 0.15336973809259863 157
1757428942131 0.9195062517812193 158
1757428942262 0.25290754641162233 159
1757428942399 0.05205931853401742 160
1757428942543 0.16303035319621004 161
1757428942668 0.021226084402163517 162
1757428942793 0.5314521378385039 163
1757428942911 0.09910274448840047 164
1757428943063 0.4441575661760601 165
1757428943199 0.3195727029537212 166
1757428943314 0.014289420346596396 167
1757428943448 0.004799677825785264 168
1757428943590 0.0003489175770174275 169
1757428943707 0.1119821024548608 170
1757428943859 0.15100415776987905 171
1757428943986 0.12923200233263 172
1757428944108 0.03332390408983044 173
1757428944264 0.13507091317707826 174
1757428944398 3.6920842900476427 175
1757428944593 1.0351166488278357e-05 176
1757428944795 3.768107510290749e-05 177
1757428944958 0.3456332074917429 178
1757428945118 0.020544940385754086 179
1757428945248 0.11236607113067418 180
1757428945380 0.08660575793503018 181
1757428945518 0.03985553029564132 182
1757428945647 0.145556185992506 183
1757428945769 0.024620979429791568 184
1757428945893 0.02277545707799849 185
1757428946024 0.20666616644788421 186
1757428946147 0.0736659481757279 187
1757428946281 0.1480579050461714 188
1757428946424 0.12657999211498647 189
1757428946582 0.0002289043653844508 190
1757428946692 0.005256453134317107 191
1757428946818 0.9517798410539123 192
1757428946950 3.7504399895377885e-05 193
1757428947077 0.04411198980337642 194
1757428947228 5.002145167333442e-05 195
1757428947370 0.0020255016131889357 196
1757428947500 0.38656611841001015 197
1757428947629 0.25607221419175685 198
1757428947751 0.00722399793589361 199
1757428947882 0.33246182508434124 200
1757428948004 0.1885992611087894 201
1757428948167 0.1380298377464098 202
1757428948317 0.31539722858185776 203
1757428948530 0.015599792066508236 204
1757428948745 0.21834227612480753 205
1757428948922 0.14695817947263984 206
1757428949158 0.013348329489167862 207
1757428949438 0.355997996831866 208
1757428949687 0.015543038373064028 209
1757428949834 0.02875341626284551 210
1757428950013 0.008163879283033405 211
1757428950147 0.15592846744312772 212
1757428950277 0.003162706428035182 213
1757428950418 0.03480138881358489 214
1757428950551 1.2257119426626615 215
1757428950681 0.11227392505802425 216
1757428950808 0.004571889489295716 217
1757428950963 0.5088650281700552 218
1757428951129 0.0044787022931617945 219
1757428951264 0.6251853499116962 220
1757428951390 0.009869092256454656 221
1757428951539 0.009469588258760476 222
1757428951677 0.0003092948236700907 223
1757428951801 0.003484230160675449 224
1757428951932 0.3459524375619043 225
1757428952068 0.13891134497966925 226
1757428952200 0.17110730743354394 227
1757428952357 1.026693180993327 228
1757428952480 0.008641256232944058 229
1757428952601 0.4848923244591034 230
1757428952763 0.25981240181158766 231
1757428952919 0.11421124394571265 232
1757428953048 0.3329589552333597 233
1757428953173 0.009519441593697761 234
1757428953317 3.1058017508206412 235
1757428953455 0.1888394629979891 236
1757428953608 0.13825218874350162 237
1757428953785 0.025189076162981088 238
1757428953969 0.008616754333245859 239
1757428954108 0.028771164612781147 240
1757428954279 0.4377549407362515 241
1757428954421 0.011556441833292274 242
1757428954569 0.17137521554143967 243
1757428954702 0.23832628739687592 244
1757428954834 0.1968084014850894 245
1757428954967 0.01136981274325934 246
1757428955124 0.0012276288542819056 247
1757428955263 0.04409899765013929 248
1757428955397 0.010346522768025142 249
1757428955509 0.1732172245506714 250
1757428955636 0.13076651656119215 251
1757428955786 0.00031539645037084615 252
1757428955964 0.027689089134668388 253
1757428956107 0.3594719481501842 254
1757428956241 0.03149679803998762 255
1757428956420 0.1505865700330364 256
1757428956564 0.0658169026620797 257
1757428956723 0.45272838813531313 258
1757428956847 0.00032027162402803905 259
1757428956981 0.38381127469181414 260
1757428957122 0.14054534174843508 261
1757428957247 0.5206505762131332 262
1757428957380 0.03987129114237304 263
1757428957551 0.09756439384981663 264
1757428957691 0.04410987074374659 265
1757428957826 0.001329468276248911 266
1757428957957 0.056321060974497336 267
1757428958105 0.36539016127059987 268
1757428958256 0.16575050143170647 269
1757428958434 0.001297536525990563 270
1757428958661 0.0021755047426232524 271
1757428958843 0.612675146300523 272
1757428959043 0.027276379908305774 273
1757428959198 0.13499641820024044 274
1757428959350 0.04088367091637938 275
1757428959482 4.158613784053672 276
1757428959623 0.0027184465301261064 277
1757428959738 0.2654127958751989 278
1757428959873 0.16907597237543226 279
1757428959996 0.10507917841758693 280
1757428960139 2.0357211642638418 281
1757428960272 4.761767497570856e-05 282
1757428960424 0.009636962109372267 283
1757428960572 6.498006551488976e-05 284
1757428960712 0.27926906382127126 285
1757428960852 0.044013083214964825 286
1757428960981 0.0022855470460703547 287
1757428961114 0.1251210925636689 288
1757428961242 0.33189725313587004 289
1757428961375 0.023063640345969725 290
1757428961515 0.011030963219608909 291
1757428961691 10.832153814537621 292
1757428961836 0.19931996699937668 293
1757428961982 0.13254815627844482 294
1757428962142 0.00043087713740048506 295
1757428962278 0.16604864605207018 296
1757428962440 1.568200027614406e-06 297
1757428962609 0.028619240824666124 298
1757428962795 0.013236332031638294 299
1757428962955 0.11368225254733676 300
1757428963117 0.13458337142920912 301
1757428963389 0.029401239054973303 302
1757428963586 0.0842144653025381 303
1757428963768 0.04594125050169065 304
1757428963967 0.0038696571045319203 305
1757428964142 0.0634374106728443 306
1757428964325 0.027663143602379835 307
1757428964488 0.01715396472682091 308
1757428964629 0.00025049309752512883 309
1757428964762 0.06571714586557394 310
1757428964901 0.06956947846499509 311
1757428965045 0.5527507708956327 312
1757428965181 0.060233476981463537 313
1757428965328 0.0016535439197964948 314
1757428965468 0.02053515743973276 315
1757428965613 0.04942490218250288 316
1757428965753 0.518831427844707 317
1757428965894 0.0007237222599869626 318
1757428966078 0.6996026647259509 319
1757428966215 0.1313894925690193 320
1757428966337 0.6813193536149695 321
1757428966499 0.3054211236833496 322
1757428966638 0.2800126514879644 323
1757428966775 0.14365900634234655 324
1757428966939 0.004752917188112483 325
1757428967087 0.784216910156956 326
1757428967251 0.012464448059843225 327
1757428967404 0.07531687118054049 328
1757428967550 2.473292680974476 329
1757428967685 0.023141379060136438 330
1757428967836 0.26204003287412303 331
1757428968079 0.1938417912731648 332
1757428968248 0.013122765147394593 333
1757428968546 0.6110096656240063 334
1757428968731 0.008940282563104893 335
1757428968910 0.00011915578094793019 336
1757428969077 0.004024638218327543 337
1757428969212 0.005274418159489526 338
1757428969363 0.00993822603872977 339
1757428969511 0.13283839794050648 340
1757428969667 0.005705515936382231 341
1757428969832 2.879336216328186e-05 342
1757428969989 0.04981168991157761 343
1757428970120 0.22050009140720828 344
1757428970244 0.011643958456941415 345
1757428970385 1.0091238941423633 346
1757428970525 0.027441080002116907 347
1757428970657 0.36896399802978824 348
1757428970785 0.5753203804242658 349
1757428970935 0.02602624555521657 350
1757428971082 0.051576053947926505 351
1757428971223 0.16765433455869216 352
1757428971366 0.019515016350927034 353
1757428971502 0.21178739742779004 354
1757428971678 0.22813705874015286 355
1757428971821 0.28600496856031604 356
1757428971964 0.02661592832099437 357
1757428972122 0.027136956888138778 358
1757428972263 0.0024507336874286852 359
1757428972469 0.0909417703398838 360
1757428972620 0.16951568199464628 361
1757428972827 0.2639647080245465 362
1757428973028 0.4089253672063027 363
1757428973254 0.14416503761262517 364
1757428973412 0.0019563826334353866 365
1757428973569 0.005980574283540631 366
1757428973724 0.043978841919517786 367
1757428973883 0.11756964717426716 368
1757428974028 0.0006517777279686376 369
1757428974172 0.006443763411356198 370
1757428974305 0.14527872720376545 371
1757428974457 0.021550687188241387 372
1757428974583 0.0015533498451486606 373
1757428974708 0.47813520354655875 374
1757428974842 0.20885539609089995 375
1757428974989 0.10205795771473618 376
1757428975125 0.2740477114296316 377
1757428975281 0.24136207273518268 378
1757428975425 0.3267418782681741 379
1757428975565 0.17322741021724478 380
1757428975718 0.00030064515849778097 381
1757428975854 0.01885707790804566 382
1757428975999 0.22324043005392258 383
1757428976131 0.006446744382728491 384
1757428976278 0.008149460819204741 385
1757428976434 1.8935971924913342 386
1757428976571 0.08783094423312252 387
1757428976732 0.06662350278218274 388
1757428976907 1.719510883219911 389
1757428977077 0.0011925929992453418 390
1757428977262 0.23988615980806224 391
1757428977420 0.13384098919730267 392
1757428977664 0.0018905945201369574 393
1757428977901 0.039033699265002726 394
1757428978062 0.024131390494796633 395
1757428978207 0.09390972330860753 396
1757428978343 0.0021629348296495856 397
1757428978478 0.04013566437845377 398
1757428978614 0.05597259315958024 399
1757428978747 0.002813185869871096 400
1757428978879 0.5622853693991895 401
1757428979008 0.3248805774798095 402
1757428979155 0.08036591975263507 403
1757428979301 0.009214804346382957 404
1757428979490 0.2575490066662939 405
1757428979625 0.00845140113779902 406
1757428979766 0.011318674495394096 407
1757428979914 0.00011255958141021091 408
1757428980063 0.13720963746002215 409
1757428980205 0.2030391252461425 410
1757428980346 0.5479775051547903 411
1757428980486 0.004954769452263301 412
1757428980647 0.19118885103358316 413
1757428980780 0.050436391751119726 414
1757428980945 0.0027229520596108643 415
1757428981084 0.25363597638010993 416
1757428981250 0.08069583275430761 417
1757428981403 0.0004727205403437709 418
1757428981546 0.0027954909291309196 419
1757428981725 1.0893989177049772 420
1757428981896 0.011225777616867584 421
1757428982140 0.06785172172012184 422
1757428982321 0.053019203169440365 423
1757428982527 0.1632704493132447 424
1757428982678 0.06514919028225093 425
1757428982842 0.6355693402502359 426
1757428982972 0.17484119344143514 427
1757428983121 0.035750528602402784 428
1757428983267 0.3736156706618505 429
1757428983400 0.19463098140859003 430
1757428983532 0.02202899844113147 431
1757428983659 0.012865132064982994 432
1757428983830 0.045555398308445245 433
1757428983978 0.12060789256620315 434
1757428984124 0.043338433471514254 435
1757428984269 0.008310568141692244 436
1757428984417 0.1087509924347398 437
1757428984548 0.0006866212885321174 438
1757428984683 0.04093069696893339 439
1757428984819 0.014740070184451459 440
1757428984952 3.7625359919787282 441
1757428985091 0.04302536888533124 442
1757428985228 0.013598958108799769 443
1757428985373 0.08839764317826852 444
1757428985528 1.220303178667485 445
1757428985694 0.21101280096479297 446
1757428985890 0.0006723839413810542 447
1757428986046 0.04854240759402883 448
1757428986204 0.028165439186865843 449
1757428986387 0.002455604013361445 450
1757428986556 0.506670422648316 451
1757428986739 0.06668018321780766 452
1757428986900 0.13430173427788727 453
1757428987125 0.9182669138905165 454
1757428987287 0.1567388423971774 455
1757428987461 0.17211202884440271 456
1757428987655 0.0005267965255194952 457
1757428987794 0.05285781713569853 458
1757428987931 0.0064806503649492316 459
1757428988064 0.0462291106013831 460
1757428988203 0.2784573275849708 461
1757428988343 0.12953916313141411 462
1757428988484 0.14962024918353226 463
1757428988628 0.12116300326054542 464
1757428988794 0.007000393562336095 465
1757428988955 0.2249637487433645 466
1757428989104 0.13694003456624457 467
1757428989250 0.023288462540614705 468
1757428989431 0.18481421495443254 469
1757428989577 0.011015364120495483 470
1757428989719 0.3651218979585024 471
1757428989861 1.9823917437947382e-05 472
1757428990008 0.05154320297353358 473
1757428990160 0.029483217193176203 474
1757428990325 0.4011893186292142 475
1757428990502 0.2167843512015088 476
1757428990664 0.27878504959684186 477
1757428990825 2.1476977879237213 478
1757428991008 0.018006717339521812 479
1757428991205 0.11816474189533022 480
1757428991372 0.046882931681750506 481
1757428991549 0.002036588388350692 482
1757428991848 0.045803749223942335 483
1757428992013 0.7164320176733466 484
1757428992251 0.007841848314448917 485
1757428992402 0.29935628136701814 486
1757428992573 0.013916189089386587 487
1757428992715 0.020074325417249593 488
1757428992845 0.5061956174505269 489
1757428992988 8.762038416354025e-06 490
1757428993136 0.10394142552118853 491
1757428993270 0.3341071689662868 492
1757428993422 0.18025888498763165 493
1757428993573 0.06594504777222873 494
1757428993750 0.350178218038248 495
1757428993911 0.0017979237922057813 496
1757428994058 0.40201854155777295 497
1757428994199 0.000322771154147036 498
1757428994353 0.18092945695978518 499
