1757503500770 169.17593756399393 0
1757503500821 167.58824601319967 1
1757503500876 166.75013222175147 2
1757503500933 165.91263872740103 3
1757503500990 165.08234666321943 4
1757503501052 164.2592070919708 5
1757503501107 163.44314577373606 6
1757503501162 162.63409829124961 7
1757503501213 161.83199024404715 8
1757503501265 161.0367596822106 9
1757503501316 160.24833256751347 10
1757503501369 159.4666493715772 11
1757503501492 158.69163947357222 12
1757503501650 157.92323522858212 13
1757503501775 157.16137973966121 14
1757503501885 156.4060032761369 15
1757503501964 155.65703994610624 16
1757503502050 154.91443606427399 17
1757503502188 154.17812283854255 18
1757503502267 153.44803607275622 19
1757503502321 152.7241252072814 20
1757503502377 152.00632234880305 21
1757503502431 151.29456494208753 22
1757503502484 150.58880546951477 23
1757503502538 149.8889768982675 24
1757503502588 149.19502342521392 25
1757503502641 148.5068826473094 26
1757503502696 147.82451090395287 27
1757503502752 147.14784224659556 28
1757503502806 146.47682351808518 29
1757503502858 145.8113999336409 30
1757503502913 145.15151111113295 31
1757503502968 144.49711812647092 32
1757503503020 143.84815629375404 33
1757503503082 143.20457561895873 34
1757503503135 142.56632405719543 35
1757503503187 141.93334320864597 36
1757503503243 141.3055986769028 37
1757503503297 140.6830269477359 38
1757503503351 140.06558103596072 39
1757503503404 139.45321149698262 40
1757503503458 138.8458693165817 41
1757503503513 138.24350598027377 42
1757503503569 137.6460656708286 43
1757503503625 137.05352000823333 44
1757503503680 136.4658069688004 45
1757503503733 135.88291102051406 46
1757503503787 135.30474936608726 47
1757503503840 134.73128685476144 48
1757503503893 134.16247895948314 49
1757503503948 133.59828094600206 50
1757503504000 133.03864853902385 51
1757503504056 132.48353791324595 52
1757503504118 131.93290568870702 53
1757503504172 131.3867089261626 54
1757503504225 130.84490512250903 55
1757503504280 130.30745220625533 56
1757503504333 129.77430853304276 57
1757503504395 129.24543288121103 58
1757503504450 128.7207844474111 59
1757503504504 128.20032284226374 60
1757503504560 127.68400808606401 61
1757503504614 127.17180060452998 62
1757503504674 126.66366122459681 63
1757503504730 126.15955117025415 64
1757503504786 125.6594320584276 65
1757503504840 125.16326589490308 66
1757503504899 124.67101507029392 67
1757503504955 124.18264235605021 68
1757503505011 123.69811090050977 69
1757503505066 123.21738422499075 70
1757503505125 122.74042621992481 71
1757503505180 122.2672011410311 72
1757503505233 121.79767360552988 73
1757503505289 121.33180858839631 74
1757503505344 120.86957141865294 75
1757503505400 120.41092777570125 76
1757503505454 119.95584368569162 77
1757503505509 119.50428551793115 78
1757503505564 119.05621998132916 79
1757503505621 118.61161412087989 80
1757503505677 118.17043531418192 81
1757503505731 117.73265126799409 82
1757503505787 117.29823001482747 83
1757503505838 116.8671399095729 84
1757503505894 116.43934962616382 85
1757503505949 116.0148281542742 86
1757503506004 115.59354479605065 87
1757503506057 115.17546916287908 88
1757503506120 114.76057117218498 89
1757503506176 114.34891344984293 90
1757503506231 113.94033403397485 91
1757503506287 113.53484543099671 92
1757503506342 113.1324196252189 93
1757503506396 112.73302796742676 94
1757503506451 112.336642103299 95
1757503506505 111.94323396356941 96
1757503506561 111.5527757611193 97
1757503506616 111.16523998806068 98
1757503506670 110.78059941284957 99
1757503506726 110.39882707743018 100
1757503506782 110.01989629440844 101
1757503506837 109.6437806442552 102
1757503506892 109.27045397253895 103
1757503506948 108.89989038718696 104
1757503507002 108.53206425577552 105
1757503507056 108.16695020284818 106
1757503507114 107.80452310726223 107
1757503507175 107.44475809956269 108
1757503507230 107.08763055938412 109
1757503507285 106.73311611287907 110
1757503507341 106.38119063017379 111
1757503507396 106.03183022285046 112
1757503507450 105.68501124145553 113
1757503507507 105.34071027303432 114
1757503507569 104.99890413869129 115
1757503507644 104.65956989117578 116
1757503507701 104.32268481249288 117
1757503507760 103.98822641153954 118
1757503507819 103.65617242176504 119
1757503507876 103.32650079885607 120
1757503507933 102.99918971844605 121
1757503507998 102.67421757384811 122
1757503508051 102.35156297381207 123
1757503508106 102.03120474030453 124
1757503508168 101.7131219063125 125
1757503508221 101.39729371366946 126
1757503508276 101.0836996109047 127
1757503508338 100.77231925111458 128
1757503508392 100.46313248985645 129
1757503508446 100.15611938306417 130
1757503508526 99.85126018498566 131
1757503508611 99.54853534614192 132
1757503508671 99.24792551130723 133
1757503508726 98.94941151751054 134
1757503508788 98.65297439205774 135
1757503508845 98.3585953505744 136
1757503508901 98.06625579506915 137
1757503508957 97.77593731201709 138
1757503509013 97.48762167046328 139
1757503509072 97.20129082014607 140
1757503509128 96.91692688963977 141
1757503509195 96.63451218451704 142
1757503509255 96.35402918553002 143
1757503509315 96.075460546811 144
1757503509377 95.7987890940912 145
1757503509434 95.52399782293863 146
1757503509492 95.25106989701402 147
1757503509548 94.97998864634525 148
1757503509606 94.71073756561931 149
1757503509662 94.44330031249254 150
1757503509717 94.17766070591814 151
1757503509772 93.91380272449135 152
1757503509828 93.65171050481167 153
1757503509887 93.39136833986231 154
1757503509943 93.13276067740651 155
1757503510000 92.87587211840041 156
1757503510056 92.62068741542267 157
1757503510112 92.36719147112039 158
1757503510169 92.11536933667107 159
1757503510231 91.8652062102608 160
1757503510288 91.61668743557823 161
1757503510345 91.36979850032411 162
1757503510400 91.1245250347366 163
1757503510456 90.8808528101317 164
1757503510513 90.63876773745893 165
1757503510570 90.39825586587224 166
1757503510626 90.15930338131545 167
1757503510682 89.92189660512291 168
1757503510739 89.6860219926341 169
1757503510795 89.45166613182323 170
1757503510852 89.21881574194275 171
1757503510908 88.98745767218118 172
1757503510965 88.75757890033474 173
1757503511023 88.52916653149292 174
1757503511079 88.30220779673768 175
1757503511136 88.07669005185625 176
1757503511198 87.85260077606715 177
1757503511301 87.6299275707597 178
1757503511444 87.40865815824651 179
1757503511548 87.18878038052891 180
1757503511649 86.97028219807531 181
1757503511708 86.75315168861218 182
1757503511808 86.53737704592771 183
1757503511955 86.32294657868783 184
1757503512016 86.10984870926457 185
1757503512075 85.8980719725765 186
1757503512134 85.68760501494151 187
1757503512192 85.47843659294108 188
1757503512259 85.27055557229676 189
1757503512317 85.0639509267581 190
1757503512378 84.85861173700226 191
1757503512438 84.65452718954492 192
1757503512496 84.45168657566259 193
1757503512553 84.25007929032608 194
1757503512612 84.04969483114522 195
1757503512671 83.85052279732417 196
1757503512728 83.652552888628 197
1757503512785 83.45577490435969 198
1757503512844 83.26017874234792 199
1757503512903 83.06575439794537 200
1757503512961 82.87249196303725 201
1757503513018 82.68038162506038 202
1757503513077 82.4894136660322 203
1757503513135 82.29957846159013 204
1757503513195 82.11086648004056 205
1757503513262 81.92326828141803 206
1757503513320 81.73677451655401 207
1757503513378 81.55137592615542 208
1757503513438 81.36706333989251 209
1757503513497 81.18382767549656 210
1757503513555 81.0016599378666 211
1757503513612 80.82055121818557 212
1757503513672 80.64049269304563 213
1757503513731 80.4614756235824 214
1757503513799 80.28349135461853 215
1757503513857 80.10653131381571 216
1757503513914 79.93058701083567 217
1757503513972 79.75565003651005 218
1757503514030 79.58171206201861 219
1757503514089 79.40876483807595 220
1757503514146 79.23680019412696 221
1757503514204 79.06581003755024 222
1757503514274 78.89578635287006 223
1757503514333 78.72672120097627 224
1757503514395 78.55860671835245 225
1757503514454 78.39143511631191 226
1757503514514 78.22519868024183 227
1757503514571 78.05988976885484 228
1757503514644 77.89550081344886 229
1757503514705 77.73202431717414 230
1757503514764 77.56945285430804 231
1757503514823 77.40777906953758 232
1757503514885 77.24699567724898 233
1757503514945 77.0870954608248 234
1757503515003 76.92807127194837 235
1757503515062 76.76991602991528 236
1757503515122 76.61262272095219 237
1757503515180 76.45618439754244 238
1757503515237 76.3005941777588 239
1757503515301 76.1458452446031 240
1757503515360 75.99193084535263 241
1757503515419 75.83884429091343 242
1757503515477 75.68657895518007 243
1757503515537 75.53512827440213 244
1757503515596 75.3844857465574 245
1757503515654 75.23464493073124 246
1757503515714 75.08559944650254 247
1757503515772 74.93734297333613 248
1757503515828 74.78986924998118 249
1757503515889 74.64317207387603 250
1757503515948 74.49724530055917 251
1757503516008 74.3520828430861 252
1757503516065 74.2076786714525 253
1757503516125 74.06402681202306 254
1757503516183 73.92112134696647 255
1757503516242 73.77895641369606 256
1757503516308 73.63752620431627 257
1757503516366 73.49682496507495 258
1757503516425 73.35684699582093 259
1757503516484 73.21758664946776 260
1757503516543 73.07903833146248 261
1757503516602 72.94119649926014 262
1757503516661 72.80405566180356 263
1757503516721 72.66761037900875 264
1757503516779 72.5318552612552 265
1757503516839 72.39678496888186 266
1757503516900 72.262394211688 267
1757503516960 72.12867774843939 268
1757503517021 71.99563038637942 269
1757503517080 71.86324698074549 270
1757503517142 71.7315224342901 271
1757503517201 71.60045169680707 272
1757503517259 71.47002976466258 273
1757503517327 71.34025168033101 274
1757503517386 71.21111253193561 275
1757503517445 71.08260745279384 276
1757503517506 70.95473162096742 277
1757503517566 70.8274802588171 278
1757503517625 70.70084863256177 279
1757503517683 70.57483205184238 280
1757503517745 70.44942586929015 281
1757503517805 70.32462548009933 282
1757503517864 70.20042632160434 283
1757503517926 70.07682387286114 284
1757503517986 69.95381365423312 285
1757503518046 69.831391226981 286
1757503518105 69.70955219285713 287
1757503518164 69.58829219370394 288
1757503518223 69.4676069110564 289
1757503518282 69.34749206574861 290
1757503518347 69.22794341752456 291
1757503518405 69.10895676465269 292
1757503518464 68.99052794354455 293
1757503518527 68.87265282837727 294
1757503518586 68.75532733072002 295
1757503518646 68.6385473991642 296
1757503518705 68.52230901895746 297
1757503518765 68.40660821164153 298
1757503518825 68.29144103469366 299
1757503518885 68.1768035811718 300
1757503518946 68.06269197936342 301
1757503519019 67.94910239243796 302
1757503519084 67.83603101810272 303
1757503519156 67.72347408826242 304
1757503519223 67.61142786868216 305
1757503519288 67.49988865865387 306
1757503519359 67.38885279066616 307
1757503519423 67.27831663007755 308
1757503519483 67.16827657479314 309
1757503519541 67.05872905494431 310
1757503519599 66.9496705325721 311
1757503519657 66.84109750131351 312
1757503519714 66.73300648609113 313
1757503519772 66.62539404280597 314
1757503519827 66.51825675803339 315
1757503519887 66.41159124872213 316
1757503519955 66.30539416189646 317
1757503520029 66.19966217436132 318
1757503520107 66.09439199241055 319
1757503520169 65.98958035153805 320
1757503520228 65.88522401615182 321
1757503520288 65.78131977929114 322
1757503520355 65.67786446234638 323
1757503520417 65.57485491478182 324
1757503520477 65.4722880138613 325
1757503520537 65.37016066437661 326
1757503520598 65.26846979837872 327
1757503520659 65.16721237491163 328
1757503520720 65.06638537974912 329
1757503520780 64.96598582513403 330
1757503520840 64.86601074952024 331
1757503520902 64.76645721731738 332
1757503520965 64.6673223186379 333
1757503521025 64.56860316904705 334
1757503521085 64.47029690931511 335
1757503521182 64.37240070517232 336
1757503521335 64.27491174706626 337
1757503521419 64.17782724992162 338
1757503521486 64.08114445290256 339
1757503521546 63.98486061917743 340
1757503521647 63.88897303568583 341
1757503521788 63.793479012908044 342
1757503521897 63.69837588463698 343
1757503522091 63.60366100775217 344
1757503522154 63.50933176199634 345
1757503522217 63.41538554975399 346
1757503522279 63.32181979583241 347
1757503522341 63.22863194724492 348
1757503522406 63.13581947299614 349
1757503522468 63.043379863869646 350
1757503522530 62.95131063221764 351
1757503522595 62.85960931175284 352
1757503522661 62.768273457342445 353
1757503522724 62.67730064480416 354
1757503522784 62.58668847070442 355
1757503522846 62.49643455215845 356
1757503522909 62.406536526632536 357
1757503522972 62.316992051748244 358
1757503523034 62.227798805088604 359
1757503523097 62.138954484006234 360
1757503523159 62.05045680543348 361
1757503523221 61.962303505694436 362
1757503523284 61.87449234031891 363
1757503523347 61.78702108385812 364
1757503523416 61.69988752970254 365
1757503523479 61.61308948990128 366
1757503523540 61.526624794983505 367
1757503523602 61.4404912937816 368
1757503523665 61.35468685325609 369
1757503523728 61.26920935832233 370
1757503523789 61.18405671167904 371
1757503523850 61.09922683363845 372
1757503523913 61.01471766195822 373
1757503523974 60.93052715167509 374
1757503524036 60.84665327494015 375
1757503524098 60.76309402085576 376
1757503524160 60.679847395314205 377
1757503524222 60.59691142083792 378
1757503524284 60.514284136421296 379
1757503524348 60.431963597374164 380
1757503524417 60.34994787516677 381
1757503524479 60.26823505727633 382
1757503524541 60.18682324703523 383
1757503524602 60.105710563480635 384
1757503524664 60.02489514120566 385
1757503524727 59.944375130212 386
1757503524790 59.86414869576416 387
1757503524850 59.784214018245 388
1757503524916 59.70456929301282 389
1757503524980 59.6252127302599 390
1757503525043 59.5461425548724 391
1757503525105 59.467357006291664 392
1757503525179 59.38885433837704 393
1757503525240 59.31063281926991 394
1757503525303 59.23269073125919 395
1757503525366 59.15502637064818 396
1757503525437 59.077638047622685 397
1757503525500 59.000524086120514 398
1757503525563 58.9236828237023 399
1757503525625 58.84711261142355 400
1757503525705 58.770811813708036 401
1757503525770 58.694778808222466 402
1757503525836 58.619011985752316 403
1757503525907 58.54350975007902 404
1757503525979 58.46827051785834 405
1757503526042 58.39329271849993 406
1757503526107 58.31857479404817 407
1757503526170 58.24411519906407 408
1757503526234 58.16991240050857 409
1757503526297 58.095964877626734 410
1757503526360 58.02227112183336 411
1757503526424 57.948829636599505 412
1757503526498 57.875638937340376 413
1757503526561 57.80269755130409 414
1757503526625 57.73000401746177 415
1757503526689 57.65755688639863 416
1757503526753 57.58535472020607 417
1757503526815 57.513396092375054 418
1757503526881 57.44167958769035 419
1757503526945 57.370203802125936 420
1757503527007 57.298967342741435 421
1757503527070 57.227968827579495 422
1757503527134 57.157206885564364 423
1757503527197 57.08668015640128 424
1757503527260 57.01638729047699 425
1757503527324 56.94632694876126 426
1757503527387 56.876497802709224 427
1757503527450 56.80689853416492 428
1757503527518 56.73752783526561 429
1757503527582 56.66838440834709 430
1757503527646 56.59946696585001 431
1757503527710 56.530774230227074 432
1757503527774 56.46230493385112 433
1757503527838 56.394057818924196 434
1757503527901 56.32603163738745 435
1757503527965 56.258225150832025 436
1757503528029 56.19063713041071 437
1757503528092 56.12326635675054 438
1757503528155 56.056111619866286 439
1757503528220 55.989171719074704 440
1757503528283 55.92244546290977 441
1757503528346 55.85593166903858 442
1757503528410 55.78962916417826 443
1757503528474 55.723536784013554 444
1757503528543 55.657653373115345 445
1757503528608 55.591977784859914 446
1757503528672 55.52650888134892 447
1757503528735 55.461245533330356 448
1757503528799 55.39618662012015 449
1757503528864 55.33133102952458 450
1757503528928 55.266677657763374 451
1757503528992 55.20222540939379 452
1757503529056 55.13797319723515 453
1757503529120 55.07391994229433 454
1757503529183 55.0100645736919 455
1757503529247 54.94640602858904 456
1757503529309 54.88294325211505 457
1757503529373 54.81967519729576 458
1757503529437 54.75660082498251 459
1757503529508 54.69371910378185 460
1757503529573 54.63102900998595 461
1757503529638 54.5685295275037 462
1757503529701 54.506219647792484 463
1757503529765 54.444098369790574 464
1757503529831 54.38216469985023 465
1757503529893 54.320417651671505 466
1757503529956 54.2588562462366 467
1757503530020 54.19747951174488 468
1757503530083 54.13628648354864 469
1757503530146 54.07527620408928 470
1757503530210 54.01444772283437 471
1757503530276 53.95380009621512 472
1757503530339 53.89333238756455 473
1757503530402 53.833043667056266 474
1757503530494 53.77293301164377 475
1757503530567 53.71299950500047 476
1757503530632 53.65324223746021 477
1757503530700 53.59366030595832 478
1757503530769 53.534252813973374 479
1757503530835 53.47501887146942 480
1757503530898 53.4159575948388 481
1757503530959 53.357068106845524 482
1757503531024 53.29834953656922 483
1757503531087 53.23980101934954 484
1757503531149 53.181421696731256 485
1757503531212 53.12321071640974 486
1757503531275 53.06516723217708 487
1757503531336 53.00729040386864 488
1757503531405 52.949579397310195 489
1757503531543 52.892033384265574 490
1757503531704 52.83465154238479 491
1757503531828 52.77743305515262 492
1757503531926 52.72037711183781 493
1757503532013 52.66348290744269 494
1757503532147 52.60674964265328 495
1757503532260 52.55017652378985 496
1757503532349 52.49376276275806 497
1757503532413 52.437507577000446 498
1757503532478 52.381410189448495 499
