1757508493875 161.22356444626735 0
1757508493934 169.55533951034204 1
1757508493993 169.5256564878114 2
1757508494052 170.2765941828337 3
1757508494119 169.20835240059643 4
1757508494177 174.7354438271799 5
1757508494234 168.2590631663549 6
1757508494291 167.21776977593706 7
1757508494350 168.7667290969189 8
1757508494407 174.74530481637316 9
1757508494465 173.08337181094333 10
1757508494523 166.79339629383324 11
1757508494582 166.11537587905082 12
1757508494638 171.1130642103869 13
1757508494692 169.88828538430377 14
1757508494748 177.29147909942952 15
1757508494801 170.15718897722263 16
1757508494856 164.27212097602862 17
1757508494943 170.7312179220954 18
1757508495008 167.75324220118367 19
1757508495079 169.63952657464253 20
1757508495160 172.67475803247027 21
1757508495233 174.5193195666846 22
1757508495300 169.48765810469646 23
1757508495369 166.72924762560496 24
1757508495440 169.87386944054452 25
1757508495505 168.74623052392613 26
1757508495577 164.62608804620552 27
1757508495698 174.8139270159598 28
1757508495858 172.35565068772084 29
1757508495941 170.63484582412144 30
1757508496022 169.4863783749232 31
1757508496120 170.0052968382689 32
1757508496262 165.3779717818539 33
1757508496343 170.62110937534234 34
1757508496422 167.77120422374358 35
1757508496498 169.83733307297152 36
1757508496574 174.2586206179358 37
1757508496650 171.2603582709147 38
1757508496732 163.81223903684014 39
1757508496806 167.4900224114813 40
1757508496883 172.58069643577812 41
1757508496957 170.29070144959894 42
1757508497034 167.94326725825397 43
1757508497110 167.93179409985072 44
1757508497192 175.61426291709674 45
1757508497308 171.1309707641502 46
1757508497442 164.98554993238696 47
1757508497520 170.63432349472873 48
1757508497592 168.53471959647698 49
1757508497669 171.95485774447368 50
1757508497738 168.51202041380506 51
1757508497814 167.44199679793954 52
1757508497897 170.49990497827065 53
1757508498026 170.708492922092 54
1757508498192 172.67315858609228 55
1757508498348 166.30622252183798 56
1757508498487 169.6779573423211 57
1757508498584 166.68862785535595 58
1757508498658 168.4702164729975 59
1757508498790 172.85120520549464 60
1757508498926 171.89013101840933 61
1757508499000 168.27089350501885 62
1757508499166 168.964640705725 63
1757508499274 168.7799053652635 64
1757508499343 170.23449247121874 65
1757508499409 166.39927940811512 66
1757508499474 167.7850920361637 67
1757508499537 171.17529126278978 68
1757508499603 169.26921816274188 69
1757508499669 168.80698382652128 70
1757508499732 168.13472260564484 71
1757508499796 166.342282167739 72
1757508499855 170.12837854887695 73
1757508499919 170.63381141820685 74
1757508499979 167.23832313573976 75
1757508500038 170.2899224836572 76
1757508500095 165.23415885315538 77
1757508500153 169.20970112694488 78
1757508500214 170.08845487423508 79
1757508500281 168.82160117348454 80
1757508500339 165.02795206668492 81
1757508500398 168.3313332949173 82
1757508500459 167.6844079820967 83
1757508500518 171.41129318672586 84
1757508500578 169.7066819396572 85
1757508500636 167.94019701161278 86
1757508500697 168.6645104543037 87
1757508500756 166.94478478694995 88
1757508500830 171.63448951922095 89
1757508500894 170.44025526748146 90
1757508500954 169.02160269853704 91
1757508501014 167.72444122467002 92
1757508501081 168.4484786281286 93
1757508501143 168.42095174722814 94
1757508501205 167.29568849021172 95
1757508501268 169.06881727837026 96
1757508501344 167.49062231367884 97
1757508501403 168.90010746088146 98
1757508501463 167.3366729527901 99
1757508501523 168.60422629320533 100
1757508501586 172.14120998685902 101
1757508501644 169.55852194100956 102
1757508501704 165.85603617522958 103
1757508501764 165.71902392378712 104
1757508501821 169.33826608268424 105
1757508501879 165.5586081051804 106
1757508501940 171.00877040740085 107
1757508502003 170.98829992698361 108
1757508502063 168.82803237600731 109
1757508502122 168.2945053665089 110
1757508502183 167.93841386764421 111
1757508502244 171.00893516606232 112
1757508502311 169.10587299294048 113
1757508502374 167.67114841248875 114
1757508502437 170.6926093716486 115
1757508502497 167.20123873048308 116
1757508502558 170.85521310237527 117
1757508502620 168.48572539427525 118
1757508502682 170.90330006870025 119
1757508502743 168.01052868682032 120
1757508502808 169.09608917268193 121
1757508502870 168.2825951737377 122
1757508502934 165.390747972084 123
1757508502995 169.14823647055772 124
1757508503056 168.2658310406687 125
1757508503116 172.63461566291056 126
1757508503179 168.6113160288069 127
1757508503242 171.28776970298057 128
1757508503308 167.87155655960063 129
1757508503376 166.9777212498151 130
