1757323868877 33260.50041836597 0
1757323868903 6.777587253983903e+18 1
1757323868929 1.3844384745032381e+33 2
1757323868954 2.827953101685573e+47 3
1757323868980 5.776579380461558e+61 4
1757323869008 1.1799654428103678e+76 5
1757323869035 2.4102818545798492e+90 6
1757323869064 4.923414201589065e+104 7
1757323869093 1.0056918179236888e+119 8
1757323869120 2.0542980769568645e+133 9
1757323869195 4.196256262382053e+147 10
1757323869306 8.571573335484537e+161 11
1757323869381 1.750890909695839e+176 12
1757323869485 3.576495070005972e+190 13
1757323869551 7.305604772372202e+204 14
1757323869611 1.4922951114264653e+219 15
1757323869646 3.0482687867389367e+233 16
1757323869690 6.226611965058885e+247 17
1757323869725 1.2718923190789726e+262 18
1757323869775 2.5980582705490446e+276 19
1757323869837 5.306979746568618e+290 20
1757323869919 inf 21
