1757328059889 28392.746805600236 0
1757328059914 1.1736348334121464e+19 1
1757328059941 2.388998811961039e+33 2
1757328059963 4.8629397158078325e+47 3
1757328059985 9.898783775521965e+61 4
1757328060011 2.0149523942486228e+76 5
1757328060038 4.101547465990763e+90 6
1757328060064 8.348927579526452e+104 7
1757328060090 1.699470560956675e+119 8
1757328060115 3.4593666791899654e+133 9
1757328060157 7.04173293496365e+147 10
1757328060183 1.433383833683764e+162 11
1757328060217 2.9177323730420277e+176 12
1757328060245 5.9392062339776954e+190 13
1757328060278 1.2089584026153405e+205 14
1757328060305 2.4609019482985052e+219 15
1757328060351 5.009302541789985e+233 16
1757328060385 1.0196713433679562e+248 17
1757328060442 2.0755976302327387e+262 18
1757328060464 4.224994210779867e+276 19
1757328060487 8.600210282145031e+290 20
1757328060510 inf 21
