1757434434941 169.22341185539486 0
1757434435017 169.20900111130706 1
1757434435082 169.20088956849506 2
1757434435158 169.19284394352556 3
1757434435203 169.18490486714632 4
1757434435263 169.17707063303683 5
1757434435331 169.16933984404926 6
1757434435380 169.16171111988032 7
1757434435435 169.15418309883285 8
1757434435505 169.14675443754916 9
1757434435587 169.13942381076265 10
1757434435682 169.13218991105177 11
1757434435735 169.12505144859782 12
1757434435811 169.11800715094643 13
1757434435864 169.11105576277143 14
1757434435939 169.10419604564268 15
1757434436000 169.0976729891934 16
1757434436057 169.09111031985316 17
1757434436132 169.084634171911 18
1757434436188 169.07824255458382 19
1757434436253 169.07193435327915 20
1757434436320 169.0657084625964 21
1757434436377 169.05956379200146 22
1757434436431 169.05349926558577 23
1757434436491 169.0475138218686 24
1757434436542 169.04160641360164 25
1757434436596 169.03577600757632 26
1757434436652 169.03002158443388 27
1757434436707 169.02434213847778 28
1757434436781 169.01873667748882 29
1757434436885 169.0132042225428 30
1757434436963 169.0077438078308 31
1757434437026 169.0023544804812 32
1757434437078 168.99703530038528 33
1757434437173 168.99178534002428 34
1757434437315 168.98660368429913 35
1757434437382 168.98148943036244 36
1757434437464 168.97644168745305 37
1757434437530 168.97145957673237 38
1757434437591 168.96654223112336 39
1757434437679 168.9616887951514 40
1757434437746 168.95689842478757 41
1757434437823 168.95217028729394 42
1757434437895 168.94750356107104 43
1757434437953 168.94289743550715 44
1757434438029 168.93835111083004 45
1757434438092 168.93386379796064 46
1757434438174 168.92943471836819 47
1757434438227 168.92506310392818 48
1757434438302 168.92074819678174 49
1757434438373 168.9164892491968 50
1757434438452 168.91228552343156 51
1757434438534 168.90813629159962 52
1757434438605 168.9040408355368 53
