1757509692470 174.158206373948 0
1757509692528 172.24746679055096 1
1757509692586 170.370737706996 2
1757509692647 168.5273439601457 3
1757509692711 166.71662427410388 4
1757509692770 164.93793097071034 5
1757509692831 163.1906296861031 6
1757509692890 161.4740990932214 7
1757509692950 159.78773063012378 8
1757509693009 158.13092823400046 9
1757509693093 156.50310808075872 10
1757509693163 154.90369833006585 11
1757509693249 153.33213887573368 12
1757509693313 151.78788110133348 13
1757509693377 150.2703876409311 14
1757509693439 148.77913214483416 15
1757509693502 147.31359905024718 16
1757509693564 145.87328335673078 17
1757509693628 144.4576904063642 18
1757509693696 143.0663356685124 19
1757509693762 141.69874452910125 20
1757509693824 140.35445208430568 21
1757509693893 139.03300293855887 22
1757509693954 137.7339510067908 23
1757509694013 136.45685932080798 24
1757509694074 135.2012998397275 25
1757509694132 133.96685326437978 26
1757509694189 132.75310885559688 27
1757509694255 131.55966425630507 28
1757509694313 130.38612531734154 29
1757509694375 129.23210592691692 30
1757509694432 128.0972278436473 31
1757509694493 126.98112053308095 32
1757509694550 125.88342100764591 33
1757509694616 124.80377366994698 34
1757509694688 123.74183015934184 35
1757509694777 122.6972492017272 36
1757509694838 121.66969646246787 37
1757509694900 120.65884440240255 38
1757509694959 119.66437213686183 39
1757509695019 118.68596529763548 40
1757509695082 117.7233158978265 41
1757509695142 116.77612219953203 42
1757509695203 115.8440885842912 43
1757509695272 114.92692542624222 44
1757509695332 114.02434896793193 45
1757509695393 113.13608119872161 46
1757509695453 112.26184973573532 47
1757509695514 111.40138770729662 48
1757509695574 110.55443363880232 49
1757509695634 109.72073134098123 50
1757509695696 108.90002980048857 51
1757509695760 108.0920830727867 52
1757509695823 107.29665017726438 53
1757509695908 106.51349499454714 54
1757509695972 105.74238616595365 55
1757509696033 104.98309699505214 56
1757509696096 104.23540535127349 57
1757509696157 103.49909357553743 58
1757509696218 102.77394838784998 59
1757509696283 102.0597607968304 60
1757509696350 101.3563260111275 61
1757509696443 100.66344335268552 62
1757509696507 99.98091617182084 63
1757509696623 99.30855176407147 64
1757509696687 98.64616128878238 65
1757509696747 97.99355968938981 66
1757509696808 97.35056561536953 67
1757509696880 96.71700134581359 68
1757509696942 96.09269271460178 69
1757509697002 95.47746903713441 70
1757509697062 94.87116303859314 71
1757509697124 94.27361078369859 72
1757509697185 93.6846516079328 73
1757509697247 93.10412805019594 74
1757509697316 92.5318857868674 75
1757509697378 91.9677735672417 76
1757509697441 91.41164315031007 77
1757509697512 90.86334924286044 78
1757509697578 90.32274943886692 79
1757509697638 89.78970416014286 80
1757509697701 89.26407659823036 81
1757509697765 88.74573265750061 82
1757509697825 88.23454089943958 83
1757509697885 87.73037248809426 84
1757509697945 87.233101136655 85
1757509698004 86.74260305515052 86
1757509698066 86.25875689923178 87
1757509698128 85.78144372002222 88
1757509698189 85.31054691501214 89
1757509698251 84.84595217997482 90
1757509698311 84.38754746188363 91
1757509698381 83.93522291280881 92
1757509698441 83.48887084477332 93
1757509698503 83.04838568554787 94
1757509698564 82.61366393536562 95
1757509698624 82.18460412453665 96
1757509698685 81.76110677194424 97
1757509698748 81.34307434440373 98
1757509698810 80.9304112168664 99
1757509698871 80.52302363345036 100
1757509698931 80.12081966928143 101
1757509698993 79.72370919312681 102
1757509699053 79.331603830805 103
1757509699114 78.94441692935582 104
1757509699174 78.56206352195477 105
1757509699238 78.18446029355542 106
1757509699299 77.8115255472457 107
1757509699361 77.44317917130229 108
1757509699424 77.0793426069288 109
1757509699485 76.71993881666356 110
1757509699545 76.36489225344265 111
1757509699607 76.01412883030503 112
1757509699668 75.66757589072569 113
1757509699732 75.32516217956423 114
1757509699795 74.9868178146156 115
1757509699856 74.65247425875074 116
1757509699921 74.32206429263444 117
1757509699982 73.9955219880088 118
1757509700043 73.67278268152988 119
1757509700105 73.35378294914659 120
1757509700166 73.03846058101003 121
1757509700230 72.72675455690235 122
1757509700292 72.41860502217445 123
1757509700358 72.11395326418143 124
1757509700427 71.81274168920602 125
1757509700502 71.5149137998591 126
1757509700567 71.22041417294798 127
1757509700634 70.9291884378022 128
1757509700698 70.64118325504754 129
1757509700761 70.35634629581878 130
1757509700825 70.0746262214022 131
1757509700887 69.79597266329847 132
1757509700947 69.52033620369767 133
1757509701009 69.2476683563574 134
1757509701069 68.97792154787582 135
1757509701131 68.71104909935127 136
1757509701192 68.44700520842034 137
1757509701265 68.1857449316667 138
1757509701331 67.92722416739282 139
1757509701401 67.67139963874682 140
1757509701464 67.41822887719749 141
1757509701528 67.1676702063498 142
1757509701589 66.91968272609397 143
1757509701653 66.6742262970812 144
1757509701722 66.4312615255191 145
1757509701783 66.19074974828027 146
1757509701845 65.9526530183174 147
1757509701908 65.71693409037873 148
1757509701970 65.48355640701712 149
1757509702035 65.25248408488727 150
1757509702099 65.02368190132455 151
1757509702160 64.79711528119975 152
1757509702221 64.5727502840441 153
1757509702283 64.35055359143881 154
1757509702344 64.13049249466363 155
1757509702414 63.912534882599005 156
1757509702480 63.69664922987681 157
1757509702553 63.482804585273946 158
1757509702617 63.27097056034436 159
1757509702698 63.06111731828405 160
1757509702783 62.85321556302447 161
1757509702845 62.647236528549485 162
1757509702909 62.443151968431195 163
1757509702971 62.24093414558019 164
1757509703033 62.040555822205604 165
1757509703215 61.84199024998081 166
1757509703340 61.64521116041027 167
1757509703439 61.450192755393516 168
1757509703508 61.25690969798207 169
1757509703595 61.065337103325376 170
1757509703733 60.87545052980166 171
1757509703801 60.687225970330104 172
1757509703863 60.500639843860306 173
1757509703925 60.31566898703562 174
1757509703989 60.132290646026526 175
1757509704053 59.950482468530545 176
1757509704114 59.77022249593545 177
1757509704177 59.591489155642044 178
1757509704240 59.41426125354351 179
1757509704303 59.23851796665779 180
1757509704365 59.064238835910146 181
1757509704435 58.891403759062435 182
1757509704506 58.71999298378635 183
1757509704570 58.54998710087742 184
1757509704635 58.381367037607085 185
1757509704698 58.21411405120965 186
1757509704764 58.04820972250169 187
1757509704832 57.88363594963089 188
1757509704895 57.72037494195178 189
1757509704957 57.55840921402566 190
1757509705021 57.39772157974216 191
1757509705086 57.238295146559985 192
1757509705148 57.080113309864274 193
1757509705212 56.92315974743817 194
1757509705276 56.76741841404635 195
1757509705343 56.61287353612807 196
1757509705406 56.45950960659751 197
1757509705477 56.30731137974915 198
1757509705541 56.1562638662662 199
1757509705605 56.00635232832958 200
1757509705668 55.85756227482578 201
1757509705731 55.70987945665131 202
1757509705794 55.5632898621117 203
1757509705858 55.41777971241342 204
1757509705923 55.27333545724636 205
1757509705985 55.12994377045533 206
1757509706046 54.9875915457986 207
1757509706110 54.84626589279177 208
1757509706173 54.70595413263507 209
1757509706236 54.566643794222465 210
1757509706301 54.42832261023095 211
1757509706365 54.290978513288174 212
1757509706428 54.15459963221699 213
1757509706502 54.01917428835521 214
1757509706566 53.88469099194906 215
1757509706628 53.75113843861883 216
1757509706692 53.61850550589525 217
1757509706755 53.48678124982499 218
1757509706819 53.355954901644104 219
1757509706884 53.22601586451784 220
1757509706947 53.09695371034544 221
1757509707010 52.96875817662877 222
1757509707078 52.841419163403245 223
1757509707146 52.7149267302299 224
1757509707212 52.58927109324741 225
1757509707276 52.46444262228261 226
1757509707344 52.340431838018496 227
1757509707407 52.21722940921853 228
1757509707478 52.09482615000592 229
1757509707544 51.97321301719702 230
1757509707608 51.8523811076874 231
1757509707672 51.732321655889876 232
1757509707738 51.61302603122309 233
1757509707802 51.49448573564986 234
1757509707867 51.37669240126416 235
1757509707932 51.2596377879257 236
1757509707995 51.14331378094129 237
1757509708057 51.02771238879186 238
1757509708121 50.91282574090421 239
1757509708186 50.798646085466814 240
1757509708249 50.6851657872884 241
1757509708314 50.57237732569873 242
1757509708377 50.46027329249063 243
1757509708440 50.34884638990235 244
1757509708514 50.23808942863952 245
1757509708578 50.1279953259359 246
1757509708641 50.01855710365204 247
1757509708704 49.9097678864112 248
1757509708770 49.801620899771606 249
1757509708833 49.69410946843455 250
1757509708896 49.58722701448729 251
1757509708962 49.48096705568036 252
1757509709026 49.37532320373828 253
1757509709090 49.27028916270333 254
1757509709154 49.16585872731128 255
1757509709221 49.06202578139896 256
1757509709285 48.95878429634245 257
1757509709351 48.8561283295258 258
1757509709417 48.75405202283925 259
1757509709511 48.652549601206545 260
1757509709580 48.551615371140805 261
1757509709650 48.45124371932819 262
1757509709724 48.35142911123895 263
1757509709798 48.25216608976521 264
1757509709925 48.15344927388509 265
1757509710007 48.05527335735233 266
1757509710077 47.95763310741134 267
1757509710148 47.86052336353678 268
1757509710213 47.76393903619722 269
1757509710277 47.66787510564278 270
1757509710346 47.572326620715664 271
1757509710422 47.47728869768361 272
1757509710527 47.38275651909561 273
1757509710598 47.28872533265936 274
1757509710668 47.19519045014022 275
1757509710736 47.10214724628105 276
1757509710800 47.009591157742605 277
1757509710865 46.91751768206409 278
1757509710929 46.82592237664338 279
1757509710993 46.73480085773655 280
1757509711075 46.64414879947646 281
1757509711172 46.55396193290973 282
1757509711238 46.46423604505196 283
1757509711304 46.374966977960874 284
1757509711370 46.2861506278267 285
1757509711435 46.19778294407986 286
1757509711520 46.10985992851535 287
1757509711598 46.02237763443351 288
1757509711665 45.93533216579697 289
1757509711732 45.848719676403306 290
1757509711798 45.76253636907324 291
1757509711864 45.6767784948539 292
1757509711931 45.59144235223703 293
1757509711998 45.50652428639169 294
1757509712076 45.4220206884112 295
1757509712145 45.33792799457421 296
1757509712211 45.254242685619275 297
1757509712290 45.170961286032984 298
1757509712356 45.08808036335126 299
1757509712422 45.00559652747352 300
1757509712488 44.923506429989445 301
1757509712563 44.841806763518285 302
1757509712630 44.7604942610601 303
1757509712699 44.67956569535914 304
1757509712766 44.59901787827875 305
1757509712833 44.51884766018773 306
1757509712898 44.43905192935798 307
1757509712965 44.359627611373085 308
1757509713031 44.28057166854766 309
1757509713099 44.201881099357344 310
1757509713165 44.123552937879026 311
1757509713231 44.045584253241394 312
1757509713297 43.96797214908522 313
1757509713364 43.890713763033595 314
1757509713430 43.813806266171625 315
1757509713497 43.73724686253556 316
1757509713568 43.66103278861101 317
1757509713636 43.585161312840356 318
1757509713702 43.509629735138816 319
1757509713772 43.4344353864193 320
1757509713837 43.35957562812563 321
1757509713903 43.28504785177432 322
1757509713969 43.21084947850419 323
1757509714034 43.13697795863427 324
1757509714102 43.063430771229456 325
1757509714169 42.9902054236738 326
1757509714236 42.91729945125147 327
1757509714305 42.84471041673499 328
1757509714372 42.77243590998082 329
1757509714437 42.70047354753203 330
1757509714506 42.62882097222789 331
1757509714587 42.55747585282046 332
1757509714659 42.48643588359771 333
1757509714727 42.41569878401332 334
1757509714793 42.345262298322965 335
1757509714860 42.275124195226795 336
1757509714927 42.20528226751825 337
1757509714995 42.135734331738966 338
1757509715061 42.066478227839504 339
1757509715131 41.99751181884613 340
1757509715198 41.92883299053321 341
1757509715335 41.86043965110124 342
1757509715469 41.792329730860494 343
1757509715606 41.724501181920026 344
1757509715675 41.656951977881945 345
1757509715762 41.58968011354098 346
1757509715901 41.522683604589176 347
1757509716017 41.45596048732549 348
1757509716185 41.38950881837048 349
1757509716252 41.32332667438563 350
1757509716318 41.2574121517976 351
1757509716386 41.19176336652694 352
1757509716455 41.12637845372157 353
1757509716524 41.06125556749451 354
1757509716591 40.99639288066617 355
1757509716668 40.931788584510905 356
1757509716792 40.86744088850767 357
1757509716865 40.803348020095044 358
1757509716934 40.73950822443011 359
1757509717005 40.67591976415145 360
1757509717077 40.61258091914606 361
1757509717145 40.549489986319976 362
1757509717214 40.4866452793728 363
1757509717284 40.42404512857593 364
1757509717354 40.36168788055431 365
1757509717421 40.29957189807185 366
1757509717490 40.237695559820274 367
1757509717561 40.17605726021146 368
1757509717636 40.1146554091731 369
1757509717704 40.053488431947656 370
1757509717774 39.99255476889462 371
1757509717841 39.93185287529589 372
1757509717909 39.87138122116434 373
1757509717978 39.81113829105541 374
1757509718042 39.75112258388166 375
1757509718109 39.69133261273043 376
1757509718179 39.631766904684255 377
1757509718248 39.57242400064417 378
1757509718316 39.51330245515588 379
1757509718384 39.45440083623857 380
1757509718451 39.39571772521646 381
1757509718519 39.337251716553006 382
1757509718587 39.27900141768775 383
1757509718657 39.22096544887558 384
1757509718724 39.16314244302865 385
1757509718793 39.105531045560596 386
1757509718862 39.048129914233414 387
1757509718929 38.99093771900641 388
1757509718996 38.933953141887685 389
1757509719066 38.877174876787805 390
1757509719133 38.82060162937584 391
1757509719201 38.76423211693741 392
1757509719271 38.708065068235065 393
1757509719339 38.65209922337073 394
1757509719405 38.59633333365024 395
1757509719473 38.54076616144992 396
1757509719540 38.4853964800852 397
1757509719608 38.43022307368113 398
1757509719683 38.37524473704505 399
1757509719754 38.32046027554083 400
1757509719823 38.26586850496538 401
1757509719891 38.21146825142663 402
1757509719960 38.157258351223575 403
1757509720027 38.10323765072804 404
1757509720096 38.04940500626808 405
1757509720163 37.99575928401327 406
1757509720232 37.94229935986152 407
1757509720302 37.88902411932771 408
1757509720370 37.83593245743372 409
1757509720436 37.7830232786004 410
1757509720505 37.73029549654072 411
1757509720574 37.677748034154796 412
1757509720641 37.62537982342625 413
1757509720711 37.57318980532007 414
1757509720781 37.521176929682056 415
1757509720849 37.469340155139584 416
1757509720917 37.41767844900383 417
1757509720987 37.36619078717336 418
1757509721057 37.31487615403919 419
1757509721151 37.26373354239102 420
1757509721225 37.21276195332496 421
1757509721298 37.16196039615244 422
1757509721368 37.11132788831042 423
1757509721438 37.06086345527293 424
1757509721507 37.010566130463765 425
1757509721579 36.960434955170356 426
1757509721658 36.91046897845901 427
1757509721743 36.86066725709109 428
1757509721817 36.811028855440554 429
1757509721885 36.76155284541248 430
1757509721956 36.71223830636284 431
1757509722024 36.66308432501923 432
1757509722093 36.61408999540275 433
1757509722166 36.565254418751 434
1757509722236 36.51657670344204 435
1757509722307 36.46805596491934 436
1757509722377 36.41969132561789 437
1757509722447 36.371481914891156 438
1757509722516 36.32342686893907 439
1757509722589 36.275525330737 440
1757509722661 36.22777644996561 441
1757509722738 36.180179382941716 442
1757509722823 36.13273329255002 443
1757509722896 36.08543734817573 444
1757509722965 36.038290725638085 445
1757509723038 35.99129260712475 446
1757509723110 35.94444218112705 447
1757509723182 35.89773864237614 448
1757509723251 35.85118119177981 449
1757509723402 35.80476903636029 450
1757509723485 35.75850138919284 451
1757509723581 35.71237746934495 452
1757509723651 35.666396501816585 453
1757509723726 35.62055771748099 454
1757509723797 35.57486035302635 455
1757509723866 35.52930365089813 456
1757509723935 35.483886859242226 457
1757509724006 35.43860923184875 458
1757509724077 35.39347002809655 459
1757509724146 35.34846851289853 460
1757509724216 35.30360395664738 461
1757509724287 35.25887563516237 462
1757509724356 35.21428282963647 463
1757509724426 35.16982482658429 464
1757509724497 35.12550091779064 465
1757509724567 35.08131040025972 466
1757509724635 35.03725257616489 467
1757509724706 34.99332675279916 468
1757509724785 34.94953224252618 469
1757509724855 34.90586836273188 470
1757509724927 34.86233443577667 471
1757509724998 34.818929788948246 472
1757509725068 34.77565375441498 473
1757509725144 34.73250566917983 474
1757509725217 34.68948487503479 475
1757509725288 34.64659071851595 476
1757509725359 34.60382255085906 477
1757509725427 34.56117972795559 478
1757509725498 34.51866161030939 479
1757509725570 34.47626756299376 480
1757509725641 34.4339969556091 481
1757509725711 34.3918491622411 482
1757509725788 34.349823561419235 483
1757509725888 34.307919536076 484
1757509725969 34.26613647350637 485
1757509726053 34.22447376532797 486
1757509726130 34.182930807441494 487
1757509726204 34.141506999991726 488
1757509726282 34.10020174732892 489
1757509726355 34.05901445797072 490
1757509726434 34.01794454456439 491
1757509726530 33.976991423849604 492
1757509726628 33.93615451662157 493
1757509726705 33.895433247694605 494
1757509726786 33.85482704586613 495
1757509726854 33.81433534388106 496
1757509726923 33.773957578396605 497
1757509726993 33.733693189947424 498
1757509727065 33.69354162291125 499
