1757496524237 123.43673442688184 0
1757496524288 88.29579452829257 1
1757496524336 66.76106172438618 2
1757496524394 67.70182061838217 3
1757496524441 55.52800974929872 4
1757496524486 55.77426269277839 5
1757496524541 54.015871054078254 6
1757496524588 32.014871802579044 7
1757496524641 55.07276004891268 8
1757496524686 35.03295451084766 9
1757496524735 39.29253565134821 10
1757496524788 37.520968810174736 11
1757496524839 34.52375759266849 12
1757496524888 30.922435464599435 13
1757496524941 28.09937270277887 14
1757496524989 30.046337930265235 15
1757496525037 30.194676010772696 16
1757496525086 37.931203319833664 17
1757496525136 46.65763535702496 18
1757496525189 21.232540112715075 19
1757496525241 19.96322879931881 20
1757496525289 20.864130223819476 21
1757496525337 20.597345339087223 22
1757496525385 21.376583177594473 23
1757496525432 20.294776526474134 24
1757496525482 13.67997166326993 25
1757496525537 22.708019689632053 26
1757496525585 17.150066268203144 27
1757496525637 17.968580297242724 28
1757496525688 17.17462936327659 29
1757496525742 20.573537757340723 30
1757496525792 41.19332601987389 31
1757496525842 16.675228263738475 32
1757496525890 17.834263438804737 33
1757496525937 23.055574411822253 34
1757496525986 16.393215729107727 35
1757496526035 17.99857354659458 36
1757496526084 15.368602080732899 37
1757496526132 15.523414089131718 38
1757496526181 16.853362337999222 39
1757496526232 12.39507459494405 40
1757496526284 11.986564312584221 41
1757496526333 13.922940840152885 42
1757496526385 13.74980658086154 43
1757496526436 19.955306262178954 44
1757496526489 13.482734394429812 45
1757496526550 12.679156545256903 46
1757496526602 13.01539098211949 47
1757496526662 15.717552257630855 48
1757496526826 12.123585372603301 49
1757496526920 12.339071998668922 50
1757496527017 9.555240294489641 51
1757496527090 11.601464968375828 52
1757496527158 10.392511977537884 53
1757496527280 9.295382139383308 54
1757496527390 10.854052926913027 55
1757496527443 9.295481686105411 56
1757496527494 10.551192008682749 57
1757496527546 11.358335157987447 58
1757496527606 11.035780514536768 59
1757496527660 8.524365899120907 60
1757496527712 6.949869523375618 61
1757496527763 8.501719045985093 62
1757496527814 7.791623169529942 63
1757496527865 16.399521538966617 64
1757496527917 6.221211783684112 65
1757496527968 6.700340113908569 66
1757496528019 7.646030661724647 67
1757496528075 8.149060876820913 68
1757496528127 7.211547799021531 69
1757496528179 15.008573871303923 70
1757496528234 7.7297489746506125 71
1757496528288 8.144426932773325 72
1757496528341 8.692211284277283 73
1757496528394 7.197768455904876 74
1757496528454 8.592219245940234 75
1757496528508 6.818526649623744 76
1757496528560 7.583179445947181 77
1757496528622 6.533250769115401 78
1757496528676 11.47292643231178 79
1757496528725 5.700389255268754 80
1757496528775 9.623353224866156 81
1757496528857 6.282972507851807 82
1757496528917 6.212300385561755 83
1757496528976 4.941829330630463 84
1757496529030 5.066174087087604 85
1757496529082 7.076281206576328 86
1757496529133 4.249236068127272 87
1757496529192 5.954164195615917 88
1757496529263 9.940077549736484 89
1757496529325 6.202822348878565 90
1757496529379 3.4713187635126843 91
1757496529434 4.556255660358365 92
1757496529486 5.274681359611706 93
1757496529539 10.069026991197356 94
1757496529597 4.450718003616341 95
1757496529651 5.227111014345147 96
1757496529702 5.1148691964854915 97
1757496529754 5.4410254688177275 98
1757496529806 4.139213473597447 99
1757496529857 3.5758483562132377 100
1757496529911 4.226479664682756 101
1757496529963 6.7034980758078895 102
1757496530015 4.950670258103813 103
1757496530067 4.355179931932773 104
1757496530119 4.901364563555163 105
1757496530170 3.9436992685022383 106
1757496530219 4.191146789524237 107
1757496530269 3.4310072948132047 108
1757496530324 4.658575408504672 109
1757496530405 4.111214714598042 110
1757496530459 3.8618564974701535 111
1757496530511 3.7228286015136263 112
1757496530566 3.323632131949928 113
1757496530619 3.4594668380904685 114
1757496530671 3.5313929895083285 115
1757496530724 3.091444542888523 116
1757496530776 4.107723803112724 117
1757496530826 2.5965728351924735 118
1757496530877 4.531175490958714 119
1757496530929 3.8683760772908733 120
1757496530982 3.835067844622094 121
1757496531032 4.271040161953569 122
1757496531082 2.628143499308892 123
1757496531132 2.925501817179665 124
1757496531181 6.0718213439199324 125
1757496531231 4.095508548486742 126
1757496531280 3.312164666483825 127
1757496531330 2.720980968222921 128
1757496531380 3.679031898344307 129
1757496531429 2.7717425215943643 130
1757496531479 2.538875807506365 131
1757496531529 1.7764153515360255 132
1757496531579 2.042795297548088 133
1757496531639 1.8683455257818522 134
1757496531692 2.204945748513765 135
1757496531745 2.1420555623138053 136
1757496531797 2.3238912457656906 137
1757496531848 1.8227874207184354 138
1757496531903 1.6858212913608117 139
1757496531954 2.013877173637835 140
1757496532006 1.9800109790597435 141
1757496532056 1.6050179338344364 142
1757496532110 2.373251594543372 143
1757496532161 2.325482319120627 144
1757496532212 3.1930463220203613 145
1757496532263 1.8218583072137153 146
1757496532313 1.560083405008782 147
1757496532363 1.3728311456962559 148
1757496532413 1.7590404861254623 149
1757496532465 1.823872479101868 150
1757496532517 1.8022974549052373 151
1757496532569 2.0018050720152796 152
1757496532623 1.8740159823572744 153
1757496532684 1.6876946460312647 154
1757496532734 1.888795014885832 155
1757496532786 1.649416557402687 156
1757496532839 1.538910532234259 157
1757496532907 1.5961567776978178 158
1757496532959 1.4595296630649248 159
1757496533012 1.81455670540897 160
1757496533063 1.3161179204667344 161
1757496533114 1.654690203431474 162
1757496533167 1.5023219059062185 163
1757496533218 1.3102401034110462 164
1757496533269 1.7465272886446528 165
1757496533319 1.3810758401726517 166
1757496533372 1.4894094740530022 167
1757496533442 1.451682045972585 168
1757496533503 1.2923163569449083 169
1757496533554 1.2331531287940243 170
1757496533606 1.3195309717734127 171
1757496533666 1.2305460849888454 172
1757496533721 1.1871122215079173 173
1757496533784 1.0577589756963304 174
1757496533834 2.0575557822446675 175
1757496533886 2.8250163972716393 176
1757496533936 1.317073342017536 177
1757496533988 1.9762024002490504 178
1757496534043 1.3805533050272292 179
1757496534094 1.1039185155432794 180
1757496534147 1.2249180613776758 181
1757496534198 1.165254782387781 182
1757496534251 1.1406073010212812 183
1757496534302 1.1140261489467302 184
1757496534353 0.8737533479760492 185
1757496534404 0.869829618712972 186
1757496534456 0.737018191489977 187
1757496534538 1.1083990607433607 188
1757496534725 1.0802259087723785 189
1757496534829 0.9399676666558295 190
1757496534930 1.0059000705161945 191
1757496534988 0.8349154919408511 192
1757496535080 1.247928264446837 193
1757496535220 0.8540043061509506 194
1757496535307 1.0749046592843965 195
1757496535454 0.9235772164157229 196
1757496535532 0.9070394886632572 197
1757496535594 0.944545459541056 198
1757496535654 0.972875198902282 199
1757496535724 0.8932712626389451 200
1757496535798 0.6352843394744888 201
1757496535861 0.6263954440186311 202
1757496535920 0.8859554246558256 203
1757496535979 0.7821993045195391 204
1757496536043 0.8322206951811865 205
1757496536102 0.8210086344860615 206
1757496536164 0.7285913279395814 207
1757496536222 0.8439118213769016 208
1757496536280 0.754401736636602 209
1757496536335 0.7613513701211594 210
1757496536390 1.1515834528790878 211
1757496536447 0.534313360989183 212
1757496536505 0.7688018037362951 213
1757496536560 0.9036870658787218 214
1757496536615 0.6715650777847929 215
1757496536671 0.49376441438137847 216
1757496536727 0.6041141463789785 217
1757496536789 0.6067431720951962 218
1757496536844 0.5336481819241433 219
1757496536925 0.4772667020158501 220
1757496536992 0.5151510836916523 221
1757496537055 0.5286643390269627 222
1757496537111 0.6750994964171689 223
1757496537168 0.4026646371465549 224
1757496537222 0.5366487042839186 225
1757496537276 0.482653936870719 226
1757496537341 0.7062516506242186 227
1757496537503 0.5744664660804526 228
1757496537566 0.45594970376251026 229
1757496537629 0.611376175700633 230
1757496537689 0.627469575106164 231
1757496537745 0.5829762772998129 232
1757496537809 0.8387492432658331 233
1757496537866 0.8150288789970702 234
1757496537923 0.4481779241855072 235
1757496537979 0.49050755529677986 236
1757496538034 0.5502214016124982 237
1757496538090 0.48639027114714956 238
1757496538146 0.5507383255211398 239
1757496538202 0.7029517469714835 240
1757496538256 0.4444309566685806 241
1757496538313 0.5476707544810332 242
1757496538367 0.41306388889034373 243
1757496538420 0.5816505848680867 244
1757496538475 0.4674036209588821 245
1757496538534 0.4702849737209438 246
1757496538590 0.36077236315512273 247
1757496538646 0.29930569177723165 248
1757496538698 0.37925650579288667 249
1757496538752 0.413055392873592 250
1757496538813 0.5980433617986693 251
1757496538865 0.607835788554114 252
1757496538917 0.4225553185602584 253
1757496538971 0.4053736274088911 254
1757496539025 0.34495198948732697 255
1757496539078 0.36878833144058953 256
1757496539133 0.35042265301877534 257
1757496539185 0.3221384443508007 258
1757496539238 0.36598864239353723 259
1757496539290 0.35270674130421736 260
1757496539343 0.43340877625307894 261
1757496539395 0.5910135859287201 262
1757496539448 0.413016831433289 263
1757496539500 0.4371265088434327 264
1757496539555 0.3220612303251293 265
1757496539609 0.5499555445339973 266
1757496539663 0.30125839018820494 267
1757496539717 0.4441933337649087 268
1757496539770 0.5091642880556083 269
1757496539833 0.3675257050270468 270
1757496539885 0.32406342535979726 271
1757496539938 0.4041237978838003 272
1757496539991 0.21238323651371815 273
1757496540044 0.3256009736359706 274
1757496540099 0.3118976199066037 275
1757496540154 0.28049351741248857 276
1757496540210 0.31038294243746956 277
1757496540264 0.30731951905895766 278
1757496540317 0.4499231472427249 279
1757496540371 0.26961947648382417 280
1757496540424 0.3752874775028023 281
1757496540477 0.2793513130847487 282
1757496540530 0.31085294920010936 283
1757496540587 0.22144823179424655 284
1757496540640 0.33841785069686353 285
1757496540692 0.47192043050190563 286
1757496540746 0.23081185394463466 287
1757496540798 0.3576336766841946 288
1757496540854 0.21680766513272154 289
1757496540909 0.31066564611018094 290
1757496540962 0.3049785577078647 291
1757496541015 0.25995488640633074 292
1757496541069 0.3712070486409053 293
1757496541124 0.25617960993742234 294
1757496541177 0.2821734365699376 295
1757496541229 0.3266797785203459 296
1757496541283 0.35138870873966654 297
1757496541338 0.262084574823132 298
1757496541391 0.27408240277704166 299
1757496541446 0.30870754340700596 300
1757496541500 0.24637266893277143 301
1757496541554 0.1764517893057095 302
1757496541610 0.2817448239731061 303
1757496541665 0.1807024461224169 304
1757496541718 0.19682236183375687 305
1757496541772 0.23779271938469307 306
1757496541833 0.25412118820773605 307
1757496541890 0.25399119367257755 308
1757496541942 0.2704343608504363 309
1757496541996 0.29918884263926976 310
1757496542050 0.3574703274861552 311
1757496542104 0.2379573530621066 312
1757496542157 0.2678313031702624 313
1757496542210 0.19187827124914894 314
1757496542268 0.23553142862490906 315
1757496542321 0.2473265626271756 316
1757496542375 0.4142614896067143 317
1757496542428 0.23733224915406678 318
1757496542482 0.31888056963116046 319
1757496542536 0.4105663609808596 320
1757496542591 0.22142267283682984 321
1757496542648 0.2873295603065875 322
1757496542700 0.2811302821356811 323
1757496542753 0.2399099038813279 324
1757496542842 0.25893044638342705 325
1757496542985 0.2110824538372311 326
1757496543117 0.22200645804321809 327
1757496543252 0.22340547799147817 328
1757496543309 0.1816619685256159 329
1757496543425 0.26075101180528176 330
1757496543547 0.2005340096208251 331
1757496543643 0.1861902216225445 332
1757496543701 0.26616967336517816 333
1757496543758 0.21912011184008726 334
1757496543815 0.25389212828446034 335
1757496543885 0.3044330799028641 336
1757496543944 0.24733152646128417 337
1757496544001 0.19986597713672535 338
1757496544059 0.21070178116061397 339
1757496544131 0.2424271114151979 340
1757496544189 0.2013641110496928 341
1757496544248 0.225671978452021 342
1757496544307 0.1892557220159747 343
1757496544363 0.26089081588636787 344
1757496544419 0.2317971533052606 345
1757496544474 0.21429525453241274 346
1757496544529 0.18020903370752395 347
1757496544583 0.22820016069019686 348
1757496544639 0.17704998298231178 349
1757496544695 0.16811979707149213 350
1757496544750 0.17707937488738343 351
1757496544804 0.2386374873731026 352
1757496544858 0.17104451493931824 353
1757496544923 0.2886686317104467 354
1757496544977 0.18911150914606742 355
1757496545030 0.23891494157666737 356
1757496545104 0.15738572729544434 357
1757496545172 0.22020978847378112 358
1757496545237 0.3190145666941375 359
1757496545302 0.3113825395969253 360
1757496545361 0.12159834778511915 361
1757496545418 0.20194251600293592 362
1757496545482 0.19591501050696034 363
1757496545574 0.13702193719480762 364
1757496545636 0.247548701023069 365
1757496545694 0.22425386290066 366
1757496545751 0.20594417807598062 367
1757496545812 0.17364645559677894 368
1757496545871 0.1730315848284577 369
1757496545935 0.19741675310772458 370
1757496545992 0.2103912469442546 371
1757496546049 0.2970601318603752 372
1757496546107 0.19574494375205734 373
1757496546168 0.1995122357265021 374
1757496546223 0.20301882541272206 375
1757496546279 0.1324602789392496 376
1757496546334 0.14372939857241418 377
1757496546389 0.2606342223433656 378
1757496546444 0.16805541706566515 379
1757496546499 0.16429858166670194 380
1757496546554 0.15611516341739837 381
1757496546610 0.16348870140319163 382
1757496546666 0.21049539867969339 383
1757496546720 0.2458880637200235 384
1757496546775 0.2065919548584353 385
1757496546829 0.2534291359023104 386
1757496546886 0.1625067712459721 387
1757496546943 0.2376200460226082 388
1757496546999 0.12529994090628613 389
1757496547058 0.21635575966544704 390
1757496547114 0.24304540821551215 391
1757496547170 0.2306710210980897 392
1757496547225 0.16297886090077232 393
1757496547280 0.18773651324421428 394
1757496547335 0.15131522815164541 395
1757496547391 0.19710245693148373 396
1757496547445 0.19860183502994755 397
1757496547503 0.21647277130690012 398
1757496547579 0.2473473522395445 399
1757496547705 0.18698853140694793 400
1757496547770 0.21901134100512568 401
1757496547841 0.13918629596064147 402
1757496547926 0.21817228804743904 403
1757496547990 0.20654882767362145 404
1757496548051 0.21203198023766046 405
1757496548109 0.17379670050145227 406
1757496548168 0.19549081852085606 407
1757496548227 0.1574040909772059 408
1757496548287 0.18802094656336074 409
1757496548345 0.16743350887131792 410
1757496548403 0.23148809375210558 411
1757496548461 0.19990585714950138 412
1757496548517 0.18449816085765955 413
1757496548574 0.15809385273699167 414
1757496548630 0.16556228793474362 415
1757496548687 0.2898748375006143 416
1757496548745 0.21033904966913985 417
1757496548804 0.18594694581848917 418
1757496548862 0.13832139725158923 419
1757496548918 0.13101829848951058 420
1757496548986 0.12249383049015561 421
1757496549047 0.16056352226461104 422
1757496549105 0.163426733849004 423
1757496549162 0.14968965686550892 424
1757496549222 0.15626913132366074 425
1757496549279 0.19049981538315208 426
1757496549338 0.16832534948812342 427
1757496549395 0.1381541500988314 428
1757496549452 0.10796024563078462 429
1757496549509 0.15815960963168949 430
1757496549565 0.16320194680760086 431
1757496549624 0.27457380719079494 432
1757496549682 0.1860795881454306 433
1757496549740 0.23062525712138945 434
1757496549799 0.12805522857606685 435
1757496549857 0.19889378366811736 436
1757496549915 0.1854677335398145 437
1757496549990 0.1925401958536487 438
1757496550049 0.1887963033079356 439
1757496550108 0.15646132091414372 440
1757496550166 0.20144417628199776 441
1757496550225 0.17947542146829742 442
1757496550283 0.19754341805466322 443
1757496550341 0.18117193591126293 444
1757496550399 0.21051175701803213 445
1757496550455 0.14982666945956488 446
1757496550513 0.19782622690472082 447
1757496550569 0.10520645103814254 448
1757496550627 0.19541301334871605 449
1757496550683 0.1809030919133661 450
1757496550740 0.14927229065875866 451
1757496550798 0.1838578373891604 452
1757496550854 0.2943886031061254 453
1757496550913 0.2259267568388608 454
1757496550978 0.14540501767243533 455
1757496551137 0.14812289487100908 456
1757496551206 0.14163629238679817 457
1757496551273 0.1398902251228165 458
1757496551338 0.19047111416470153 459
1757496551402 0.2259830096123754 460
1757496551476 0.11501282624969715 461
1757496551684 0.28457009769236336 462
1757496551831 0.18527323791108086 463
1757496552006 0.14951468332579682 464
1757496552109 0.16229195330761856 465
1757496552230 0.12953728744818493 466
1757496552396 0.14606177772556117 467
1757496552530 0.1454033228874598 468
1757496552621 0.15306301355377358 469
1757496552689 0.1497695526426104 470
1757496552757 0.10604778666547969 471
1757496552823 0.1847824386879048 472
1757496552911 0.1572602900926194 473
1757496552988 0.1794980667913273 474
1757496553059 0.20278215452794227 475
1757496553132 0.19172102877498473 476
1757496553234 0.12072502495539167 477
1757496553321 0.17103366066843848 478
1757496553432 0.13816513521663065 479
1757496553529 0.16564199231908688 480
1757496553634 0.18396507982261498 481
1757496553767 0.13286413426086513 482
1757496553865 0.08887692297019494 483
1757496553969 0.1328747525452483 484
1757496554049 0.09698661416503791 485
1757496554137 0.16682612992545662 486
1757496554239 0.13189795395872536 487
1757496554331 0.21384024461692608 488
1757496554423 0.1636953753596462 489
1757496554509 0.27075294582155673 490
1757496554579 0.17405004000162907 491
1757496554646 0.11130105325209201 492
1757496554731 0.17040769756798704 493
1757496554797 0.17825467065747372 494
1757496554867 0.2167244871225833 495
1757496554932 0.1046972504249611 496
1757496555001 0.16243106465809617 497
1757496555063 0.1414664691116314 498
1757496555134 0.1383654565090147 499
