1757491313928 192.0911261871785 0
1757491314012 180.31497605041153 1
1757491314107 167.62592380693692 2
1757491314197 178.49432879890173 3
1757491314284 136.50761177002477 4
1757491314374 145.98790213715358 5
1757491314473 166.11291850058737 6
1757491314579 169.97149457627862 7
1757491314680 178.4754683300238 8
1757491314790 160.50330274437 9
1757491314942 186.10597347162772 10
1757491315071 156.69101605730637 11
1757491315211 176.63324959079875 12
1757491315417 169.95596483299707 13
1757491315570 165.44280424304566 14
1757491315728 179.96664466658208 15
1757491315852 165.61970686299983 16
1757491315967 159.54369209552706 17
1757491316078 168.96062458379402 18
1757491316182 176.55490109676194 19
1757491316293 167.60313620805 20
1757491316495 166.79373444384763 21
1757491316648 151.52699714634278 22
1757491316820 161.8783568925245 23
1757491316938 155.04895195444578 24
1757491317063 174.8803359304663 25
1757491317189 178.33054800088854 26
1757491317322 173.37173636728477 27
1757491317547 170.64106865411932 28
1757491317664 196.55245518063148 29
1757491317786 155.60686034737287 30
1757491317927 178.20575213298278 31
1757491318061 175.68152700850183 32
1757491318174 179.16014584685243 33
1757491318278 165.76261736754074 34
1757491318376 136.6369308020076 35
1757491318477 177.54340230973452 36
1757491318593 176.25724682184017 37
1757491318693 174.25050734210478 38
1757491318790 179.674656390236 39
1757491318888 174.02135116581476 40
1757491319088 194.21004717729312 41
1757491319241 164.63973833512702 42
1757491319384 174.094468287026 43
1757491319484 171.1808063358139 44
1757491319630 155.4855921894034 45
1757491319790 169.2903869153165 46
1757491319886 175.17680541408907 47
1757491319975 161.95889004973952 48
1757491320071 190.07108594835194 49
1757491320158 165.41902700272556 50
1757491320237 166.50011956884086 51
1757491320323 176.53496972655353 52
1757491320412 160.71084097190592 53
1757491320505 164.08715000346317 54
1757491320606 154.50823004775688 55
1757491320697 166.90726703268302 56
1757491320792 179.02346252972748 57
1757491320882 161.72379450885944 58
1757491320974 188.5851858339366 59
1757491321057 166.69555642788606 60
1757491321137 162.66304483674878 61
