1757434420320 169.6508130681763 0
1757434420370 169.63548485422018 1
1757434420423 169.62471955770772 2
1757434420480 169.6140582335378 3
1757434420551 169.6035265375472 4
1757434420621 169.59312272382607 5
1757434420697 169.58284523471582 6
1757434420751 169.57269253057916 7
1757434420814 169.56266309061888 8
1757434420885 169.55275541264027 9
1757434420964 169.54296801282277 10
1757434421027 169.53329942549473 11
1757434421110 169.52374820291033 12
1757434421171 169.51431291503002 13
1757434421233 169.50499214930304 14
1757434421315 169.49578451045286 15
1757434421370 169.48668862026548 16
1757434421439 169.47770311737975 17
1757434421510 169.46882665708083 18
1757434421560 169.46005791109593 19
1757434421629 169.45139556739272 20
1757434421692 169.44283832997985 21
1757434421786 169.43438491871058 22
1757434421854 169.42603406908802 23
1757434421917 169.41778453207345 24
1757434421989 169.4096350738966 25
1757434422044 169.40158447586848 26
1757434422106 169.39363153419635 27
1757434422163 169.38577505980106 28
1757434422228 169.3780138781366 29
1757434422292 169.37034682901196 30
1757434422370 169.3627727664149 31
1757434422427 169.3552905583384 32
1757434422486 169.34789908660863 33
1757434422555 169.34059724671548 34
1757434422619 169.33338394764513 35
1757434422668 169.3262581117143 36
1757434422789 169.31921867440727 37
1757434422960 169.31226458421384 38
1757434423034 169.30539480247043 39
1757434423089 169.2986083032024 40
1757434423139 169.2919040729685 41
1757434423191 169.28528111070716 42
1757434423270 169.27873842758493 43
1757434423351 169.27227504684654 44
1757434423428 169.26589000366673 45
1757434423517 169.2595823450042 46
1757434423584 169.25335112945714 47
1757434423675 169.24719542712054 48
1757434423742 169.24111431944547 49
1757434423822 169.23510689909966 50
1757434423884 169.22917226983017 51
1757434423973 169.22330954632784 52
1757434424035 169.21751785409273 53
1757434424091 169.21179632930227 54
1757434424156 169.20614411867987 55
1757434424210 169.20056037936615 56
1757434424276 169.19504427879107 57
1757434424373 169.18959499454795 58
1757434424472 169.184211714269 59
1757434424560 169.17889363550233 60
1757434424684 169.17363996559055 61
1757434424767 169.16844992155052 62
1757434424850 169.16332272995527 63
1757434424943 169.1582576268167 64
1757434425012 169.15325385746996 65
1757434425086 169.1483106764595 66
1757434425143 169.14342734742584 67
1757434425197 169.13860314299487 68
1757434425254 169.1338373446671 69
1757434425306 169.1291292427095 70
1757434425364 169.12447813604774 71
1757434425420 169.11988333216073 72
1757434425477 169.11534414697525 73
1757434425535 169.11085990476306 74
1757434425588 169.10642993803836 75
1757434425644 169.10205358745708 76
1757434425709 169.0977302017173 77
1757434425770 169.09345913746043 78
1757434425831 169.0892397591744 79
1757434425919 169.08507143909733 80
1757434425979 169.08095355712288 81
1757434426040 169.07688550070634 82
1757434426140 169.0728666647721 83
1757434426241 169.06889645162266 84
1757434426328 169.06497427084756 85
1757434426428 169.061099539235 86
1757434426518 169.05727168068316 87
1757434426615 169.0534901261136 88
1757434426695 169.04975431338497 89
1757434426803 169.04606368720854 90
1757434426921 169.04241769906395 91
1757434426993 169.03881580711666 92
1757434427073 169.035257476136 93
1757434427153 169.03174217741457 94
1757434427240 169.02826938868822 95
1757434427314 169.02483859405746 96
1757434427408 169.0214492839093 97
1757434427476 169.01810095484075 98
1757434427571 169.01479310958243 99
1757434427645 169.01152525692396 100
1757434427735 169.0082969116396 101
1757434427831 169.00510759441508 102
1757434427911 169.0019568317755 103
1757434427989 168.99884415601355 104
1757434428067 168.99576910511936 105
1757434428150 168.99273122271077 106
1757434428212 168.9897300579642 107
1757434428333 168.98676516554715 108
1757434428503 168.98383610555058 109
1757434428603 168.9809424434231 110
1757434428674 168.97808374990504 111
1757434428745 168.97525960096414 112
1757434428887 168.9724695777312 113
1757434429004 168.96971326643742 114
1757434429163 168.96699025835184 115
1757434429235 168.96444123890308 116
1757434429295 168.9618512188479 117
1757434429379 168.95929251845865 118
1757434429475 168.95676432507926 119
1757434429552 168.95426627394596 120
1757434429634 168.95179800204426 121
1757434429699 168.94935915078045 122
1757434429781 168.9469493659115 123
1757434429838 168.94456829749188 124
1757434429931 168.94221559982103 125
1757434430008 168.9398909313917 126
1757434430090 168.93759395483886 127
1757434430160 168.93532433688907 128
1757434430222 168.9330817483106 129
1757434430279 168.93086586386403 130
1757434430336 168.92867636225373 131
1757434430393 168.92651292607977 132
1757434430494 168.9243752417902 133
1757434430578 168.9222629996343 134
1757434430681 168.92017589361635 135
1757434430787 168.91811362144938 136
1757434430844 168.9160758845105 137
1757434430910 168.91406238779598 138
1757434430993 168.9120728398769 139
1757434431063 168.91010695285618 140
1757434431123 168.90816444232482 141
1757434431200 168.90624502731993 142
1757434431262 168.9043484302824 143
1757434431317 168.90247437701566 144
1757434431379 168.9006225966444 145
1757434431437 168.89879282157452 146
1757434431495 168.89698478745265 147
1757434431562 168.8951982331271 148
1757434431618 168.89343290060856 149
1757434431674 168.89168853503168 150
1757434431735 168.88996488461714 151
1757434431805 168.88826170063376 152
1757434431904 168.88657873736162 153
1757434431964 168.88491575205524 154
1757434432029 168.88327250490747 155
1757434432114 168.88168782860305 156
1757434432201 168.8801023017947 157
1757434432280 168.87853564975944 158
1757434432368 168.87698756158852 159
1757434432430 168.8754578142381 160
1757434432508 168.87394618704667 161
1757434432577 168.87245246203392 162
1757434432653 168.87097642386675 163
1757434432741 168.86951785982703 164
1757434432809 168.86807655977967 165
1757434432876 168.86665231614094 166
1757434432965 168.86524492384737 167
1757434433039 168.86385418032503 168
1757434433120 168.86247988545898 169
1757434433185 168.86112184156332 170
1757434433279 168.8597798533514 171
1757434433351 168.85845372790686 172
1757434433421 168.85714327465408 173
1757434433498 168.8558483053302 174
1757434433564 168.85456863395652 175
1757434433618 168.8533040768107 176
1757434433684 168.85205445239924 177
1757434433789 168.85081958143013 178
1757434433975 168.84959928678617 179
1757434434084 168.84839339349836 180
1757434434144 168.84720172871943 181
1757434434195 168.84602412169832 182
1757434434283 168.84486040375435 183
1757434434364 168.84371040825204 184
1757434434433 168.842573970576 185
1757434434498 168.84145092810652 186
1757434434573 168.84034112019506 187
1757434434650 168.8392443881401 188
1757434434705 168.83816057516358 189
1757434434795 168.83708952638747 190
