1757573177281 180.21640165552597 0
1757573177349 161.55138736850543 1
1757573177425 154.33211240946872 2
1757573177516 147.25194715075594 3
1757573177583 140.75347089393028 4
1757573177646 134.76128519839995 5
1757573177712 129.23102188879537 6
1757573177775 124.1212663412402 7
1757573177839 119.39457295374885 8
1757573177913 115.01701507677676 9
1757573177987 110.95785033183571 10
1757573178053 107.18921461583483 11
1757573178116 103.68584597549201 12
1757573178181 100.42483523352399 13
1757573178243 97.38540077358884 14
1757573178306 94.5486851321612 15
1757573178376 91.89757127548326 16
1757573178444 89.41651664660496 17
1757573178575 87.09140325423866 18
1757573178645 84.90940224364272 19
1757573178714 82.85885154179502 20
1757573178778 80.9291453063246 21
1757573178842 79.11063403149078 22
1757573178913 77.3945342762354 23
1757573178979 75.77284708017045 24
1757573179049 74.23828422436027 25
1757573179113 72.78420157587833 26
1757573179180 71.40453882922739 27
1757573179244 70.09376502459224 28
1757573179307 68.84682928325178 29
1757573179376 67.65911625494763 30
1757573179444 66.52640582116513 31
1757573179509 65.44483664264796 32
1757573179581 64.41087317950735 33
1757573179646 63.421275848422795 34
1757573179718 62.47307401404506 35
1757573179798 61.56354154114695 36
1757573179866 60.69017466063368 37
1757573179942 59.8506719265023 38
1757573180011 59.04291606248098 39
1757573180083 58.26495751661251 40
1757573180148 57.514999559676696 41
1757573180215 56.79138477926083 42
1757573180319 56.092582835651214 43
1757573180412 55.417179358684976 44
1757573180504 54.763865876405916 45
1757573180596 54.13143067693268 46
1757573180679 53.518750514485674 47
1757573180764 52.92478307912842 48
1757573180848 52.34856015755182 49
1757573180940 51.78918141924713 50
1757573181029 51.245808768748006 51
1757573181116 50.71766121034218 52
1757573181204 50.204010176816986 53
1757573181283 49.704175278466145 54
1757573181357 49.21752043279518 55
1757573181438 48.743450339164625 56
1757573181527 48.281407266043416 57
1757573181613 47.83086812164501 58
1757573181701 47.39134178151892 59
1757573181797 46.962366649198614 60
1757573181879 46.54350842829161 61
1757573181960 46.13435808645948 62
1757573182191 45.73452999360015 63
1757573182613 45.34366021822772 64
1757573182833 44.96140496756614 65
1757573182948 44.587439158247214 66
1757573183065 44.2214551057454 67
1757573183202 43.86316132180322 68
1757573183297 43.51228141011583 69
1757573183375 43.168553051459355 70
1757573183451 42.83172707027585 71
1757573183527 42.5015665754773 72
1757573183602 42.177846168907095 73
1757573183689 41.860351215510576 74
1757573183767 41.54887716981905 75
1757573183857 41.24322895385288 76
1757573183939 40.943220382001805 77
1757573184065 40.64867362885064 78
1757573184144 40.35941873628877 79
1757573184216 40.075293156577935 80
1757573184288 39.796141328355766 81
1757573184375 39.52181428282811 82
1757573184447 39.252169277651305 83
1757573184516 38.98706945623168 84
1757573184591 38.72638353037312 85
1757573184659 38.469985484389014 86
1757573184731 38.21775429896193 87
1757573184799 37.96957369318707 88
1757573184876 37.725331883372434 89
1757573184944 37.48492135729439 90
1757573185012 37.248238662719984 91
1757573185089 37.01518420911073 92
1757573185156 36.78566208151553 93
1757573185222 36.559579865745384 94
1757573185290 36.33684848399958 95
1757573185358 36.117382040182775 96
1757573185420 35.90109767421621 97
1757573185485 35.687915424704066 98
1757573185549 35.4777580993685 99
1757573185614 35.27055115271484 100
1757573185677 35.066222570432025 101
1757573185745 34.86470276007315 102
1757573185811 34.66592444759689 103
1757573185879 34.4698225793841 104
1757573185945 34.27633422937336 105
1757573186008 34.085398510987325 106
1757573186079 33.89695649354637 107
1757573186148 33.710951122889334 108
1757573186219 33.52732714594182 109
1757573186282 33.346031038992 110
1757573186350 33.16701093945123 111
1757573186421 32.99021658089296 112
1757573186484 32.81559923117836 113
1757573186548 32.64311163349024 114
1757573186613 32.47270795010966 115
1757573186689 32.30434370878091 116
1757573186983 32.137975751521076 117
1757573187114 31.973562185739873 118
1757573187262 31.81106233754481 119
1757573187347 31.65043670711443 120
1757573187472 31.49164692603038 121
1757573187624 31.334655716465697 122
1757573187763 31.179426852133503 123
1757573187863 31.025925120905992 124
1757573187940 30.874116289019348 125
1757573188010 30.723967066785164 126
1757573188089 30.575445075733906 127
1757573188239 30.428518817120146 128
1757573188411 30.2831576417236 129
1757573188530 30.139331720883696 130
1757573188630 29.99701201870897 131
1757573188733 29.85617026540588 132
1757573188859 29.71677893167485 133
1757573188945 29.578811204123927 134
1757573189040 29.442240961653507 135
1757573189148 29.307042752767767 136
1757573189237 29.17319177377099 137
1757573189320 29.040663847809107 138
1757573189401 28.909435404718792 139
1757573189475 28.779483461648518 140
1757573189551 28.650785604417674 141
1757573189637 28.523319969581507 142
1757573189707 28.397065227171563 143
1757573189780 28.272000564082308 144
1757573189858 28.148105668076578 145
1757573189932 28.025360712383417 146
1757573190000 27.903746340863364 147
1757573190075 27.783243653717346 148
1757573190152 27.663834193716557 149
1757573190235 27.545499932931616 150
1757573190310 27.428223259940463 151
1757573190387 27.31198696749532 152
1757573190457 27.196774240629875 153
1757573190525 27.082568645189006 154
1757573190598 26.969354116763657 155
1757573190673 26.85711495001487 156
1757573190744 26.74583578837107 157
1757573190836 26.63550161408401 158
1757573190919 26.52609773862886 159
1757573190995 26.41760979343507 160
1757573191072 26.3100237209348 161
1757573191140 26.203325765916624 162
1757573191211 26.0975024671724 163
1757573191277 25.992540649426207 164
1757573191406 25.88842741553412 165
1757573191486 25.785150138944537 166
1757573191566 25.682696456409097 167
1757573191645 25.581054260934504 168
1757573191715 25.480211694966144 169
1757573191783 25.38015714379464 170
1757573191850 25.280879229177057 171
1757573191923 25.18236680316451 172
1757573191995 25.08460894212854 173
1757573192062 24.98759494097883 174
1757573192137 24.891314307565082 175
1757573192215 24.795756757256363 176
1757573192281 24.70091220769117 177
1757573192350 24.606770773692183 178
1757573192417 24.513322762339378 179
1757573192486 24.4205586681961 180
1757573192555 24.328469168682155 181
1757573192635 24.23704511958888 182
1757573192703 24.14627755073093 183
1757573192771 24.056157661729937 184
1757573192838 23.966676817925315 185
1757573192903 23.877826546407643 186
1757573192970 23.789598532170338 187
1757573193037 23.701984614375444 188
1757573193101 23.614976782729414 189
1757573193176 23.52856717396522 190
1757573193250 23.442748068426887 191
1757573193316 23.357511886753045 192
1757573193389 23.272851186655952 193
1757573193462 23.18875865979286 194
1757573193539 23.105227128726355 195
1757573193605 23.0222495439708 196
1757573193675 22.93981898112191 197
1757573193741 22.857928638066568 198
1757573193806 22.776571832270314 199
1757573193870 22.69574199813978 200
1757573193936 22.615432684457645 201
1757573194004 22.535637551887707 202
1757573194069 22.456350370547625 203
1757573194135 22.377565017647346 204
1757573194216 22.29927547519079 205
1757573194281 22.221475827738953 206
1757573194349 22.144160260232294 207
1757573194415 22.06732305587058 208
1757573194481 21.990958594048248 209
1757573194549 21.915061348343663 210
1757573194636 21.83962588456036 211
1757573194719 21.764646858818768 212
1757573194789 21.690119015696833 213
1757573194887 21.61603718641785 214
1757573194958 21.542396287084237 215
1757573195034 21.469191316955715 216
1757573195106 21.39641735677046 217
1757573195172 21.324069567108083 218
1757573195270 21.252143186793038 219
1757573195337 21.180633531337218 220
1757573195407 21.10953599142062 221
1757573195474 21.03884603140894 222
1757573195543 20.96855918790692 223
1757573195609 20.898671068346417 224
1757573195678 20.82917734960825 225
1757573195753 20.760073776676688 226
1757573195820 20.6913561613257 227
1757573195888 20.62302038083612 228
1757573195955 20.555062376742637 229
1757573196030 20.48747815360997 230
1757573196100 20.420263777837242 231
1757573196167 20.353415376489785 232
1757573196249 20.28692913615768 233
1757573196318 20.220801301840147 234
1757573196383 20.155028175855197 235
1757573196452 20.089606116773705 236
1757573196518 20.024531538377385 237
1757573196584 19.959800908639885 238
1757573196650 19.895410748730388 239
1757573196716 19.831357632039207 240
1757573196788 19.767638183224626 241
1757573196859 19.704249077280565 242
1757573196926 19.641187038624388 243
1757573196992 19.578448840204427 244
1757573197064 19.516031302626605 245
1757573197133 19.453931293299746 246
1757573197202 19.392145725598986 247
1757573197281 19.330671558046944 248
1757573197351 19.269505793512035 249
1757573197423 19.20864547842364 250
1757573197491 19.14808770200362 251
1757573197559 19.087829595513725 252
1757573197626 19.02786833151863 253
1757573197700 18.968201123164025 254
1757573197769 18.908825223469574 255
1757573197843 18.849737924636223 256
1757573197911 18.790936557367566 257
1757573197979 18.732418490204978 258
1757573198046 18.67418112887598 259
1757573198118 18.61622191565587 260
1757573198185 18.55853832874187 261
1757573198265 18.501127881639867 262
1757573198373 18.443988122563194 263
1757573198460 18.387116633843288 264
1757573198541 18.330511031351932 265
1757573198629 18.274168963934763 266
1757573198710 18.21808811285582 267
1757573198793 18.162266191252883 268
1757573198882 18.106700943603325 269
1757573198973 18.051390145200266 270
1757573199067 17.996331601638737 271
1757573199176 17.941523148311727 272
1757573199256 17.886962649915777 273
1757573199345 17.832647999965992 274
1757573199427 17.778577120320215 275
1757573199511 17.724747960712158 276
1757573199599 17.671158498293337 277
1757573199687 17.61780673718357 278
1757573199770 17.564690708029826 279
1757573199858 17.51180846757336 280
1757573199967 17.459158098224805 281
1757573200058 17.406737707647167 282
1757573200226 17.354545428346473 283
1757573200361 17.302579417269953 284
1757573200477 17.250837855411596 285
1757573200566 17.199318947424892 286
1757573200648 17.148020921242637 287
1757573200730 17.096942027703626 288
1757573200810 17.04608054018614 289
1757573200899 16.995434754248024 290
1757573200990 16.945002987273245 291
1757573201070 16.89478357812483 292
1757573201145 16.844774886803958 293
1757573201219 16.794975294115225 294
1757573201298 16.74538320133781 295
1757573201383 16.695997029902504 296
1757573201464 16.64681522107448 297
1757573201535 16.597836235641648 298
1757573201607 16.549058553608536 299
1757573201679 16.500480673895535 300
1757573201750 16.45210111404344 301
1757573201822 16.403918409923154 302
1757573201899 16.355931115450474 303
1757573201988 16.30813780230585 304
1757573202070 16.260537059659033 305
1757573202147 16.213127493898476 306
1757573202217 16.165907728365422 307
1757573202354 16.11887640309264 308
1757573202630 16.072032174547605 309
1757573202822 16.025373715380116 310
1757573202970 15.978899714174299 311
1757573203209 15.932608875204767 312
1757573203394 15.88649991819706 313
1757573203562 15.840571578092097 314
1757573203710 15.794822604814652 315
1757573203817 15.74925176304582 316
1757573203950 15.703857831999283 317
1757573204128 15.65863960520142 318
1757573204250 15.613595890275096 319
1757573204370 15.56872550872713 320
1757573204536 15.524027295739323 321
1757573204661 15.479500099963033 322
1757573204775 15.435142783317163 323
1757573204906 15.390954220789576 324
1757573205052 15.346933300241785 325
1757573205202 15.303078922216972 326
1757573205328 15.259389999751155 327
1757573205463 15.215865458187512 328
1757573205562 15.172504234993829 329
1757573205667 15.12930527958293 330
1757573205926 15.086267553136112 331
1757573206047 15.043390028429497 332
1757573206151 15.000671689663253 333
1757573206262 14.958111532293643 334
1757573206388 14.915708562867819 335
1757573206526 14.873461798861362 336
1757573206643 14.831370268518464 337
1757573206814 14.789433010694749 338
1757573206949 14.74764907470268 339
1757573207062 14.706017520159463 340
1757573207185 14.66453741683746 341
1757573207322 14.623207844517022 342
1757573207445 14.582027892841765 343
1757573207574 14.540996661176132 344
1757573207704 14.500113258465333 345
1757573207837 14.459376803097514 346
1757573207960 14.418786422768184 347
1757573208045 14.378341254346811 348
1757573208126 14.338040443745612 349
1757573208201 14.297883145790431 350
1757573208282 14.257868524093702 351
1757573208357 14.217995750929454 352
1757573208428 14.17826400711036 353
1757573208513 14.13867248186671 354
1757573208588 14.09922037272735 355
1757573208674 14.059906885402537 356
1757573208749 14.020731233668647 357
1757573208829 13.981692639254756 358
1757573208918 13.942790331730974 359
1757573208994 13.904023548398644 360
1757573209065 13.865391534182207 361
1757573209137 13.826893541522836 362
1757573209206 13.788528830273728 363
1757573209276 13.750296667597105 364
1757573209351 13.712196327862795 365
1757573209418 13.674227092548433 366
1757573209485 13.636388250141264 367
1757573209572 13.598679096041467 368
1757573209645 13.561098932467026 369
1757573209722 13.523647068360079 370
1757573209802 13.48632281929476 371
1757573209878 13.44912550738648 372
1757573209947 13.412054461202622 373
1757573210015 13.375109015674669 374
1757573210084 13.338288512011667 375
1757573210154 13.301592297615084 376
1757573210224 13.265019725994959 377
1757573210293 13.228570156687388 378
1757573210368 13.192242955173294 379
1757573210437 13.156037492798452 380
1757573210505 13.11995314669477 381
1757573210585 13.08398929970278 382
1757573210657 13.048145340295335 383
1757573210727 13.012420662502517 384
1757573210799 12.976814665837662 385
1757573210880 12.941326755224564 386
1757573210952 12.905956340925801 387
1757573211021 12.870702838472145 388
1757573211091 12.83556566859308 389
1757573211163 12.800544257148415 390
1757573211231 12.76563803506087 391
1757573211303 12.730846438249793 392
1757573211380 12.69616890756584 393
1757573211459 12.661604888726652 394
1757573211535 12.62715383225356 395
1757573211616 12.592815193409217 396
1757573211694 12.558588432136201 397
1757573211768 12.524473012996559 398
1757573211840 12.490468405112269 399
1757573211918 12.456574082106595 400
1757573211990 12.422789522046367 401
1757573212062 12.389114207385113 402
1757573212134 12.35554762490705 403
1757573212210 12.322089265671943 404
1757573212283 12.28873862496081 405
1757573212356 12.255495202222408 406
1757573212433 12.22235850102054 407
1757573212506 12.18932802898222 408
1757573212584 12.156403297746506 409
1757573212658 12.12358382291421 410
1757573212753 12.090869123998301 411
1757573212833 12.058258724375083 412
1757573212907 12.025752151236096 413
1757573212989 11.993348935540734 414
1757573213063 11.961048611969575 415
1757573213136 11.928850718878431 416
1757573213209 11.896754798253033 417
1757573213281 11.864760395664462 418
1757573213360 11.832867060225178 419
1757573213438 11.801074344545759 420
1757573213517 11.769381804692228 421
1757573213590 11.73778900014407 422
1757573213673 11.706295493752842 423
1757573213755 11.674900851701379 424
1757573213828 11.64360464346365 425
1757573213903 11.61240644176517 426
1757573213979 11.581305822544019 427
1757573214054 11.550302364912413 428
1757573214124 11.519395651118867 429
1757573214196 11.488585266510885 430
1757573214272 11.457870799498231 431
1757573214347 11.427251841516721 432
1757573214420 11.396727986992538 433
1757573214497 11.36629883330708 434
1757573214569 11.335963980762338 435
1757573214651 11.305723032546748 436
1757573214722 11.27557559470155 437
1757573214792 11.245521276087649 438
1757573214864 11.215559688352961 439
1757573214938 11.185690445900208 440
1757573215061 11.155913165855205 441
1757573215138 11.126227468035587 442
1757573215212 11.096632974920015 443
1757573215286 11.067129311617792 444
1757573215360 11.037716105838944 445
1757573215431 11.008392987864742 446
1757573215508 10.97915959051859 447
1757573215591 10.950015549137404 448
1757573215678 10.920960501543364 449
1757573215759 10.89199408801606 450
1757573215872 10.86311595126507 451
1757573215973 10.834325736402901 452
1757573216075 10.805623090918333 453
1757573216160 10.777007664650142 454
1757573216244 10.748479109761181 455
1757573216338 10.720037080712846 456
1757573216428 10.691681234239896 457
1757573216515 10.66341122932564 458
1757573216610 10.635226727177457 459
1757573216719 10.607127391202686 460
1757573216798 10.579112886984817 461
1757573216885 10.551182882260076 462
1757573216981 10.523337046894277 463
1757573217097 10.495575052860056 464
1757573217192 10.46789657421436 465
1757573217282 10.440301287076304 466
1757573217372 10.412788869605349 467
1757573217465 10.385359001979708 468
1757573217567 10.358011366375132 469
1757573217666 10.33074564694395 470
1757573217777 10.303561529794406 471
1757573217873 10.276458702970304 472
1757573217983 10.249436856430895 473
1757573218139 10.222495682031076 474
1757573218230 10.195634873501858 475
1757573218318 10.168854126431073 476
1757573218405 10.142153138244394 477
1757573218488 10.115531608186577 478
1757573218568 10.088989237302982 479
1757573218651 10.062525728421326 480
1757573218736 10.036140786133707 481
1757573218826 10.009834116778872 482
1757573218909 9.983605428424696 483
1757573218985 9.957454430850945 484
1757573219065 9.931380835532236 485
1757573219145 9.905384355621253 486
1757573219227 9.879464705932161 487
1757573219338 9.853621602924274 488
1757573219611 9.827854764685934 489
1757573219787 9.802163910918582 490
1757573219900 9.776548762921093 491
1757573220001 9.751009043574268 492
1757573220127 9.725544477325576 493
1757573220293 9.700154790174057 494
1757573220415 9.674839709655476 495
1757573220532 9.649598964827629 496
1757573220647 9.624432286255876 497
1757573220781 9.59933940599885 498
1757573220890 9.574320057594349 499
