1757432599517 180.94873277823035 0
1757432599549 163.96491865002133 1
1757432599576 157.22899977570995 2
1757432599606 150.6221852046284 3
1757432599632 144.5031979510337 4
1757432599661 138.816057961235 5
1757432599688 133.52662170704727 6
1757432599716 128.60283935806675 7
1757432599744 124.01539219866679 8
1757432599773 119.73742198599483 9
1757432599800 115.74432280104057 10
1757432599840 112.01354894324636 11
1757432599869 108.52443938472284 12
1757432599897 105.25805727308914 13
1757432599925 102.19704319352124 14
1757432599953 99.3254810072966 15
1757432599980 96.62877518606952 16
1757432600009 94.09353865407847 17
1757432600035 91.70749023546212 18
1757432600067 89.45936088152172 19
1757432600093 87.33880792374559 20
1757432600121 85.33633666327977 21
1757432600148 83.44322866681586 22
1757432600175 81.65147619305073 23
1757432600202 79.95372222339526 24
1757432600228 78.3432056158679 25
1757432600257 76.81371094247504 26
1757432600287 75.3595226081857 27
1757432600336 73.97538288416055 28
1757432600421 72.65645351947562 29
1757432600451 71.39828062444255 30
1757432600479 70.19676254500791 31
1757432600507 69.04812047182281 32
1757432600535 67.94887154960968 33
1757432600570 66.89580427259389 34
1757432600598 65.88595597017395 35
1757432600626 64.91659220382908 36
1757432600663 63.98518791163913 37
1757432600691 63.089410150846305 38
1757432600720 62.22710230173359 39
1757432600748 61.39626960783532 40
1757432600778 60.59506593822671 41
1757432600806 59.821781667446906 42
1757432600842 59.07483257757545 43
1757432600869 58.35274969517574 44
1757432600896 57.65416998330871 45
1757432600923 56.97782781566575 46
1757432600950 56.32254716612683 47
1757432600978 55.687234452769374 48
1757432601004 55.070871980581 49
1757432601031 54.47251193190805 50
1757432601066 53.89127085803915 51
1757432601103 53.3263246293163 52
1757432601141 52.776903804814935 53
1757432601182 52.242289385970764 54
1757432601213 51.72180892158047 55
1757432601245 51.21483293439107 56
1757432601276 50.720771642040766 57
1757432601305 50.23907194744365 58
1757432601345 49.76921467583986 59
1757432601375 49.31071203767961 60
1757432601419 48.86310529828884 61
1757432601450 48.42596263689132 62
1757432601482 47.99887717904906 63
1757432601512 47.58146518794287 64
1757432601553 47.1733644011576 65
1757432601598 46.7742325007736 66
1757432601652 46.383745705604404 67
1757432601681 46.001597475371256 68
1757432601709 45.62749731747314 69
1757432601738 45.261169687805626 70
1757432601767 44.90235297780776 71
1757432601799 44.55079858058019 72
1757432601828 44.20627002952526 73
1757432601866 43.86854220351435 74
1757432601894 43.537400593096265 75
1757432601922 43.212640622723974 76
1757432601953 42.89406702440233 77
1757432601983 42.58149325854725 78
1757432602015 42.27474097820195 79
1757432602050 41.973639533081375 80
1757432602085 41.67802551021214 81
1757432602116 41.387742308207464 82
1757432602146 41.102639742465676 83
1757432602177 40.822573678807345 84
1757432602205 40.547405693274875 85
1757432602234 40.27700275600846 86
1757432602262 40.011236937286384 87
1757432602291 39.74998513397727 88
1757432602321 39.49312881479722 89
1757432602350 39.24055378289883 90
1757432602380 38.992149954440656 91
1757432602409 38.74781115189758 92
1757432602439 38.50743491097515 93
1757432602472 38.27092230008408 94
1757432602505 38.03817775141741 95
1757432602536 37.80910890275053 96
1757432602567 37.583626449157144 97
1757432602598 37.361644003899045 98
1757432602627 37.14307796780853 99
1757432602666 36.927847406537246 100
1757432602695 36.71587393509572 101
1757432602725 36.50708160915432 102
1757432602755 36.30139682261873 103
1757432602785 36.098748211032095 104
1757432602815 35.89906656039125 105
1757432602847 35.702284720997596 106
1757432602886 35.508337525992715 107
1757432602934 35.31716171425682 108
1757432602965 35.12869585737253 109
1757432602995 34.94288029038039 110
1757432603025 34.75965704607336 111
1757432603054 34.578969792596716 112
1757432603087 34.400763774138355 113
1757432603117 34.22498575450996 114
1757432603147 34.0515839634356 115
1757432603186 33.88050804537706 116
1757432603217 33.71170901073882 117
1757432603247 33.54513918930666 118
1757432603276 33.38075218578496 119
1757432603306 33.21850283730731 120
1757432603337 33.05834717280456 121
1757432603367 32.90024237412223 122
1757432603397 32.74414673878731 123
1757432603428 32.59001964433142 124
1757432603474 32.437821514083815 125
1757432603504 32.28751378435353 126
1757432603535 32.13905887292587 127
1757432603565 31.992420148803326 128
1757432603597 31.8475619031255 129
1757432603635 31.704449321207502 130
1757432603666 31.563048455639677 131
1757432603695 31.423326200395742 132
1757432603724 31.285250265899435 133
1757432603760 31.148789155003232 134
1757432603790 31.013912139835394 135
1757432603820 30.88058923947452 136
1757432603849 30.74879119841311 137
1757432603889 30.618489465774058 138
1757432603918 30.48965617524618 139
1757432603948 30.362264125706727 140
1757432603977 30.236286762500995 141
1757432604006 30.111698159350432 142
1757432604035 29.988473000862683 143
1757432604066 29.866586565618235 144
1757432604097 29.746014709809774 145
1757432604127 29.62673385141171 146
1757432604157 29.508720954858468 147
1757432604186 29.391953516211306 148
1757432604215 29.276409548794494 149
1757432604245 29.16206756928255 150
1757432604274 29.048906584221378 151
1757432604304 28.93690607696667 152
1757432604334 28.826045995024156 153
1757432604363 28.71630673777664 154
1757432604393 28.607669144583706 155
1757432604422 28.5001144832407 156
1757432604451 28.39362443878385 157
1757432604481 28.288181102629487 158
1757432604510 28.18376696203543 159
1757432604540 28.0803648898734 160
1757432604570 27.977958134701712 161
1757432604603 27.876530311127954 162
1757432604632 27.776065390451777 163
1757432604662 27.676547691578488 164
1757432604692 27.57796187219429 165
1757432604730 27.480292920194493 166
1757432604762 27.383526145356562 167
1757432604792 27.28764717124977 168
1757432604822 27.192641927373945 169
1757432604853 27.098496641519926 170
1757432604891 27.005197832344574 171
1757432604923 26.912732302153568 172
1757432604953 26.821087129885434 173
1757432604997 26.730249664290483 174
1757432605027 26.640207517298546 175
1757432605057 26.550948557569683 176
1757432605091 26.462460904222198 177
1757432605124 26.374732920732562 178
1757432605153 26.287753209001874 179
1757432605184 26.201510603583994 180
1757432605219 26.1159941660702 181
1757432605250 26.0311931796259 182
1757432605280 25.947097143674707 183
1757432605310 25.863695768725428 184
1757432605341 25.780978971337902 185
1757432605371 25.698936869223363 186
1757432605402 25.617559776475492 187
1757432605432 25.536838198928297 188
1757432605462 25.456762829637075 189
1757432605492 25.37732454447883 190
1757432605531 25.298514397868807 191
1757432605564 25.220323618589628 192
1757432605595 25.142743605729855 193
1757432605626 25.0657659247288 194
1757432605657 24.98938230352458 195
1757432605687 24.913584628802397 196
1757432605718 24.838364942340213 197
1757432605748 24.763715437449047 198
1757432605779 24.689628455505254 199
1757432605809 24.616096482572054 200
1757432605839 24.543112146108005 201
1757432605871 24.4706682117597 202
1757432605909 24.398757580236612 203
1757432605940 24.327373284265562 204
1757432605972 24.256508485622717 205
1757432606004 24.18615647224088 206
1757432606034 24.116310655390077 207
1757432606064 24.046964566929276 208
1757432606096 23.9781118566274 209
1757432606128 23.909746289551663 210
1757432606159 23.841861743521324 211
1757432606190 23.77445220662525 212
1757432606221 23.70751177480127 213
1757432606252 23.641034649475827 214
1757432606283 23.57501513526231 215
1757432606314 23.50944763771624 216
1757432606345 23.444326661146064 217
1757432606376 23.37964680647779 218
1757432606407 23.315402769172213 219
1757432606438 23.25158933719315 220
1757432606471 23.188201389025437 221
1757432606502 23.12523389174127 222
1757432606533 23.062681899113674 223
1757432606566 23.000540549775685 224
1757432606598 22.93880506542427 225
1757432606629 22.877470749067527 226
1757432606661 22.816532983314232 227
1757432606692 22.755987228704498 228
1757432606723 22.69582902208045 229
1757432606755 22.636053974995924 230
1757432606786 22.576657772164154 231
1757432606818 22.51763616994232 232
1757432606849 22.45898499485224 233
1757432606881 22.40070014213598 234
1757432606922 22.34277757434571 235
1757432606956 22.285213319966715 236
1757432606988 22.228003472072846 237
1757432607020 22.17114418701349 238
1757432607051 22.11463168313128 239
1757432607083 22.058462239509698 240
1757432607117 22.002632194749896 241
1757432607152 21.947137945775857 242
1757432607184 21.891975946667255 243
1757432607216 21.83714270751932 244
1757432607248 21.782634793328914 245
1757432607279 21.728448822906252 246
1757432607311 21.674581467811567 247
1757432607343 21.62102945131611 248
1757432607385 21.567789547386788 249
1757432607448 21.51485857969398 250
1757432607510 21.462233420641823 251
1757432607545 21.40991099042046 252
1757432607583 21.357888256079686 253
1757432607647 21.306162230623443 254
1757432607743 21.25472997212464 255
1757432607807 21.203588582859854 256
1757432607865 21.1527352084633 257
1757432607928 21.102167037099687 258
1757432607972 21.051881298655427 259
1757432608013 21.001875263947817 260
1757432608055 20.952146243951674 261
1757432608096 20.902691589043023 262
1757432608140 20.853508688259417 263
1757432608184 20.804594968576506 264
1757432608226 20.755947894200347 265
1757432608265 20.7075649658753 266
1757432608305 20.65944372020684 267
1757432608347 20.61158172899915 268
1757432608389 20.563976598606974 269
1757432608433 20.516625969301586 270
1757432608475 20.469527514650252 271
1757432608516 20.422678940909154 272
1757432608560 20.37607798642921 273
1757432608601 20.329722421074624 274
1757432608647 20.283610045653834 275
1757432608687 20.237738691362537 276
1757432608730 20.192106219238475 277
1757432608771 20.14671051962778 278
1757432608813 20.101549511662554 279
1757432608854 20.056621142749425 280
1757432608898 20.011923388068812 281
1757432608948 19.967454250084618 282
1757432608989 19.92321175806425 283
1757432609030 19.879193967608494 284
1757432609072 19.835398960191192 285
1757432609113 19.791824842708436 286
1757432609156 19.748469747037042 287
1757432609197 19.705331829602105 288
1757432609241 19.662409270953418 289
1757432609282 19.619700275350546 290
1757432609321 19.57720307035638 291
1757432609363 19.534915906438936 292
1757432609404 19.49283705658123 293
1757432609444 19.45096481589906 294
1757432609533 19.409297501266472 295
1757432609579 19.36783345094879 296
1757432609625 19.326571024242966 297
1757432609668 19.285508601125173 298
1757432609716 19.244644581905387 299
1757432609769 19.203977386888837 300
1757432609873 19.163505456044224 301
1757432609943 19.12322724867846 302
1757432610013 19.083141243117804 303
1757432610056 19.04324593639535 304
1757432610099 19.00353984394458 305
1757432610143 18.96402149929891 306
1757432610186 18.924689453797146 307
1757432610233 18.885542276294657 308
1757432610275 18.84657855288014 309
1757432610318 18.80779688659785 310
1757432610361 18.769195897175244 311
1757432610402 18.730774220755816 312
1757432610442 18.692530509637113 313
1757432610487 18.6544634320137 314
1757432610532 18.61657167172509 315
1757432610587 18.578853928008442 316
1757432610640 18.541308915255986 317
1757432610724 18.503935362776982 318
1757432610774 18.46673201456426 319
1757432610826 18.429697629065068 320
1757432610874 18.392830978956276 321
1757432610924 18.356130850923808 322
1757432610984 18.319596045446104 323
1757432611030 18.283225376581758 324
1757432611076 18.247017671760947 325
1757432611122 18.210971771580844 326
1757432611174 18.17508652960475 327
1757432611217 18.13936081216493 328
1757432611259 18.103793498169104 329
1757432611309 18.068383478910462 330
1757432611475 18.033129657881148 331
1757432611792 17.998030950589158 332
1757432611888 17.96308628437855 333
1757432612055 17.928294598252947 334
1757432612128 17.89365484270215 335
1757432612177 17.859165979532015 336
1757432612228 17.824826981697253 337
1757432612279 17.7906368331373 338
1757432612323 17.7565945286151 339
1757432612371 17.72269907355881 340
1757432612447 17.688949483906235 341
1757432612512 17.655344785952092 342
1757432612582 17.621884016197978 343
1757432612642 17.58856622120493 344
1757432612716 17.555390457448635 345
1757432612768 17.52235579117716 346
1757432612855 17.48946129827118 347
1757432612934 17.45670606410663 348
1757432612985 17.424089183419778 349
1757432613058 17.3916097601746 350
1757432613105 17.359266907432517 351
1757432613152 17.32705974722429 352
1757432613199 17.294987410424227 353
1757432613247 17.263049036626477 354
1757432613309 17.231243774023472 355
1757432613385 17.19957077928643 356
1757432613477 17.168029217447938 357
1757432613548 17.136618261786477 358
1757432613601 17.10533709371295 359
1757432613674 17.07418490265909 360
1757432613736 17.04316088596781 361
1757432613798 17.012264248785318 362
1757432613866 16.981494203955105 363
1757432613912 16.9508499719137 364
1757432613995 16.920330780588134 365
1757432614061 16.889935865295147 366
1757432614111 16.859664468642034 367
1757432614160 16.82951584042918 368
1757432614205 16.799489237554173 369
1757432614251 16.769583923917487 370
1757432614310 16.739799170329754 371
1757432614401 16.71013425442051 372
1757432614448 16.680588460548485 373
1757432614502 16.651161079713322 374
1757432614586 16.621851409468732 375
1757432614689 16.592658753837064 376
1757432614759 16.563582423225284 377
1757432614831 16.534621734342263 378
1757432614878 16.505776010117437 379
1757432614945 16.47704457962074 380
1757432615016 16.44842677798385 381
1757432615088 16.41992194632269 382
1757432615151 16.391529431661137 383
1757432615278 16.363248586855974 384
1757432615394 16.335078770523012 385
1757432615450 16.307019346964392 386
1757432615519 16.279069686097046 387
1757432615592 16.251229163382245 388
1757432615696 16.223497159756302 389
1757432615815 16.1958730615623 390
1757432615938 16.168356260482973 391
1757432616058 16.140946153474523 392
1757432616125 16.113642142701575 393
1757432616182 16.08644363547306 394
1757432616229 16.059350044179123 395
1757432616275 16.032360786228995 396
1757432616362 16.005475283989846 397
1757432616444 15.978692964726523 398
1757432616506 15.952013260542282 399
1757432616574 15.92543560832034 400
1757432616644 15.898959449666398 401
1757432616720 15.872584230851993 402
1757432616778 15.846309402758704 403
1757432616842 15.820134420823232 404
1757432616921 15.794058744983277 405
1757432616977 15.768081839624257 406
1757432617030 15.742203173526786 407
1757432617088 15.716422219814994 408
1757432617146 15.690738455905578 409
1757432617201 15.665151363457593 410
1757432617352 15.639660428323058 411
1757432617483 15.614265140498231 412
1757432617555 15.588964994075639 413
1757432617660 15.563759487196776 414
1757432617733 15.538648122005556 415
1757432617804 15.513630404602386 416
1757432617870 15.48870584499896 417
1757432617926 15.463873957073673 418
1757432617984 15.439134258527735 419
1757432618055 15.414486270841854 420
1757432618125 15.389929519233606 421
1757432618178 15.365463532615392 422
1757432618226 15.341087843553012 423
1757432618274 15.31680198822482 424
1757432618331 15.292605506381479 425
1757432618417 15.268497941306297 426
1757432618472 15.244478839776106 427
1757432618526 15.220547752022703 428
1757432618587 15.196704231694879 429
1757432618664 15.17294783582092 430
1757432618730 15.149278124771682 431
1757432618815 15.125694662224175 432
1757432618881 15.102197015125672 433
1757432618959 15.078784753658288 434
1757432619031 15.05545745120408 435
1757432619101 15.032214684310647 436
1757432619167 15.009056032657158 437
1757432619230 14.98598107902091 438
1757432619297 14.962989409244313 439
1757432619364 14.940080612202348 440
1757432619441 14.917254279770447 441
1757432619499 14.894510006792865 442
1757432619574 14.871847391051428 443
1757432619643 14.849266033234741 444
1757432619709 14.826765536907812 445
1757432619775 14.804345508482106 446
1757432619921 14.782005557185949 447
1757432620043 14.759745295035392 448
1757432620124 14.73756433680546 449
1757432620230 14.715462300001748 450
1757432620293 14.693438804832432 451
1757432620414 14.671493474180677 452
1757432620530 14.649625933577338 453
1757432620606 14.627835811174116 454
1757432620646 14.606122737717003 455
1757432620789 14.584486346520109 456
1757432620890 14.562926273439842 457
1757432620982 14.541442156849397 458
1757432621044 14.52003363761362 459
1757432621137 14.498700359064182 460
1757432621196 14.477441966975068 461
1757432621238 14.456258109538405 462
1757432621279 14.435148437340597 463
1757432621323 14.414112603338772 464
1757432621376 14.39315026283755 465
1757432621487 14.372261073466067 466
1757432621594 14.351444695155337 467
1757432621747 14.330700790115907 468
1757432621815 14.310029022815757 469
1757432621856 14.289429059958536 470
1757432621895 14.268900570462035 471
1757432621935 14.248443225436958 472
1757432621976 14.228056698165943 473
1757432622017 14.207740664082875 474
1757432622058 14.18749480075244 475
1757432622099 14.167318787849942 476
1757432622139 14.14721230714138 477
1757432622176 14.127175042463753 478
1757432622224 14.107206679705662 479
1757432622265 14.087306906788076 480
1757432622307 14.067475413645427 481
1757432622348 14.04771189220686 482
1757432622387 14.028016036377762 483
1757432622428 14.008387542021522 484
1757432622468 13.988826106941474 485
1757432622509 13.96933143086311 486
1757432622549 13.949903215416482 487
1757432622589 13.930541164118829 488
1757432622631 13.911244982357411 489
1757432622671 13.892014377372561 490
1757432622712 13.872849058240925 491
1757432622757 13.853748735858936 492
1757432622797 13.83471312292645 493
1757432622838 13.815741933930598 494
1757432622879 13.796834885129847 495
1757432622919 13.777991694538219 496
1757432622959 13.759212081909714 497
1757432623009 13.74049576872295 498
1757432623052 13.721842478165902 499
