1757336066541 156.49913213478024 0
1757336066566 67.59773467474338 1
1757336066597 78.20173868343701 2
1757336066623 55.302388809847955 3
1757336066647 54.476080081042696 4
1757336066670 45.65982690920631 5
1757336066701 43.27893834057293 6
1757336066733 38.96165548506442 7
1757336066759 36.72044233513493 8
1757336066787 34.11003149422966 9
1757336066812 32.26306612817836 10
1757336066836 30.431214827578238 11
1757336066860 28.936303132205836 12
1757336066883 27.531036657094596 13
1757336066910 26.30672353270488 14
1757336066935 25.171187815147224 15
1757336066958 24.149359833452937 16
1757336066982 23.20110016242544 17
1757336067006 22.331928591090744 18
1757336067029 21.521401451993558 19
1757336067053 20.769343989118333 20
1757336067077 20.063960467923213 21
1757336067101 19.403514897391798 22
1757336067125 18.780595144064783 23
1757336067148 18.193194260745152 24
1757336067174 17.636385004385378 25
1757336067198 17.10829519113076 26
1757336067222 16.605517156033805 27
1757336067245 16.12642624147913 28
1757336067269 15.668591453409649 29
1757336067294 15.23064598663388 30
1757336067318 14.810808599038305 31
1757336067341 14.407945078000974 32
1757336067368 14.02071797323424 33
1757336067393 13.648190337670936 34
1757336067418 13.289334588979592 35
1757336067442 12.943375825062901 36
1757336067466 12.609507118883172 37
1757336067490 12.2870843635319 38
1757336067514 11.975460658892514 39
1757336067537 11.674096513261814 40
1757336067562 11.382463125775327 41
1757336067586 11.100104395785358 42
1757336067622 10.826580167300637 43
1757336067649 10.561500864685012 44
1757336067674 10.304493983877078 45
1757336067702 10.055223233258854 46
1757336067730 9.813368594988514 47
1757336067755 9.578636737113607 48
1757336067780 9.35074903038113 49
1757336067805 9.12944707571372 50
1757336067830 8.914485410046682 51
1757336067854 8.70563432563387 52
1757336067879 8.502675358359046 53
1757336067905 8.305402625401989 54
1757336067931 8.113619978693695 55
1757336067955 7.927141547780783 56
1757336067980 7.7457899003036275 57
1757336068005 7.569396171343516 58
1757336068030 7.397798840846254 59
1757336068055 7.230843658541718 60
1757336068080 7.068382805313818 61
1757336068110 6.910274726342401 62
1757336068177 6.756383535922303 63
1757336068226 6.6065788179208225 64
1757336068293 6.460735188351717 65
1757336068349 6.318732092846881 66
1757336068438 6.180453473999895 67
1757336068478 6.045787579686445 68
1757336068506 5.91462670188909 69
1757336068535 5.786867001350389 70
1757336068576 5.662408296579422 71
1757336068632 5.541153906095216 72
1757336068689 5.423010473704981 73
1757336068727 5.307887827595931 74
1757336068753 5.195698832596492 75
1757336068780 5.0863592645486895 76
1757336068810 4.9797876832015024 77
1757336068838 4.875905320065683 78
1757336068864 4.774635967490546 79
1757336068889 4.675905878256396 80
1757336068917 4.579643667641725 81
1757336068943 4.485780223180971 82
1757336068969 4.3942486173753315 83
1757336068995 4.304984026251769 84
1757336069021 4.217923650952962 85
1757336069070 4.133006643937622 86
1757336069104 4.050174038094259 87
1757336069136 3.969368679605919 88
1757336069225 3.890535163525954 89
1757336069281 3.813619772487245 90
1757336069313 3.7385704178927477 91
1757336069400 3.6653365837803356 92
1757336069472 3.593869272940866 93
1757336069534 3.524120955357818 94
1757336069590 3.4560455186868135 95
1757336069659 3.3895982207776596 96
1757336069715 3.324735644042723 97
1757336069767 3.2614156516412374 98
1757336069821 3.199597345336945 99
1757336069876 3.139241024983663 100
1757336069929 3.080308149530624 101
1757336069985 3.022761299496868 102
1757336070045 2.966564140829288 103
1757336070099 2.9116813900934537 104
1757336070157 2.858078780927429 105
1757336070224 2.8057230317099164 106
1757336070279 2.7545818143841774 107
1757336070335 2.7046237243922895 108
1757336070388 2.655818251669529 109
1757336070438 2.6081357526570703 110
1757336070493 2.5615474232891655 111
1757336070544 2.5160252729165524 112
1757336070598 2.471542099127422 113
1757336070649 2.4280714634309737 114
1757336070712 2.385587667769086 115
1757336070765 2.344065731824273 116
1757336070816 2.3034813710928335 117
1757336070867 2.263810975694258 118
1757336070922 2.2250315898887036 119
1757336070973 2.187120892276144 120
1757336071026 2.1500571766515786 121
1757336071114 2.1138193334921516 122
1757336071225 2.0783868320528147 123
1757336071402 2.043739703048401 124
1757336071489 2.009858521900763 125
1757336071545 1.9767243925306206 126
1757336071600 1.9443189316745455 127
1757336071675 1.9126242537083955 128
1757336071730 1.8816229559591966 129
1757336071777 1.8512981044882366 130
1757336071832 1.8216332203288153 131
1757336071889 1.7926122661627686 132
1757336071944 1.7642196334204825 133
1757336072009 1.736440129789716 134
1757336072077 1.7092589671191485 135
1757336072133 1.6826617497030565 136
1757336072207 1.6566344629340872 137
1757336072243 1.6311634623115898 138
1757336072275 1.6062354627933852 139
1757336072309 1.5818375284793895 140
1757336072342 1.5579570626158488 141
1757336072374 1.5345817979094525 142
1757336072499 1.5116997871409112 143
1757336072527 1.4892993940679755 144
1757336072593 1.4673692846083104 145
1757336072646 1.4458984182928754 146
1757336072723 1.4248760399809002 147
1757336072770 1.4042916718277858 148
1757336072805 1.3841351054976412 149
1757336072842 1.3643963946123847 150
1757336072879 1.3450658474297168 151
1757336072950 1.3261340197424458 152
1757336073023 1.3075917079919945 153
1757336073067 1.289429942589112 154
1757336073122 1.2716399814350967 155
1757336073185 1.2542133036370418 156
1757336073250 1.2371416034108589 157
1757336073316 1.2204167841660318 158
1757336073379 1.2040309527662925 159
1757336073455 1.1879764139605888 160
1757336073525 1.172245664978881 161
1757336073563 1.1568313902875729 162
1757336073610 1.1417264564994583 163
1757336073647 1.1269239074333197 164
1757336073703 1.112416959318436 165
1757336073754 1.09819899613943 166
1757336073795 1.0842635651170465 167
1757336073839 1.0706043723205794 168
1757336073881 1.0572152784078537 169
1757336073947 1.0440902944887414 170
1757336074021 1.0312235781083823 171
1757336074064 1.0186094293463792 172
1757336074125 1.0062422870283743 173
1757336074167 0.9941167250465026 174
1757336074220 0.9822274487854011 175
1757336074267 0.9705692916504763 176
1757336074329 0.9591372116952996 177
1757336074372 0.9479262883450978 178
1757336074472 0.9369317192133844 179
1757336074632 0.926148817008875 180
1757336074748 0.9155730065299639 181
1757336074795 0.9051998217440581 182
1757336074884 0.8950249029492182 183
1757336074923 0.8850439940156168 184
1757336074964 0.8752529397043671 185
1757336075022 0.8656476830614241 186
1757336075061 0.8562242628842782 187
1757336075102 0.8469788112592613 188
1757336075150 0.8379075511673406 189
1757336075188 0.8290067941563655 190
1757336075297 0.8202729380777655 191
1757336075349 0.8117024648857947 192
1757336075430 0.8032919384974622 193
1757336075541 0.7950380027113271 194
1757336075602 0.7869373791834537 195
1757336075713 0.7789868654588004 196
1757336075764 0.771183333056438 197
1757336075844 0.7635237256069914 198
1757336075920 0.7560050570407877 199
1757336075993 0.748624409825227 200
1757336076046 0.7413789332499113 201
1757336076096 0.7342658417581813 202
1757336076187 0.7272824133236675 203
1757336076245 0.7204259878705842 204
1757336076282 0.7136939657364688 205
1757336076339 0.7070838061761657 206
1757336076417 0.7005930259058423 207
1757336076480 0.6942191976858977 208
1757336076520 0.6879599489416397 209
1757336076565 0.6818129604206562 210
1757336076620 0.6757759648858176 211
1757336076675 0.6698467458429048 212
1757336076712 0.6640231363018703 213
1757336076780 0.6583030175707681 214
1757336076865 0.6526843180814522 215
1757336076936 0.6471650122461013 216
1757336076981 0.6417431193437518 217
1757336077035 0.6364167024359364 218
1757336077073 0.6311838673106569 219
1757336077125 0.626042761453863 220
1757336077167 0.6209915730476882 221
1757336077215 0.6160285299946733 222
1757336077288 0.6111518989672802 223
1757336077350 0.6063599844819577 224
1757336077415 0.6016511279971065 225
1757336077489 0.5970237070342612 226
1757336077534 0.5924761343218569 227
1757336077590 0.5880068569609587 228
1757336077629 0.5836143556123303 229
1757336077688 0.5792971437042783 230
1757336077754 0.5750537666606865 231
1757336077877 0.5708828011486939 232
1757336078038 0.5667828543454745 233
1757336078135 0.562752563223601 234
1757336078254 0.5587905938544862 235
1757336078323 0.5548956407294053 236
1757336078384 0.5510664260976342 237
1757336078448 0.5473016993212282 238
1757336078519 0.5436002362459967 239
1757336078589 0.5399608385882358 240
1757336078648 0.5363823333367969 241
1757336078706 0.5328635721700835 242
1757336078756 0.5294034308875575 243
1757336078822 0.5260008088553968 244
1757336078872 0.5226546284658972 245
1757336078915 0.51936383461027 246
1757336078968 0.5161273941644782 247
1757336079035 0.5129442954877488 248
1757336079073 0.5098135479334539 249
1757336079144 0.5067341813720058 250
1757336079182 0.5037052457254619 251
1757336079234 0.5007258105135415 252
1757336079278 0.4977949644107242 253
1757336079333 0.4949118148141739 254
1757336079403 0.49207548742218077 255
1757336079468 0.48928512582286043 256
1757336079534 0.48653989109282775 257
1757336079605 0.4838389614056062 258
1757336079658 0.48118153164950056 259
1757336079711 0.4785668130546971 260
1757336079771 0.4759940328293518 261
1757336079827 0.4734624338044332 262
1757336079871 0.4709712740870912 263
1757336079911 0.4685198267223384 264
1757336079953 0.46610737936282776 265
1757336080023 0.46373323394651267 266
1757336080108 0.4613967063820031 267
1757336080291 0.4590971262414 268
1757336080424 0.4568338364604367 269
1757336080528 0.4546061930457305 270
1757336080589 0.45241356478896744 271
1757336080656 0.450255332987837 272
1757336080719 0.4481308911735649 273
1757336080785 0.44603964484484815 274
1757336080837 0.44398101120806593 275
1757336080882 0.4419544189235685 276
1757336080958 0.43995930785793075 277
1757336081021 0.4379951288419888 278
1757336081089 0.43606134343453384 279
1757336081148 0.4341574236915191 280
1757336081216 0.43228285194062976 281
1757336081273 0.43043712056110095 282
1757336081329 0.4286197317686379 283
1757336081390 0.42683019740531974 284
1757336081467 0.425068038734358 285
1757336081515 0.4233327862395993 286
1757336081567 0.4216239794296407 287
1757336081610 0.4199411666464551 288
1757336081666 0.4182839048784161 289
1757336081710 0.41665175957759765 290
1757336081783 0.415044304481275 291
1757336081882 0.4134611214374846 292
1757336081965 0.411901800234579 293
1757336082073 0.41036593843465874 294
1757336082154 0.4088531412107889 295
1757336082246 0.4073630211879226 296
1757336082306 0.4058951982874158 297
1757336082351 0.40444929957506875 298
1757336082395 0.40302495911260616 299
1757336082438 0.4016218178124921 300
1757336082478 0.4002395232960286 301
1757336082530 0.39887772975463975 302
1757336082690 0.39753609781426663 303
1757336082823 0.396214294402805 304
1757336082874 0.39491199262050525 305
1757336082914 0.39362887161327614 306
1757336082972 0.3923646164488007 307
1757336083031 0.3911189179954211 308
1757336083072 0.38989147280370984 309
1757336083110 0.3886819829906764 310
1757336083146 0.3874901561265337 311
1757336083180 0.386315705123967 312
1757336083285 0.3851583481298571 313
1757336083331 0.38401780841938976 314
1757336083379 0.3828938142924867 315
1757336083426 0.381786098972526 316
1757336083554 0.38069440050727626 317
1757336083653 0.3796184616720069 318
1757336083760 0.37855802987471643 319
1757336083802 0.37751285706342863 320
1757336083853 0.37648269963551134 321
1757336083935 0.3754673183489728 322
1757336084017 0.37446647823568113 323
1757336084085 0.37347994851647287 324
1757336084147 0.37250750251809134 325
1757336084231 0.37154891759193537 326
1757336084274 0.37060397503455167 327
1757336084360 0.3696724600098451 328
1757336084429 0.3687541614729674 329
1757336084486 0.36784887209583905 330
1757336084530 0.366956388194264 331
1757336084586 0.36607650965661853 332
1757336084640 0.3652090398740536 333
1757336084686 0.36435378567219756 334
1757336084746 0.36351055724430825 335
1757336084804 0.3626791680858485 336
1757336084879 0.3618594349304611 337
1757336084932 0.36105117768728767 338
1757336085007 0.3602542193796307 339
1757336085095 0.35946838608490544 340
1757336085147 0.35869350687585716 341
1757336085213 0.3579294137630247 342
1757336085271 0.3571759416384138 343
1757336085328 0.35643292822034917 344
1757336085390 0.3557002139994905 345
1757336085452 0.3549776421859715 346
1757336085511 0.3542650586576594 347
1757336085568 0.3535623119094741 348
1757336085737 0.35286925300378286 349
1757336085872 0.3521857355218173 350
1757336085928 0.3515116155161 351
1757336086016 0.3508467514638629 352
1757336086052 0.3501910042214302 353
1757336086090 0.3495442369795398 354
1757336086130 0.3489063152195898 355
1757336086171 0.3482771066707903 356
1757336086210 0.347656481268191 357
1757336086322 0.3470443111115782 358
1757336086376 0.34644047042520487 359
1757336086436 0.3458448355183575 360
1757336086521 0.3452572847467192 361
1757336086622 0.344677698474526 362
1757336086693 0.3441059590374944 363
1757336086798 0.34354195070650123 364
1757336086902 0.3429855596520044 365
1757336086984 0.3424366739091804 366
1757336087101 0.34189518334377045 367
1757336087182 0.3413609796186198 368
1757336087277 0.3408339561608813 369
1757336087362 0.34031400812989704 370
1757336087441 0.3398010323857084 371
1757336087519 0.33929492745820927 372
1757336087641 0.33879559351691046 373
1757336087711 0.33830293234131664 374
1757336087823 0.33781684729188727 375
1757336087860 0.33733724328158354 376
1757336087929 0.3368640267479741 377
1757336088035 0.336397105625903 378
1757336088083 0.3359363893206965 379
1757336088122 0.3354817886818946 380
1757336088257 0.33503321597751223 381
1757336088354 0.3345905848688065 382
1757336088418 0.3341538103855313 383
1757336088510 0.3337228089016882 384
1757336088631 0.3332974981117541 385
1757336088759 0.3328777970073678 386
1757336088810 0.33246362585448136 387
1757336088847 0.3320549061709459 388
1757336088894 0.3316515607045517 389
1757336089005 0.33125351341147496 390
1757336089123 0.330860689435165 391
1757336089227 0.3304730150856212 392
1757336089298 0.33009041781908877 393
1757336089382 0.3297128262181319 394
1757336089443 0.32934016997210275 395
1757336089524 0.32897237985797895 396
1757336089595 0.328609387721577 397
1757336089653 0.3282511264591183 398
1757336089732 0.32789752999915434 399
1757336089818 0.3275485332848351 400
1757336089873 0.3272040722565187 401
1757336089931 0.32686408383470617 402
1757336090003 0.32652850590330834 403
1757336090090 0.3261972772932277 404
1757336090170 0.3258703377662494 405
1757336090215 0.3255476279992411 406
1757336090276 0.3252290895686451 407
1757336090373 0.3249146649352738 408
1757336090450 0.3246042974293788 409
1757336090523 0.32429793123600653 410
1757336090590 0.32399551138063326 411
1757336090641 0.32369698371505673 412
1757336090732 0.3234022949035689 413
1757336090805 0.323111392409365 414
1757336090853 0.3228242244812264 415
1757336090909 0.3225407401404389 416
1757336090978 0.3222608891679535 417
1757336091026 0.32198462209179207 418
1757336091073 0.3217118901746814 419
1757336091123 0.32144264540191547 420
1757336091171 0.32117684046944067 421
1757336091219 0.3209144287721605 422
1757336091310 0.3206553643924598 423
1757336091391 0.32039960208893026 424
1757336091460 0.32014709728530844 425
1757336091517 0.31989780605961365 426
1757336091583 0.3196516851334818 427
1757336091688 0.3194086918617005 428
1757336091851 0.31916878422192424 429
1757336091942 0.31893192080458194 430
1757336092021 0.3186980608029631 431
1757336092166 0.31846716400349095 432
1757336092252 0.3182391907761603 433
1757336092300 0.31801410206515174 434
1757336092344 0.3177918593796166 435
1757336092383 0.3175724247846265 436
1757336092424 0.31735576089227757 437
1757336092466 0.317141830852965 438
1757336092562 0.3169305983468047 439
1757336092635 0.3167220275752097 440
1757336092688 0.31651608325261377 441
1757336092768 0.3163127305983492 442
1757336092858 0.3161119353286571 443
1757336092937 0.31591366364884893 444
1757336093012 0.31571788224559844 445
1757336093072 0.3155245582793756 446
1757336093149 0.31533365937700647 447
1757336093210 0.3151451536243688 448
1757336093278 0.31495900955921324 449
1757336093344 0.31477519616410854 450
1757336093397 0.31459368285951206 451
1757336093450 0.3144144394969596 452
1757336093508 0.3142374363523714 453
1757336093564 0.3140626441194803 454
1757336093625 0.3138900339033625 455
1757336093703 0.3137195772140928 456
1757336093773 0.31355124596049944 457
1757336093854 0.31338501244402966 458
1757336093928 0.3132208493527207 459
1757336093998 0.3130587297552741 460
1757336094053 0.31289862709522925 461
1757336094126 0.3127405151852408 462
1757336094194 0.312584368201447 463
1757336094255 0.3124301606779382 464
1757336094319 0.31227786750131836 465
1757336094380 0.3121274639053614 466
1757336094536 0.3119789254657479 467
1757336094677 0.31183222809490224 468
1757336094783 0.31168734803691156 469
1757336094881 0.3115442618625288 470
1757336094923 0.31140294646425903 471
1757336094969 0.31126337905153556 472
1757336095013 0.3111255371459639 473
1757336095053 0.3109893985766579 474
1757336095173 0.3108549414756444 475
1757336095231 0.310722144273346 476
1757336095274 0.31059098569414373 477
1757336095348 0.31046144475200693 478
1757336095464 0.3103335007461987 479
1757336095516 0.31020713325704935 480
1757336095589 0.31008232214180376 481
1757336095653 0.30995904753053205 482
1757336095748 0.3098372898221099 483
1757336095871 0.3097170296802657 484
1757336095918 0.3095982480296907 485
1757336096017 0.30948092605220817 486
1757336096085 0.30936504518301533 487
1757336096124 0.3092505871069748 488
1757336096263 0.30913753375497716 489
1757336096341 0.30902586730035153 490
1757336096404 0.3089155701553413 491
1757336096510 0.30880662496763556 492
1757336096598 0.3086990146169534 493
1757336096683 0.3085927222116869 494
1757336096783 0.3084877310855929 495
1757336096899 0.3083840247945431 496
1757336096946 0.3082815871133246 497
1757336097024 0.3081804020324878 498
1757336097152 0.3080804537552493 499
