1757436493785 169.36420279622857 0
1757436493821 169.348517662912 1
1757436493854 169.33926299555839 2
1757436493890 169.33008386158807 3
1757436493928 169.3210186659931 4
1757436493967 169.312065718766 5
1757436494002 169.30322360643032 6
1757436494038 169.29449093198045 7
1757436494074 169.28586631634363 8
1757436494112 169.27734839813522 9
1757436494149 169.26893583342834 10
1757436494185 169.2606272955269 11
1757436494221 169.25242147474088 12
1757436494256 169.24431707816544 13
1757436494292 169.23631282946207 14
1757436494327 169.22840746864355 15
1757436494363 169.22059975186076 16
1757436494397 169.21288845119318 17
1757436494432 169.20527235444155 18
1757436494465 169.19775026492354 19
1757436494501 169.19032100127197 20
1757436494539 169.1829833972361 21
1757436494575 169.17573630148462 22
1757436494615 169.16857857741243 23
1757436494655 169.16150910294888 24
1757436494697 169.15452677036933 25
1757436494740 169.14763048610862 26
1757436494776 169.1408191705774 27
1757436494816 169.13409175798068 28
1757436494853 169.12744719613875 29
1757436494889 169.1208844463106 30
1757436494924 169.1144024830195 31
1757436494959 169.10800029388096 32
1757436494998 169.1016768794329 33
1757436495034 169.09543125296815 34
1757436495071 169.08926244036917 35
1757436495109 169.08316947994462 36
1757436495149 169.07715142226849 37
1757436495185 169.07120733002122 38
1757436495227 169.06533627783267 39
1757436495265 169.0595373521276 40
1757436495307 169.05474875413327 41
1757436495345 169.0495433912004 42
1757436495382 169.04440304909284 43
1757436495418 169.0393242405447 44
1757436495456 169.03430621436485 45
1757436495493 169.0293482134526 46
1757436495529 169.02444949049854 47
1757436495567 169.01960930776565 48
1757436495602 169.01482693696474 49
1757436495648 169.01010165913073 50
1757436495712 169.0054327645008 51
1757436495751 169.0008195523943 52
1757436495805 168.99626133109373 53
1757436495864 168.99175741772794 54
1757436495904 168.9873071381563 55
1757436495948 168.98290982685492 56
1757436496079 168.97856482680405 57
1757436496186 168.97427148937703 58
1757436496347 168.9700291742307 59
1757436496433 168.96583724919756 60
1757436496492 168.96169509017884 61
1757436496589 168.95760208103934 62
1757436496632 168.95355761350376 63
1757436496694 168.94956108705398 64
1757436496755 168.94561190882803 65
1757436496824 168.94170949352048 66
1757436496870 168.93785326328378 67
1757436496912 168.9340426476312 68
1757436496950 168.93027708334105 69
1757436496988 168.92655601436195 70
1757436497026 168.9228788917196 71
1757436497063 168.91924517342468 72
1757436497101 168.91565432438196 73
1757436497139 168.91210581630048 74
1757436497179 168.90859912760533 75
1757436497217 168.90544364364285 76
1757436497254 168.902166815644 77
1757436497292 168.89892845306 78
1757436497329 168.89572700712492 79
1757436497368 168.89256204671923 80
1757436497406 168.88943313761058 81
1757436497445 168.88633985096314 82
1757436497485 168.88328176320363 83
1757436497524 168.8802584559558 84
1757436497562 168.87726951597512 85
1757436497600 168.87431453508415 86
1757436497638 168.87139311010912 87
1757436497676 168.86850484281703 88
1757436497715 168.8656493398537 89
1757436497754 168.8628262126824 90
1757436497792 168.8600350775237 91
1757436497838 168.85727555529547 92
1757436497878 168.8545472715543 93
1757436497918 168.8518498564371 94
1757436497956 168.84918294460377 95
1757436497995 168.8465461751807 96
1757436498033 168.84393919170458 97
1757436498072 168.84136164206726 98
1757436498109 168.83881317846135 99
1757436498148 168.83629345732618 100
1757436498187 168.83380213929476 101
1757436498224 168.83133888914136 102
1757436498261 168.82890337572954 103
1757436498300 168.82649527196128 104
1757436498340 168.82411425472628 105
1757436498378 168.82176000485217 106
1757436498414 168.8194322070553 107
1757436498452 168.81713054989225 108
1757436498491 168.81485472571174 109
1757436498530 168.81260443060737 110
1757436498569 168.81037936437082 111
1757436498606 168.80817923044575 112
1757436498647 168.8060037358822 113
1757436498687 168.8038525912916 114
1757436498726 168.80172551080236 115
1757436498768 168.79962221201603 116
1757436498807 168.79754241596405 117
1757436498854 168.79548584706495 118
1757436498895 168.79345223308218 119
1757436498936 168.79144130508246 120
1757436498976 168.7894527973946 121
1757436499016 168.78748644756894 122
1757436499055 168.7855419963373 123
