1757495518617 77.53602733750229 0
1757495518723 33.871668444448716 1
1757495518842 53.28788394258813 2
1757495518944 0.5709474047599208 3
1757495519039 6.835862472970224 4
1757495519133 1.266269628594395 5
1757495519223 0.9773659294093291 6
1757495519316 12.741925199197437 7
1757495519412 0.9425341072554339 8
1757495519506 0.01967256876779619 9
1757495519598 11.372892583270879 10
1757495519692 0.20473166305242899 11
1757495519783 1.2226293299151254 12
1757495519865 1.8555593942134305 13
1757495519953 2.176130341479719 14
1757495520043 1.5855649584094447 15
1757495520174 0.2439199595822075 16
1757495520307 0.03326728377608347 17
1757495520402 0.6973325587005554 18
1757495520497 0.07457071578920503 19
1757495520595 0.19844526764943138 20
1757495520698 0.2017805900893884 21
1757495520796 3.0612449630627525 22
1757495520885 0.0017643004227829832 23
1757495520969 0.6407647652345344 24
1757495521058 0.001663731909777451 25
1757495521146 0.667988993403242 26
1757495521258 0.017211962641326874 27
1757495521363 0.0610813536664898 28
1757495521472 0.004352815849152518 29
1757495521580 0.16723390113871225 30
1757495521685 0.12834342150513026 31
1757495521812 0.042986696251989545 32
1757495521936 0.0009536273725043102 33
1757495522057 0.29895496738747634 34
1757495522161 0.1111310568242809 35
1757495522256 0.018881699195508916 36
1757495522354 0.2019417427833859 37
1757495522447 0.8956232766155452 38
1757495522547 1.0664781391240543 39
1757495522643 1.0658295911058353 40
1757495522737 0.021538497968943776 41
1757495522827 0.1672028841800132 42
1757495522911 0.0755895028406333 43
1757495523000 0.03691788958024344 44
1757495523090 0.21647037370938382 45
1757495523178 0.004562005841099886 46
1757495523265 0.005847372801054411 47
1757495523350 0.004001895793030537 48
1757495523435 0.020110451642792918 49
1757495523524 0.06086389332156942 50
1757495523613 0.3152081607915891 51
1757495523699 0.0011608082375773438 52
1757495523795 0.18901328963718833 53
1757495523880 0.6335641865920643 54
1757495523964 0.10898360839051685 55
1757495524079 0.08485622103234525 56
1757495524232 0.18308135760732447 57
1757495524394 0.3803754828652874 58
1757495524588 0.12828441162382498 59
1757495524696 0.14021046126996117 60
1757495524828 0.06038279420652949 61
1757495524941 0.179786852219508 62
1757495525098 0.02291876128271821 63
1757495525257 0.10747399545662113 64
1757495525390 0.0024229861048901437 65
1757495525493 0.009048845350182518 66
1757495525589 1.4370339668188445 67
1757495525694 0.10890124725434297 68
1757495525786 0.46243619592585844 69
1757495525878 0.03924388161765994 70
1757495525966 0.11534703926863903 71
1757495526051 0.06214551141052019 72
1757495526158 0.855195007810263 73
1757495526254 0.00780729352187708 74
1757495526348 0.03559895234351557 75
1757495526438 0.2240407954104414 76
1757495526530 0.20987117407242614 77
1757495526615 0.05373675553084925 78
1757495526707 0.08058943666328217 79
1757495526796 0.18719245730046863 80
1757495526909 0.3381074744046604 81
1757495527001 0.0035803238594475442 82
1757495527092 1.739550296575745e-05 83
1757495527179 0.3241361875697898 84
1757495527268 0.03593280666004762 85
1757495527349 0.00127160706798136 86
1757495527436 0.149507668845592 87
1757495527521 0.2627554754475505 88
1757495527608 0.3659665534784884 89
1757495527709 0.38612094052003837 90
1757495527796 0.2450126689137051 91
1757495527882 0.5555814454726679 92
1757495527968 0.18130248775773708 93
1757495528055 0.02343469095493589 94
1757495528140 0.002005817802329295 95
1757495528227 0.0033651221982598065 96
1757495528312 0.001310737158486756 97
1757495528406 0.24646779936297247 98
1757495528504 0.019750092620599447 99
1757495528593 0.003974665561361346 100
1757495528680 0.025080582793894607 101
1757495528760 0.30030675133614404 102
1757495528848 0.5171149459466394 103
1757495528932 0.09454401081516631 104
1757495529017 0.13695191336070228 105
1757495529122 0.25742195299086673 106
1757495529215 0.003065143828611909 107
1757495529315 0.09909803187091488 108
1757495529407 0.2677377928505264 109
1757495529516 0.075370622094599 110
1757495529724 0.20050785513471361 111
1757495529835 0.03507514636837929 112
1757495529938 0.9066827078055639 113
1757495530040 0.0003023278767400798 114
1757495530160 7.270264221565436e-06 115
1757495530261 0.10588754792871434 116
1757495530359 0.05308431440693287 117
1757495530472 0.17751972985411688 118
1757495530573 0.09052863918581971 119
1757495530669 0.021139291008680474 120
1757495530767 0.007948759536746158 121
1757495530869 0.04533727801883205 122
1757495530964 0.014566984299448043 123
1757495531055 0.0008849615191792703 124
1757495531146 0.12820819790978327 125
1757495531235 0.005638361987164283 126
1757495531326 0.05195319414543001 127
1757495531415 0.01170902891455739 128
1757495531505 0.1456159659933061 129
1757495531601 0.391448182690929 130
1757495531689 0.19772259523356367 131
1757495531778 0.3885481361311196 132
1757495531880 0.15232130413000547 133
1757495531971 0.008059527961475885 134
1757495532071 0.029370604525123734 135
1757495532169 0.0011619747481063614 136
1757495532265 5.941509909663816e-05 137
1757495532428 0.04457811914937873 138
1757495532588 0.19657229478798507 139
1757495532740 0.337024233905537 140
1757495532861 0.07452417938821301 141
1757495533047 0.15281016342168202 142
1757495533162 0.18919399963980915 143
1757495533262 0.0739646526805867 144
1757495533357 0.024660180343013555 145
1757495533449 5.8354166430332685e-06 146
1757495533545 0.027500230868471726 147
1757495533638 0.5114797560028082 148
1757495533727 0.06631391620044759 149
1757495533827 0.1821574055791186 150
1757495533916 0.11199384618363246 151
1757495534008 0.009277216266750153 152
1757495534103 0.1930576861464322 153
1757495534193 0.22111539792485174 154
1757495534290 0.06393608603559925 155
1757495534386 0.10985789912591236 156
1757495534475 0.43804021926433656 157
1757495534565 0.21297951956729658 158
1757495534654 0.3743570335332868 159
1757495534753 0.0282742170655517 160
1757495534869 0.00036201190791739564 161
1757495534988 0.03905249173638497 162
1757495535095 0.07052703930672466 163
1757495535190 0.0799071884921285 164
1757495535288 0.18438150197107836 165
1757495535383 0.2094490347958814 166
1757495535480 0.06200516271372391 167
1757495535582 0.0405248913609116 168
1757495535674 0.00018712192333359364 169
1757495535768 0.3388055659769434 170
1757495535855 0.16543324208226504 171
1757495535946 0.009362175715968316 172
1757495536036 0.07655607224477735 173
1757495536125 0.0034378063132249085 174
1757495536215 0.0028724181950958967 175
1757495536310 0.1244436635480302 176
1757495536403 0.03956188761663939 177
1757495536489 0.08335545925302781 178
1757495536578 0.38513055861277484 179
1757495536672 0.12328823252904983 180
1757495536762 0.8161206777587956 181
1757495536875 3.5487416136870718e-09 182
1757495536982 0.053465486742818216 183
1757495537082 0.12190820848203121 184
1757495537173 0.3878678531856797 185
1757495537283 0.07161955607332926 186
1757495537402 0.0832202632238144 187
1757495537500 0.24362188686397487 188
1757495537591 0.15028753687300397 189
1757495537680 0.04276010274030515 190
1757495537773 0.13160132154853657 191
1757495537869 0.02160331658650179 192
1757495537974 0.04020176301372196 193
1757495538068 0.04999023470200714 194
1757495538162 0.023146009849020915 195
1757495538251 0.014287526998838913 196
1757495538341 0.1283979198060998 197
1757495538433 0.2747126868432053 198
1757495538524 0.15772624351696413 199
1757495538614 0.021689305788127416 200
1757495538705 0.0502718706725626 201
1757495538805 0.1280491184024918 202
1757495538912 0.013517773775749871 203
1757495539004 0.008094784708132605 204
1757495539100 0.17095657845660067 205
1757495539189 0.2235582975376265 206
1757495539275 0.3982435189909514 207
1757495539357 0.15809264545984245 208
1757495539447 0.022102315516192204 209
1757495539530 0.20333129590514265 210
1757495539620 0.014235746957877927 211
1757495539717 0.015198304885926142 212
1757495539803 0.011019420211249747 213
1757495539898 4.129201397915463e-05 214
1757495540039 0.42101844136797234 215
1757495540199 0.008324708967566163 216
1757495540341 0.1848567190377107 217
1757495540468 0.031289921341194564 218
1757495540670 1.2805823157558969 219
1757495540830 0.2539452046845455 220
1757495541013 0.00576352860179138 221
1757495541120 0.0997506703662467 222
1757495541221 0.14014145262751826 223
1757495541326 0.09742058060824109 224
1757495541423 0.0038143236983548615 225
1757495541519 0.05140839421329358 226
1757495541614 0.01244623524507491 227
1757495541711 0.08022920206573152 228
1757495541805 0.012655805181257135 229
1757495541895 1.1155682899807555e-06 230
1757495541983 0.004633099686951129 231
1757495542074 0.7725866398059337 232
1757495542163 0.32393659352931103 233
1757495542247 0.01823717057831473 234
1757495542339 0.044519526479922 235
1757495542428 0.15709094568460769 236
1757495542520 0.1063587478857226 237
1757495542611 0.07594278172431373 238
1757495542703 0.03535961817580517 239
1757495542793 0.0389838254437322 240
1757495542883 0.35240393937292797 241
1757495542980 0.039243330690980946 242
1757495543075 0.0030054313560989422 243
1757495543163 0.28385327995435516 244
1757495543257 0.11145256254896294 245
1757495543349 0.17991813806164988 246
1757495543439 0.4947722444900754 247
1757495543529 0.1737877551642613 248
1757495543617 0.0009350630906010036 249
1757495543708 0.06217842264354748 250
1757495543795 0.001565925983931707 251
1757495543882 0.23203716738469535 252
1757495543969 0.08527792368590481 253
1757495544066 0.14878064063063343 254
1757495544154 0.07474790904257485 255
1757495544237 0.13482827656893298 256
1757495544324 0.5617941015500676 257
1757495544411 0.20290633456622104 258
1757495544495 0.04398521109539676 259
1757495544589 0.24485847244611203 260
1757495544700 0.021285459871716046 261
1757495544794 0.009501847327680075 262
1757495544895 0.03351989785739362 263
1757495545034 0.006489612714605631 264
1757495545162 0.05267390467934773 265
1757495545287 0.0705747401827454 266
1757495545395 0.14154578882906338 267
1757495545497 0.0003306525737982149 268
1757495545593 0.5908673538981478 269
1757495545689 0.08108824925760459 270
1757495545791 0.324920599630425 271
1757495545891 0.2136698858975418 272
1757495545983 0.32845622636305566 273
1757495546182 0.027092096660054316 274
1757495546316 0.2372786995896443 275
1757495546451 0.00925040861995103 276
1757495546560 0.0003755542337119834 277
1757495546652 0.019149535707916075 278
1757495546743 0.019848796814766874 279
1757495546837 0.054730465247342285 280
1757495546929 0.17031958040973363 281
1757495547024 0.0042978550084887 282
1757495547118 0.04560963977632131 283
1757495547208 0.09548678166951884 284
1757495547302 0.03263154140322754 285
1757495547393 0.24778374519632007 286
1757495547487 0.004668295671829405 287
1757495547586 0.05079622303438725 288
1757495547684 0.010885652065153446 289
1757495547775 0.0026668805471570583 290
1757495547867 0.27489300106188247 291
1757495547959 0.22509244705204293 292
1757495548061 0.14601220528526274 293
1757495548223 0.054989098102281225 294
1757495548392 0.07716211153673394 295
1757495548518 0.08268812397582806 296
1757495548684 1.108750037888657 297
1757495548830 0.01137615991451088 298
1757495548934 0.09918938980121725 299
1757495549035 0.05458086071572526 300
1757495549128 0.014665029133921531 301
1757495549226 0.03391044664708804 302
1757495549322 0.06169273394793384 303
1757495549416 0.015554660889426426 304
1757495549510 0.22885256765168369 305
1757495549623 0.0020416063091785184 306
1757495549715 0.023141352655555683 307
1757495549806 0.05725417040321921 308
1757495549905 0.7010741038110024 309
1757495550006 0.1322442298069403 310
1757495550101 0.1877303653497857 311
1757495550202 0.22926640521207614 312
1757495550297 0.45680320671056784 313
1757495550394 0.0717344122112364 314
1757495550488 0.5992033058406888 315
1757495550581 0.16832434609095032 316
1757495550678 0.1664937671771418 317
1757495550773 0.12434880998542415 318
1757495550866 0.0050782782749814554 319
1757495550959 0.20933296967844692 320
1757495551056 0.1681235272116964 321
1757495551144 0.024974370585680954 322
1757495551264 0.03761295017335151 323
1757495551361 0.04618840083189052 324
1757495551450 0.07964449065760956 325
1757495551544 0.005086728077887866 326
1757495551637 0.23576669260879163 327
1757495551746 0.45576268137051895 328
1757495551843 0.01074063142692021 329
1757495551939 0.13228916468678356 330
1757495552034 0.06276537054598014 331
1757495552141 0.13880311981443358 332
1757495552251 0.2118615016857835 333
1757495552347 0.059307270731795314 334
1757495552475 0.0017078954588318179 335
1757495552581 0.009321742466670084 336
1757495552692 0.37590066241200043 337
1757495552828 0.033981430822961504 338
1757495552935 0.22113642262727007 339
1757495553040 0.04917854204253329 340
1757495553144 0.044167084414570644 341
1757495553249 0.012811220088097349 342
1757495553341 0.020024714040930255 343
1757495553444 0.03915981567549666 344
1757495553546 0.16885593392076506 345
1757495553644 0.04898216768677974 346
1757495553742 0.03736710094968268 347
1757495553834 0.001676157333351699 348
1757495553927 0.2224090380994305 349
1757495554021 0.025749906904836126 350
1757495554117 0.0015066095697954184 351
1757495554220 0.05369183082398622 352
1757495554316 0.24279150462200658 353
1757495554410 0.16310522125718566 354
1757495554505 0.021460902671282558 355
1757495554601 0.031576851253329645 356
1757495554704 0.06896214112494652 357
1757495554798 0.06808067724528322 358
1757495554886 0.5922370995859725 359
1757495554979 0.007851651102994 360
1757495555067 0.27132110126581016 361
1757495555159 0.017793206619891238 362
1757495555251 0.13524025225841269 363
1757495555344 0.02467148855687951 364
1757495555442 0.04153877084210336 365
1757495555560 2.2101370354362414e-08 366
1757495555683 0.036166257663061474 367
1757495555889 0.990340230757994 368
1757495556044 0.19235109601510647 369
1757495556231 0.01995294327525831 370
1757495556408 0.0003322560147349809 371
1757495556517 0.01650346869257411 372
1757495556612 0.0888737495795956 373
1757495556712 0.0031081888337158117 374
1757495556811 0.490540762901532 375
1757495556907 0.01093461227109057 376
1757495556998 0.09626490722483484 377
1757495557093 0.029778819226421754 378
1757495557194 0.12235583907563928 379
1757495557306 0.21767391829251057 380
1757495557407 0.11097711142204034 381
1757495557500 0.020811007432216234 382
1757495557603 0.008391004919682574 383
1757495557700 0.08525017793060766 384
1757495557794 0.103565537350624 385
1757495557889 0.010305176372638933 386
1757495557990 0.04034286185971364 387
1757495558090 0.013616044429499449 388
1757495558188 0.3204718796725107 389
1757495558304 0.2593670868103107 390
1757495558410 0.44144540346391814 391
1757495558510 0.36506529916242264 392
1757495558611 0.12681816868081308 393
1757495558705 0.16637835262489864 394
1757495558796 0.00019330684485361027 395
1757495558891 0.00524400181012351 396
1757495559007 0.326907642632798 397
1757495559106 0.012987996349390497 398
1757495559207 0.05013397709869941 399
1757495559304 0.010279977674938413 400
1757495559403 0.15823930027248614 401
1757495559502 0.010351395357162153 402
1757495559601 0.03270904075664877 403
1757495559702 0.04712130416046968 404
1757495559802 0.16651608072394747 405
1757495559897 1.2014085441053066 406
1757495559987 0.1697491368438376 407
1757495560082 0.011354646900324198 408
1757495560204 0.13641417371342665 409
1757495560305 0.11667119578016132 410
1757495560414 0.29543692053494003 411
1757495560524 0.0026036710418968446 412
1757495560665 0.5780190394733146 413
1757495560770 0.037132788909579106 414
1757495560883 0.029033938892246616 415
1757495560991 0.012850385884827632 416
1757495561096 0.009865957847569806 417
1757495561199 0.008899234977309104 418
1757495561296 0.31695209271651165 419
1757495561405 0.12395300377513323 420
1757495561505 0.13252512019487284 421
1757495561597 0.02768509972301607 422
1757495561694 0.00800213081524198 423
1757495561789 0.1508033952517329 424
1757495561885 0.16166485422199606 425
1757495561985 0.013691372624295903 426
1757495562080 0.5003779145775553 427
1757495562177 0.11011838349249004 428
1757495562272 0.37808827178924176 429
1757495562367 0.08113588572833445 430
1757495562471 0.34378126864465414 431
1757495562567 0.08512000610721489 432
1757495562664 0.11909461309564759 433
1757495562757 0.04287232774448325 434
1757495562853 0.023084458587835355 435
1757495562946 0.43696288552378204 436
1757495563040 0.10239251047788134 437
1757495563132 0.09650723442904323 438
1757495563221 0.000600790079971031 439
1757495563315 0.7296069373732066 440
1757495563410 0.031091513082005088 441
1757495563515 0.04441812596340324 442
1757495563615 0.04699106898943579 443
1757495563798 0.012438111456718647 444
1757495563951 0.007491061151011991 445
1757495564072 0.02120947423272281 446
1757495564243 0.016040172130403627 447
1757495564432 0.3783537493783896 448
1757495564589 0.019276225035779117 449
1757495564699 0.7098127445303056 450
1757495564810 0.05241906900990489 451
1757495564916 0.11807596112181741 452
1757495565021 0.17799888317591134 453
1757495565118 0.00028274785192117653 454
1757495565220 0.004258688950515291 455
1757495565316 0.010997792978797785 456
1757495565423 0.03906313926653984 457
1757495565528 0.005407441525684623 458
1757495565630 0.0742396114760176 459
1757495565724 0.06326773737587059 460
1757495565821 0.00445660626565908 461
1757495565919 0.00047970534675879434 462
1757495566012 0.0024250569520199968 463
1757495566109 0.0046214718271810245 464
1757495566229 0.16507310920468998 465
1757495566328 0.032054143088566744 466
1757495566429 0.01509905775632312 467
1757495566534 0.517887343895658 468
1757495566633 0.0421933690423275 469
1757495566728 0.13609715421637003 470
1757495566828 0.16319550373126604 471
1757495566917 0.0024158285125249926 472
1757495567007 0.11837823091722788 473
1757495567104 0.14040029640238938 474
1757495567213 0.05873006335411845 475
1757495567311 0.14469506070564594 476
1757495567406 0.012272697399677618 477
1757495567501 0.07009748507992007 478
1757495567591 0.7551029042001883 479
1757495567682 0.007979929217351167 480
1757495567772 0.04670747120527454 481
1757495567867 0.013393854905522916 482
1757495567990 0.18664867206394448 483
1757495568104 0.003713653598494564 484
1757495568202 0.007202570044651294 485
1757495568299 0.4666880014293462 486
1757495568432 0.030075740545833368 487
1757495568552 0.00042427794166963233 488
1757495568648 0.0014595772214587392 489
1757495568748 0.6765302541584005 490
1757495568852 0.14008595756853767 491
1757495568954 0.05099923639808982 492
1757495569053 0.06414392316951523 493
1757495569152 0.05373272984361852 494
1757495569249 0.14137566857017314 495
1757495569341 0.042663905309436936 496
1757495569440 0.10588095550130862 497
1757495569542 0.06353944284627669 498
1757495569636 0.018773349336629146 499
