1757425255092 170.97258466094692 0
1757425255148 170.43868906954376 1
1757425255198 170.24888528796905 2
1757425255282 170.06327680930252 3
1757425255337 169.89945897803838 4
1757425255386 169.753870114362 5
1757425255438 169.62453570540205 6
1757425255484 169.50962974794234 7
1757425255528 169.40753595998848 8
1757425255581 169.31681934200523 9
1757425255622 169.23620607354786 10
1757425255667 169.16456535767048 11
1757425255738 169.10089333148252 12
1757425255780 169.0442987885562 13
1757425255841 168.99399051000967 14
1757425255903 168.9492660226616 15
1757425255981 168.90950162326402 16
1757425256041 168.87414352600678 17
1757425256091 168.84270000661814 18
1757425256149 168.81473443069518 19
1757425256209 168.78985906658522 20
1757425256262 168.76772959439356 21
1757425256328 168.74804023267325 22
1757425256377 168.73051941320682 23
1757425256423 168.71492594213953 24
1757425256465 168.70104559269143 25
1757425256528 168.6886880808507 26
1757425256587 168.67768438093267 27
1757425256640 168.6678843427492 28
1757425256688 168.65915457644547 29
1757425256752 168.6513765748872 30
1757425256797 168.644445046874 31
1757425256841 168.63826643746722 32
1757425256888 168.63275761438848 33
1757425256943 168.62784470181882 34
1757425257008 168.62346204502765 35
1757425257072 168.6195512911276 36
1757425257113 168.61606057290658 37
1757425257166 168.6129437841559 38
1757425257223 168.61015993621754 39
1757425257283 168.60767258662912 40
1757425257344 168.60544933177118 41
1757425257403 168.6034613563321 42
1757425257474 168.60168303321356 43
1757425257596 168.60009156821638 44
1757425257696 168.59866668448296 45
1757425257763 168.597390342237 46
1757425257843 168.59624648986212 47
1757425257907 168.59522084280604 48
1757425258000 168.59430068719087 49
1757425258117 168.59347470536156 50
1757425258185 168.592732820914 51
1757425258272 168.59206606102128 52
1757425258335 168.5914664341208 53
1757425258389 168.5909268212427 54
1757425258452 168.5904408794529 55
1757425258526 168.59000295605523 56
