1757486632362 169.9605677140987 0
1757486632397 152.90173993538602 1
1757486632435 146.28471371687894 2
1757486632473 139.7935977924014 3
1757486632512 133.8273179536291 4
1757486632557 128.32006839724875 5
1757486632607 123.23272957194254 6
1757486632663 118.52870300482734 7
1757486632727 114.17475232280485 8
1757486632780 110.14064157098707 9
1757486632819 106.39886286092123 10
1757486632858 102.92438633320505 11
1757486632900 99.69443330386156 12
1757486632941 96.6882703055173 13
1757486632982 93.88702210000517 14
1757486633021 91.27350190929562 15
1757486633061 88.83205727424254 16
1757486633100 86.54843009775928 17
1757486633142 84.4096295625642 18
1757486633181 82.40381673479797 19
1757486633220 80.52019977475885 20
1757486633259 78.74893877577021 21
1757486633297 77.08105934272474 22
1757486633339 75.50837410400149 23
1757486633378 74.02341142499951 24
1757486633417 72.61935065917845 25
1757486633459 71.28996333388403 26
1757486633498 70.02955972394136 27
1757486633539 68.83294031655046 28
1757486633577 67.69535171689066 29
1757486633616 66.61244658547017 30
1757486633656 65.5802472360338 31
1757486633706 64.59511255712445 32
1757486633749 63.65370795150499 33
1757486633794 62.75297801588079 34
1757486633844 61.890121708985134 35
1757486633890 61.06256977934256 36
1757486633932 60.26796424512744 37
1757486633975 59.50413973768654 38
1757486634017 58.7691065376748 39
1757486634062 58.06103514852781 40
1757486634145 57.37824226631012 41
1757486634189 56.71917801797169 42
1757486634233 56.08241435183691 43
1757486634277 55.466634474853095 44
1757486634320 54.87062324083993 45
1757486634361 54.29325840279718 46
1757486634400 53.73350265033091 47
1757486634444 53.19039636052187 48
1757486634487 52.66305099715231 49
1757486634529 52.150643099191974 50
1757486634571 51.652408804875854 51
1757486634613 51.16763886263712 52
1757486634655 50.695674084634405 53
1757486634696 50.23590120267572 54
1757486634747 49.78774909002945 55
1757486634787 49.35068531596134 56
1757486634828 48.92421300287606 57
1757486634868 48.50786795870127 58
1757486634907 48.101216059657716 59
1757486635005 47.70385086083352 60
1757486635180 47.31539141404555 61
1757486635256 46.93548027434655 62
1757486635362 46.56378167823873 63
1757486635457 46.19997987820068 64
1757486635544 45.84377761953826 65
1757486635653 45.49489474684495 66
1757486635795 45.15306692851466 67
1757486635868 44.818044488801505 68
1757486635916 44.48959133787553 69
1757486635956 44.16748399119124 70
1757486635999 43.85151067027254 71
1757486636061 43.54147047773391 72
1757486636106 43.237172640007195 73
1757486636195 42.938435811833855 74
1757486636266 42.64508743711862 75
1757486636328 42.35696316122845 76
1757486636404 42.07390629026254 77
1757486636451 41.79576729322226 78
1757486636498 41.522403343374876 79
1757486636539 41.25367789543747 80
1757486636602 40.98946029550929 81
1757486636699 40.72962542095531 82
1757486636762 40.47405334769304 83
1757486636841 40.22262904256162 84
1757486636908 39.975242078658454 85
1757486636968 39.73178637171567 86
1757486637030 39.49215993575987 87
1757486637084 39.25626465645306 88
1757486637157 39.024006080654 89
1757486637209 38.79529322086724 90
1757486637265 38.570038373364184 91
1757486637315 38.34815694886626 92
1757486637384 38.12956731477704 93
1757486637445 37.91419064803844 94
1757486637488 37.701950797765534 95
1757486637558 37.4927741568879 96
1757486637601 37.28658954209154 97
1757486637644 37.08332808141598 98
1757486637711 36.88292310891593 99
1757486637790 36.685310065847375 100
1757486637857 36.49042640788331 101
1757486637925 36.29821151790636 102
1757486637974 36.10860662396302 103
1757486638026 35.921554721999335 104
1757486638080 35.73700050302892 105
1757486638160 35.554890284413474 106
1757486638220 35.375171944961885 107
1757486638294 35.19779486357811 108
1757486638342 35.02270986120998 109
1757486638411 34.84986914587078 110
1757486638485 34.67922626052418 111
1757486638555 34.510736033639375 112
1757486638614 34.34435453223853 113
1757486638678 34.18003901727306 114
1757486638742 34.01774790117727 115
1757486638800 33.85744070746033 116
1757486638877 33.6990780322075 117
1757486638968 33.542621507372004 118
1757486639020 33.388033765747295 119
1757486639091 33.23527840751805 120
1757486639155 33.08431996829565 121
1757486639230 32.9351238885508 122
1757486639303 32.787656484362145 123
1757486639361 32.641884919405946 124
1757486639425 32.49777717811666 125
1757486639500 32.35530203995373 126
1757486639556 32.21442905471403 127
1757486639611 32.07512851883373 128
1757486639670 31.937371452627104 129
1757486639742 31.801129578413477 130
1757486639816 31.666375299486436 131
1757486639876 31.533081679882844 132
1757486639920 31.401222424911595 133
1757486639982 31.27077186240482 134
1757486640061 31.14170492465652 135
1757486640128 31.013997131015774 136
1757486640190 30.887624571103853 137
1757486640256 30.762563888626115 138
1757486640329 30.638792265751647 139
1757486640384 30.51628740803495 140
1757486640442 30.39502752985568 141
1757486640505 30.274991340353587 142
1757486640565 30.156158029837357 143
1757486640683 30.038507256647033 144
1757486640816 29.922019134450945 145
1757486640872 29.80667421995906 146
1757486640916 29.69245350103565 147
1757486640961 29.57933838519504 148
1757486641034 29.46731068846511 149
1757486641105 29.356352624603982 150
1757486641159 29.246446794656013 151
1757486641218 29.137576176834013 152
1757486641296 29.029724116715144 153
1757486641376 28.922874317738632 154
1757486641448 28.817010831993972 155
1757486641517 28.71211805128888 156
1757486641594 28.608180698486624 157
1757486641652 28.505183819103028 158
1757486641713 28.403112773153772 159
1757486641755 28.301953227242958 160
1757486641813 28.20169114688458 161
1757486641870 28.102312789048515 162
1757486641949 28.00380469492345 163
1757486642051 27.906153682889084 164
1757486642106 27.809346841690523 165
1757486642169 27.713371523808053 166
1757486642223 27.6182153390156 167
1757486642291 27.52386614812168 168
1757486642354 27.430312056886702 169
1757486642415 27.337541410110926 170
1757486642471 27.2455427858873 171
1757486642515 27.154304990014055 172
1757486642592 27.06381705056173 173
1757486642657 26.97406821258977 174
1757486642707 26.885047933007854 175
1757486642752 26.796745875577457 176
1757486642818 26.70915190604917 177
1757486642886 26.622256087431534 178
1757486642955 26.536048675387327 179
1757486643031 26.45052011375338 180
1757486643078 26.36566103018001 181
1757486643129 26.28146223188653 182
1757486643212 26.19791470152927 183
1757486643299 26.11500959317873 184
1757486643365 26.03273822840236 185
1757486643432 25.951092092450196 186
1757486643496 25.870062830539965 187
1757486643577 25.789642244238745 188
1757486643662 25.70982228793851 189
1757486643736 25.63059506542255 190
1757486643787 25.551952826520292 191
1757486643848 25.473887963847886 192
1757486643924 25.396393009631982 193
1757486643988 25.31946063261446 194
1757486644042 25.243083635035603 195
1757486644115 25.16725494969358 196
1757486644179 25.09196763707804 197
1757486644248 25.0172148825757 198
1757486644304 24.942989993745815 199
1757486644370 24.8692863976637 200
1757486644434 24.79609763833027 201
1757486644491 24.72341737414582 202
1757486644559 24.651239375446224 203
1757486644619 24.579557522099737 204
1757486644679 24.508365801162928 205
1757486644736 24.437658304593892 206
1757486644801 24.36742922702132 207
1757486644873 24.297672863567747 208
1757486644946 24.228383607725664 209
1757486645028 24.159555949284954 210
1757486645125 24.091184472310246 211
1757486645196 24.023263853166913 212
1757486645270 23.955788858594328 213
1757486645332 23.888754343825156 214
1757486645388 23.82215525074943 215
1757486645448 23.755986606122214 216
1757486645505 23.690243519813706 217
1757486645571 23.624921183100646 218
1757486645653 23.560014866997918 219
1757486645788 23.495519920629317 220
1757486645909 23.43143176963648 221
1757486645971 23.367745914624873 222
1757486646024 23.30445792964599 223
1757486646063 23.241563460714726 224
1757486646108 23.179058224361086 225
1757486646192 23.116938006215285 226
1757486646281 23.055198659625418 227
1757486646349 22.993836104306794 228
1757486646426 22.932846325022226 229
1757486646494 22.87222537029244 230
1757486646567 22.811969351135726 231
1757486646643 22.752074439836292 232
1757486646709 22.692536868740433 233
1757486646758 22.633352929079873 234
1757486646830 22.574518969821597 235
1757486646894 22.516031396543475 236
1757486646948 22.457886670335064 237
1757486646995 22.400081306722942 238
1757486647043 22.342611874619987 239
1757486647095 22.285474995297943 240
1757486647174 22.22866734138278 241
1757486647248 22.172185635872186 242
1757486647320 22.116026651174792 243
1757486647370 22.060187208170404 244
1757486647440 22.004664175290845 245
1757486647506 21.949454467620996 246
1757486647585 21.894555046019214 247
1757486647645 21.839962916257115 248
1757486647707 21.785675128177814 249
1757486647774 21.73168877487247 250
1757486647837 21.678000991874562 251
1757486647892 21.624608956371507 252
1757486647938 21.5715098864332 253
1757486647996 21.51870104025704 254
1757486648053 21.466179715429128 255
1757486648156 21.413943248201125 256
1757486648215 21.36198901278254 257
1757486648276 21.31031442064796 258
1757486648336 21.25891691985895 259
1757486648418 21.207793994400234 260
1757486648488 21.156943163529856 261
1757486648570 21.106361981142914 262
1757486648630 21.056048035148674 263
1757486648708 21.005998946860647 264
1757486648786 20.956212370399367 265
1757486648861 20.906685992107548 266
1757486648924 20.85741752997742 267
1757486648998 20.808404733089812 268
1757486649072 20.759645381064875 269
1757486649134 20.71113728352402 270
1757486649203 20.662878279562985 271
1757486649268 20.61486623723557 272
1757486649346 20.567099053048004 273
1757486649401 20.519574651463564 274
1757486649465 20.47229098441726 275
1757486649529 20.425246030840327 276
1757486649603 20.378437796194397 277
1757486649663 20.33186431201496 278
1757486649721 20.285523635464102 279
1757486649781 20.239413848892184 280
1757486649852 20.193533059408228 281
1757486649941 20.147879398458993 282
1757486650006 20.10245102141637 283
1757486650056 20.057246107172976 284
1757486650119 20.01226285774576 285
1757486650199 19.967499497887488 286
1757486650275 19.922954274705855 287
1757486650345 19.878625457290084 288
1757486650425 19.8345113363449 289
1757486650484 19.790610223831635 290
1757486650566 19.746920452616354 291
1757486650627 19.70344037612483 292
1757486650683 19.66016836800429 293
1757486650730 19.617102821791622 294
1757486650791 19.57424215058808 295
1757486650857 19.531584786740247 296
1757486650933 19.489129181527115 297
1757486651023 19.446873804853265 298
1757486651185 19.404817144947813 299
1757486651336 19.36295770806918 300
1757486651444 19.321294018215525 301
1757486651485 19.279824616840614 302
1757486651524 19.238548062575127 303
1757486651566 19.19746293095326 304
1757486651610 19.156567814144466 305
1757486651649 19.115861320690268 306
1757486651688 19.07534207524601 307
1757486651728 19.0350087183275 308
1757486651768 18.994859906062327 309
1757486651808 18.954894309945868 310
1757486651847 18.915110616601883 311
1757486651887 18.875507527547438 312
1757486651924 18.83608375896234 313
1757486651963 18.79683804146272 314
1757486652003 18.75776911987887 315
1757486652050 18.718875753037143 316
1757486652090 18.68015671354585 317
1757486652129 18.64161078758511 318
1757486652167 18.60323677470055 319
1757486652210 18.565033487600726 320
1757486652248 18.526999751958275 321
1757486652285 18.489134406214685 322
1757486652321 18.451436301388537 323
1757486652359 18.413904300887324 324
1757486652400 18.376537280322562 325
1757486652448 18.339334127328275 326
1757486652488 18.302293741382762 327
1757486652525 18.26541503363351 328
1757486652565 18.22869692672526 329
1757486652606 18.192138354631144 330
1757486652646 18.155738262486828 331
1757486652686 18.11949560642757 332
1757486652726 18.08340935342821 333
1757486652764 18.047478481145944 334
1757486652807 18.01170197776589 335
1757486652858 17.976078841849407 336
1757486652901 17.940608082184976 337
1757486652943 17.905288717641785 338
1757486653004 17.87011977702585 339
1757486653085 17.83510029893862 340
1757486653135 17.80022933163804 341
1757486653180 17.765505932902066 342
1757486653229 17.730929169894484 343
1757486653278 17.696498119033087 344
1757486653328 17.662211865860108 345
1757486653378 17.62806950491488 346
1757486653427 17.594070139608682 347
1757486653475 17.56021288210171 348
1757486653525 17.526496853182188 349
1757486653574 17.492921182147473 350
1757486653621 17.45948500668725 351
1757486653669 17.42618747276865 352
1757486653718 17.393027734523333 353
1757486653767 17.3600049541365 354
1757486653815 17.327118301737716 355
1757486653864 17.294366955293608 356
1757486653913 17.26175010050235 357
1757486653961 17.229266930689914 358
1757486654009 17.19691664670803 359
1757486654058 17.16469845683388 360
1757486654114 17.13261157667142 361
1757486654186 17.100655229054343 362
1757486654250 17.068828643950688 363
1757486654299 17.03713105836893 364
1757486654348 17.00556171626572 365
1757486654398 16.97411986845503 366
1757486654446 16.94280477251889 367
1757486654496 16.91161569271949 368
1757486654544 16.880551899912778 369
1757486654593 16.849612671463422 370
1757486654642 16.818797291161175 371
1757486654690 16.78810504913856 372
1757486654738 16.757535241789913 373
1757486654788 16.727087171691746 374
1757486654837 16.696760147524294 375
1757486654884 16.666553483994445 376
1757486654932 16.636466501759806 377
1757486654980 16.606498527354024 378
1757486655030 16.576648893113266 379
1757486655077 16.546916937103884 380
1757486655136 16.517302003051242 381
1757486655187 16.48780344026961 382
1757486655236 16.45842060359322 383
1757486655286 16.429152853308352 384
1757486655334 16.399999555086545 385
1757486655386 16.370960079918785 386
1757486655436 16.342033804050764 387
1757486655486 16.31322010891914 388
1757486655534 16.284518381088755 389
1757486655587 16.255928012190864 390
1757486655634 16.227448398862307 391
1757486655684 16.19907894268559 392
1757486655734 16.17081905012991 393
1757486655787 16.14266813249309 394
1757486655836 16.114625605844378 395
1757486655887 16.08669089096815 396
1757486655937 16.058863413308433 397
1757486655986 16.03114260291428 398
1757486656036 16.00352789438599 399
1757486656085 15.976018726822131 400
1757486656136 15.948614543767343 401
1757486656185 15.921314793160946 402
1757486656235 15.894118927286293 403
1757486656285 15.867026402720915 404
1757486656335 15.840036680287389 405
1757486656385 15.81314922500492 406
1757486656435 15.78636350604167 407
1757486656483 15.759678996667782 408
1757486656535 15.733095174209073 409
1757486656586 15.706611520001463 410
1757486656633 15.680227519346005 411
1757486656684 15.653942661464633 412
1757486656735 15.62775643945651 413
1757486656784 15.601668350255059 414
1757486656834 15.575677894585539 415
1757486656884 15.549784576923349 416
1757486656934 15.523987905452822 417
1757486656985 15.498287392026699 418
1757486657037 15.472682552126129 419
1757486657088 15.447172904821263 420
1757486657161 15.42175797273242 421
1757486657238 15.39643728199179 422
1757486657296 15.371210362205694 423
1757486657346 15.346076746417374 424
1757486657397 15.321035971070307 425
1757486657448 15.296087575972043 426
1757486657499 15.271231104258547 427
1757486657549 15.246466102359035 428
1757486657600 15.221792119961327 429
1757486657651 15.197208709977655 430
1757486657700 15.172715428510955 431
1757486657750 15.148311834821634 432
1757486657801 15.123997491294805 433
1757486657850 15.09977196340795 434
1757486657902 15.075634819699031 435
1757486658028 15.051585631735083 436
1757486658156 15.027623974081173 437
1757486658206 15.003749424269824 438
1757486658258 14.97996156277085 439
1757486658350 14.956259972961575 440
1757486658430 14.932644241097517 441
1757486658535 14.909113956283395 442
1757486658603 14.88566871044455 443
1757486658674 14.862308098298799 444
1757486658763 14.839031717328588 445
1757486658839 14.815839167753584 446
1757486658903 14.792730052503583 447
1757486658969 14.76970397719181 448
1757486659040 14.746760550088556 449
1757486659115 14.723899382095174 450
1757486659239 14.701120086718412 451
1757486659306 14.678422280045078 452
1757486659380 14.655805580717043 453
1757486659443 14.633269609906597 454
1757486659494 14.610813991292053 455
1757486659568 14.588438351033753 456
1757486659650 14.566142317750336 457
1757486659756 14.543925522495321 458
1757486659836 14.521787598733994 459
1757486659920 14.499728182320585 460
1757486659984 14.477746911475768 461
1757486660047 14.455843426764408 462
1757486660138 14.4340173710736 463
1757486660244 14.412268389591027 464
1757486660312 14.390596129783521 465
1757486660366 14.369000241375979 466
1757486660421 14.347480376330454 467
1757486660472 14.326036188825585 468
1757486660525 14.304667335236248 469
1757486660585 14.283373474113468 470
1757486660671 14.26215426616458 471
1757486660722 14.241009374233643 472
1757486660787 14.219938463282064 473
1757486660860 14.198941200369525 474
1757486660936 14.178017254635087 475
1757486661016 14.15716629727854 476
1757486661084 14.136388001542008 477
1757486661171 14.115682042691747 478
1757486661250 14.095048098000165 479
1757486661329 14.07448584672809 480
1757486661400 14.053994970107226 481
1757486661481 14.033575151322825 482
1757486661559 14.013226075496565 483
1757486661634 13.99294742966964 484
1757486661711 13.97273890278606 485
1757486661794 13.95260018567615 486
1757486661859 13.932530971040196 487
1757486661939 13.912530953432361 488
1757486662020 13.892599829244736 489
1757486662099 13.872737296691602 490
1757486662165 13.852943055793892 491
1757486662226 13.833216808363774 492
1757486662293 13.813558257989477 493
1757486662383 13.793967110020287 494
1757486662455 13.774443071551676 495
1757486662528 13.75498585141064 496
1757486662623 13.735595160141193 497
1757486662715 13.716270709990038 498
1757486662780 13.697012214892387 499
