1757487296019 32.277179772801524 0
1757487296050 24.084980266022654 1
1757487296081 17.263494483184626 2
1757487296111 15.115845382630871 3
1757487296141 8.727644430575934 4
1757487296184 10.67715586738855 5
1757487296218 8.244204785161015 6
1757487296249 8.147846168806074 7
1757487296279 7.1963207209495685 8
1757487296310 5.100924700689525 9
1757487296342 4.239681444246181 10
1757487296374 5.00600887736205 11
1757487296406 2.9701523970591914 12
1757487296439 2.582415613819451 13
1757487296470 3.346309703724392 14
1757487296500 2.0934340970361203 15
1757487296531 1.3114448523102882 16
1757487296565 1.0876714575505868 17
1757487296599 1.1890555224193669 18
1757487296629 1.564359081845873 19
1757487296660 0.852313300258995 20
1757487296690 0.7040784885322662 21
1757487296720 0.536310347195394 22
1757487296751 0.48131442166926625 23
1757487296784 0.3798609110578304 24
1757487296815 0.40007683529598936 25
1757487296845 0.398028786988196 26
1757487296877 0.3824774068314833 27
1757487296935 0.30801387678894704 28
1757487296996 0.27105438558122064 29
1757487297048 0.2796279757216959 30
1757487297117 0.22568329935767428 31
1757487297149 0.1991944693363629 32
1757487297188 0.1289675552575835 33
1757487297221 0.1940804294387205 34
1757487297252 0.1712766115818761 35
1757487297283 0.14122035122148657 36
1757487297313 0.18169741917459573 37
1757487297344 0.19660938500716774 38
1757487297375 0.15256407545246806 39
1757487297407 0.16680749788260188 40
1757487297440 0.13630075147178536 41
1757487297478 0.09007396760411135 42
1757487297510 0.13189600886872163 43
1757487297541 0.09632819416609295 44
1757487297575 0.0870645369271892 45
1757487297607 0.11648575132962591 46
1757487297638 0.0851147231541025 47
1757487297669 0.11309474336163111 48
1757487297701 0.10163174159553534 49
1757487297732 0.0946940718427442 50
1757487297764 0.11723158687997953 51
1757487297795 0.10631787926197499 52
1757487297826 0.07749385645574713 53
1757487297857 0.14011546202805517 54
1757487297888 0.18139240385141067 55
1757487297919 0.09320072554797358 56
1757487297950 0.12199389564812657 57
1757487297985 0.231650455524354 58
1757487298017 0.14797396595802703 59
1757487298049 0.1292214637258898 60
1757487298111 0.10781604030925525 61
1757487298163 0.11425812796021524 62
1757487298208 0.1327466605307316 63
1757487298243 0.12065401790620052 64
1757487298276 0.13809218944538973 65
1757487298311 0.11827784234634404 66
1757487298346 0.13181545339902798 67
1757487298379 0.13200240023653476 68
1757487298412 0.23925925426262104 69
1757487298445 0.14091372518130085 70
1757487298478 0.08842471111294875 71
1757487298511 0.06727791614678086 72
1757487298544 0.09908795911650559 73
1757487298575 0.08639625791272844 74
1757487298607 0.11421465670377517 75
1757487298640 0.16241606078328277 76
1757487298673 0.15504863582677705 77
1757487298705 0.06764628219778382 78
1757487298740 0.06128262498434758 79
1757487298775 0.09489463926542767 80
1757487298809 0.10669746634244694 81
1757487298843 0.130203641920856 82
1757487298875 0.08787364368541144 83
1757487298908 0.08319258960921902 84
1757487298941 0.1608574115894722 85
1757487298976 0.12109608443645199 86
1757487299070 0.11391329922970246 87
1757487299104 0.09037421082102985 88
1757487299137 0.08285765303097394 89
1757487299171 0.07596389424451613 90
1757487299213 0.11134255651601077 91
1757487299249 0.10637802149034603 92
1757487299282 0.09141469414921427 93
1757487299316 0.10925292669069997 94
1757487299350 0.11472563342509917 95
1757487299384 0.1198928958266043 96
1757487299417 0.10916544289599184 97
1757487299449 0.11705730566456514 98
1757487299484 0.11911728083037887 99
1757487299517 0.07409410596180162 100
1757487299550 0.12426996838642297 101
1757487299583 0.08962811005941168 102
1757487299615 0.13950079881274294 103
1757487299648 0.08720737492191172 104
1757487299682 0.07643563841891628 105
1757487299717 0.1030984975520367 106
1757487299756 0.1400813161810803 107
1757487299791 0.11055139798439201 108
1757487299825 0.13448010519811385 109
1757487299859 0.06827770661774657 110
1757487299894 0.1260604424045643 111
1757487299927 0.11346067742721903 112
1757487299965 0.11837719157858113 113
1757487300002 0.07555493758340548 114
1757487300037 0.1587836878667089 115
1757487300069 0.07954658631573958 116
1757487300102 0.1446815450182779 117
1757487300135 0.14546367609720195 118
1757487300168 0.14899143142754692 119
1757487300200 0.10783496155588503 120
1757487300250 0.21513852550062684 121
1757487300285 0.09963505964112618 122
1757487300318 0.21364856664659138 123
1757487300351 0.0823816726393371 124
1757487300384 0.09723811871801025 125
1757487300417 0.11573410704793267 126
1757487300449 0.08594480285319106 127
1757487300483 0.09546009507498454 128
1757487300516 0.10444172403387304 129
1757487300549 0.08614056685590687 130
1757487300585 0.0972377563708212 131
1757487300619 0.1061159657304787 132
1757487300652 0.11751498166121194 133
1757487300703 0.09860261828505412 134
1757487300763 0.08520397116144322 135
1757487300816 0.1466200587264951 136
1757487300879 0.17581432900981264 137
1757487300916 0.08812714604796505 138
1757487300951 0.10105154251923269 139
1757487300984 0.093281297470911 140
1757487301018 0.09143732476045306 141
1757487301051 0.11955095469922505 142
1757487301084 0.12807127584481312 143
1757487301118 0.10201675042624148 144
1757487301152 0.10211441589497951 145
1757487301187 0.1480818641024154 146
1757487301233 0.12150878451344037 147
1757487301272 0.09185784078381302 148
1757487301306 0.10898631847336898 149
1757487301340 0.134425146084835 150
1757487301374 0.10813686917263177 151
1757487301408 0.07727805513924058 152
1757487301442 0.10179874289794581 153
1757487301476 0.0933801818160946 154
1757487301509 0.05538637241619069 155
1757487301543 0.13025959140751933 156
1757487301578 0.13761057306647811 157
1757487301613 0.10596642319593881 158
1757487301647 0.11934974543106835 159
1757487301681 0.14624264392314998 160
1757487301717 0.08712908942896364 161
1757487301755 0.09034194146178424 162
1757487301792 0.08097933821720284 163
1757487301826 0.12888130164834735 164
1757487301863 0.08365237428084293 165
1757487301900 0.12094220419414507 166
1757487301934 0.14942388580202182 167
1757487301969 0.09435768750925665 168
1757487302004 0.1331325034633456 169
1757487302039 0.11036725301270654 170
1757487302072 0.11681491245180996 171
1757487302106 0.12123371565510792 172
1757487302140 0.09790056639102213 173
1757487302175 0.12685381386381328 174
1757487302208 0.14175489239621109 175
1757487302251 0.11310479745917772 176
1757487302288 0.14549181722013751 177
1757487302322 0.07890292346775486 178
1757487302356 0.13012675454387246 179
1757487302392 0.13505535914338396 180
1757487302427 0.12252887421596816 181
1757487302461 0.12080486035385236 182
1757487302496 0.13138025744015744 183
1757487302533 0.12979446147949866 184
1757487302569 0.12630110468683894 185
1757487302603 0.10721935938241517 186
1757487302637 0.13672394492169793 187
1757487302671 0.1334611725962063 188
1757487302706 0.0857157729020702 189
1757487302740 0.09462143020550917 190
1757487302777 0.08048271133630099 191
1757487302811 0.13700816009030573 192
1757487302845 0.12985296637464241 193
1757487302880 0.09137417538587843 194
1757487302915 0.1214374832834681 195
1757487302949 0.13093315027620298 196
1757487302983 0.08291655154421411 197
1757487303018 0.08527758025153365 198
1757487303054 0.1232292830431142 199
1757487303088 0.09473271126817868 200
1757487303124 0.16043721742913358 201
1757487303159 0.09374142155103249 202
1757487303195 0.1371650139651441 203
1757487303232 0.1458612414899867 204
1757487303278 0.17557769919596034 205
1757487303315 0.09966844983880423 206
1757487303350 0.1382483502641975 207
1757487303384 0.10172728525527708 208
1757487303422 0.13780444771370223 209
1757487303461 0.0873151540053035 210
1757487303503 0.08496025735413215 211
1757487303543 0.13963302309080808 212
1757487303582 0.08986334280746376 213
1757487303622 0.1323591922212007 214
1757487303662 0.10123937325240746 215
1757487303702 0.11667626510673988 216
1757487303740 0.11039347302683904 217
1757487303775 0.08985085310345238 218
1757487303811 0.11297399333686044 219
1757487303845 0.0882268266616495 220
1757487303881 0.11955737202221951 221
1757487303917 0.12249654839572799 222
1757487303952 0.09988138560168969 223
1757487303987 0.09764953802750827 224
1757487304023 0.09238302694841127 225
1757487304059 0.05049797873896623 226
1757487304095 0.07101752554361594 227
1757487304131 0.09753157857373002 228
1757487304168 0.08333644545044809 229
1757487304205 0.06957868298062807 230
1757487304240 0.11866069828414345 231
1757487304285 0.10982303589321891 232
1757487304324 0.12089482821806742 233
1757487304359 0.14021039996823223 234
1757487304395 0.2021376280090591 235
1757487304431 0.10319344701801815 236
1757487304492 0.14639403486515493 237
1757487304566 0.15455875475171735 238
1757487304629 0.15873459880319007 239
1757487304691 0.13805350302398955 240
1757487304731 0.08307457274776649 241
1757487304771 0.10934053533303388 242
1757487304817 0.17600324284652702 243
1757487304858 0.11035163662339219 244
1757487304899 0.09067809061079424 245
1757487304938 0.10246505777701338 246
1757487304976 0.16398496176795074 247
1757487305011 0.20693207323393015 248
1757487305050 0.13752250642957162 249
1757487305090 0.07717748354478265 250
1757487305130 0.1645506958565942 251
1757487305169 0.08299432842365206 252
1757487305220 0.12204861165885283 253
1757487305260 0.15096050480954123 254
1757487305311 0.11543829048712517 255
1757487305353 0.1271176709748467 256
1757487305394 0.11784520023410032 257
1757487305437 0.08692235045131295 258
1757487305477 0.16318240303017387 259
1757487305518 0.14801208250207415 260
1757487305557 0.08908153120162231 261
1757487305595 0.09975409035943517 262
1757487305635 0.11380249310622108 263
1757487305676 0.10930455256989331 264
1757487305716 0.14443877662623678 265
1757487305753 0.08135019328544527 266
1757487305789 0.189318640743624 267
1757487305827 0.07365590229384537 268
1757487305863 0.1651355405243153 269
1757487305899 0.18096702202889747 270
1757487305935 0.1256269599452835 271
1757487305972 0.09834784373066414 272
1757487306012 0.13483222150593233 273
1757487306049 0.11191965212857674 274
1757487306086 0.09800561849311525 275
1757487306123 0.1518499483503977 276
1757487306159 0.12597431451718555 277
1757487306195 0.14747523030386556 278
1757487306234 0.14036391962941153 279
1757487306273 0.08624714504059562 280
1757487306320 0.1515265390491404 281
1757487306359 0.15038848075148095 282
1757487306398 0.16514359111838883 283
1757487306437 0.14629485033638898 284
1757487306475 0.12476355801915291 285
1757487306515 0.07395324891662004 286
1757487306554 0.10281332261623011 287
1757487306594 0.07593696032440492 288
1757487306635 0.10506685312170927 289
1757487306675 0.09933111446613747 290
1757487306715 0.07141061177344503 291
1757487306752 0.11709822801721696 292
1757487306789 0.15422715093573233 293
1757487306826 0.06718358830063516 294
1757487306868 0.10665663045426137 295
1757487306907 0.09440453767555186 296
1757487306945 0.14200291305452648 297
1757487306984 0.1047090114149976 298
1757487307024 0.1472908152265681 299
1757487307065 0.0728259707126007 300
1757487307105 0.12218455317678849 301
1757487307145 0.07889553536731685 302
1757487307181 0.0847969890526783 303
1757487307218 0.1064601850975142 304
1757487307271 0.14215997412666873 305
1757487307319 0.225361617638125 306
1757487307359 0.09541893823373569 307
1757487307400 0.07974425647254889 308
1757487307440 0.07912250367071566 309
1757487307480 0.08198848596634233 310
1757487307519 0.11326103753593057 311
1757487307559 0.08635442939121137 312
1757487307598 0.11078855523650338 313
1757487307635 0.1170261494107313 314
1757487307674 0.09723290450284827 315
1757487307717 0.10333860125482536 316
1757487307758 0.07202913985157557 317
1757487307799 0.12029926790328109 318
1757487307839 0.08793396939235183 319
1757487307878 0.11218888269945544 320
1757487307918 0.11307104708737352 321
1757487307959 0.08951659454941485 322
1757487308001 0.11523437017061276 323
1757487308041 0.15589589588633923 324
1757487308083 0.09317124884555184 325
1757487308124 0.13400136981367541 326
1757487308164 0.11904052871363553 327
1757487308204 0.16450280270463738 328
1757487308252 0.08337602653505556 329
1757487308341 0.09719708304470247 330
1757487308411 0.07756813552462767 331
1757487308484 0.10392832181919702 332
1757487308525 0.15355552929762384 333
1757487308565 0.07223314719787559 334
1757487308605 0.1321911937329825 335
1757487308646 0.10048737688544047 336
1757487308687 0.13963989719496225 337
1757487308730 0.07105577639016945 338
1757487308779 0.13732364080750117 339
1757487308825 0.1278275183973367 340
1757487308874 0.11538863062660243 341
1757487308922 0.05753971524083069 342
1757487308964 0.08777959173951326 343
1757487309006 0.09239270199562151 344
1757487309047 0.14443731650304423 345
1757487309089 0.16324480608466932 346
1757487309129 0.12261951758211541 347
1757487309171 0.1193551924055933 348
1757487309214 0.10475637079382409 349
1757487309256 0.14461797605104496 350
1757487309297 0.11589992769779862 351
1757487309349 0.08607287581878693 352
1757487309390 0.11147379215516277 353
1757487309431 0.09832425009704919 354
1757487309478 0.10678789939449658 355
1757487309519 0.1128036127655968 356
1757487309562 0.08494334282527338 357
1757487309606 0.07314559447617926 358
1757487309649 0.14172292049097937 359
1757487309691 0.09848444008090484 360
1757487309733 0.07906968413184612 361
1757487309775 0.11150842824407604 362
1757487309817 0.0723463230870544 363
1757487309856 0.07622752682177265 364
1757487309894 0.11008944687069151 365
1757487309936 0.08239828794601821 366
1757487309978 0.09642079105432566 367
1757487310034 0.11594212004605396 368
1757487310078 0.12815140836551375 369
1757487310120 0.1384743630029288 370
1757487310163 0.13523604840727452 371
1757487310205 0.10637294389763781 372
1757487310251 0.09781431679543184 373
1757487310293 0.1476920595961194 374
1757487310336 0.0881057565906233 375
1757487310387 0.11723718102756626 376
1757487310429 0.1589376031470957 377
1757487310472 0.08187189776659648 378
1757487310515 0.15426945848439597 379
1757487310557 0.12330098258407461 380
1757487310599 0.11995310676009129 381
1757487310642 0.11073497898556561 382
1757487310685 0.08764452017679693 383
1757487310728 0.12460292423936974 384
1757487310770 0.09845432637064085 385
1757487310813 0.10104972688755047 386
1757487310855 0.11452904831596221 387
1757487310897 0.07301936827801316 388
1757487310939 0.10841383711885617 389
1757487310980 0.1317467715603392 390
1757487311024 0.07405185523662718 391
1757487311067 0.15897743894674274 392
1757487311107 0.07399567498589137 393
1757487311148 0.1520371135622959 394
1757487311191 0.10283444520363709 395
1757487311234 0.14766466187112684 396
1757487311277 0.08254915587100205 397
1757487311320 0.1162155231586935 398
1757487311371 0.13517706144424302 399
1757487311414 0.19305936862729003 400
1757487311457 0.13030225959664152 401
1757487311500 0.11946205993377666 402
1757487311543 0.13351961578961818 403
1757487311584 0.15018131446948538 404
1757487311627 0.09682576913789877 405
1757487311670 0.10197702009727334 406
1757487311715 0.14003233732908524 407
1757487311761 0.17757881059150202 408
1757487311807 0.08563727317901455 409
1757487311851 0.11886670794972294 410
1757487311896 0.1007784135516742 411
1757487311941 0.06388427614416049 412
1757487311985 0.10434267598298101 413
1757487312037 0.13825190996808423 414
1757487312121 0.11397023241668076 415
1757487312200 0.12120687922575381 416
1757487312307 0.09693659869042796 417
1757487312361 0.1060999864466291 418
1757487312421 0.11057928481254171 419
1757487312465 0.11642314268903882 420
1757487312515 0.08224903375756662 421
1757487312565 0.10319438160273015 422
1757487312611 0.07871954181698126 423
1757487312665 0.10633280781655623 424
1757487312716 0.10696572119791674 425
1757487312763 0.08431291790285067 426
1757487312808 0.1414353461989302 427
1757487312855 0.0627500832350782 428
1757487312899 0.10449109025660223 429
1757487312945 0.09501527978920292 430
1757487312990 0.18625576849940242 431
1757487313035 0.1098531962883222 432
1757487313079 0.1547496349381573 433
1757487313127 0.10616682289256807 434
1757487313173 0.0942390503992707 435
1757487313218 0.10002139135382133 436
1757487313262 0.09638838134021342 437
1757487313305 0.10182940421876668 438
1757487313349 0.0982707341438938 439
1757487313413 0.08046922809957467 440
1757487313458 0.04601715031677115 441
1757487313502 0.09845398337758986 442
1757487313546 0.11275622835305843 443
1757487313590 0.1127910358510873 444
1757487313647 0.11928739395131188 445
1757487313694 0.160101286057927 446
1757487313746 0.12721410957541848 447
1757487313818 0.11349672832993385 448
1757487313868 0.16286828797039885 449
1757487313941 0.09572641979374798 450
1757487313988 0.12165060047305849 451
1757487314033 0.09970932770349426 452
1757487314077 0.11306516497568175 453
1757487314122 0.1290984507819266 454
1757487314170 0.05744305656320975 455
1757487314219 0.09444398377046322 456
1757487314266 0.14000222352999145 457
1757487314313 0.1370525993416005 458
1757487314359 0.10165957127540476 459
1757487314413 0.07244238403355086 460
1757487314457 0.12145897939054096 461
1757487314501 0.11885951076336376 462
1757487314546 0.06924899775382028 463
1757487314590 0.07385484755589236 464
1757487314634 0.13791105451987837 465
1757487314679 0.11941069062151925 466
1757487314723 0.14074930988218629 467
1757487314767 0.1825096244876501 468
1757487314814 0.11030243521115098 469
1757487314859 0.08004369492748757 470
1757487314904 0.09297771739057072 471
1757487314949 0.13382124427995 472
1757487314994 0.16346341877113174 473
1757487315039 0.08693409334534168 474
1757487315083 0.11815913516418641 475
1757487315129 0.1790634823380094 476
1757487315173 0.11489135964130226 477
1757487315217 0.08367241929262059 478
1757487315261 0.11864173865507088 479
1757487315306 0.1101011765202005 480
1757487315350 0.0936665230810142 481
1757487315395 0.09862891720533333 482
1757487315447 0.10844066200537376 483
1757487315492 0.10099923870972471 484
1757487315537 0.07664608316715 485
1757487315581 0.08679000806666988 486
1757487315627 0.06100819452900987 487
1757487315671 0.08934568721692644 488
1757487315715 0.09037698690531261 489
1757487315760 0.12360384461108642 490
1757487315805 0.13956427473117422 491
1757487315849 0.11714354652433408 492
1757487315894 0.1300723163094554 493
1757487315962 0.10887725662132397 494
1757487316041 0.12278017890513687 495
1757487316117 0.17882807411693272 496
1757487316168 0.09215710044701426 497
1757487316214 0.1096122509050416 498
1757487316259 0.098777019336463 499
