1757490077732 52.538630396545294 0
1757490077821 2.398967050997865 1
1757490077906 42.87694232405948 2
1757490077996 41.64488838190562 3
1757490078088 4.799541810218415 4
1757490078177 75.54707770648922 5
1757490078266 0.034166748313944686 6
1757490078378 17.237457514731698 7
1757490078483 17.695817622224112 8
1757490078609 33.45613782532121 9
1757490078734 0.2462597228947632 10
1757490078898 34.82981540510693 11
1757490079108 105.74916505275306 12
1757490079294 42.50974508107266 13
1757490079477 25.601615931649587 14
1757490079625 0.8860079273604939 15
1757490079780 4.0131832884698335 16
1757490079917 17.271980605064957 17
1757490080042 14.61234934881939 18
1757490080166 0.271304803557615 19
1757490080302 8.335533105626368 20
1757490080452 0.8247815287826915 21
1757490080590 8.613092269922793 22
1757490080716 1.3143983245370245 23
1757490080848 18.323468829720394 24
1757490080983 0.02752796362034741 25
1757490081124 10.15953684008916 26
1757490081255 16.883974930301875 27
1757490081400 19.74029542011287 28
1757490081534 1.2267934691488498 29
1757490081659 13.654791860572008 30
1757490081779 24.52552716039652 31
1757490081908 15.082976901413902 32
1757490082025 0.7788491922318431 33
1757490082144 8.172335178127756 34
1757490082279 23.025702321613952 35
1757490082413 14.649251282349267 36
1757490082546 7.7861144304068235 37
1757490082698 13.527978877289295 38
1757490082866 0.1150440790944077 39
1757490083020 21.13544732742379 40
1757490083159 6.766656424221238 41
1757490083276 7.919455713935986 42
1757490083408 0.782159808386791 43
1757490083549 0.013834962795788837 44
1757490083656 3.312748902889132 45
1757490083781 3.1058365522595373 46
1757490083902 17.577587197239527 47
1757490084039 5.2039477373908465 48
