1757492014319 128.06248634073208 0
1757492014369 105.12514093430786 1
1757492014420 78.88531434492548 2
1757492014484 65.79980146418197 3
1757492014592 58.156744129791555 4
1757492014658 52.59333402582443 5
1757492014715 47.85614320343679 6
1757492014769 49.31988634372892 7
1757492014820 34.351597338731175 8
1757492014871 38.37703501620484 9
1757492014922 37.66899151586591 10
1757492014970 30.83852811564732 11
1757492015018 45.221061727662345 12
1757492015065 26.969270883402004 13
1757492015118 28.564351462643202 14
1757492015176 38.74312982063838 15
1757492015236 28.24171739965667 16
1757492015354 33.8728610798845 17
1757492015420 46.044845580658745 18
1757492015496 32.51924549858948 19
1757492015552 30.93523180611305 20
1757492015604 24.950748111980698 21
1757492015667 22.38175647256124 22
1757492015724 17.170655507879033 23
1757492015778 21.381966751376076 24
1757492015833 18.19312744688728 25
1757492015886 27.022811554025157 26
1757492015939 22.172853176374446 27
1757492015992 22.594074549657748 28
1757492016043 19.498135132449725 29
1757492016092 19.262076495876382 30
1757492016142 19.746266618839293 31
1757492016197 19.041697564287645 32
1757492016248 87.78460331700141 33
1757492016298 21.30554565204178 34
1757492016353 18.79482700503658 35
1757492016406 21.706565257516473 36
1757492016460 12.152992224798737 37
1757492016511 15.25926586704246 38
1757492016561 14.85801048818542 39
1757492016610 13.014202536724612 40
1757492016667 18.048257936518755 41
1757492016718 16.211408904291158 42
1757492016768 14.327993397489692 43
1757492016817 18.91741004698805 44
1757492016868 16.8541775955638 45
1757492016920 14.563735569502855 46
1757492016970 18.161648514311022 47
1757492017019 19.291167313723307 48
1757492017071 17.96961755848908 49
1757492017123 14.190224425766875 50
1757492017178 15.614212470357572 51
1757492017229 75.11511029425313 52
1757492017279 13.308509103122597 53
1757492017328 16.81336206858772 54
1757492017377 14.942880052308821 55
1757492017426 12.784287283623016 56
1757492017476 14.055892859969337 57
1757492017526 15.210180268126948 58
1757492017575 13.2024941893602 59
1757492017625 16.953899263868497 60
1757492017678 10.888006383021917 61
1757492017728 12.447340758896107 62
1757492017778 11.043667366095274 63
1757492017830 10.92783982733662 64
1757492017881 11.501694051167354 65
1757492017931 16.42673106911989 66
1757492017980 12.581855837290776 67
1757492018030 8.928993426191681 68
1757492018080 10.4017175681539 69
1757492018129 12.770343340129028 70
1757492018178 10.95300178848354 71
1757492018228 13.029510264311345 72
1757492018316 10.359693289170922 73
1757492018432 11.86450926646478 74
1757492018536 9.65349958330324 75
1757492018615 9.898944559907328 76
1757492018683 8.537161302006847 77
1757492018749 12.350424205437994 78
1757492018897 8.943726417359269 79
1757492018990 8.561411105253752 80
1757492019076 13.66664069614763 81
1757492019169 12.436866774536966 82
1757492019229 9.192092770838908 83
1757492019288 9.807782059426621 84
1757492019344 10.39444189481592 85
1757492019404 9.718306506708805 86
1757492019462 7.984364961954093 87
1757492019516 9.946803095947839 88
1757492019570 8.993984165457059 89
1757492019623 8.689466332681846 90
1757492019677 8.58458672793604 91
1757492019742 8.99453196206818 92
1757492019795 10.360931901526598 93
1757492019846 9.790541730554505 94
1757492019898 9.158189543916052 95
1757492019950 10.758540478397238 96
1757492020000 9.278250724776072 97
1757492020050 9.977696420836562 98
1757492020100 10.391787070424257 99
1757492020151 9.232697127519156 100
1757492020202 5.474410722329992 101
1757492020252 15.104484850132287 102
1757492020303 9.52904129514954 103
1757492020354 8.284549641343158 104
1757492020405 10.213545699492808 105
1757492020455 8.241472241091861 106
1757492020506 11.249574512653952 107
1757492020556 10.2228497511489 108
1757492020606 10.142948690571732 109
1757492020656 11.434992043152352 110
1757492020716 11.862282868764774 111
1757492020784 9.971788343041117 112
1757492020839 7.264088970915907 113
1757492020894 6.71955806467549 114
1757492020949 7.352110409446425 115
1757492021018 9.575817910830645 116
1757492021109 7.622840273427577 117
1757492021164 8.312315806980552 118
1757492021219 8.906165170774988 119
1757492021273 7.500267092708202 120
1757492021328 9.149245197963323 121
1757492021380 8.429987870869537 122
1757492021432 9.564378841951003 123
1757492021485 8.956180835221033 124
1757492021537 10.270604914098588 125
1757492021588 8.194768645499812 126
1757492021639 7.039025922983296 127
1757492021691 7.852313897736553 128
1757492021753 9.884980711134663 129
1757492021806 8.039849692360491 130
1757492021857 7.274155972926838 131
1757492021910 8.746313326190945 132
1757492021963 9.835771498524986 133
1757492022013 5.263375257749299 134
1757492022065 7.558302492405699 135
1757492022118 6.571302770230462 136
1757492022172 7.546286605003654 137
1757492022225 8.757524249419163 138
1757492022279 8.62473890451902 139
1757492022337 10.863775471187544 140
1757492022393 6.849964722734127 141
1757492022444 8.221721618339478 142
1757492022496 7.516054358923296 143
1757492022550 7.524637581493222 144
1757492022603 8.028402996856883 145
1757492022656 8.391211648914972 146
1757492022708 6.6506167212888 147
1757492022769 7.019798634444441 148
1757492022822 34.3510773250118 149
1757492022873 7.2801784690501625 150
1757492022927 10.566095554143827 151
1757492022979 8.833510417950222 152
1757492023031 7.63696888231885 153
1757492023082 8.735641429787451 154
1757492023137 6.261583171452691 155
1757492023190 6.814900099849097 156
1757492023243 8.525002023169042 157
1757492023295 7.986472239087502 158
1757492023347 8.462764056228007 159
1757492023399 11.045938940690732 160
1757492023448 8.51327446076923 161
1757492023499 10.2985945889832 162
1757492023550 6.8351162899545965 163
1757492023599 9.581979883324967 164
1757492023649 7.488847366636432 165
1757492023699 6.077708598720895 166
1757492023751 8.234191554241065 167
1757492023808 6.119066958727546 168
1757492023857 7.796745706253713 169
1757492023908 6.829460614133062 170
1757492023959 11.10765918529572 171
1757492024008 7.601054837504343 172
1757492024058 6.172524056441259 173
1757492024107 10.131343084415159 174
1757492024157 5.695177006299051 175
1757492024207 6.727954952377934 176
1757492024259 7.125942405444026 177
1757492024309 8.469002527856455 178
1757492024360 7.307523415714804 179
1757492024409 7.769921091821591 180
1757492024460 8.963085760233877 181
1757492024517 6.979579506402434 182
1757492024578 8.526748179490438 183
1757492024632 7.770777523164911 184
1757492024684 6.833236141548749 185
1757492024738 7.344888205059169 186
1757492024791 7.840088633141571 187
1757492024882 7.431071135931739 188
1757492025018 6.381818650145229 189
1757492025178 7.572955154402627 190
1757492025334 8.08889804688878 191
1757492025407 7.115481420387966 192
1757492025483 9.762466114060967 193
1757492025590 8.12610547359041 194
1757492025679 8.802416238887258 195
1757492025794 7.299471309017384 196
1757492025873 7.840777075280179 197
1757492025939 7.305814753842963 198
1757492026022 5.961115844336158 199
1757492026127 7.120344843705296 200
1757492026204 6.148429485281539 201
1757492026281 8.453405872328789 202
1757492026365 7.692905815598945 203
1757492026441 7.153562344098027 204
1757492026563 6.915747652566494 205
1757492026654 7.744973367118148 206
1757492026748 7.862041795292438 207
1757492026812 9.183468959397247 208
1757492026891 5.866563899712111 209
1757492026960 5.8646527682157705 210
1757492027036 5.987667772619435 211
1757492027125 7.1322135400230735 212
1757492027237 6.724170820354204 213
1757492027333 7.214426550983001 214
1757492027422 5.701728094064082 215
1757492027556 8.35574137801881 216
1757492027718 7.678062488731808 217
1757492027803 6.35739623612146 218
1757492027893 32.581682025930654 219
1757492027997 8.544781341131822 220
1757492028080 7.755677582098799 221
1757492028164 6.533714434558954 222
1757492028249 6.084347181978813 223
1757492028337 8.214113198614074 224
1757492028430 5.763376692092807 225
1757492028559 7.9542844377268205 226
1757492028636 7.4154103754042735 227
1757492028719 6.394581267010811 228
1757492028850 7.031848090106319 229
1757492028938 5.9029826606113796 230
1757492029047 9.563650766278856 231
1757492029137 7.314829112752027 232
1757492029245 4.294176999458068 233
1757492029336 9.733023667814857 234
1757492029433 6.723795643039221 235
1757492029508 7.914635451776232 236
1757492029591 6.865869399065642 237
1757492029696 6.275773567472106 238
1757492029788 5.795141715182902 239
1757492029889 7.675485592180607 240
1757492029986 6.287530289998415 241
1757492030067 6.252068035393715 242
1757492030180 6.497420619491221 243
1757492030315 6.064223400404133 244
1757492030398 7.989969534335004 245
1757492030479 6.180946875785079 246
1757492030570 6.682894256166015 247
1757492030638 6.235192434826561 248
1757492030726 6.93718171850297 249
1757492030817 6.412766013168959 250
1757492030899 8.062656556468383 251
1757492030977 7.407636345477729 252
1757492031077 6.990342488438548 253
1757492031183 6.564569546635913 254
1757492031276 4.660129099739823 255
1757492031370 6.275737982174152 256
1757492031439 6.559165217392634 257
1757492031529 7.978390475446333 258
1757492031611 7.002236766711736 259
1757492031713 6.321050815257864 260
1757492031831 7.385038473334197 261
1757492031950 6.703080452008243 262
1757492032045 5.137922652316656 263
1757492032109 6.827252778802627 264
1757492032173 6.727764533305004 265
1757492032232 6.743275492167928 266
1757492032290 8.214011561213944 267
1757492032351 5.591100606561541 268
1757492032409 7.202738383202264 269
1757492032466 6.278107867545445 270
1757492032522 5.976432741077022 271
1757492032576 7.925891555000918 272
1757492032631 8.46027484140495 273
1757492032686 8.179158046534948 274
1757492032742 5.901317505642468 275
1757492032797 6.971846745677269 276
1757492032853 7.271822838692176 277
1757492032906 6.40481608253787 278
1757492032968 6.937869006825036 279
1757492033022 7.552398994590606 280
