1757497712486 173.88064983983992 0
1757497712540 170.77695593035753 1
1757497712610 171.147276586788 2
1757497712729 175.32587517655105 3
1757497712815 168.26992493863517 4
1757497712880 168.68324042026313 5
1757497712955 169.14613415898788 6
1757497713015 168.51502579982682 7
1757497713080 170.74144661610217 8
1757497713137 172.08008767542074 9
1757497713201 169.12438338109158 10
1757497713272 169.8281682932143 11
1757497713339 166.8968898966734 12
1757497713413 171.71720765419633 13
1757497713479 169.73554436570444 14
1757497713545 169.1028412058396 15
1757497713615 168.7343748350889 16
1757497713681 166.18582805497672 17
1757497713744 168.94074208182087 18
1757497713808 165.21577829355311 19
1757497713869 163.92954223982156 20
1757497713936 168.49328483672824 21
1757497714002 168.8102054653305 22
1757497714071 166.59232708365982 23
1757497714133 167.93023027085113 24
1757497714193 168.1240156743706 25
1757497714258 168.30656970345956 26
1757497714355 170.1640131631086 27
1757497714430 169.25434403383127 28
1757497714512 168.6885865139183 29
1757497714585 169.12031650623106 30
1757497714716 167.39326762008432 31
1757497714868 165.95112459283496 32
1757497715009 169.87933959357275 33
