1757498332275 156.42501845365237 0
1757498332324 142.46858936216694 1
1757498332374 136.94019262645986 2
1757498332442 131.49576000832084 3
1757498332508 126.48747161577793 4
1757498332561 121.80159613129236 5
1757498332615 117.4365147604027 6
1757498332675 113.36601819961278 7
1757498332725 109.56694249318656 8
1757498332790 106.01799841928084 9
1757498332888 102.69965085042632 10
1757498333037 99.59397050371928 11
1757498333146 96.68449977706034 12
1757498333221 93.956129792452 13
1757498333292 91.39498777737393 14
1757498333445 88.98833391002067 15
1757498333580 86.7244668314153 16
1757498333662 84.59263709444195 17
1757498333729 82.5829678813855 18
1757498333793 80.68638237791083 19
1757498333853 78.89453724300985 20
1757498333927 77.1997616616872 21
1757498333982 75.5950015104152 22
1757498334039 74.07376820499958 23
1757498334093 72.63009183676941 24
1757498334150 71.25847823621609 25
1757498334206 69.95386963361945 26
1757498334259 68.71160861404528 27
1757498334316 67.52740508959906 28
1757498334370 66.3973060351697 29
1757498334424 65.31766775527774 30
1757498334476 64.28513046922048 31
1757498334528 63.29659501963441 32
1757498334580 62.349201526010496 33
1757498334632 61.440309819730444 34
1757498334691 60.56748151095665 35
1757498334743 59.7284635503131 36
1757498334797 58.92117315983609 37
1757498334849 58.14368401824288 38
1757498334901 57.394213595244345 39
1757498334951 56.67111153849027 40
1757498335003 55.97284902485105 41
1757498335054 55.2980089951712 42
1757498335104 54.64527719843549 43
1757498335157 54.01343397751955 44
1757498335210 53.40134673440413 45
1757498335260 52.807963017957285 46
1757498335313 52.232304182174616 47
1757498335367 51.67345956714952 48
1757498335418 51.13058115905901 49
1757498335468 50.602878689124886 50
1757498335517 50.089615134876155 51
1757498335567 49.59010259012021 52
1757498335616 49.10369847285259 53
1757498335665 48.62980204292015 54
1757498335724 48.16785120361915 55
1757498335775 47.7173195635778 56
1757498335825 47.27771373725791 57
1757498335873 46.848570864228336 58
1757498335921 46.429456329028135 59
1757498335970 46.019961664962125 60
1757498336019 45.61970262656829 61
1757498336066 45.22953799551473 62
1757498336115 44.84726984903328 63
1757498336163 44.4732043021899 64
1757498336212 44.10703430378379 65
1757498336259 43.74847264167314 66
1757498336309 43.39724773543343 67
1757498336357 43.0531024457335 68
1757498336405 42.71579308381728 69
1757498336453 42.385088490191016 70
1757498336501 42.06076918550271 71
1757498336551 41.742626587243784 72
1757498336598 41.43046228691373 73
1757498336646 41.124087382711565 74
1757498336694 40.82332186323076 75
1757498336750 40.52799403801058 76
1757498336799 40.23794001114161 77
1757498336850 39.95300319443961 78
1757498336898 39.67303385699118 79
1757498336947 39.39788870813996 80
1757498336996 39.12743051122527 81
1757498337044 38.86152772560759 82
1757498337092 38.60005417471945 83
1757498337140 38.342888738067195 84
1757498337189 38.089915065280124 85
1757498337238 37.841021310461166 86
1757498337288 37.59609988523622 87
1757498337340 37.355047229031705 88
1757498337392 37.11776359523054 89
1757498337441 36.88415285196736 90
1757498337492 36.65412229642542 91
1757498337544 36.42758248159058 92
1757498337594 36.20444705450306 93
1757498337646 35.98463260512576 94
1757498337696 35.768058525019775 95
1757498337760 35.554646875083215 96
1757498337815 35.34432226166975 97
1757498337870 35.13701172045876 98
1757498337922 34.93264460749916 99
1757498337972 34.731152496895994 100
1757498338022 34.532469084651055 101
1757498338072 34.336530098207945 102
1757498338123 34.14327321128822 103
1757498338173 33.952637963637564 104
1757498338223 33.76456568533161 105
1757498338273 33.57899942531849 106
1757498338327 33.39588388390064 107
1757498338378 33.215165348881726 108
1757498338429 33.03679163512611 109
1757498338481 32.86071202729763 110
1757498338531 32.68687722556287 111
1757498338582 32.51523929406042 112
1757498338631 32.34575161195301 113
1757498338682 32.178368826893305 114
1757498338731 32.013046810747085 115
1757498338792 31.849742617429243 116
1757498338844 31.68841444271904 117
1757498338895 31.529021585930835 118
1757498338946 31.371524413325982 119
1757498338996 31.215884323159678 120
1757498339049 31.06206371226464 121
1757498339101 30.910025944080424 122
1757498339151 30.759735318043912 123
1757498339201 30.611157040262416 124
1757498339253 30.464257195396563 125
1757498339308 30.319002719685216 126
1757498339360 30.175361375049377 127
1757498339411 30.033301724216464 128
1757498339463 29.89279310681027 129
1757498339513 29.753805616355848 130
1757498339562 29.61631007815164 131
1757498339615 29.480278027964705 132
1757498339665 29.345681691507586 133
1757498339715 29.21249396465809 134
1757498339773 29.080688394385902 135
1757498339824 28.95023916035198 136
1757498339877 28.821121057149142 137
1757498339928 28.69330947715394 138
1757498339978 28.566780393961974 139
1757498340030 28.441510346380326 140
1757498340081 28.317476422952456 141
1757498340133 28.19465624699237 142
1757498340184 28.07302796210615 143
1757498340234 27.95257021818027 144
1757498340285 27.833262157817217 145
1757498340336 27.715083403200122 146
1757498340389 27.59801404336903 147
1757498340440 27.482034621892318 148
1757498340493 27.367126124917952 149
1757498340543 27.25326996958959 150
1757498340594 27.140447992813833 151
1757498340645 27.02864244036525 152
1757498340696 26.917835956316633 153
1757498340747 26.80801157278258 154
1757498340805 26.69915269996499 155
1757498340926 26.59124311648962 156
1757498341028 26.484266960023543 157
1757498341131 26.37820871816351 158
1757498341186 26.273053219585904 159
1757498341268 26.16878562544937 160
1757498341430 26.065391421041497 161
1757498341530 25.962856407661434 162
1757498341607 25.861166694730507 163
1757498341674 25.76030869212352 164
1757498341745 25.66026910271332 165
1757498341853 25.561034915121937 166
1757498341918 25.46259339667161 167
1757498341978 25.364932086529354 168
1757498342042 25.26803878903896 169
1757498342102 25.171901567234674 170
1757498342159 25.076508736530794 171
1757498342218 24.981848858581813 172
1757498342274 24.887910735308015 173
1757498342331 24.794683403081297 174
1757498342386 24.70215612706653 175
1757498342453 24.610318395713815 176
1757498342517 24.519159915397015 177
1757498342574 24.428670605194345 178
1757498342632 24.338840591806793 179
1757498342689 24.249660204610343 180
1757498342744 24.161119970838094 181
1757498342798 24.07321061088852 182
1757498342861 23.985923033756226 183
1757498342916 23.89924833258168 184
1757498342970 23.813177780316543 185
1757498343026 23.727702825501257 186
1757498343081 23.642815088151767 187
1757498343135 23.558506355752257 188
1757498343190 23.474768579350915 189
1757498343246 23.391593869755866 190
1757498343301 23.30897449382847 191
1757498343357 23.226902870871253 192
1757498343412 23.145371569107855 193
1757498343467 23.06437330225253 194
1757498343521 22.983900926166502 195
1757498343574 22.903947435599132 196
1757498343628 22.824505961011262 197
1757498343681 22.745569765478642 198
1757498343733 22.66713224167329 199
1757498343785 22.589186908920514 200
1757498343839 22.511727410329716 201
1757498343899 22.434747509996907 202
1757498343953 22.35824109027694 203
1757498344009 22.28220214912372 204
1757498344065 22.206624797496456 205
1757498344118 22.131503256830232 206
1757498344170 22.056831856569165 207
1757498344221 21.982605031760517 208
1757498344273 21.908817320708078 209
1757498344324 21.835463362683274 210
1757498344379 21.762537895692507 211
1757498344430 21.690035754299213 212
1757498344482 21.617951867499148 213
1757498344535 21.54628125664757 214
1757498344590 21.47501903343694 215
1757498344643 21.404160397923768 216
1757498344695 21.333700636603368 217
1757498344748 21.263635120531266 218
1757498344801 21.193959303490026 219
1757498344857 21.12466872020025 220
1757498344918 21.055758984574798 221
1757498344974 20.98722578801486 222
1757498345027 20.91906489774696 223
1757498345081 20.851272155199787 224
1757498345135 20.783843474419818 225
1757498345188 20.716774840524717 226
1757498345240 20.65006230819362 227
1757498345292 20.583702000193178 228
1757498345345 20.517690105938712 229
1757498345397 20.452022880089302 230
1757498345449 20.386696641176115 231
1757498345504 20.321707770263085 232
1757498345558 20.25705270963911 233
1757498345611 20.192727961540932 234
1757498345665 20.128730086905986 235
1757498345719 20.065055704154403 236
1757498345772 20.00170148799949 237
1757498345825 19.938664168285893 238
1757498345886 19.875940528854734 239
1757498345941 19.813527406435217 240
1757498345994 19.751421689561766 241
1757498346047 19.689620317516283 242
1757498346103 19.62812027929474 243
1757498346157 19.566918612597643 244
1757498346210 19.50601240284362 245
1757498346264 19.445398782205636 246
1757498346317 19.385074928669297 247
1757498346370 19.325038065112604 248
1757498346423 19.26528545840673 249
1757498346478 19.20581441853719 250
1757498346531 19.146622297745004 251
1757498346585 19.08770648968724 252
1757498346640 19.029064428616607 253
1757498346694 18.970693588579504 254
1757498346747 18.91259148263209 255
1757498346799 18.854755662074016 256
1757498346853 18.797183715699244 257
1757498346915 18.739873269063715 258
1757498346971 18.682821983769276 259
1757498347028 18.62602755676357 260
1757498347083 18.569487719655505 261
1757498347138 18.51320023804584 262
1757498347192 18.45716291087263 263
1757498347247 18.401373569771096 264
1757498347299 18.34583007844758 265
1757498347353 18.290530332067256 266
1757498347409 18.235472256655306 267
1757498347463 18.1806538085111 268
1757498347517 18.126072973635296 269
1757498347572 18.071727767169275 270
1757498347627 18.017616232846866 271
1757498347681 17.9637364424579 272
1757498347735 17.910086495323373 273
1757498347789 17.85666451778196 274
1757498347843 17.803468662687578 275
1757498347897 17.75049710891768 276
1757498347963 17.69774806089221 277
1757498348018 17.645219748102743 278
1757498348072 17.59291042465172 279
1757498348127 17.540818368801453 280
1757498348183 17.488941882532778 281
1757498348245 17.437279291112958 282
1757498348300 17.385828942672827 283
1757498348356 17.334589207792767 284
1757498348410 17.283558479097454 285
1757498348465 17.232735170859073 286
1757498348533 17.182117718608858 287
1757498348588 17.13170457875675 288
1757498348643 17.08149422821899 289
1757498348698 17.031485164053432 290
1757498348755 16.981675903102435 291
1757498348808 16.93206498164315 292
1757498348864 16.88265095504504 293
1757498348919 16.833432397434397 294
1757498349012 16.784407901365828 295
1757498349149 16.73557607750043 296
1757498349256 16.68693555429053 297
1757498349329 16.638484977670945 298
1757498349398 16.59022301075637 299
1757498349522 16.542148333545097 300
1757498349630 16.49425964262856 301
1757498349689 16.44655565090688 302
1757498349748 16.399035087310057 303
1757498349806 16.351696696524833 304
1757498349864 16.304539238726942 305
1757498349922 16.257561489318846 306
1757498349987 16.210762238672583 307
1757498350046 16.164140291877807 308
1757498350105 16.11769446849481 309
1757498350177 16.071423602312436 310
1757498350238 16.025326541110765 311
1757498350301 15.979402146428527 312
1757498350366 15.933649293335018 313
1757498350425 15.888066870206552 314
1757498350489 15.842653778507252 315
1757498350551 15.79740893257413 316
1757498350641 15.752331259406365 317
1757498350708 15.707419698458637 318
1757498350769 15.662673201438508 319
1757498350831 15.618090732107706 320
1757498350903 15.573671266087219 321
1757498350963 15.529413790666164 322
1757498351031 15.4853173046143 323
1757498351090 15.441380817998159 324
1757498351150 15.397603352000662 325
1757498351208 15.353983938744161 326
1757498351268 15.310521621116878 327
1757498351326 15.267215452602604 328
1757498351385 15.224064497113622 329
1757498351443 15.181067828826775 330
1757498351502 15.138224532022655 331
1757498351560 15.095533700927726 332
1757498351619 15.05299443955951 333
1757498351679 15.010605861574545 334
1757498351736 14.968367090119282 335
1757498351792 14.92627725768368 336
1757498351848 14.88433550595754 337
1757498351904 14.842540985689483 338
1757498351960 14.800892856548543 339
1757498352022 14.759390286988301 340
1757498352079 14.71803245411348 341
1757498352137 14.676818543549036 342
1757498352193 14.635747749311589 343
1757498352250 14.59481927368322 344
1757498352305 14.554032327087551 345
1757498352361 14.513386127968081 346
1757498352417 14.472879902668701 347
1757498352473 14.43251288531637 348
1757498352528 14.392284317705917 349
1757498352584 14.352193449186888 350
1757498352641 14.31223953655242 351
1757498352697 14.272421843930108 352
1757498352752 14.232739642674812 353
1757498352807 14.193192211263359 354
1757498352862 14.15377883519111 355
1757498352918 14.11449880687038 356
1757498352973 14.075351425530602 357
1757498353038 14.03633599712031 358
1757498353097 13.99745183421075 359
1757498353156 13.958698255901291 360
1757498353215 13.920074587726388 361
1757498353271 13.881580161564214 362
1757498353327 13.843214315546875 363
1757498353384 13.804976393972163 364
1757498353441 13.766865747216853 365
1757498353496 13.728881731651486 366
1757498353551 13.69102370955662 367
1757498353608 13.653291049040511 368
1757498353666 13.615683123958204 369
1757498353723 13.578199313832027 370
1757498353779 13.540839003773394 371
1757498353834 13.503601584405988 372
1757498353891 13.46648645179021 373
1757498353946 13.429493007348906 374
1757498354002 13.392620657794382 375
1757498354068 13.355868815056601 376
1757498354124 13.319236896212603 377
1757498354183 13.282724323417131 378
1757498354239 13.24633052383437 379
1757498354296 13.210054929570868 380
1757498354352 13.173896977609543 381
1757498354409 13.137856109744773 382
1757498354465 13.101931772518622 383
1757498354522 13.066123417158035 384
1757498354579 13.030430499513129 385
1757498354634 12.994852479996467 386
1757498354692 12.959388823523351 387
1757498354748 12.924038999453048 388
1757498354805 12.888802481531032 389
1757498354860 12.853678747832124 390
1757498354917 12.818667280704547 391
1757498354976 12.783767566714943 392
1757498355035 12.748979096594223 393
1757498355100 12.714301365184296 394
1757498355160 12.67973387138568 395
1757498355219 12.64527611810595 396
1757498355275 12.610927612208972 397
1757498355331 12.576687864464999 398
1757498355390 12.542556389501522 399
1757498355446 12.508532705754938 400
1757498355504 12.474616335422942 401
1757498355562 12.440806804417704 402
1757498355619 12.407103642319777 403
1757498355677 12.373506382332726 404
1757498355734 12.34001456123846 405
1757498355792 12.306627719353296 406
1757498355850 12.27334540048467 407
1757498355907 12.240167151888546 408
1757498355964 12.207092524227495 409
1757498356020 12.174121071529393 410
1757498356085 12.141252351146793 411
1757498356144 12.108485923716904 412
1757498356202 12.075821353122189 413
1757498356259 12.043258206451577 414
1757498356316 12.01079605396227 415
1757498356374 11.978434469042124 416
1757498356431 11.9461730281726 417
1757498356489 11.91401131089232 418
1757498356549 11.881948899761106 419
1757498356607 11.849985380324638 420
1757498356665 11.818120341079606 421
1757498356726 11.786353373439377 422
1757498356783 11.75468407170023 423
1757498356840 11.723112033008036 424
1757498356898 11.691636857325483 425
1757498356954 11.660258147399771 426
1757498357012 11.628975508730802 427
1757498357070 11.59778854953983 428
1757498357137 11.566696880738581 429
1757498357195 11.535700115898825 430
1757498357284 11.504797871222426 431
1757498357420 11.473989765511787 432
1757498357539 11.443275420140777 433
1757498357616 11.412654459026054 434
1757498357716 11.382126508598816 435
1757498357867 11.351691197776969 436
1757498357963 11.321348157937702 437
1757498358075 11.291097022890455 438
1757498358149 11.260937428850283 439
1757498358215 11.2308690144116 440
1757498358276 11.200891420522312 441
1757498358338 11.171004290458338 442
1757498358401 11.141207269798434 443
1757498358462 11.11150000639946 444
1757498358524 11.081882150371959 445
1757498358584 11.052353354056068 446
1757498358648 11.022913271997819 447
1757498358711 10.99356156092574 448
1757498358779 10.9642978797278 449
1757498358841 10.935121889428693 450
1757498358901 10.906033253167404 451
1757498358978 10.877031636175152 452
1757498359057 10.848116705753588 453
1757498359132 10.819288131253323 454
1757498359195 10.790545584052747 455
1757498359257 10.761888737537172 456
1757498359320 10.733317267078228 457
1757498359386 10.704830850013558 458
1757498359477 10.676429165626807 459
1757498359549 10.64811189512788 460
1757498359614 10.619878721633464 461
1757498359679 10.59172933014783 462
1757498359741 10.563663407543897 463
1757498359802 10.535680642544547 464
1757498359866 10.507780725704214 465
1757498359929 10.4799633493907 466
1757498359990 10.452228207767261 467
1757498360052 10.424574996774911 468
1757498360116 10.397003414115 469
1757498360189 10.369513159232003 470
1757498360251 10.342103933296531 471
1757498360314 10.314775439188614 472
1757498360375 10.28752738148117 473
1757498360436 10.260359466423695 474
1757498360496 10.23327140192619 475
1757498360557 10.206262897543311 476
1757498360617 10.179333664458694 477
1757498360678 10.152483415469508 478
1757498360740 10.12571186497123 479
1757498360799 10.099018728942594 480
1757498360858 10.072403724930734 481
1757498360918 10.045866572036568 482
1757498360976 10.019406990900311 483
1757498361035 9.993024703687233 484
1757498361094 9.966719434073564 485
1757498361159 9.940490907232595 486
1757498361222 9.91433884982098 487
1757498361280 9.88826298996518 488
1757498361339 9.862263057248114 489
1757498361400 9.836338782695956 490
1757498361459 9.810489898765116 491
1757498361520 9.7847161393294 492
1757498361578 9.759017239667298 493
1757498361637 9.73339293644948 494
1757498361698 9.70784296772641 495
1757498361758 9.682367072916156 496
1757498361815 9.656964992792316 497
1757498361879 9.631636469472125 498
1757498361941 9.606381246404702 499
