1757429260666 180.2939862335302 0
1757429260707 166.67588022370524 1
1757429260753 160.20642025645884 2
1757429260790 153.93225888453225 3
1757429260837 147.8585527833047 4
1757429260879 141.98129393101965 5
1757429260920 136.29736007151877 6
1757429260957 130.80400193278396 7
1757429260994 125.4988118526519 8
1757429261031 120.37968182500997 9
1757429261067 115.4447666613284 10
1757429261107 110.69245168791902 11
1757429261144 106.12132436076085 12
1757429261186 101.73014933557172 13
1757429261225 97.5178465755232 14
1757429261263 93.48347213014556 15
1757429261303 89.62620126282081 16
1757429261342 85.94531364297976 17
1757429261380 82.4401803531953 18
1757429261417 79.11025249136708 19
1757429261455 75.95505117460588 20
1757429261497 72.97415877467796 21
1757429261597 70.1672112353399 22
1757429261724 67.53389133991291 23
1757429261788 65.07392281330674 24
1757429261848 62.79387487405396 25
1757429261895 60.6916129189565 26
1757429261942 58.78560114008935 27
1757429261997 56.99626519791936 28
1757429262084 55.32465523957835 29
1757429262220 53.777047487687696 30
1757429262341 52.343191290404796 31
1757429262424 50.98991903279222 32
1757429262497 49.710404495052835 33
1757429262587 48.50027129651217 34
1757429262642 47.35506357931728 35
1757429262694 46.27264233548002 36
1757429262742 45.250558229405634 37
1757429262806 44.29457148540979 38
1757429262864 43.41276884077602 39
1757429262921 42.57767625778445 40
1757429262971 41.783488217753906 41
1757429263022 41.02583312304821 42
1757429263074 40.300016860558074 43
1757429263124 39.603221371331365 44
1757429263176 38.93271826698429 45
1757429263239 38.2866294241896 46
1757429263298 37.663308405191806 47
1757429263368 37.06152784160492 48
1757429263438 36.48026027069409 49
1757429263539 35.91870586826927 50
1757429263601 35.37620632453693 51
1757429263650 34.8522356845962 52
1757429263698 34.34636165239491 53
1757429263744 33.85823217000468 54
1757429263794 33.40016753007611 55
1757429263851 32.96562915385408 56
1757429263896 32.54872200962439 57
1757429263941 32.147491632555464 58
1757429263986 31.7599032437984 59
1757429264032 31.384330793178716 60
1757429264075 31.01931497626745 61
1757429264117 30.663639366053328 62
1757429264160 30.31623462789848 63
1757429264203 29.976193192571255 64
1757429264254 29.642724698430467 65
1757429264300 29.3151521069469 66
1757429264344 28.992888216436327 67
1757429264390 28.67542758777077 68
1757429264433 28.36233254673709 69
1757429264475 28.05322539180841 70
1757429264516 27.747779226449875 71
1757429264557 27.445711552195206 72
1757429264601 27.14677789144538 73
1757429264642 26.850766809886142 74
1757429264682 26.55749532471153 75
1757429264723 26.266805123268366 76
1757429264764 25.97855919392537 77
1757429264804 25.69263897854687 78
1757429264854 25.408941874920274 79
1757429264895 25.127379098936466 80
1757429264936 24.84787382246532 81
1757429264975 24.570359569451128 82
1757429265016 24.294778822984007 83
1757429265056 24.021081821771034 84
1757429265095 23.74922551619728 85
1757429265136 23.479172664929703 86
1757429265175 23.21089105171976 87
1757429265215 22.944352807156665 88
1757429265255 22.679533820833647 89
1757429265296 22.416413232164857 90
1757429265336 22.1549729892018 91
1757429265376 21.8951974665103 92
1757429265426 21.637073134200545 93
1757429265546 21.380588271356384 94
1757429265673 21.125732717951777 95
1757429265801 20.8724976601617 96
1757429265889 20.62087544463013 97
1757429265980 20.370859417856654 98
1757429266054 20.122443787363927 99
1757429266158 19.875623501752646 100
1757429266260 19.63039414713022 101
1757429266330 19.38675185773196 102
1757429266386 19.144693238840183 103
1757429266466 18.904215300356917 104
1757429266509 18.665315399602065 105
1757429266552 18.4279911920975 106
1757429266596 18.192240589260795 107
1757429266640 17.958061722074522 108
1757429266683 17.725452909920353 109
1757429266723 17.494412633874582 110
1757429266763 17.26493951385479 111
1757429266805 17.03703228908837 112
1757429266848 16.81068980144411 113
1757429266897 16.585910981229112 114
1757429266939 16.362694835106495 115
1757429266980 16.141040435835507 116
1757429267025 15.9209469135758 117
1757429267065 15.702413448532464 118
1757429267106 15.485439264748615 119
1757429267147 15.270023624878698 120
1757429267189 15.056165825798413 121
1757429267230 14.843865194926957 122
1757429267271 14.633121087154453 123
1757429267313 14.423932882282353 124
1757429267354 14.216299982897434 125
1757429267396 14.010221812611267 126
1757429267439 13.805697814606683 127
1757429267478 13.602727450441062 128
1757429267517 13.401310199063776 129
1757429267557 13.20144555601096 130
1757429267596 13.003133032746682 131
1757429267636 12.806372156123835 132
1757429267676 12.611162467942405 133
1757429267715 12.417503524586024 134
1757429267753 12.225394896720852 135
1757429267793 12.034836169043327 136
1757429267833 11.845826940065527 137
1757429267882 11.6583668219288 138
1757429267924 11.472455440237905 139
1757429267963 11.288092433909329 140
1757429268002 11.10527745502855 141
1757429268043 10.924010168712098 142
1757429268082 10.744290252971057 143
1757429268121 10.566117398573361 144
1757429268159 10.389491308902933 145
1757429268199 10.214411699814045 146
1757429268240 10.040878299479918 147
1757429268279 9.868890848234736 148
1757429268320 9.698449098408718 149
1757429268361 9.529552814155915 150
1757429268401 9.362201771274833 151
1757429268443 9.196395757021955 152
1757429268482 9.032134569918453 153
1757429268522 8.869418019550421 154
1757429268562 8.708245926363087 155
1757429268602 8.548618121449492 156
1757429268643 8.390534446334115 157
1757429268682 8.233994752752055 158
1757429268723 8.078998902424273 159
1757429268763 7.925546766829481 160
1757429268802 7.7736382269732465 161
1757429268843 7.623273173154843 162
1757429268884 7.474451504732367 163
1757429268931 7.327173129886698 164
1757429268971 7.181437965384711 165
1757429269011 7.037245936342275 166
1757429269055 6.8945969759874615 167
1757429269158 6.753491025424381 168
1757429269277 6.613928033398036 169
1757429269382 6.475907956060587 170
1757429269501 6.339430756739311 171
1757429269624 6.204496405706646 172
1757429269714 6.071104879952544 173
1757429269837 5.939256162959419 174
1757429269945 5.8089502444799574 175
1757429270006 5.680187120317946 176
1757429270061 5.552966792112389 177
1757429270115 5.4272892671250155 178
1757429270165 5.303154558031378 179
1757429270215 5.180562682715672 180
1757429270265 5.061842419338848 181
1757429270312 4.946414517295288 182
1757429270359 4.833817259714011 183
1757429270405 4.7239769578409545 184
1757429270459 4.616818033352492 185
1757429270507 4.512267715101667 186
1757429270552 4.410256008031394 187
1757429270598 4.310715338350299 188
1757429270644 4.213580458722645 189
1757429270689 4.118788270444111 190
1757429270733 4.02627771317658 191
1757429270777 3.935989647690837 192
1757429270821 3.8478667608388744 193
1757429270871 3.761853476157938 194
1757429270938 3.677895874970662 195
1757429270990 3.5959416237128385 196
1757429271036 3.515939907759592 197
1757429271082 3.4378413702887998 198
1757429271126 3.3615980557487313 199
1757429271170 3.2871633572264845 200
1757429271213 3.2144919672899435 201
1757429271259 3.1435398318748646 202
1757429271302 3.0742641068891383 203
1757429271348 3.0066231172420874 204
1757429271392 2.9405763180570252 205
1757429271440 2.876084257857199 206
1757429271487 2.813108543545967 207
1757429271530 2.751611807025788 208
1757429271573 2.6915576733211437 209
1757429271618 2.6329107300875307 210
1757429271662 2.5756364984030875 211
1757429271711 2.519701404751554 212
1757429271752 2.46507275411572 213
1757429271797 2.4117187041093113 214
1757429271843 2.359608240082912 215
1757429271888 2.3087111511460114 216
1757429271932 2.2589980070529885 217
1757429271988 2.2104401359057113 218
1757429272035 2.163009602629689 219
1757429272080 2.1166791881845417 220
1757429272127 2.071422369472698 221
1757429272171 2.0272132999132992 222
1757429272214 1.9840267906506277 223
1757429272256 1.9418382923688997 224
1757429272301 1.90062387768701 225
1757429272344 1.8603602241088697 226
1757429272387 1.8210245975064068 227
1757429272429 1.7825948361138544 228
1757429272474 1.745049335013247 229
1757429272516 1.7083670310922106 230
1757429272559 1.672527388456212 231
1757429272602 1.637510384278469 232
1757429272645 1.6032964950715345 233
1757429272687 1.569866683365486 234
1757429272730 1.5372023847783265 235
1757429272771 1.5052854954649695 236
1757429272814 1.4740983599317683 237
1757429272857 1.4436237592042098 238
1757429272901 1.4138448993359014 239
1757429272943 1.3847454002475155 240
1757429272996 1.3563092848848584 241
1757429273123 1.3285209686856474 242
1757429273250 1.3013652493450605 243
1757429273355 1.2748272968704635 244
1757429273461 1.2488926439161367 245
1757429273521 1.2235471763891843 246
1757429273586 1.198777124318105 247
1757429273656 1.1745690529758752 248
1757429273773 1.1509098542496625 249
1757429273876 1.1277867382495752 250
1757429273942 1.1051872251491752 251
1757429274000 1.083099137250646 252
1757429274050 1.061510591267875 253
1757429274098 1.0404099908208504 254
1757429274147 1.019786019135046 255
1757429274192 0.9996276319396826 256
1757429274238 0.9799240505589368 257
1757429274284 0.9606647551904073 258
1757429274330 0.9418394783652854 259
1757429274376 0.9234381985849285 260
1757429274423 0.9054511341286327 261
1757429274468 0.8878687370276424 262
1757429274513 0.8706816872005406 263
1757429274558 0.8538808867453644 264
1757429274605 0.8374574543838881 265
1757429274651 0.8214027200537293 266
1757429274694 0.8057082196439984 267
1757429274738 0.7903656898704089 268
1757429274782 0.7753670632858561 269
1757429274827 0.7607044634226002 270
1757429274871 0.7463702000623451 271
1757429274915 0.7323567646305591 272
1757429274964 0.718656825711554 273
1757429275021 0.7052632246809171 274
1757429275067 0.692168971451992 275
1757429275111 0.6793672403332205 276
1757429275157 0.6668513659932509 277
1757429275200 0.6546148395307972 278
1757429275244 0.6426513046463465 279
1757429275288 0.6309545539128822 280
1757429275334 0.6195185251428924 281
1757429275377 0.6083372978489926 282
1757429275428 0.5974050897955924 283
1757429275475 0.5867162536390947 284
1757429275522 0.5762652736542139 285
1757429275566 0.56604676254404 286
1757429275610 0.5560554583315797 287
1757429275655 0.5462862213305354 288
1757429275702 0.5367340311931796 289
1757429275746 0.527393984033242 290
1757429275790 0.5182612896217491 291
1757429275835 0.5093312686538829 292
1757429275881 0.5005993500849162 293
1757429275925 0.4920610685333803 294
1757429275970 0.4837120617496513 295
1757429276014 0.47554806814821476 296
1757429276069 0.4675649244018935 297
1757429276114 0.4597585630963906 298
1757429276159 0.4521250104435438 299
1757429276203 0.444660384051726 300
1757429276249 0.43736089075187984 301
1757429276293 0.4302228244777105 302
1757429276339 0.4232425641986121 303
1757429276384 0.4164165719039243 304
1757429276429 0.40974139063718307 305
1757429276496 0.40321364257904074 306
1757429276694 0.39683002717758686 307
1757429276814 0.39058731932482404 308
1757429277000 0.3844823675780977 309
1757429277108 0.3785120924252974 310
1757429277206 0.3726734845927056 311
1757429277333 0.36696360339437917 312
1757429277445 0.3613795751219755 313
1757429277565 0.3559185914739949 314
1757429277685 0.3505779080234107 315
1757429277752 0.34535484272269523 316
1757429277810 0.340246774445285 317
1757429277867 0.335251141562541 318
1757429277921 0.3303654405553021 319
1757429277974 0.325587224659136 320
1757429278027 0.32091410254243685 321
1757429278085 0.31634373701651786 322
1757429278136 0.311873843776897 323
1757429278190 0.3075021901749694 324
1757429278239 0.3032265940193088 325
1757429278289 0.29904492240583164 326
1757429278341 0.2949550905761049 327
1757429278391 0.29095506080308053 328
1757429278439 0.28704284130356544 329
1757429278487 0.283216485176756 330
1757429278536 0.2794740893681763 331
1757429278585 0.2758137936583876 332
1757429278632 0.2722337796758462 333
1757429278679 0.2687322699333028 334
1757429278728 0.26530752688715586 335
1757429278775 0.2619578520191927 336
1757429278823 0.25868158494014964 337
1757429278871 0.2554771025145552 338
1757429278922 0.25234281800632496 339
1757429278970 0.2492771802445997 340
1757429279018 0.24627867280931473 341
1757429279065 0.2433458132360182 342
1757429279125 0.24047715223946814 343
1757429279173 0.2376712729555349 344
1757429279218 0.2349267902009649 345
1757429279266 0.23224234975056668 346
1757429279313 0.22961662763138546 347
1757429279358 0.2270483294334614 348
1757429279404 0.22453618963675068 349
1757429279452 0.2220789709538268 350
1757429279497 0.21967546368796884 351
1757429279543 0.21732448510626576 352
1757429279589 0.21502487882737173 353
1757429279636 0.2127755142235516 354
1757429279682 0.2105752858366725 355
1757429279727 0.20842311280780587 356
1757429279773 0.20631793832010423 357
1757429279819 0.20425872905463666 358
1757429279867 0.20224447465887005 359
1757429279915 0.20027418722748444 360
1757429279961 0.19834690079523618 361
1757429280008 0.19646167084156738 362
1757429280056 0.19461757380668884 363
1757429280112 0.19281370661885455 364
1757429280161 0.19104918623256198 365
1757429280210 0.1893231491774206 366
1757429280257 0.1876347511174227 367
1757429280302 0.18598316642038026 368
1757429280349 0.1843675877372766 369
1757429280396 0.1827872255913008 370
1757429280452 0.18124130797633387 371
1757429280499 0.17972907996465953 372
1757429280545 0.17824980332368345 373
1757429280594 0.176802756141446 374
1757429280650 0.17538723246072005 375
1757429280816 0.1740025419214904 376
1757429280919 0.17264800941161737 377
1757429281097 0.17132297472549057 378
1757429281189 0.17002679223048536 379
1757429281244 0.16875883054103566 380
1757429281304 0.1675184722001483 381
1757429281412 0.1663051133681765 382
1757429281489 0.16511816351869193 383
1757429281552 0.16395704514127993 384
1757429281606 0.1628211934510999 385
1757429281657 0.16171005610504854 386
1757429281714 0.1606230929243807 387
1757429281766 0.15955977562362472 388
1757429281818 0.1585195875456527 389
1757429281871 0.15750202340276123 390
1757429281923 0.15650658902362086 391
1757429281973 0.15553280110595835 392
1757429282022 0.15458018697483963 393
1757429282071 0.15364828434641914 394
1757429282122 0.1527366410970346 395
1757429282176 0.15184481503751923 396
1757429282227 0.15097237369260885 397
1757429282277 0.15011889408533238 398
1757429282328 0.14928396252626316 399
1757429282378 0.14846717440752302 400
1757429282428 0.1476681340014284 401
1757429282478 0.14688645426367028 402
1757429282527 0.146121756640926 403
1757429282573 0.14537367088279574 404
1757429282621 0.14464183485797158 405
1757429282668 0.143925894374534 406
1757429282717 0.14322550300428563 407
1757429282764 0.14254032191103094 408
1757429282811 0.14187001968270446 409
1757429282858 0.14121427216726634 410
1757429282906 0.14057276231227492 411
1757429282952 0.13994518000805561 412
1757429283000 0.13933122193437775 413
1757429283047 0.13873059141056626 414
1757429283095 0.13814299824896503 415
1757429283142 0.13756815861167726 416
1757429283200 0.1370057948705065 417
1757429283248 0.13645563547002848 418
1757429283298 0.13591741479371808 419
1757429283345 0.135390873033067 420
1757429283393 0.1348757560596181 421
1757429283441 0.13437181529985565 422
1757429283489 0.13387880761288407 423
1757429283536 0.13339649517083105 424
1757429283584 0.13292464534191462 425
1757429283631 0.13246303057611356 426
1757429283681 0.13201142829338192 427
1757429283728 0.13156962077434964 428
1757429283776 0.1311373950534542 429
1757429283824 0.13071454281444703 430
1757429283874 0.13030086028822116 431
1757429283924 0.1298961481529087 432
1757429283972 0.12950021143619636 433
1757429284020 0.12911285941980702 434
1757429284068 0.12873390554610278 435
1757429284117 0.12836316732675798 436
1757429284164 0.12800046625345604 437
1757429284222 0.12764562771056623 438
1757429284271 0.1272984808897556 439
1757429284319 0.1269588587064891 440
1757429284367 0.1266265977183813 441
1757429284417 0.12630153804535338 442
1757429284465 0.12598352329155557 443
1757429284522 0.12567240046901837 444
1757429284662 0.1253680199229902 445
1757429284798 0.12507023525892544 446
1757429284962 0.12477890327108655 447
1757429285058 0.12449388387272134 448
1757429285153 0.12421504002778308 449
1757429285291 0.1239422376841586 450
1757429285406 0.12367534570836809 451
1757429285517 0.12341423582170614 452
1757429285679 0.12315878253779212 453
1757429285778 0.12290886310149624 454
1757429285887 0.12266435742921139 455
1757429285969 0.1224251480504431 456
1757429286043 0.12219112005068453 457
1757429286133 0.12196216101555003 458
1757429286236 0.12173816097613842 459
1757429286309 0.12151901235559981 460
1757429286387 0.12130460991687766 461
1757429286490 0.12109485071160019 462
1757429286574 0.12088963403009641 463
1757429286640 0.12068886135251171 464
1757429286707 0.12049243630099687 465
1757429286772 0.12030026459294918 466
1757429286874 0.12011225399527933 467
1757429286976 0.1199283142796858 468
1757429287073 0.11974835717890817 469
1757429287177 0.11957229634394322 470
1757429287267 0.11940004730220033 471
1757429287340 0.11923152741657324 472
1757429287432 0.11906665584541283 473
1757429287519 0.118905353503375 474
1757429287589 0.11874754302312975 475
1757429287656 0.11859314871790883 476
1757429287750 0.11844209654487442 477
1757429287833 0.11829431406929126 478
1757429287904 0.1181497304294828 479
1757429287969 0.1180082763025574 480
1757429288035 0.11786988387088365 481
1757429288129 0.11773448678929896 482
1757429288203 0.11760202015303953 483
1757429288318 0.11747242046636966 484
1757429288379 0.11734562561189825 485
1757429288451 0.11722157482056765 486
1757429288543 0.11710020864229877 487
1757429288631 0.11698146891727847 488
1757429288729 0.11686529874787441 489
1757429288814 0.11675164247116503 490
1757429288909 0.11664044563207022 491
1757429288997 0.11653165495706777 492
1757429289081 0.11642521832848723 493
1757429289149 0.11632108475936287 494
1757429289237 0.11621920436883731 495
1757429289318 0.11611952835810327 496
1757429289435 0.11602200898686865 497
1757429289521 0.11592659955033845 498
1757429289597 0.11583325435669768 499
