1757508808751 169.17593756399393 0
1757508808814 169.07229076073799 1
1757508808886 168.9856526313918 2
1757508808957 168.8990815482145 3
1757508809021 168.81258588363593 4
1757508809083 168.72616555872193 5
1757508809147 168.63982049897984 6
1757508809206 168.55355062999143 7
1757508809280 168.4673558774153 8
1757508809343 168.38123616698638 9
1757508809405 168.2951914245163 10
1757508809465 168.209221575893 11
1757508809525 168.12332654708078 12
1757508809583 168.03750626412017 13
1757508809642 167.95176065312796 14
1757508809702 167.86608964029696 15
1757508809762 167.78049315189602 16
1757508809827 167.69497111426998 17
1757508809893 167.60952345383936 18
1757508809953 167.5241500971007 19
1757508810013 167.4388509706261 20
1757508810072 167.35362600106328 21
1757508810131 167.26847511513552 22
1757508810190 167.18339823964166 23
1757508810247 167.0983953014557 24
1757508810303 167.0134662275272 25
1757508810361 166.92861094488072 26
1757508810420 166.84382938061617 27
1757508810480 166.7591214619084 28
1757508810536 166.67448711600727 29
1757508810591 166.58992627023758 30
1757508810649 166.50543885199892 31
1757508810704 166.4210247887657 32
1757508810761 166.33668400808696 33
1757508810817 166.2524164375863 34
1757508810874 166.168222004962 35
1757508810941 166.08410063798655 36
1757508811001 166.00005226450708 37
1757508811059 165.91607681244471 38
1757508811115 165.832174209795 39
1757508811171 165.74834438462756 40
1757508811230 165.664587265086 41
1757508811289 165.58090277938803 42
1757508811345 165.49729085582513 43
1757508811403 165.41375142276272 44
1757508811463 165.33028440863984 45
1757508811525 165.2468897419693 46
1757508811582 165.16356735133758 47
1757508811638 165.08031716540438 48
1757508811701 164.99713911290314 49
1757508811758 164.91403312264052 50
1757508811816 164.83099912349647 51
1757508811875 164.7480370444242 52
1757508811936 164.66514681444994 53
1757508811996 164.58232836267314 54
1757508812054 164.49958161826606 55
1757508812112 164.416906510474 56
1757508812171 164.334302968615 57
1757508812228 164.25177092207986 58
1757508812293 164.16931030033209 59
1757508812354 164.08692103290778 60
1757508812412 164.00460304941552 61
1757508812469 163.92235627953633 62
1757508812531 163.84018065302368 63
1757508812589 163.75807609970335 64
1757508812647 163.67604254947312 65
1757508812705 163.59407993230315 66
1757508812766 163.51218817823556 67
1757508812823 163.43036721738451 68
1757508812881 163.34861697993608 69
1757508812947 163.26693739614814 70
1757508813006 163.18532839635034 71
1757508813065 163.10378991094407 72
1757508813125 163.02232187040224 73
1757508813201 162.9409242052694 74
1757508813267 162.85959684616154 75
1757508813331 162.77833972376595 76
1757508813391 162.6971527688415 77
1757508813451 162.61603591221797 78
1757508813512 162.5349890847965 79
1757508813570 162.4540122175493 80
1757508813630 162.37310524151957 81
1757508813689 162.2922680878215 82
1757508813748 162.21150068764007 83
1757508813809 162.13080297223118 84
1757508813881 162.05017487292136 85
1757508813956 161.96961632110776 86
1757508814029 161.88912724825826 87
1757508814095 161.80870758591104 88
1757508814157 161.72835726567487 89
1757508814218 161.64807621922878 90
1757508814286 161.56786437832216 91
1757508814348 161.48772167477455 92
1757508814410 161.40764804047558 93
1757508814474 161.32764340738507 94
1757508814539 161.24770770753273 95
1757508814600 161.1678408730182 96
1757508814662 161.088042836011 97
1757508814724 161.0083135287503 98
1757508814784 160.9286528835452 99
1757508814842 160.84906083277414 100
1757508814905 160.76953730888536 101
1757508814973 160.6900822443964 102
1757508815034 160.61069557189424 103
1757508815097 160.5313772240353 104
1757508815157 160.4521271335451 105
1757508815215 160.3729452332185 106
1757508815275 160.2938314559194 107
1757508815335 160.21478573458066 108
1757508815395 160.13580800220427 109
1757508815452 160.056898191861 110
1757508815514 159.97805623669052 111
1757508815575 159.89928206990123 112
1757508815633 159.82057562477019 113
1757508815692 159.74193683464307 114
1757508815750 159.6633656329341 115
1757508815808 159.58486195312597 116
1757508815867 159.50642572876987 117
1757508815929 159.42805689348506 118
1757508815998 159.3497553809593 119
1757508816062 159.2715211249484 120
1757508816126 159.19335405927632 121
1757508816187 159.11525411783506 122
1757508816247 159.03722123458462 123
1757508816307 158.95925534355277 124
1757508816379 158.8813563788353 125
1757508816437 158.80352427459562 126
1757508816496 158.7257589650648 127
1757508816557 158.64806038454168 128
1757508816618 158.57042846739245 129
1757508816678 158.49286314805093 130
1757508816736 158.41536436101822 131
1757508816797 158.33793204086285 132
1757508816859 158.26056612222058 133
1757508816925 158.18326653979432 134
1757508816993 158.1060332283541 135
1757508817064 158.0288661227371 136
1757508817131 157.9517651578474 137
1757508817193 157.87473026865598 138
1757508817255 157.79776139020066 139
1757508817316 157.7208584575861 140
1757508817376 157.64402140598358 141
1757508817435 157.56725017063104 142
1757508817496 157.490544686833 143
1757508817560 157.41390488996046 144
1757508817622 157.3373307154509 145
1757508817682 157.26082209880792 146
1757508817741 157.18437897560176 147
1757508817803 157.10800128146855 148
1757508817862 157.03168895211084 149
1757508817923 156.955441923297 150
1757508817982 156.87926013086158 151
1757508818054 156.803143510705 152
1757508818113 156.72709199879364 153
1757508818171 156.6511055311595 154
1757508818232 156.57518404390046 155
1757508818292 156.49932747318007 156
1757508818351 156.42353575522733 157
1757508818412 156.34780882633692 158
1757508818472 156.27214662286895 159
1757508818531 156.19654908124872 160
1757508818590 156.12101613796722 161
1757508818649 156.0455477295804 162
1757508818708 155.97014379270948 163
1757508818767 155.8948042640408 164
1757508818827 155.81952908032574 165
1757508818886 155.74431817838072 166
1757508818956 155.66917149508697 167
1757508819047 155.5940889673906 168
1757508819153 155.51907053230252 169
1757508819218 155.44411612689836 170
1757508819285 155.36922568831838 171
1757508819347 155.2943991537674 172
1757508819408 155.21963646051466 173
1757508819469 155.14493754589407 174
1757508819530 155.07030234730368 175
1757508819592 154.99573080220597 176
1757508819729 154.92122284812757 177
1757508819889 154.84677842265938 178
1757508820014 154.77239746345637 179
1757508820104 154.69807990823747 180
1757508820175 154.62382569478567 181
1757508820337 154.5496347609478 182
1757508820490 154.47550704463464 183
1757508820598 154.4014424838206 184
1757508820686 154.32744101654384 185
1757508820777 154.25350258090617 186
1757508820858 154.17962711507298 187
1757508820955 154.10581455727313 188
1757508821055 154.0320648457989 189
1757508821150 153.95837791900607 190
1757508821232 153.88475371531348 191
1757508821309 153.8111921732035 192
1757508821388 153.73769323122144 193
1757508821466 153.66425682797583 194
1757508821543 153.59088290213822 195
1757508821614 153.51757139244305 196
1757508821688 153.44432223768786 197
1757508821761 153.37113537673278 198
1757508821833 153.298010748501 199
1757508821908 153.2249482919782 200
1757508821990 153.15194794621277 201
1757508822071 153.07900965031567 202
1757508822156 153.00613334346045 203
1757508822233 152.93331896488306 204
1757508822312 152.86056645388175 205
1757508822389 152.78787574981723 206
1757508822478 152.7152467921124 207
1757508822583 152.6426795202523 208
1757508822653 152.57017387378426 209
1757508822724 152.4977297923174 210
1757508822793 152.42534721552312 211
1757508822858 152.35302608313452 212
1757508822925 152.28076633494678 213
1757508822993 152.20856791081664 214
1757508823058 152.13643075066278 215
1757508823133 152.0643547944655 216
1757508823199 151.99233998226651 217
1757508823263 151.92038625416944 218
1757508823328 151.84849355033907 219
1757508823392 151.77666181100173 220
1757508823455 151.70489097644514 221
1757508823517 151.63318098701814 222
1757508823579 151.56153178313102 223
1757508823641 151.48994330525503 224
1757508823703 151.41841549392265 225
1757508823764 151.34694828972732 226
1757508823828 151.27554163332337 227
1757508823890 151.2041954654263 228
1757508823954 151.1329097268121 229
1757508824019 151.06168435831782 230
1757508824079 150.99051930084104 231
1757508824151 150.9194144953401 232
1757508824218 150.8483698828339 233
1757508824280 150.77738540440183 234
1757508824345 150.70646100118373 235
1757508824406 150.6355966143799 236
1757508824474 150.5647921852509 237
1757508824537 150.49404765511764 238
1757508824598 150.42336296536115 239
1757508824660 150.35273805742267 240
1757508824721 150.28217287280353 241
1757508824783 150.21166735306497 242
1757508824845 150.1412214398283 243
1757508824906 150.07083507477475 244
1757508824969 150.0005081996452 245
1757508825033 149.93024075624047 246
1757508825097 149.86003268642105 247
1757508825165 149.78988393210702 248
1757508825226 149.71979443527803 249
1757508825288 149.64976413797342 250
1757508825350 149.5797929822918 251
1757508825411 149.50988091039122 252
1757508825474 149.44002786448908 253
1757508825540 149.37023378686203 254
1757508825603 149.300498619846 255
1757508825668 149.23082230583594 256
1757508825736 149.16120478728604 257
1757508825800 149.0916460067094 258
1757508825863 149.02214590667816 259
1757508825929 148.9527044298232 260
1757508826004 148.88332151883444 261
1757508826068 148.8139971164605 262
1757508826135 148.74473116550868 263
1757508826208 148.67552360884494 264
1757508826272 148.60637438939392 265
1757508826338 148.53728345013872 266
1757508826407 148.4682507341209 267
1757508826472 148.3992761844404 268
1757508826538 148.33035974425562 269
1757508826604 148.26150135678316 270
1757508826669 148.1927009652979 271
1757508826736 148.1239585131329 272
1757508826800 148.0552739436792 273
1757508826864 147.986647200386 274
1757508826935 147.91807822676054 275
1757508827000 147.84956696636777 276
1757508827066 147.78111336283078 277
1757508827134 147.71271735983018 278
1757508827213 147.64437890110455 279
1757508827280 147.57609793045003 280
1757508827346 147.50787439172043 281
1757508827410 147.43970822882713 282
1757508827475 147.371599385739 283
1757508827542 147.30354780648224 284
1757508827608 147.23555343514067 285
1757508827674 147.16761621585522 286
1757508827741 147.09973609282417 287
1757508827805 147.03191301030301 288
1757508827869 146.9641469126044 289
1757508827934 146.89643774409797 290
1757508828000 146.82878544921044 291
1757508828069 146.76118997242557 292
1757508828137 146.69365125828386 293
1757508828203 146.6261692513828 294
1757508828268 146.55874389637663 295
1757508828337 146.49137513797632 296
1757508828402 146.4240629209494 297
1757508828467 146.35680719012015 298
1757508828535 146.28960789036935 299
1757508828599 146.2224649666343 300
1757508828673 146.15537836390865 301
1757508828740 146.08834802724246 302
1757508828809 146.02137390174212 303
1757508828876 145.9544559325703 304
1757508828940 145.8875940649458 305
1757508829006 145.8207882441436 306
1757508829073 145.75403841549482 307
1757508829139 145.68734452438642 308
1757508829206 145.62070651626146 309
1757508829282 145.55412433661894 310
1757508829347 145.4875979310136 311
1757508829413 145.421127245056 312
1757508829480 145.35471222441245 313
1757508829547 145.2883528148049 314
1757508829613 145.22204896201094 315
1757508829678 145.15580061186373 316
1757508829745 145.08960771025184 317
1757508829810 145.0234702031194 318
1757508829879 144.95738803646586 319
1757508829945 144.8913611563459 320
1757508830010 144.82538950886962 321
1757508830076 144.75947304020232 322
1757508830143 144.69361169656426 323
1757508830208 144.6278054242311 324
1757508830284 144.5620541695332 325
1757508830351 144.4963578788561 326
1757508830417 144.43071649864024 327
1757508830483 144.36512997538094 328
1757508830554 144.2995982556282 329
1757508830620 144.2341212859869 330
1757508830685 144.16869901311657 331
1757508830753 144.10333138373133 332
1757508830819 144.03801834459992 333
1757508830883 143.97275984254566 334
1757508830982 143.9075558244462 335
1757508831059 143.84240623723366 336
1757508831126 143.77731102789457 337
1757508831194 143.71227014346962 338
1757508831268 143.64728353105386 339
1757508831335 143.58235113779648 340
1757508831402 143.51747291090075 341
1757508831468 143.45264879762408 342
1757508831533 143.38787874527776 343
1757508831602 143.32316270122726 344
1757508831668 143.2585006128917 345
1757508831733 143.1938924277442 346
1757508831801 143.1293380933116 347
1757508831869 143.06483755717449 348
1757508831937 143.00039076696717 349
1757508832002 142.93599767037745 350
1757508832074 142.87165821514674 351
1757508832141 142.80737234907008 352
1757508832207 142.74314001999582 353
1757508832282 142.67896117582575 354
1757508832350 142.61483576451494 355
1757508832464 142.55076373407186 356
1757508832645 142.4867450325581 357
1757508832768 142.4227796080885 358
1757508832882 142.3588674088309 359
1757508832970 142.2950083830063 360
1757508833097 142.23120247888875 361
1757508833220 142.16744964480512 362
1757508833385 142.1037498291352 363
1757508833519 142.04010298031176 364
1757508833592 141.97650904682015 365
1757508833663 141.9129679771986 366
1757508833736 141.84947972003786 367
1757508833810 141.78604422398155 368
1757508833881 141.72266143772563 369
1757508833951 141.65933131001856 370
1757508834025 141.59605378966143 371
1757508834094 141.53282882550764 372
1757508834168 141.46965636646286 373
1757508834241 141.40653636148517 374
1757508834309 141.34346875958485 375
1757508834383 141.28045350982424 376
1757508834451 141.21749056131807 377
1757508834518 141.15457986323284 378
1757508834585 141.09172136478728 379
1757508834652 141.028915015252 380
1757508834718 140.96616076394957 381
1757508834785 140.9034585602544 382
1757508834851 140.84080835359256 383
1757508834918 140.77821009344208 384
1757508834984 140.71566372933262 385
1757508835050 140.6531692108454 386
1757508835120 140.5907264876133 387
1757508835184 140.52833550932064 388
1757508835249 140.4659962257034 389
1757508835317 140.40370858654885 390
1757508835388 140.3414725416956 391
1757508835456 140.27928804103362 392
1757508835522 140.2171550345042 393
1757508835590 140.15507347209976 394
1757508835654 140.09304330386396 395
1757508835718 140.0310644798915 396
1757508835785 139.96913695032808 397
1757508835849 139.90726066537056 398
1757508835914 139.84543557526658 399
1757508835979 139.7836616303147 400
1757508836045 139.7219387808644 401
1757508836110 139.66026697731593 402
1757508836181 139.59864617012016 403
1757508836251 139.53707630977877 404
1757508836318 139.47555734684397 405
1757508836393 139.41408923191864 406
1757508836459 139.3526719156561 407
1757508836524 139.29130534876012 408
1757508836590 139.22998948198494 409
1757508836657 139.1687242661352 410
1757508836722 139.10750965206577 411
1757508836823 139.0463455906818 412
1757508836906 138.9852320329386 413
1757508836997 138.92416892984176 414
1757508837090 138.86315623244687 415
1757508837177 138.8021938918596 416
1757508837261 138.74128185923556 417
1757508837343 138.68042008578036 418
1757508837438 138.61960852274953 419
1757508837528 138.5588471214484 420
1757508837614 138.49813583323203 421
1757508837691 138.43747460950533 422
1757508837782 138.3768634017228 423
1757508837865 138.31630216138862 424
1757508837937 138.25579084005656 425
1757508838018 138.19532938932986 426
1757508838096 138.1349177608613 427
1757508838170 138.07455590635305 428
1757508838246 138.0142437775567 429
1757508838323 137.95398132627304 430
1757508838422 137.89376850435227 431
1757508838504 137.83360526369376 432
1757508838593 137.773491556246 433
1757508838676 137.7134273340067 434
1757508838758 137.65341254902253 435
1757508838841 137.59344715338926 436
1757508838936 137.53353109925152 437
1757508839057 137.47366433880296 438
1757508839142 137.41384682428605 439
1757508839227 137.35407850799206 440
1757508839301 137.29435934226098 441
1757508839376 137.23468927948161 442
1757508839456 137.17506827209138 443
1757508839528 137.1154962725762 444
1757508839602 137.0559732334707 445
1757508839674 136.99649910735792 446
1757508839746 136.93707384686945 447
1757508839819 136.87769740468514 448
1757508839892 136.81836973353333 449
1757508839963 136.7590907861906 450
1757508840033 136.6998605154818 451
1757508840101 136.6406788742799 452
1757508840172 136.5815458155062 453
1757508840240 136.52246129212992 454
1757508840306 136.46342525716847 455
1757508840374 136.40443766368716 456
1757508840448 136.34549846479936 457
1757508840513 136.28660761366623 458
1757508840584 136.22776506349683 459
1757508840655 136.16897076754805 460
1757508840723 136.11022467912449 461
1757508840796 136.0515267515785 462
1757508840864 135.99287693831002 463
1757508840933 135.93427519276665 464
1757508841007 135.87572146844352 465
1757508841075 135.81721571888323 466
1757508841146 135.7587578976759 467
1757508841214 135.70034795845905 468
1757508841282 135.64198585491746 469
1757508841350 135.5836715407834 470
1757508841417 135.52540496983616 471
1757508841492 135.46718609590246 472
1757508841563 135.40901487285606 473
1757508841642 135.3508912546178 474
1757508841709 135.2928151951557 475
1757508841776 135.23478664848471 476
1757508841844 135.1768055686667 477
1757508841909 135.1188719098106 478
1757508841975 135.060985626072 479
1757508842043 135.00314667165355 480
1757508842109 134.94535500080445 481
1757508842176 134.88761056782076 482
1757508842246 134.8299133270451 483
1757508842311 134.7722632328668 484
1757508842378 134.71466023972172 485
1757508842444 134.65710430209228 486
1757508842515 134.5995953745073 487
1757508842584 134.5421334115421 488
1757508842654 134.48471836781835 489
1757508842724 134.42735019800404 490
1757508842794 134.3700288568135 491
1757508842863 134.3127542990072 492
1757508842933 134.25552647939182 493
1757508843003 134.19834535282033 494
1757508843071 134.1412108741915 495
1757508843146 134.08412299845043 496
1757508843220 134.027081680588 497
1757508843290 133.97008687564113 498
1757508843361 133.9131385386927 499
