1757502467005 101.53263414770453 0
1757502467244 73.00334209287406 1
1757502467336 42.1009896164738 2
1757502467450 40.13860968473112 3
1757502467519 35.578163878173875 4
1757502467579 35.13164470881684 5
1757502467637 28.319593316409307 6
1757502467739 27.606954048144907 7
1757502467885 25.048882319866895 8
1757502467954 27.572944417960287 9
1757502468023 31.680565830798074 10
1757502468096 22.169409095152556 11
1757502468177 26.99595102301086 12
1757502468235 16.063891374787925 13
1757502468295 24.459123750160323 14
1757502468354 26.37233411850652 15
1757502468430 18.17949167326264 16
1757502468497 17.617722448577695 17
1757502468558 12.74961165798499 18
1757502468616 17.64658240438708 19
1757502468675 18.856462424503597 20
1757502468736 11.56783323707854 21
1757502468793 12.97935609728854 22
1757502468848 13.81382861380844 23
1757502468907 16.757149411516824 24
1757502468962 17.119358215455666 25
1757502469024 12.831868172650571 26
1757502469081 9.650744700666307 27
1757502469138 15.716873901573672 28
1757502469193 8.829016748483019 29
1757502469248 13.728338540939765 30
1757502469303 12.165311425693053 31
1757502469360 8.448311715505548 32
1757502469427 9.580161047462143 33
1757502469481 9.456956406422798 34
1757502469534 10.966403340493114 35
1757502469592 6.831258828201964 36
1757502469648 10.625794009451281 37
1757502469707 8.579004120320105 38
1757502469762 7.697030164688863 39
1757502469817 8.949632333364901 40
1757502469875 5.214596477989842 41
1757502469930 10.050430985723455 42
1757502469983 6.3088227548723586 43
1757502470037 7.4896605355580625 44
1757502470088 5.533895447466289 45
1757502470142 7.08583673308902 46
1757502470197 4.846712580646921 47
1757502470249 9.079055400921161 48
1757502470302 5.853543072518562 49
1757502470355 4.558038580483747 50
1757502470418 4.129672472509675 51
1757502470477 8.0226953326715 52
1757502470531 7.446618475352003 53
1757502470584 5.101953033719011 54
1757502470637 4.489202652559219 55
1757502470740 21.267855479192182 56
1757502470799 4.460274608828607 57
1757502470854 6.110135206978438 58
1757502470914 4.149330012926356 59
1757502470970 3.369018673937861 60
1757502471028 4.782800572561572 61
1757502471082 3.7283391102291126 62
1757502471140 3.9718877614885026 63
1757502471192 4.274476252526439 64
1757502471245 2.0973585379748476 65
1757502471297 3.2950090313167775 66
1757502471353 3.4850579992420236 67
1757502471407 3.2091888368962898 68
1757502471468 4.3494461327865315 69
1757502471522 3.5006966112679545 70
1757502471579 3.3293255649008477 71
1757502471634 3.805767159032917 72
1757502471689 2.6721547212682553 73
1757502471742 2.576283324211848 74
1757502471794 3.0365531663707994 75
1757502471847 3.725166059812008 76
1757502471901 2.8933666646269174 77
1757502471960 2.50683295698547 78
1757502472013 2.9729129497776494 79
1757502472066 2.318606915953742 80
1757502472121 2.4219930214816614 81
1757502472175 2.0043432305223767 82
1757502472227 3.5891468489718426 83
1757502472280 2.9752560323859734 84
1757502472333 3.4939779980508736 85
1757502472385 2.3354518626793777 86
1757502472439 2.8079644928373044 87
1757502472492 2.0810933161920016 88
1757502472547 2.009997519962573 89
1757502472600 2.6545658159276644 90
1757502472653 2.433068312967026 91
1757502472706 2.4005123905700585 92
1757502472760 2.435491997725667 93
1757502472812 2.13709037951529 94
1757502472864 2.6580818600263547 95
1757502472919 2.50730399220905 96
1757502472973 2.8479624282579756 97
1757502473026 2.1403759656303234 98
1757502473078 2.287399487034804 99
1757502473133 1.868621503064216 100
1757502473186 1.7802922643282217 101
1757502473239 1.8039794621380492 102
1757502473292 1.9050706270723028 103
1757502473345 2.054359891068699 104
1757502473397 3.1185107940084933 105
1757502473452 1.6978257177480705 106
1757502473514 1.8712897288219308 107
1757502473568 2.134066313321554 108
1757502473620 2.172936642733295 109
1757502473674 1.5811542603983295 110
1757502473731 1.6653909661805624 111
1757502473788 1.6478601128411308 112
1757502473843 2.1904249038220036 113
1757502473899 1.3753963856834401 114
1757502473955 1.481576968339873 115
1757502474009 1.4376293080363707 116
1757502474063 1.7968472217236375 117
1757502474118 1.5218594354246997 118
1757502474171 1.649764533425311 119
1757502474223 1.3861050268276367 120
1757502474277 1.98043046835051 121
1757502474332 1.3556354426254964 122
1757502474386 1.8599505846396964 123
1757502474442 0.9769214232565365 124
1757502474508 7.0717103259868885 125
1757502474563 1.7358767275108506 126
1757502474616 1.7171737577493758 127
1757502474677 1.5087246532250027 128
1757502474733 1.8934914104494873 129
1757502474787 1.966061202526626 130
1757502474840 1.176195483834666 131
1757502474895 1.730084644360281 132
1757502474954 1.2749739654174725 133
1757502475010 6.390516745838669 134
1757502475065 1.462099145087516 135
1757502475118 1.2880252878306746 136
1757502475172 1.461410045343067 137
1757502475226 1.3642065972997521 138
1757502475280 1.5519759830807205 139
1757502475333 1.0517828510028653 140
1757502475386 1.3827594173952982 141
1757502475441 1.4665096714261778 142
1757502475495 1.6065872260857847 143
1757502475557 1.9257686335346353 144
1757502475611 1.4605135174227974 145
1757502475664 0.9968895157438464 146
1757502475717 1.1146610772615846 147
1757502475770 1.8023637273747275 148
1757502475825 1.781454455851829 149
1757502475878 1.5267451143778297 150
1757502475934 1.6575135674797963 151
1757502475991 1.5376081081388608 152
1757502476044 1.5154615251970038 153
1757502476098 1.2165416361720705 154
1757502476151 1.231427375465348 155
1757502476206 1.0700875854884853 156
1757502476260 1.493090453548738 157
1757502476312 1.270632928513538 158
1757502476367 1.1247292029079505 159
1757502476424 1.3352417451554124 160
1757502476554 1.1623143975277412 161
1757502476699 0.8685215168139568 162
1757502476805 1.3390252043903892 163
1757502476901 1.228994140249081 164
1757502476974 1.4247746412738334 165
1757502477077 1.0499659160005477 166
1757502477226 1.9081853507599849 167
1757502477390 1.2072300600051882 168
1757502477472 0.9895251479779672 169
1757502477553 1.0044378425246159 170
1757502477625 1.1334355912775338 171
1757502477701 1.0580474936770428 172
1757502477776 0.9581859952952566 173
1757502477845 1.0635005026468782 174
1757502477918 1.1886435444838528 175
1757502477990 1.0482119191337114 176
1757502478052 0.8769346527598888 177
1757502478115 1.0608045293738477 178
1757502478182 1.1449827778967459 179
1757502478247 1.2810725864340384 180
1757502478312 0.9399514373153366 181
1757502478396 1.0700043420936283 182
1757502478499 1.3658720734589898 183
1757502478577 1.07035977070661 184
1757502478641 1.511083433763638 185
1757502478702 1.0301711463349472 186
1757502478761 1.784762204358926 187
1757502478821 1.1749144746972957 188
1757502478885 0.9693260180616943 189
1757502478943 0.9911031861682094 190
1757502479002 1.004672374698961 191
1757502479060 1.0790237818700326 192
1757502479120 0.9585354682428221 193
1757502479181 1.180114519802147 194
1757502479238 1.0114128594585885 195
1757502479297 1.1551073910318104 196
1757502479354 1.2783083189231388 197
1757502479409 1.1035817943956565 198
1757502479466 1.0019673701377236 199
1757502479523 0.903498891998269 200
1757502479580 1.1043495763753794 201
1757502479635 1.0554251820324547 202
1757502479693 1.1825256876491876 203
1757502479748 1.2928491452806992 204
1757502479803 1.1965014945663484 205
1757502479858 1.0179875596222794 206
1757502479915 0.9709895487778873 207
1757502479972 1.2380337746344467 208
1757502480028 0.8436516505298685 209
1757502480083 0.983934126120237 210
1757502480141 1.163845365741498 211
1757502480196 0.9934510708321462 212
1757502480250 1.3782045697768597 213
1757502480305 1.6958344895118764 214
1757502480359 1.1098457346624038 215
1757502480414 0.9451856786553204 216
1757502480469 0.9225150612662246 217
1757502480526 1.1516035876521804 218
1757502480581 1.1457408299948668 219
1757502480644 0.774808110736554 220
1757502480699 1.6739705626041617 221
1757502480753 0.8029756678136494 222
1757502480810 1.146351752780237 223
1757502480866 1.1240875434407644 224
1757502480924 0.878741893532126 225
1757502480983 1.1359708909202764 226
1757502481040 1.014762306479507 227
1757502481097 1.1338244530204142 228
1757502481154 1.6013198137752962 229
1757502481212 1.054033913864247 230
1757502481269 1.1560092223766831 231
1757502481328 1.225227511616335 232
1757502481386 1.1586241739892829 233
1757502481445 1.071272616245623 234
1757502481504 1.456361689307701 235
1757502481561 1.203458178945694 236
1757502481626 0.9561515597606105 237
1757502481684 1.2684802156389505 238
1757502481746 0.9428950381457701 239
1757502481804 1.050225022845389 240
1757502481861 0.8791282541782601 241
1757502481920 1.2411614952579888 242
1757502481979 1.0970999409044482 243
1757502482040 1.0379325930059116 244
1757502482097 0.8639758090826452 245
1757502482156 0.9335997195282422 246
1757502482214 1.5260837162126542 247
1757502482271 1.11783600581382 248
1757502482330 0.7515892555689354 249
1757502482388 0.8893409868889032 250
1757502482447 0.9998266057348487 251
1757502482505 1.2839109309458663 252
1757502482564 1.3422204524593495 253
1757502482621 1.2361060284803518 254
1757502482679 0.9588233074979162 255
1757502482738 0.9472842536765181 256
1757502482796 0.985415436685569 257
1757502482854 1.3446938544695382 258
1757502482912 0.9366066682900258 259
1757502482973 0.9763756797669094 260
1757502483031 1.0404234196741582 261
1757502483089 1.041034694658562 262
1757502483148 0.9256644453940703 263
1757502483206 1.1416944237967817 264
1757502483265 0.9515882470396264 265
1757502483322 1.1447505351380785 266
1757502483383 0.9092964047535644 267
1757502483441 0.9875504447811855 268
1757502483501 0.9699244722798239 269
1757502483560 1.2278001778370677 270
1757502483619 0.9756954892604023 271
1757502483687 1.177190438826432 272
1757502483747 1.0501091028240863 273
1757502483805 0.8462067218647845 274
1757502483864 0.8628346671298891 275
1757502483919 0.8233439823835492 276
1757502483979 1.045486514032228 277
1757502484041 1.293642408841118 278
1757502484100 1.1783803549835874 279
1757502484159 0.9407562846172947 280
1757502484219 0.7917760167227879 281
1757502484278 1.565670347577196 282
1757502484337 1.0919328478745174 283
1757502484397 1.0628484989971632 284
1757502484457 1.3544167231672675 285
1757502484516 0.9359471018866847 286
1757502484577 1.080902401484087 287
1757502484637 1.2928256398301852 288
1757502484705 1.4087987830014999 289
1757502484765 1.5571825604087908 290
1757502484823 1.030180510802195 291
1757502484882 0.8667474592161809 292
1757502484941 1.088148376318075 293
1757502485000 1.1902622115450223 294
1757502485059 1.0167510011643819 295
1757502485118 0.8699391678909487 296
1757502485180 1.1440352193499286 297
1757502485239 0.903521699036594 298
1757502485297 0.8078706494183805 299
1757502485357 0.9595054584196685 300
1757502485417 1.075332661803207 301
1757502485476 0.9699920027088944 302
1757502485536 1.2015262274087048 303
1757502485595 1.1395238291288325 304
1757502485654 1.0517861056958908 305
1757502485723 1.246766241149494 306
1757502485783 0.9594476868711942 307
1757502485842 0.9058296419656734 308
1757502485901 1.1424487394047713 309
1757502485961 0.8113346044546258 310
1757502486020 0.8212981481271673 311
1757502486083 1.1634692576602739 312
1757502486144 1.2845053582218124 313
1757502486203 0.9974823426700985 314
1757502486269 1.3300883784373367 315
1757502486454 1.7981936822839664 316
1757502486572 0.9525707936290105 317
1757502486666 1.1113930485025054 318
1757502486738 1.128883676462144 319
1757502486870 1.3464956979839582 320
1757502486975 1.1967823484214197 321
1757502487038 1.041983587745288 322
1757502487099 0.8736854156080369 323
1757502487159 0.9362524834826431 324
1757502487218 1.1177458695589892 325
1757502487280 0.9860516728872034 326
1757502487339 0.9631917166871938 327
1757502487398 1.0854728239595746 328
1757502487457 0.9907345880044857 329
1757502487517 1.333861872664982 330
1757502487577 1.2209622080185012 331
1757502487636 1.015820145726573 332
1757502487697 1.022392663935368 333
1757502487764 0.9823656040863666 334
1757502487825 1.2428812206126052 335
1757502487886 1.3523167867463268 336
1757502487946 1.249799144788715 337
1757502488009 1.110841041811251 338
1757502488075 0.9922308097381627 339
1757502488137 1.335714306275192 340
1757502488197 1.2183151864093311 341
1757502488258 0.7515719739281402 342
1757502488319 1.5726590902984166 343
1757502488379 0.8174606723383783 344
1757502488452 1.1086712513126635 345
1757502488516 1.1591756730832363 346
1757502488584 0.9577542053250313 347
1757502488645 1.2058475443842656 348
1757502488706 1.0583582255067752 349
1757502488774 1.2595492021416692 350
1757502488832 1.219182677929723 351
1757502488889 0.9890627640256819 352
1757502488949 0.8725390700427729 353
1757502489008 0.8028910823639306 354
1757502489094 0.9251871242036122 355
1757502489168 1.0663818363542703 356
1757502489249 0.769184460803129 357
1757502489306 1.130691834385204 358
1757502489364 1.000688998951644 359
1757502489426 1.047032493902371 360
1757502489486 0.8950271721341934 361
1757502489546 1.0414591490593441 362
1757502489607 1.1559619151974985 363
1757502489667 1.1642195175576748 364
1757502489729 0.9979152507117027 365
1757502489791 0.9354798863732295 366
1757502489850 0.9475789316742669 367
1757502489911 1.0577294412504818 368
1757502489972 1.0331006727211094 369
1757502490033 1.245427608477749 370
1757502490094 1.3256661855222762 371
1757502490157 0.8689453150580437 372
1757502490217 1.3277121118103223 373
1757502490279 0.9115954744226387 374
1757502490339 0.7890291611617115 375
1757502490401 1.275268382908517 376
1757502490461 0.6828460736785819 377
1757502490526 1.0833544810175795 378
1757502490590 1.2676326139731626 379
1757502490652 1.19084459113382 380
1757502490712 0.929944381808447 381
1757502490783 1.5909074851945184 382
1757502490844 0.7704680397991548 383
1757502490905 1.7396496582189258 384
1757502490966 0.9242455490897838 385
1757502491029 1.223930775542938 386
1757502491091 1.235497901697376 387
1757502491153 0.851324114301286 388
1757502491214 1.3096627199224489 389
1757502491278 0.817578181555307 390
1757502491339 1.2833359211617155 391
1757502491401 0.6643861585987897 392
1757502491461 1.243265356650953 393
1757502491526 4.985256690777895 394
1757502491595 1.2728811693837447 395
1757502491659 0.9502240382510941 396
1757502491720 1.2700659486091546 397
1757502491791 0.929732874809649 398
1757502491853 0.8837423084424259 399
1757502491914 0.9621217168357512 400
1757502491988 0.9341513780912625 401
1757502492129 0.9901827396794324 402
1757502492200 0.8968441469313242 403
1757502492266 0.9244037983202111 404
1757502492333 0.8786385081308062 405
1757502492396 0.8283570495241855 406
1757502492462 1.0316407190535142 407
1757502492526 1.278239258515296 408
1757502492656 1.0672512545697723 409
1757502492730 0.9680290651944398 410
1757502492805 0.9016574811039159 411
1757502492868 1.2053504758509468 412
1757502492934 0.9735986612383005 413
1757502493000 0.9324572028249242 414
1757502493065 1.0638738160088874 415
1757502493129 1.0976320123217622 416
1757502493195 1.0012412815429246 417
1757502493264 0.9434840843425056 418
1757502493328 0.8913752709666493 419
1757502493391 0.8154978361414389 420
1757502493455 0.9924941160019234 421
1757502493520 1.272365540847968 422
1757502493584 1.012856845875329 423
