1757668679399 20056.626865666847 0
1757668679416 83847429333.32982 1
1757668679433 3.793720356376463e+17 2
1757668679451 1.716456964735522e+24 3
1757668679468 7.766056134136046e+30 4
1757668679485 3.513727935951143e+37 5
1757668679502 1.5897752726270983e+44 6
1757668679520 7.192888759534589e+50 7
1757668679539 3.25440014056469e+57 8
1757668679560 1.472443218431308e+64 9
1757668679579 6.66202353078853e+70 10
1757668679598 3.0142118194590734e+77 11
1757668679616 1.3637707598266922e+84 12
1757668679635 6.170338372875355e+90 13
1757668679652 2.7917503995038304e+97 14
1757668679670 1.2631187824952083e+104 15
1757668679688 5.714941632947331e+110 16
1757668679705 2.5857075613645727e+117 17
1757668679721 1.1698953414244857e+124 18
1757668679738 5.293155074212738e+130 19
1757668679755 2.3948715451374854e+137 20
1757668679772 1.0835521796160964e+144 21
1757668679788 4.902498124939679e+150 22
1757668679805 2.218120023860091e+157 23
1757668679822 1.0035815037276789e+164 24
1757668679837 4.5406732899492423e+170 25
1757668679853 2.054413502986706e+177 26
1757668679870 9.295129976861398e+183 27
1757668679886 4.205552638801291e+190 28
1757668679903 1.9027892070101617e+197 29
1757668679920 8.609110567086715e+203 30
1757668679936 3.895165291208649e+210 31
1757668679952 1.7623554172763778e+217 32
1757668679968 7.973722254645705e+223 33
1757668679983 3.6076858260799637e+230 34
1757668680000 1.6322862276918596e+237 35
1757668680016 7.385228253114143e+243 36
1757668680033 3.3414235460235485e+250 37
1757668680049 1.5118166874818766e+257 38
1757668680065 6.840167566511089e+263 39
1757668680081 3.0948125341757835e+270 40
1757668680098 1.4002383024334058e+277 41
1757668680114 6.3353346348125555e+283 42
1757668680132 2.8664024448770187e+290 43
1757668680148 1.2968948681650852e+297 44
1757668680164 5.867760481711076e+303 45
1757668680180 inf 46
