1757497429152 96.78093197579267 0
1757497429199 66.47647559691397 1
1757497429249 49.6259338078714 2
1757497429298 46.007504609827485 3
1757497429357 33.780694290085236 4
1757497429410 33.997778657982735 5
1757497429465 35.444359477911874 6
1757497429515 26.579429914398844 7
1757497429562 25.166111309054855 8
1757497429613 26.106713111842947 9
1757497429662 16.346157449456907 10
1757497429718 38.53093995488294 11
1757497429765 17.08044963656383 12
1757497429813 18.34395483225534 13
1757497429864 17.73530616453313 14
1757497429911 16.36931109267788 15
1757497429960 17.83997493933087 16
1757497430008 14.221857768442822 17
1757497430061 17.482875121547398 18
1757497430113 15.362364400795853 19
1757497430162 12.87009698147637 20
1757497430212 15.43410563930184 21
1757497430264 14.733684530169809 22
1757497430311 13.021691490746782 23
1757497430445 23.15839099597527 24
1757497430574 18.816476937033535 25
1757497430696 10.410230098235079 26
1757497430771 12.464116045013833 27
1757497430824 6.925869805713099 28
1757497430902 12.479101739682463 29
1757497431059 10.358597944264712 30
1757497431132 8.72942188397352 31
1757497431311 8.507507057786686 32
1757497431435 13.370986863870781 33
1757497431501 8.120015938769907 34
1757497431658 7.737564718272689 35
1757497431728 10.824009964981805 36
1757497431800 4.995566180485369 37
1757497431861 6.068797791815619 38
1757497431917 6.591852093348921 39
1757497431971 5.612898473023441 40
1757497432026 4.217800772377997 41
1757497432084 26.101084398105424 42
1757497432137 5.336403489441984 43
1757497432190 6.469969023931671 44
1757497432241 5.749357039129585 45
1757497432356 4.9426457337775975 46
1757497432421 3.872112132304593 47
1757497432479 3.7125833102471426 48
1757497432535 4.224374405509875 49
1757497432593 8.966229166375017 50
1757497432649 3.4597470175556904 51
1757497432709 4.104196742538337 52
1757497432770 3.574756196251997 53
1757497432824 3.329212152836597 54
1757497432880 3.6055259744623647 55
1757497432935 3.395713757677176 56
1757497432988 2.7529048057666503 57
1757497433039 2.6629083032432126 58
1757497433093 3.067529105826924 59
1757497433145 3.6113455464841118 60
1757497433198 4.7642230127597 61
1757497433257 2.6351519636865746 62
1757497433313 2.7302416667361005 63
1757497433365 2.188202739082266 64
1757497433417 1.8403144262260716 65
1757497433480 2.15778572804589 66
1757497433534 1.4018100873768038 67
1757497433589 3.215422745410228 68
1757497433648 2.530908388636586 69
1757497433726 1.5310461359605363 70
1757497433839 1.5679204723202023 71
1757497433909 1.3410250835200743 72
1757497433980 2.2230229217113453 73
1757497434046 1.805581019155572 74
1757497434106 1.0766246014765446 75
1757497434162 7.198858623926723 76
1757497434227 1.4059671076064806 77
1757497434287 2.380866226140434 78
1757497434349 1.2497694913882273 79
1757497434439 1.3647875916213243 80
1757497434507 1.1026446004525325 81
1757497434565 1.4513598935427952 82
1757497434620 1.795564325264769 83
1757497434676 1.0209716566468934 84
1757497434732 1.0598143280278454 85
1757497434786 1.0038566405493807 86
1757497434850 0.8240894135639393 87
1757497434902 0.7735188525997895 88
1757497434955 1.5263950208697161 89
1757497435008 0.9500416325368538 90
1757497435061 0.6284193909535303 91
1757497435113 0.9604315961588398 92
1757497435180 1.433945027268921 93
1757497435237 4.107041361601752 94
1757497435290 0.9613021715748247 95
1757497435343 0.6819150951403586 96
1757497435396 0.863464059674745 97
1757497435455 0.6801769999480767 98
1757497435508 0.6913256830214582 99
1757497435561 0.5074307022393759 100
1757497435612 0.7321637315516186 101
1757497435662 0.8383991733367016 102
1757497435714 0.5568833006172675 103
1757497435769 0.5644249025027588 104
1757497435819 0.6900005517386401 105
1757497435878 0.6975687018992286 106
1757497435929 3.1880818198930316 107
1757497435980 0.691707293862781 108
1757497436031 0.3527153936127959 109
1757497436082 0.5686993046703399 110
1757497436132 0.5588069758428679 111
1757497436187 0.36657027698224637 112
1757497436240 0.4511903364837876 113
1757497436290 0.4643946094722272 114
1757497436339 0.4820677549748655 115
1757497436390 0.5037284171466699 116
1757497436439 0.365133830570119 117
1757497436489 0.5601010804016494 118
1757497436538 0.4990369244073785 119
1757497436590 0.3270487691014062 120
1757497436638 0.506943345672434 121
1757497436688 0.4516622149636077 122
1757497436738 0.5393316061127538 123
1757497436787 0.4166983818605256 124
1757497436836 0.28049299802097394 125
1757497436894 0.3644167817935419 126
1757497436948 0.4657002984897199 127
1757497437001 0.3013993570096465 128
1757497437055 0.31215660301367926 129
1757497437106 0.3282890795102527 130
1757497437163 0.29286080141260606 131
1757497437214 0.3801764497626811 132
1757497437266 0.3786000116267005 133
1757497437320 0.3611004255126296 134
1757497437409 0.32448169468688226 135
1757497437472 0.27336421739446937 136
1757497437527 0.32353088935486984 137
1757497437587 0.2839036677469379 138
1757497437642 0.27017928826958654 139
1757497437697 0.2578905992844703 140
1757497437751 0.2508710325136564 141
1757497437807 0.24836384104502573 142
1757497437865 0.24090024540570903 143
1757497437922 0.22667646102075448 144
1757497437975 0.19941598625784443 145
1757497438027 0.3340706247733725 146
1757497438078 0.2711009407506003 147
1757497438130 0.2728657723703104 148
1757497438182 0.27676101713118856 149
1757497438233 0.2844457707454516 150
1757497438286 0.3031708159818069 151
1757497438339 1.3143525390266733 152
1757497438408 0.21886094208366474 153
1757497438495 0.19586759899722045 154
1757497438549 0.24715848425807208 155
1757497438609 0.3086521749451707 156
1757497438663 0.1874969388972275 157
1757497438719 0.3006711162408055 158
1757497438775 0.21230812829898277 159
1757497438831 0.21415633699332065 160
1757497438884 0.17341778421441026 161
1757497438935 0.17577054167871362 162
1757497438987 0.18594742476152398 163
1757497439041 0.2652807383880511 164
1757497439094 0.20125394376145875 165
1757497439148 0.22009410732864235 166
1757497439200 0.20651352138483145 167
1757497439255 0.18029822447182722 168
1757497439308 0.23595480420856055 169
1757497439360 0.9775656244058993 170
1757497439419 0.18210639280384827 171
1757497439579 0.23939024706579248 172
1757497439706 0.2529034816558504 173
1757497439834 0.2453611015456705 174
1757497439920 0.194118328177593 175
1757497439983 0.1781756252850142 176
1757497440089 0.19879475343081904 177
1757497440232 0.26209368953650136 178
1757497440332 0.17284051308254325 179
1757497440409 0.8661382585022022 180
1757497440489 0.18462846690155887 181
1757497440554 0.19179571101711335 182
1757497440618 0.22547412601145506 183
1757497440678 0.17844395578532327 184
1757497440736 0.19800579462689272 185
1757497440797 0.19224651162197476 186
1757497440854 0.14678294957521693 187
1757497440911 0.17848681922899412 188
1757497440968 0.16883790941344318 189
1757497441024 0.16293006366695306 190
1757497441089 0.17240065877401242 191
1757497441146 0.1458215496846441 192
1757497441202 0.19631390162490758 193
1757497441259 0.18059946746339137 194
1757497441315 0.14999037973346427 195
1757497441371 0.16685818909926592 196
1757497441427 0.18589083011486857 197
1757497441485 0.16920912750813158 198
1757497441541 0.15613690051725201 199
1757497441598 0.16820224601677583 200
1757497441655 0.12309330833320546 201
1757497441712 0.1861654784847225 202
1757497441767 0.29946541123227777 203
1757497441821 0.13228810086222598 204
1757497441876 0.13735100737842465 205
1757497441935 0.2067330680026726 206
1757497441995 0.10014441076655753 207
1757497442049 0.11943105690035337 208
1757497442104 0.1414502638511906 209
1757497442158 0.16976101089612577 210
1757497442211 0.18427692994065542 211
1757497442263 0.16526849044365155 212
1757497442317 0.21369225506580933 213
1757497442370 0.13330026847143014 214
1757497442421 0.14319268135503505 215
1757497442510 0.17992543311550455 216
1757497442576 0.1690723639329195 217
1757497442639 0.10533438353529423 218
1757497442701 0.18707818886781102 219
1757497442758 0.12020422189927374 220
1757497442886 0.17549733404721513 221
1757497443110 0.17758929671811832 222
1757497443239 0.21113540968746342 223
1757497443331 0.1549236405664056 224
1757497443393 0.14595875560081079 225
1757497443454 0.17302122753878924 226
1757497443517 0.1298347343832955 227
1757497443575 0.1407917381902552 228
1757497443632 0.10113043555956935 229
1757497443689 0.11427888536267818 230
1757497443746 0.17021048679421988 231
1757497443801 0.17969816294133004 232
1757497443858 0.12101879025291697 233
1757497443916 0.1423542997615352 234
1757497443973 0.16507707850330644 235
1757497444036 0.13755031551647479 236
1757497444093 0.17084798555568467 237
1757497444149 0.1599291925788051 238
1757497444207 0.3176264750328756 239
1757497444263 0.12407055582190231 240
1757497444323 0.16131409017353832 241
1757497444380 0.17181970101378072 242
1757497444435 0.1627701658094805 243
1757497444488 0.21572098984720645 244
1757497444556 0.17973379102548692 245
1757497444627 0.16538894893214234 246
1757497444692 0.13446938003257924 247
1757497444752 0.17855040765096244 248
1757497444811 0.16120692927724883 249
1757497444872 0.16295450419790097 250
1757497444928 0.160144094873198 251
1757497444985 0.18414423249855086 252
1757497445060 0.13239372502902017 253
1757497445119 0.1381817817635322 254
1757497445178 0.18228758851563523 255
1757497445245 0.13589676002676876 256
1757497445307 0.12832750515245514 257
1757497445362 0.1386216734125864 258
1757497445434 0.16529231987904847 259
1757497445489 0.1638995924443666 260
1757497445545 0.19479864757407386 261
1757497445603 0.17100517485963423 262
1757497445662 0.14689447129416902 263
1757497445720 0.18484446052952327 264
1757497445780 0.1510257061684369 265
1757497445834 0.15631124966432694 266
1757497445889 0.15006912807755488 267
1757497445944 0.20464653402951855 268
1757497446000 0.11883906865030779 269
1757497446065 0.14591938091555526 270
1757497446122 0.12336506127395812 271
1757497446191 0.2049164885515359 272
1757497446251 0.10658502129311243 273
1757497446307 0.10401359944313023 274
1757497446362 0.17560369819051608 275
1757497446420 0.12551865097772008 276
1757497446478 0.1338924311084436 277
1757497446537 0.18692431375096616 278
1757497446638 0.1948900024124248 279
1757497446700 0.17738817670424495 280
1757497446757 0.07804292103891858 281
1757497446812 0.12854545362886294 282
1757497446868 0.14575678098892392 283
1757497446927 0.174793790695009 284
1757497446982 0.16192234322317137 285
1757497447048 0.19752036658813438 286
1757497447104 0.14084246116088978 287
1757497447162 0.10199290636036853 288
1757497447220 0.18573594577202407 289
1757497447306 0.13705485842208903 290
1757497447361 0.10397030247130026 291
1757497447416 0.13857305326359848 292
1757497447472 0.12034728421252651 293
1757497447528 0.33477100804563265 294
1757497447586 0.1289138004290799 295
1757497447641 0.12051706634706438 296
1757497447696 0.13253933191493006 297
1757497447754 0.10595929823720339 298
1757497447814 0.16548444185081185 299
1757497447870 0.16795662620291907 300
1757497447928 0.21652763794783744 301
1757497447984 0.12329371159817253 302
1757497448040 0.19390034484953345 303
