1757487282148 169.7332639133603 0
1757487282178 169.7144441856097 1
1757487282210 169.70325259682815 2
1757487282240 169.69215198060093 3
1757487282271 169.68118483617206 4
1757487282301 169.67034927418666 5
1757487282332 169.6596436918355 6
1757487282362 169.64906650441782 7
1757487282392 169.63861614672882 8
1757487282422 169.6282910728085 9
1757487282452 169.61808975570395 10
1757487282482 169.60801068723433 11
1757487282512 169.59805237775868 12
1757487282543 169.58821335594686 13
1757487282573 169.5784921685532 14
1757487282603 169.568887380193 15
1757487282634 169.55939757312157 16
1757487282666 169.55002134701652 17
1757487282697 169.54075731876227 18
1757487282729 169.5316041222374 19
1757487282759 169.52256040810477 20
1757487282789 169.5136248436039 21
1757487282820 169.5047961123465 22
1757487282850 169.49607291411388 23
1757487282880 169.4874539646573 24
1757487282909 169.47893799550076 25
1757487282940 169.4705237537459 26
1757487282970 169.46221000187992 27
1757487283009 169.4539955175854 28
1757487283045 169.44587909355238 29
1757487283077 169.4378595372935 30
1757487283107 169.4299356709604 31
1757487283138 169.4221063311634 32
1757487283169 169.41437036879276 33
1757487283200 169.40672664884224 34
1757487283233 169.39917405023516 35
1757487283268 169.39171146565238 36
1757487283298 169.38433780136236 37
1757487283328 169.37705197705347 38
1757487283359 169.36985292566834 39
1757487283390 169.36273959324038 40
1757487283420 169.3557109387319 41
1757487283451 169.34876593387474 42
1757487283481 169.34190356301272 43
1757487283512 169.3351228229459 44
1757487283543 169.32842272277676 45
1757487283573 169.3218022837587 46
1757487283604 169.31526053914578 47
1757487283634 169.30879653404492 48
1757487283666 169.30240932526942 49
1757487283696 169.29609798119478 50
1757487283726 169.289861581616 51
1757487283758 169.28369921760645 52
1757487283789 169.2776099913792 53
1757487283819 169.2715930161493 54
1757487283849 169.26564741599827 55
1757487283881 169.25977232573987 56
1757487283911 169.253966890788 57
1757487283942 169.2482302670259 58
1757487283986 169.2425616206769 59
1757487284027 169.23696012817726 60
1757487284068 169.2314249760499 61
1757487284108 169.22595536078035 62
1757487284147 169.22055048869365 63
1757487284183 169.21520957583337 64
1757487284217 169.20993184784155 65
1757487284250 169.2047165398405 66
1757487284281 169.19956289631602 67
1757487284312 169.19447017100188 68
1757487284344 169.18943762676605 69
1757487284375 169.18446453549785 70
1757487284407 169.1795501779971 71
1757487284438 169.17469384386416 72
1757487284475 169.16989483139142 73
1757487284514 169.16515244745653 74
1757487284554 169.16046600741632 75
1757487284593 169.15583483500257 76
1757487284629 169.15125826221868 77
1757487284663 169.14673562923787 78
1757487284696 169.14226628430268 79
1757487284728 169.1378495836254 80
1757487284764 169.1334848912901 81
1757487284804 169.12917157915552 82
1757487284852 169.12490902675944 83
1757487284891 169.1206966212243 84
1757487284929 169.1165337571635 85
1757487284967 169.11241983658928 86
1757487285002 169.10835426882204 87
1757487285036 169.10433647039966 88
1757487285083 169.10036586498927 89
1757487285123 169.0964418832993 90
1757487285158 169.09256396299276 91
1757487285192 169.08873154860171 92
1757487285227 169.08494409144282 93
1757487285259 169.08120104953375 94
1757487285292 169.07750188751083 95
1757487285326 169.0738460765475 96
1757487285359 169.0702330942741 97
1757487285394 169.06666242469817 98
1757487285429 169.06313355812617 99
1757487285462 169.05964599108603 100
1757487285494 169.05619922625064 101
1757487285527 169.05279277236212 102
1757487285583 169.04942614415734 103
1757487285648 169.04609886229417 104
1757487285692 169.0428104532787 105
1757487285747 169.0395604493932 106
1757487285794 169.03634838862538 107
1757487285828 169.0331738145979 108
1757487285860 169.03003627649952 109
1757487285892 169.02693532901617 110
1757487285925 169.02387053226394 111
1757487285956 169.0208414517219 112
1757487285988 169.01784765816654 113
1757487286023 169.01488872760635 114
1757487286065 169.01196424121778 115
1757487286100 169.00907378528154 116
1757487286138 169.0062169511202 117
1757487286174 169.00339333503587 118
1757487286210 169.00060253824932 119
1757487286243 168.99784416683943 120
1757487286277 168.99511783168353 121
1757487286311 168.9924231483985 122
1757487286344 168.9897597372826 123
1757487286378 168.9871272232579 124
1757487286411 168.98452523581346 125
1757487286444 168.98195340894955 126
1757487286476 168.97941138112188 127
1757487286508 168.97689879518703 128
1757487286541 168.97441529834862 129
1757487286573 168.9719605421038 130
1757487286606 168.96953418219044 131
1757487286639 168.96713587853523 132
1757487286673 168.9647652952024 133
1757487286706 168.96242210034256 134
1757487286739 168.9601059661429 135
1757487286773 168.95781656877762 136
1757487286806 168.95555358835878 137
1757487286838 168.9533167088884 138
1757487286872 168.95110561821022 139
1757487286905 168.9489200079631 140
1757487286938 168.94675957353408 141
1757487286970 168.94462401401265 142
1757487287003 168.94251303214523 143
1757487287036 168.94042633429032 144
1757487287086 168.93836363037434 145
1757487287122 168.93632463384773 146
1757487287156 168.9343090616418 147
1757487287189 168.93231663412607 148
1757487287223 168.9303470750662 149
1757487287258 168.9284001115822 150
1757487287291 168.9264754741074 151
1757487287324 168.92457289634794 152
1757487287357 168.9226921152425 153
1757487287389 168.92083287092277 154
1757487287424 168.91899490667438 155
1757487287458 168.91717796889813 156
1757487287492 168.91538180707195 157
1757487287524 168.91360617371316 158
1757487287558 168.9118508243412 159
1757487287591 168.91011551744091 160
1757487287624 168.90840001442623 161
1757487287657 168.90670407960434 162
1757487287699 168.9050274801401 163
1757487287739 168.9033699860212 164
1757487287776 168.90173137002358 165
1757487287811 168.90011140767726 166
1757487287845 168.8985098772326 167
1757487287878 168.8969265596272 168
1757487287913 168.89536123845255 169
1757487287946 168.89381369992222 170
1757487287979 168.8922837328392 171
1757487288013 168.89077112856435 172
1757487288046 168.88927568098535 173
1757487288089 168.88779718648559 174
