1757496086030 169.09166782001722 0
1757496086111 169.40321960022882 1
1757496086220 193.42632326860064 2
1757496086308 134.40890688333158 3
1757496086397 201.70452228791717 4
1757496086481 217.38358260458062 5
1757496086567 164.61714877204588 6
1757496086650 155.4484334868848 7
1757496086729 165.2153774034516 8
1757496086814 146.53175764077668 9
1757496086901 191.747374455806 10
1757496086985 194.32828113056436 11
1757496087070 199.08314439612877 12
1757496087156 147.63247149135861 13
1757496087242 189.11548251459766 14
1757496087327 185.78913761500925 15
1757496087418 129.00689331307365 16
1757496087525 125.51107368174151 17
1757496087653 142.91442749366126 18
1757496087795 205.04949391904776 19
1757496087899 176.70012177783775 20
1757496088080 174.487429968197 21
1757496088241 170.37297160329945 22
1757496088403 161.74424016384953 23
1757496088512 188.4333485457396 24
1757496088613 200.89383232792568 25
1757496088712 213.04930457988164 26
1757496088807 178.2843956746412 27
1757496088894 165.32905315111663 28
1757496088990 161.28165484466953 29
1757496089082 94.59976851699942 30
1757496089179 137.8031604470886 31
1757496089277 150.6430774906443 32
1757496089368 162.94942856087997 33
1757496089459 133.98761824323213 34
1757496089544 145.71914213912697 35
1757496089632 170.76807461210433 36
1757496089725 142.07726023576268 37
1757496089814 163.6914643941933 38
1757496089898 158.70056436264954 39
1757496089988 161.25993701655975 40
1757496090078 185.7616126623393 41
1757496090171 181.01224514000836 42
1757496090270 218.38622705538046 43
1757496090368 97.35263741366012 44
1757496090461 159.5403088007687 45
1757496090582 82.07113209491781 46
1757496090695 134.10835601839813 47
1757496090788 163.31870392430605 48
1757496090878 143.43793371204023 49
1757496090968 175.611283999285 50
1757496091059 114.32775726759158 51
1757496091150 167.61646254937676 52
1757496091232 116.92197940936192 53
1757496091328 155.55433320706808 54
1757496091411 139.38142754704714 55
1757496091500 161.34251617044706 56
1757496091589 128.5753011828218 57
1757496091673 183.16111869116085 58
1757496091764 140.69560236988545 59
1757496091851 121.65968311109624 60
1757496091938 195.12792963359513 61
1757496092024 137.85522644860805 62
1757496092109 171.2517038169688 63
1757496092195 178.6981537293273 64
1757496092283 191.8792512528636 65
1757496092370 206.44421724207953 66
1757496092456 156.99739329692568 67
1757496092549 161.20977008689144 68
1757496092634 146.0611310815081 69
1757496092718 174.40546726767286 70
1757496092810 102.0351744094587 71
1757496092894 147.81902693053595 72
1757496092982 135.90000372159648 73
1757496093079 156.67310371054953 74
1757496093171 187.3534454234812 75
1757496093252 174.15316791314083 76
1757496093348 162.22094857727575 77
1757496093436 170.32314280780443 78
1757496093524 159.02875612108772 79
1757496093612 163.06521011970753 80
1757496093700 235.57534161818626 81
1757496093786 187.0450556233827 82
1757496093865 172.94676997545997 83
1757496093947 160.80243622239774 84
1757496094034 181.28694996415442 85
1757496094121 202.1044103352652 86
1757496094208 130.6282305625369 87
1757496094295 173.72901004080208 88
1757496094382 129.21955163125764 89
1757496094470 182.0506106311951 90
1757496094557 187.54635304683828 91
1757496094735 156.80135083459047 92
1757496094861 194.60685299012053 93
1757496094970 122.39947196257758 94
1757496095095 171.56873891600776 95
1757496095242 176.42588803678584 96
1757496095344 173.59346784827588 97
1757496095439 168.52372057586274 98
1757496095535 181.91562554471537 99
1757496095630 168.4996747762861 100
1757496095721 196.24488495470436 101
1757496095812 95.92547327510592 102
1757496095902 193.64700623670373 103
1757496095993 175.36398569815202 104
1757496096085 181.04050375272857 105
1757496096177 166.96508527103836 106
1757496096262 176.32023129210606 107
1757496096353 138.34001710457224 108
1757496096445 181.13069268111883 109
1757496096537 131.8492047730017 110
1757496096628 166.69544553399808 111
1757496096716 110.64093632358025 112
1757496096804 130.4532590526647 113
1757496096892 221.40361594876143 114
1757496096981 112.82186993214428 115
1757496097068 198.96888127028953 116
1757496097156 183.69968764686828 117
1757496097242 187.34095087087928 118
1757496097337 194.53499586003622 119
1757496097426 143.2735865223709 120
1757496097506 133.42864043873973 121
1757496097594 203.49488785371096 122
1757496097681 168.26861514918113 123
1757496097768 148.48416681203548 124
1757496097850 183.99135350160628 125
1757496097934 171.49552722035094 126
1757496098024 173.70756312080002 127
1757496098125 171.92103113441453 128
1757496098219 154.69445463943515 129
1757496098311 181.96263743781347 130
1757496098411 206.57112336601824 131
1757496098512 155.96910649703435 132
1757496098614 112.02903967444888 133
1757496098709 200.09662643421555 134
1757496098801 134.78610262848642 135
1757496098892 155.9997745244976 136
1757496098980 153.17786957127964 137
1757496099072 140.96855148335368 138
1757496099164 212.62076013953157 139
1757496099257 150.26341401119902 140
1757496099350 179.23220966782756 141
1757496099450 185.43072085130922 142
1757496099543 173.0226708482286 143
1757496099635 210.69581008628447 144
1757496099726 225.32486836213647 145
1757496099818 105.89951316927072 146
1757496099906 162.6291699896405 147
1757496099994 172.05371484835612 148
1757496100084 123.75465082648819 149
1757496100175 150.16591281078433 150
1757496100264 182.8809731388623 151
1757496100356 182.15018148056828 152
1757496100452 136.44499458927365 153
1757496100541 169.33536099267644 154
1757496100629 169.04424668233185 155
1757496100719 160.7982572887507 156
1757496100807 121.20447868622014 157
1757496100897 161.37394879931225 158
1757496100979 236.38771739407622 159
1757496101072 187.1850728189352 160
1757496101161 176.3082587032302 161
1757496101251 187.6291276360384 162
1757496101340 204.33422746078622 163
1757496101430 154.3667233922386 164
1757496101602 162.6015191595138 165
1757496101739 155.84172047337935 166
1757496101858 196.0430565187647 167
1757496101999 175.47738672830556 168
1757496102130 219.96082952742222 169
1757496102225 199.60800620792398 170
1757496102317 187.08538087165672 171
1757496102410 161.65388794448052 172
1757496102509 153.10976433487576 173
1757496102595 167.39958660526017 174
1757496102687 149.78903892318874 175
1757496102782 233.75826851877667 176
1757496102876 223.0349025518462 177
1757496102972 161.46060251307028 178
1757496103064 179.50022825045912 179
1757496103163 202.6025600870862 180
1757496103253 218.92552902688695 181
1757496103346 206.3161219705227 182
1757496103440 131.3987739733669 183
1757496103531 150.5806774002857 184
1757496103622 202.63328882969768 185
1757496103712 166.4964318091329 186
1757496103803 144.1465037824673 187
1757496103896 169.5246889274314 188
1757496103986 151.1707569272678 189
1757496104075 186.49284573547396 190
1757496104164 191.65820822022957 191
1757496104253 125.38757567015655 192
1757496104343 170.91030272715378 193
1757496104433 193.2850484411781 194
1757496104529 150.47832987460743 195
1757496104620 154.59399075632797 196
1757496104709 245.01400373250107 197
1757496104799 143.8666941909229 198
1757496104891 112.1359517353352 199
1757496104978 200.9502588245332 200
1757496105068 137.00388752257183 201
1757496105159 186.99325407030003 202
1757496105249 147.4942737636484 203
1757496105338 136.11396152840925 204
1757496105423 199.34288851843013 205
1757496105518 174.94364273716707 206
1757496105609 287.3161076033044 207
1757496105698 136.66913933385212 208
1757496105787 155.278816205036 209
1757496105877 171.3332309386699 210
1757496105968 146.24493179740745 211
1757496106064 207.05184579924563 212
1757496106156 158.56664195661688 213
1757496106250 138.58719768232103 214
1757496106346 165.85838023297032 215
1757496106470 102.9153289488774 216
1757496106571 130.2519998257567 217
1757496106667 135.09106609532222 218
1757496106761 175.86444477426886 219
1757496106854 204.86425561665024 220
1757496106948 71.31090719150745 221
1757496107042 238.5887025064907 222
1757496107137 164.77499165652236 223
1757496107232 156.71349992448998 224
1757496107325 203.41787300686272 225
1757496107419 169.62594364544614 226
1757496107512 208.5352093607129 227
1757496107606 179.01999687135245 228
1757496107697 237.6156788966283 229
1757496107788 229.1348544178885 230
1757496107878 178.9544777944435 231
1757496107967 179.2361271491484 232
1757496108059 160.89330187046411 233
1757496108154 135.42837061754597 234
1757496108246 150.18811717139178 235
1757496108333 169.11446450367848 236
1757496108469 106.5872770630386 237
1757496108624 172.92919449133197 238
1757496108833 189.5208953912898 239
1757496108994 162.89344941723203 240
1757496109146 190.3915154187588 241
1757496109301 135.1188898180026 242
1757496109399 181.5710037543066 243
1757496109495 151.39888148546578 244
1757496109602 234.5815187649371 245
1757496109702 186.69493660688366 246
1757496109802 191.7180444183069 247
1757496109896 170.67049238468974 248
1757496109991 145.25124079211446 249
1757496110086 135.68779383861744 250
1757496110180 170.2068307935485 251
1757496110277 217.24982125950265 252
1757496110404 164.23950977664904 253
1757496110500 216.53454326214447 254
1757496110648 135.09145017194368 255
1757496110751 315.9955336847559 256
1757496110847 173.82495647564411 257
1757496110939 174.66615368834346 258
1757496111034 181.14130518633462 259
1757496111124 146.67129583506576 260
1757496111222 178.40680482857655 261
1757496111320 147.7918124515108 262
1757496111409 136.97690096290492 263
1757496111504 149.69662724039472 264
1757496111607 143.43191651593975 265
1757496111704 123.82616033731394 266
1757496111797 145.776511715882 267
1757496111890 112.97835771333713 268
1757496111982 149.984821986532 269
1757496112072 86.57438659534334 270
1757496112165 163.33832718910492 271
1757496112261 107.10412326227382 272
1757496112357 186.5712482257651 273
1757496112451 133.04784994594098 274
1757496112544 175.96168423240658 275
1757496112638 225.99854198584757 276
1757496112731 121.2516689705227 277
1757496112823 134.5557643606431 278
1757496112914 189.68673423895396 279
1757496113004 180.10734852004927 280
1757496113094 150.3292093356134 281
1757496113186 160.01136857019114 282
1757496113272 166.88785436469314 283
1757496113363 213.44479637868773 284
1757496113460 162.7344498436896 285
1757496113551 173.78549846772412 286
1757496113648 155.02848538725772 287
1757496113741 150.910259192887 288
1757496113833 181.07875373603449 289
1757496113939 188.0221452400613 290
1757496114036 151.56609321721146 291
1757496114143 157.23890456435763 292
1757496114300 142.83123167524516 293
1757496114437 163.7921943637992 294
1757496114544 169.77440662117988 295
1757496114648 165.3263836999331 296
1757496114743 166.5490489630739 297
1757496114838 180.78343667833167 298
1757496114939 205.89149456882257 299
1757496115041 156.1060062161943 300
1757496115131 209.0461019042968 301
1757496115232 189.7457526836418 302
1757496115329 147.16419199334106 303
1757496115427 168.9324647317497 304
1757496115519 110.8898167061722 305
1757496115609 135.88575729801468 306
1757496115715 206.5026403250866 307
1757496115811 153.65712891921018 308
1757496115908 174.35362007978384 309
1757496116005 216.26683899085853 310
1757496116102 175.18780842962332 311
1757496116213 189.72752640744287 312
1757496116419 154.30177196483044 313
1757496116571 166.48927615165684 314
1757496116681 153.84319316367618 315
1757496116831 148.0960333596594 316
1757496116982 166.0300463409155 317
1757496117086 157.65762436344593 318
1757496117186 200.93617580467432 319
1757496117283 184.48365558264405 320
1757496117383 167.13599851085212 321
1757496117480 225.2243854071902 322
1757496117578 150.84277671780274 323
1757496117676 201.30487199813882 324
1757496117780 180.9638459927221 325
1757496117950 158.05199967237695 326
1757496118106 151.57885525916524 327
1757496118222 207.73936437528053 328
1757496118341 155.69676883505815 329
1757496118665 224.72247885652826 330
1757496118803 145.61628167052862 331
1757496118917 168.10185208698442 332
1757496119021 164.75071963829183 333
1757496119140 184.18404434864127 334
1757496119258 146.92856880971013 335
1757496119374 169.80168372736998 336
1757496119483 174.87336044285726 337
1757496119582 181.95393237103596 338
1757496119691 124.55579982233951 339
1757496119813 143.40855642174716 340
1757496119926 223.36375040645075 341
1757496120069 175.56832194828343 342
1757496120178 160.10008858064649 343
1757496120285 159.71639835448224 344
1757496120404 202.61213696337418 345
1757496120545 159.5156649366998 346
1757496120673 163.8827939563726 347
1757496120786 196.96007264616628 348
1757496120894 187.08359996815938 349
1757496120994 203.82397478751207 350
1757496121094 219.17032593591878 351
1757496121194 160.23099681099572 352
1757496121289 175.20425415385202 353
1757496121396 180.1179585095074 354
1757496121497 170.50113149094037 355
1757496121600 172.96430007574386 356
1757496121702 169.8786708285833 357
1757496121803 199.49993316458813 358
1757496121917 198.38305431368224 359
1757496122032 187.74845086894746 360
1757496122133 205.35799460192044 361
1757496122238 149.20166153947926 362
1757496122355 182.59695561716458 363
1757496122480 164.92282821253886 364
1757496122583 193.70227936101898 365
1757496122687 163.00136892231507 366
1757496122792 128.34890291512932 367
1757496122896 196.32218821267534 368
1757496122990 271.4435964277266 369
1757496123088 53.30285567733034 370
1757496123185 164.76054582368582 371
1757496123286 136.89462893240147 372
1757496123404 172.71944283396022 373
1757496123499 172.76830264259814 374
1757496123598 183.9919018769805 375
1757496123700 182.38307251996343 376
1757496123798 202.79111644513983 377
1757496123905 183.12815994824368 378
1757496124003 188.4018639642158 379
1757496124093 138.72262549693042 380
1757496124187 198.76302066009399 381
1757496124284 127.80364251326915 382
1757496124378 198.1383775936269 383
1757496124484 175.22315702156024 384
1757496124581 92.32802335343604 385
1757496124671 181.79711912196802 386
1757496124807 150.42936133125383 387
1757496124975 188.96823883804996 388
1757496125120 120.55768553718441 389
1757496125223 178.26300865970737 390
1757496125361 132.686710276453 391
1757496125528 198.99827010191905 392
1757496125626 185.7433486429128 393
1757496125724 149.87756847215584 394
1757496125824 200.48946199509479 395
1757496125926 196.1473185945896 396
1757496126023 157.4462344324029 397
1757496126124 184.33972359831876 398
1757496126223 175.16557107767565 399
1757496126322 216.47968330280895 400
1757496126420 215.84271219787493 401
1757496126518 117.38867615824054 402
1757496126614 206.66852838151013 403
1757496126722 186.218791976884 404
1757496126816 214.5651591618674 405
1757496126921 203.85450204564765 406
1757496127037 167.88474587985073 407
1757496127135 154.44023364140773 408
1757496127236 153.3532167004343 409
1757496127330 203.73815764065816 410
1757496127429 141.95020335028377 411
1757496127521 120.09898592871217 412
1757496127616 160.123605605341 413
1757496127713 196.09814144583433 414
1757496127808 143.53232753366908 415
1757496127908 174.1117649981951 416
1757496128003 168.17820282717636 417
1757496128103 144.42960475321473 418
1757496128204 109.29035147124759 419
1757496128295 159.6320922122026 420
1757496128392 202.0902602144789 421
1757496128487 143.4148761078956 422
1757496128584 171.82006376204097 423
1757496128679 200.00721331908267 424
1757496128789 159.53733871421858 425
1757496128888 189.7569163092205 426
1757496128999 149.66133359254894 427
1757496129097 172.3153441690288 428
1757496129194 164.51335310818308 429
1757496129287 154.90667529026524 430
1757496129382 149.0728798860914 431
1757496129479 164.952084456626 432
1757496129576 162.9583158714805 433
1757496129673 189.3815320286937 434
1757496129764 190.858255728379 435
1757496129887 165.54258890096406 436
1757496130003 206.98317844558673 437
1757496130107 160.47326936444054 438
1757496130204 179.4881609923538 439
1757496130321 196.29613891582656 440
1757496130433 184.98980579182546 441
1757496130542 268.75689203945143 442
1757496130649 204.62346121565554 443
1757496130752 155.37986028626224 444
1757496130854 142.9990610736815 445
1757496130954 141.70697594773915 446
1757496131053 124.59567927623007 447
1757496131153 168.38375933236912 448
1757496131254 212.99773265014275 449
1757496131347 176.49777060299235 450
1757496131443 176.78462498693727 451
1757496131544 214.68111833254724 452
1757496131644 126.32586438866466 453
1757496131745 188.75756881854616 454
1757496131846 183.20056560743205 455
1757496131950 155.2674720985387 456
1757496132050 181.1155549284667 457
1757496132141 245.39356973010237 458
1757496132232 183.48935108059592 459
1757496132398 169.8986411193958 460
1757496132630 163.45898887099102 461
1757496132773 192.26284723786065 462
1757496132928 192.79524276667578 463
1757496133094 180.60895444744 464
1757496133196 212.03969788388008 465
1757496133296 164.70995957940337 466
1757496133397 206.5431711227122 467
1757496133500 193.14234523139598 468
1757496133601 101.76321238642878 469
1757496133703 167.38617887713457 470
1757496133804 234.25223441863213 471
1757496133905 206.49232574945913 472
1757496134010 248.4892425660233 473
1757496134113 172.90977411496664 474
1757496134214 175.65953508830827 475
1757496134312 138.71319242347076 476
1757496134412 172.27370836472323 477
1757496134511 168.94094876862357 478
1757496134615 139.4634198581335 479
1757496134707 134.57500129862163 480
1757496134810 185.9400069887405 481
1757496134907 180.79306812236234 482
1757496135011 147.5709369320814 483
1757496135110 158.38340925453528 484
1757496135211 144.3198587392975 485
1757496135306 153.3325715195148 486
1757496135405 169.51471006515126 487
1757496135501 182.6192287525816 488
1757496135598 157.36445833214938 489
1757496135693 170.51102311703698 490
1757496135790 164.06200013107738 491
1757496135882 137.89297125038135 492
1757496135974 177.84475882563126 493
1757496136074 167.47588621958093 494
1757496136173 190.13461982843023 495
1757496136270 180.21550544725238 496
1757496136366 147.08782282502085 497
1757496136461 185.73679124632784 498
1757496136558 175.19656213417164 499
