1757434519287 192.78620726652125 0
1757434519324 173.20097980758112 1
1757434519361 165.59194411742112 2
1757434519400 158.12617837783367 3
1757434519436 151.26168212881794 4
1757434519478 144.9279821675689 5
1757434519545 139.06847236877724 6
1757434519589 133.64470874527018 7
1757434519628 128.6181509930487 8
1757434519666 123.95398230967827 9
1757434519707 119.62063849679171 10
1757434519848 115.58949669066874 11
1757434519969 111.83459438238084 12
1757434520054 108.33237490497288 13
1757434520100 105.06145761239412 14
1757434520152 102.00243029274058 15
1757434520196 99.1376616558071 16
1757434520249 96.4511319421288 17
1757434520321 93.92827989132218 18
1757434520412 91.55586447935163 19
1757434520517 89.32183998939938 20
1757434520578 87.21524312093396 21
1757434520657 85.22609096783103 22
1757434520750 83.34528881033675 23
1757434520842 81.56454676848008 24
1757434520927 79.87630445732123 25
1757434521022 78.27366286815345 26
1757434521106 76.75032277533178 27
1757434521184 75.30052903658978 28
1757434521262 73.91902021623848 29
1757434521329 72.6011714578794 30
1757434521391 71.34229994665739 31
1757434521479 70.1384566939768 32
1757434521574 68.98594185572809 33
1757434521657 67.88166024879474 34
1757434521757 66.82204399790471 35
1757434521876 65.80437374542487 36
1757434521961 64.82601429717707 37
1757434522071 63.884538461010614 38
1757434522171 62.977710102858914 39
1757434522248 62.10346702565731 40
1757434522326 61.259905674189916 41
1757434522401 60.44526725163204 42
1757434522474 59.65792512789586 43
1757434522528 58.89637341543881 44
1757434522601 58.15921660113076 45
1757434522666 57.44516013350181 46
1757434522726 56.75300187442622 47
1757434522792 56.08162433308211 48
1757434522850 55.42998760795733 49
1757434522908 54.79712296983156 50
1757434522970 54.1821270251288 51
1757434523040 53.584156404870875 52
1757434523111 53.00242292973207 53
1757434523201 52.43618920645346 54
1757434523263 51.88476461517196 55
1757434523327 51.347501651099364 56
1757434523381 50.82379258749047 57
1757434523461 50.31306643000381 58
1757434523544 49.81478613541681 59
1757434523608 49.32844607023849 60
1757434523690 48.853569687095 61
1757434523763 48.3897073988691 62
1757434523819 47.93643463247853 63
1757434523906 47.49335004589661 64
1757434523974 47.06007389357274 65
1757434524049 46.636246526813245 66
1757434524129 46.22152701695248 67
1757434524180 45.81559189028997 68
1757434524249 45.418133964805875 69
1757434524318 45.028861279603674 70
1757434524396 44.64749610887617 71
1757434524464 44.273774052956156 72
1757434524520 43.90744319970598 73
1757434524587 43.548263350126106 74
1757434524651 43.19600530262939 75
1757434524712 42.85045019094019 76
1757434524778 42.511388871041014 77
1757434524839 42.178621353009035 78
1757434524924 41.85195627396429 79
1757434525064 41.53121040869559 80
1757434525205 41.216208214840904 81
1757434525308 40.906781409781246 82
1757434525418 40.602768576662 83
1757434525516 40.30401479718725 84
1757434525567 40.010371309042235 85
1757434525641 39.72169518598875 86
1757434525757 39.43784903885087 87
1757434525859 39.15870073576444 88
1757434525937 38.88412314020568 89
1757434526006 38.6139938654424 90
1757434526066 38.34819504416849 91
1757434526114 38.08661311218824 92
1757434526168 37.82913860511296 93
1757434526211 37.57566596712035 94
1757434526254 37.32609337090629 95
1757434526300 37.080322548030935 96
1757434526343 36.838258628926965 97
1757434526386 36.5998099918977 98
1757434526430 36.364888120487144 99
1757434526474 36.1334074686537 100
1757434526522 35.90528533322468 101
1757434526564 35.680441733149884 102
1757434526608 35.458799295110026 103
1757434526651 35.240283145070556 104
1757434526695 35.0248208054023 105
1757434526737 34.81234209721938 106
1757434526791 34.60277904761092 107
1757434526833 34.396065801467195 108
1757434526877 34.19213853762254 109
1757434526918 33.99093538905794 110
1757434526958 33.792396366924145 111
1757434526999 33.59646328816353 112
1757434527044 33.403079706524125 113
1757434527087 33.21219084677383 114
1757434527129 33.02374354193563 115
1757434527176 32.83768617337701 116
1757434527221 32.6539686135977 117
1757434527264 32.47254217157027 118
1757434527305 32.29335954049743 119
1757434527348 32.116374747858714 120
1757434527392 31.941543107627325 121
1757434527438 31.768821174545238 122
1757434527481 31.598166700351747 123
1757434527522 31.429538591866972 124
1757434527562 31.262896870837668 125
1757434527607 31.098202635458417 126
1757434527650 30.935418023486122 127
1757434527691 30.77450617687082 128
1757434527731 30.615431207829836 129
1757434527773 30.458158166296904 130
1757434527814 30.302653008681215 131
1757434527856 30.148882567875425 132
1757434527899 29.996814524454635 133
1757434527942 29.846417379011694 134
1757434527984 29.697660425576974 135
1757434528025 29.550513726073703 136
1757434528068 29.404948085762154 137
1757434528112 29.26093502962892 138
1757434528157 29.118446779679193 139
1757434528209 28.977456233092507 140
1757434528251 28.837936941204294 141
1757434528296 28.699863089277315 142
1757434528338 28.563209477029044 143
1757434528379 28.42795149988258 144
1757434528420 28.294065130910354 145
1757434528463 28.161526903441164 146
1757434528508 28.030313894302846 147
1757434528562 27.900403707673757 148
1757434528606 27.77177445951794 149
1757434528650 27.644404762579583 150
1757434528694 27.518273711914013 151
1757434528736 27.39336087093293 152
1757434528779 27.269646257943204 153
1757434528820 27.147110333158956 154
1757434528865 27.025733986168035 155
1757434528908 26.905498523834453 156
1757434528950 26.786385658619412 157
1757434528991 26.668377497304245 158
1757434529033 26.551456530099344 159
1757434529076 26.43560562012379 160
1757434529118 26.320807993241228 161
1757434529161 26.207047228237847 162
1757434529207 26.094307247329358 163
1757434529250 25.982572306984085 164
1757434529339 25.871826989049914 165
1757434529496 25.76205619217353 166
1757434529626 25.653245123500653 167
1757434529732 25.545379290646586 168
1757434529783 25.438444493926745 169
1757434529861 25.332426818837494 170
1757434529974 25.227312628777625 171
1757434530090 25.123088558001598 172
1757434530144 25.019741504795885 173
1757434530221 24.91725862487003 174
1757434530283 24.81562732495451 175
1757434530330 24.714835256597812 176
1757434530378 24.61487031015525 177
1757434530425 24.515720608962724 178
1757434530475 24.41737450368846 179
1757434530524 24.319820566856432 180
1757434530569 24.223047587535152 181
1757434530614 24.127044566185937 182
1757434530659 24.03180070966495 183
1757434530707 23.93730542637344 184
1757434530752 23.843548321550994 185
1757434530797 23.750519192706776 186
1757434530844 23.65820802518372 187
1757434530890 23.566604987851274 188
1757434530937 23.475700428921964 189
1757434530982 23.385484871887638 190
1757434531028 23.295949011571114 191
1757434531073 23.207083710289506 192
1757434531119 23.118879994125034 193
1757434531164 23.031329049299988 194
1757434531211 22.94442221865212 195
1757434531266 22.858150998207165 196
1757434531312 22.772507033845148 197
1757434531367 22.687482118057428 198
1757434531412 22.60306818679135 199
1757434531455 22.519257316379733 200
1757434531500 22.43604172055229 201
1757434531543 22.353413747526346 202
1757434531588 22.271365877174265 203
1757434531631 22.18989071826508 204
1757434531675 22.10898100577792 205
1757434531721 22.028629598285008 206
1757434531765 21.94882947540186 207
1757434531809 21.869573735302726 208
1757434531853 21.790855592299085 209
1757434531897 21.712668374479204 210
1757434531941 21.635005521407 211
1757434531986 21.557860581878163 212
1757434532029 21.48122721173193 213
1757434532072 21.405099171716714 214
1757434532116 21.32947032540795 215
1757434532160 21.25433463717663 216
1757434532205 21.179686170206896 217
1757434532249 21.105519084561315 218
1757434532305 21.031827635292363 219
1757434532349 20.958606170598703 220
1757434532393 20.885849130025058 221
1757434532437 20.813551042704272 222
1757434532481 20.741706525640375 223
1757434532528 20.67031028203152 224
1757434532572 20.599357099631522 225
1757434532618 20.528841849149007 226
1757434532664 20.458759482683046 227
1757434532713 20.389105032194237 228
1757434532757 20.319873608010223 229
1757434532801 20.251060397364757 230
1757434532844 20.182660662969308 231
1757434532891 20.11466974161632 232
1757434532937 20.047083042813284 233
1757434532981 19.97989604744673 234
1757434533026 19.913104306475425 235
1757434533070 19.846703439651847 236
1757434533115 19.780689134271306 237
1757434533159 19.71505714394792 238
1757434533203 19.649803287416702 239
1757434533251 19.58492344736116 240
1757434533299 19.52041356926564 241
1757434533343 19.456269660291866 242
1757434533387 19.39248778817895 243
1757434533432 19.32906408016638 244
1757434533478 19.265994721939318 245
1757434533524 19.203275956595636 246
1757434533648 19.14090408363422 247
1757434533767 19.078875457963967 248
1757434533878 19.017186488932904 249
1757434534046 18.95583363937703 250
1757434534152 18.894813424688287 251
1757434534247 18.834122411901344 252
1757434534314 18.773757218798554 253
1757434534390 18.71371451303279 254
1757434534492 18.653991011267646 255
1757434534574 18.594583478334616 256
1757434534652 18.535488726406886 257
1757434534703 18.47670361418926 258
1757434534755 18.418225046123922 259
1757434534805 18.360049971611616 260
1757434534853 18.302175384247917 261
1757434534904 18.244598321074196 262
1757434534953 18.187315861843043 263
1757434535002 18.13032512829767 264
1757434535049 18.073623283465125 265
1757434535101 18.01720753096288 266
1757434535150 17.96107511431859 267
1757434535203 17.90522331630269 268
1757434535251 17.849649458273497 269
1757434535299 17.79435089953466 270
1757434535357 17.739325036704543 271
1757434535405 17.684569303097387 272
1757434535458 17.63008116811598 273
1757434535506 17.57585813665548 274
1757434535558 17.521897748518356 275
1757434535607 17.468197577839977 276
1757434535665 17.414755232524815 277
1757434535714 17.36156835369288 278
1757434535767 17.30863461513632 279
1757434535815 17.25595172278586 280
1757434535863 17.20351741418689 281
1757434535911 17.151329457985064 282
1757434535960 17.099385653421166 283
1757434536014 17.047683829835023 284
1757434536093 16.99622184617836 285
1757434536145 16.94499759053634 286
1757434536203 16.89400897965763 287
1757434536262 16.843253958492895 288
1757434536318 16.792730499741378 289
1757434536385 16.742436603405608 290
1757434536440 16.692370296353925 291
1757434536496 16.64252963189075 292
1757434536549 16.592912689334344 293
1757434536606 16.543517573602102 294
1757434536662 16.494342414802965 295
1757434536719 16.445385367837062 296
1757434536774 16.39664461200229 297
1757434536830 16.348118350607727 298
1757434536885 16.299804810593788 299
1757434536940 16.25170224215895 300
1757434536999 16.20380891839292 301
1757434537056 16.15612313491617 302
1757434537118 16.108643209525646 303
1757434537188 16.06136748184658 304
1757434537282 16.014294312990305 305
1757434537410 15.967422085217883 306
1757434537485 15.92074920160954 307
1757434537560 15.874274085739705 308
1757434537629 15.827995181357595 309
1757434537706 15.781910952073268 310
1757434537783 15.736019881048966 311
1757434537856 15.690320470695694 312
1757434537925 15.644811242374994 313
1757434538003 15.59949073610567 314
1757434538077 15.554357510275558 315
1757434538141 15.509410141358074 316
1757434538203 15.464647223633579 317
1757434538262 15.420067368915406 318
1757434538319 15.3756692062805 319
1757434538375 15.331451381804548 320
1757434538443 15.287412558301567 321
1757434538497 15.24355141506781 322
1757434538550 15.199866647629971 323
1757434538604 15.156356967497588 324
1757434538658 15.11302110191954 325
1757434538711 15.069857793644609 326
1757434538868 15.026865800686009 327
1757434538993 14.984043896089833 328
1757434539108 14.9413908677073 329
1757434539305 14.8989055179708 330
1757434539368 14.856586663673626 331
1757434539458 14.81443313575333 332
1757434539603 14.772443779078655 333
1757434539721 14.730617452239986 334
1757434539811 14.688953027343215 335
1757434539895 14.647449389807004 336
1757434539952 14.606105438163397 337
1757434540009 14.564920083861653 338
1757434540062 14.523892251075317 339
1757434540115 14.48302087651244 340
1757434540170 14.442304909228895 341
1757434540223 14.401743310444724 342
1757434540275 14.361335053363515 343
1757434540325 14.321079122994663 344
1757434540374 14.28097451597857 345
1757434540424 14.241020240414656 346
1757434540474 14.201215315692169 347
1757434540525 14.161558772323739 348
1757434540575 14.122049651781616 349
1757434540625 14.08268700633657 350
1757434540675 14.043469898899389 351
1757434540726 14.004397402864939 352
1757434540777 13.965468601958719 353
1757434540824 13.926682590085926 354
1757434540871 13.888038471182913 355
1757434540920 13.849535359071067 356
1757434540968 13.811172377313001 357
1757434541019 13.772948659071075 358
1757434541069 13.734863346968199 359
1757434541118 13.696915592950845 360
1757434541166 13.659104558154242 361
1757434541214 13.621429412769764 362
1757434541262 13.58388933591441 363
1757434541311 13.54648351550236 364
1757434541359 13.509211148118615 365
1757434541407 13.472071438894623 366
1757434541455 13.43506360138588 367
1757434541510 13.398186857451515 368
1757434541558 13.361440437135737 369
1757434541606 13.324823578551223 370
1757434541654 13.288335527764291 371
1757434541703 13.251975538681961 372
1757434541752 13.21574287294076 373
1757434541799 13.179636799797299 374
1757434541856 13.143656596020584 375
1757434541905 13.10780154578602 376
1757434541963 13.07207094057111 377
1757434542013 13.036464079052765 378
1757434542061 13.000980267006275 379
1757434542112 12.965618817205819 380
1757434542164 12.930379049326596 381
1757434542215 12.895260289848448 382
1757434542263 12.860261871961034 383
1757434542312 12.825383135470458 384
1757434542362 12.790623426707391 385
1757434542412 12.75598209843662 386
1757434542460 12.721458509768004 387
1757434542520 12.687052026068837 388
1757434542569 12.652762018877583 389
1757434542617 12.618587865818947 390
1757434542666 12.584528950520262 391
1757434542718 12.55058466252922 392
1757434542767 12.516754397232837 393
1757434542816 12.48303755577771 394
1757434542865 12.44943354499149 395
1757434542913 12.415941777305608 396
1757434542961 12.382561670679175 397
1757434543010 12.349292648524063 398
1757434543061 12.316134139631163 399
1757434543111 12.283085578097781 400
1757434543161 12.250146403256128 401
1757434543210 12.217316059602961 402
1757434543261 12.184593996730289 403
1757434543320 12.151979669257141 404
1757434543370 12.11947253676239 405
1757434543420 12.087072063718635 406
1757434543535 12.054777719427058 407
1757434543653 12.022588977953333 408
1757434543765 11.990505318064466 409
1757434543839 11.958526223166643 410
1757434543921 11.926651181244038 411
1757434544006 11.894879684798516 412
1757434544136 11.863211230790291 413
1757434544227 11.831645320579499 414
1757434544292 11.800181459868638 415
1757434544371 11.768819158645895 416
1757434544427 11.737557931129356 417
1757434544483 11.706397295712048 418
1757434544547 11.675336774907812 419
1757434544604 11.644375895298035 420
1757434544662 11.613514187479131 421
1757434544720 11.582751186010885 422
1757434544776 11.552086429365547 423
1757434544832 11.521519459877677 424
1757434544887 11.491049823694823 425
1757434544943 11.460677070728837 426
1757434544997 11.430400754608034 427
1757434545052 11.40022043263 428
1757434545106 11.370135665715154 429
1757434545162 11.340146018360986 430
1757434545214 11.310251058596988 431
1757434545267 11.280450357940271 432
1757434545322 11.250743491351852 433
1757434545409 11.22113003719357 434
1757434545553 11.191609577185687 435
1757434545942 11.162181696365108 436
1757434546100 11.132845983044199 437
1757434546221 11.10360202877027 438
1757434546567 11.07444942828564 439
1757434546854 11.045387779488259 440
1757434547012 11.016416683392997 441
1757434547258 10.98753574409346 442
1757434547389 10.958744568724358 443
1757434547581 10.930042767424467 444
1757434547710 10.901429953300141 445
1757434547805 10.872905742389328 446
1757434547892 10.84446975362617 447
1757434547980 10.816121608806068 448
1757434548070 10.78786093255133 449
1757434548160 10.759687352277274 450
1757434548251 10.731600498158839 451
1757434548324 10.703600003097709 452
1757434548398 10.675685502689909 453
1757434548476 10.647856635193873 454
1757434548544 10.620113041498989 455
1757434548611 10.592454365094586 456
1757434548687 10.564880252039409 457
1757434548768 10.537390350931503 458
1757434548831 10.509984312878574 459
1757434548892 10.482661791468747 460
1757434548953 10.455422442741776 461
1757434549018 10.428265925160657 462
1757434549080 10.401191899583662 463
1757434549144 10.374200029236784 464
1757434549206 10.347289979686568 465
1757434549271 10.32046141881334 466
1757434549331 10.293714016784838 467
1757434549389 10.2670474460302 468
1757434549445 10.240461381214342 469
1757434549504 10.213955499212702 470
1757434549564 10.187529479086361 471
1757434549659 10.161183002057477 472
1757434549741 10.13491575148514 473
1757434549811 10.108727412841509 474
1757434549873 10.082617673688329 475
1757434549935 10.056586223653778 476
1757434549997 10.030632754409622 477
1757434550058 10.00475695964873 478
1757434550115 9.978958535062882 479
1757434550176 9.95323717832091 480
1757434550234 9.927592589047123 481
1757434550293 9.902024468800096 482
1757434550350 9.876532521051667 483
1757434550407 9.851116451166336 484
1757434550466 9.825775966380863 485
1757434550524 9.800510775784218 486
1757434550580 9.775320590297776 487
1757434550634 9.750205122655816 488
1757434550693 9.725164087386258 489
1757434550750 9.700197200791722 490
1757434550806 9.6753041809308 491
1757434550957 9.65048474759962 492
1757434551098 9.625738622313664 493
1757434551202 9.601065528289826 494
1757434551330 9.576465190428749 495
1757434551408 9.551937335297346 496
1757434551508 9.527481691111651 497
1757434551663 9.503097987719835 498
1757434551802 9.47878595658548 499
