1757424611329 157.02663228741508 0
1757424611376 70.07386598210601 1
1757424611436 78.28985393800205 2
1757424611493 57.29926945535045 3
1757424611556 55.26267211002591 4
1757424611601 47.345602269085695 5
1757424611669 44.30945632538435 6
1757424611705 40.24211667278165 7
1757424611768 37.63055159241999 8
1757424611821 35.01164619681403 9
1757424611873 32.938338370308564 10
1757424611920 31.027179300880494 11
1757424611964 29.38384895731795 12
1757424612001 27.894848002186496 13
1757424612042 26.567874682376907 14
1757424612080 25.36130381954306 15
1757424612118 24.26510380608134 16
1757424612154 23.259475751069935 17
1757424612189 22.333850610641054 18
1757424612223 21.476666365146432 19
1757424612261 20.679672773548333 20
1757424612300 19.935283302426445 21
1757424612341 19.23744727123511 22
1757424612384 18.58088640429428 23
1757424612447 17.96119925017473 24
1757424612563 17.374592988889194 25
1757424612707 16.817838714111684 26
1757424612802 16.28814988841577 27
1757424612877 15.783124425970476 28
1757424612911 15.300676535542346 29
1757424612966 14.838990465585832 30
1757424613033 14.39647723377978 31
1757424613120 13.971741065290503 32
1757424613190 13.563550215984277 33
1757424613242 13.170813151219964 34
1757424613293 12.792558282938023 35
1757424613353 12.42791707182102 36
1757424613397 12.076109714939903 37
1757424613449 11.736433085849844 38
1757424613492 11.408250503950061 39
1757424613561 11.090983057899116 40
1757424613605 10.784102219699786 41
1757424613668 10.487123548891894 42
1757424613702 10.199601311592142 43
1757424613752 9.921123872676993 44
1757424613789 9.651309740746363 45
1757424613837 9.389804166197372 46
1757424613875 9.136276208352276 47
1757424613914 8.890416201279262 48
1757424613975 8.651933558972026 49
1757424614014 8.420554869923688 50
1757424614066 8.196022238870544 51
1757424614122 7.978091840003098 52
1757424614193 7.766532651390143 53
1757424614243 7.561125344950191 54
1757424614292 7.361661310160767 55
1757424614344 7.167941792949761 56
1757424614405 6.979777133958336 57
1757424614456 6.796986092687147 58
1757424614520 6.619395246002827 59
1757424614565 6.446838451148573 60
1757424614609 6.279156364816911 61
1757424614650 6.11619601104497 62
1757424614714 5.957810391715466 63
1757424614770 5.803858134317941 64
1757424614823 5.654203172367689 65
1757424614858 5.508714454514254 66
1757424614921 5.367265678913384 67
1757424614971 5.229735049900196 68
1757424615019 5.096005054398392 69
1757424615057 4.965962255841019 70
1757424615097 4.839497103670481 71
1757424615152 4.71650375673666 72
1757424615220 4.59687991912795 73
1757424615256 4.480526687156128 74
1757424615301 4.367348406376205 75
1757424615339 4.2572525376609125 76
1757424615443 4.15014953146895 77
1757424615535 4.045952709549776 78
1757424615684 3.944578153417157 79
1757424615775 3.8459445990016174 80
1757424615867 3.74997333695937 81
1757424615925 3.6565881181741413 82
1757424615973 3.5657150640393733 83
1757424616024 3.477282581153061 84
1757424616089 3.3912212800963917 85
1757424616155 3.3074638980015307 86
1757424616209 3.2259452246438367 87
1757424616264 3.1466020318200556 88
1757424616309 3.0693730057971162 89
1757424616358 2.994198682636605 90
1757424616411 2.9210213862179155 91
1757424616465 2.8497851687989426 92
1757424616545 2.7804357539674225 93
1757424616616 2.7129204818483887 94
1757424616693 2.647188256444421 95
1757424616762 2.5831894949953584 96
1757424616816 2.520876079252889 97
1757424616872 2.4602013085735206 98
1757424616922 2.4011198547404926 99
1757424616972 2.343587718431631 100
1757424617033 2.287562187255952 101
1757424617081 2.2330017952870476 102
1757424617150 2.1798662840260135 103
1757424617219 2.128116564731008 104
1757424617282 2.0777146820544057 105
1757424617349 2.028623778932161 106
1757424617421 1.9808080626731406 107
1757424617500 1.9342327721993173 108
1757424617584 1.8888641463903286 109
1757424617625 1.844669393488549 110
1757424617664 1.8016166615230675 111
1757424617707 1.7596750097131646 112
1757424617749 1.7188143808138694 113
1757424617791 1.679005574368039 114
1757424617829 1.6402202208310728 115
1757424617871 1.6024307565360814 116
1757424617911 1.5656103994687085 117
1757424617953 1.5297331258222964 118
1757424617993 1.4947736473053528 119
1757424618045 1.4607073891745352 120
1757424618092 1.427510468967477 121
1757424618166 1.3951596759109428 122
1757424618208 1.3636324509807596 123
1757424618254 1.332906867590989 124
1757424618292 1.3029616128906705 125
1757424618342 1.2737759696474045 126
1757424618409 1.2453297986977934 127
1757424618465 1.2176035219455827 128
1757424618577 1.1905781058890834 129
1757424618655 1.1642350456601245 130
1757424618812 1.1385563495575255 131
1757424618931 1.1135245240586351 132
1757424619015 1.0891225592931573 133
1757424619106 1.0653339149640269 134
1757424619178 1.042142506700682 135
1757424619236 1.0195326928305901 136
1757424619310 0.9974892615553992 137
1757424619354 0.9759974185185822 138
1757424619423 0.9550427747518867 139
1757424619486 0.9346113349883788 140
1757424619548 0.9146894863302588 141
1757424619587 0.8952639872600879 142
1757424619649 0.8763219569844007 143
1757424619695 0.8578508650991195 144
1757424619735 0.839838521566489 145
1757424619774 0.822273066993648 146
1757424619831 0.8051429632032696 147
1757424619890 0.7884369840870306 148
1757424619938 0.7721442067329685 149
1757424620000 0.7562540028181124 150
1757424620068 0.7407560302580333 151
1757424620107 0.725640225105256 152
1757424620146 0.7108967936887434 153
1757424620186 0.6965162049869026 154
1757424620237 0.6824891832268393 155
1757424620290 0.6688067007027976 156
1757424620344 0.6554599708069907 157
1757424620402 0.6424404412661996 158
1757424620459 0.6297397875777955 159
1757424620497 0.6173499066389853 160
1757424620552 0.6052629105633318 161
1757424620607 0.593471120678768 162
1757424620668 0.5819670617015156 163
1757424620713 0.5707434560804934 164
1757424620757 0.5597932185069985 165
1757424620798 0.5491094505845778 166
1757424620840 0.5386854356542037 167
1757424620903 0.5285146337699869 168
1757424620965 0.5185906768208631 169
1757424621036 0.5089073637937727 170
1757424621093 0.4994586561740612 171
1757424621133 0.49023867347890376 172
1757424621179 0.4812416889197457 173
1757424621238 0.4724621251898182 174
1757424621322 0.4638945503729872 175
1757424621386 0.45553367397022976 176
1757424621466 0.4473743430402206 177
1757424621520 0.43941153845057473 178
1757424621611 0.4316403712364271 179
1757424621664 0.4240560790631195 180
1757424621735 0.4166540227898785 181
1757424621887 0.40942968313144784 182
1757424621953 0.4023786574147695 183
1757424622003 0.39549665642784154 184
1757424622094 0.3887795013580338 185
1757424622171 0.3822231208171792 186
1757424622250 0.3758235479508668 187
1757424622346 0.36957691762942957 188
1757424622387 0.36347946371821854 189
1757424622433 0.3575275164247886 190
1757424622505 0.3517174997207557 191
1757424622571 0.34604592883608465 192
1757424622632 0.34050940782369704 193
1757424622684 0.33510462719231654 194
1757424622735 0.329828361605546 195
1757424622796 0.3246774676452303 196
1757424622839 0.31964888163722505 197
1757424622905 0.3147396175377295 198
1757424622972 0.30994676487843337 199
1757424623039 0.30526748676873594 200
1757424623093 0.3006990179533891 201
1757424623159 0.2962386629239485 202
1757424623200 0.2918837940824546 203
1757424623243 0.2876318499558447 204
1757424623303 0.283480333459611 205
1757424623351 0.27942681020928356 206
1757424623417 0.2754689068783532 207
1757424623478 0.2716043096012967 208
1757424623539 0.26783076242039805 209
1757424623622 0.2641460657751028 210
1757424623683 0.2605480750326948 211
1757424623743 0.2570346990590903 212
1757424623783 0.2536038988286144 213
1757424623836 0.2502536860716318 214
1757424623911 0.24698212195895872 215
1757424623973 0.24378731582199487 216
1757424624024 0.24066742390757315 217
1757424624079 0.23762064816651485 218
1757424624121 0.2346452350749542 219
1757424624174 0.23173947448748827 220
1757424624228 0.22890169852125491 221
1757424624273 0.22613028047006165 222
1757424624314 0.2234236337477132 223
1757424624357 0.22078021085972063 224
1757424624401 0.21819850240258207 225
1757424624444 0.21567703608986408 226
1757424624502 0.21321437580433059 227
1757424624651 0.21080912067538668 228
1757424624813 0.20845990418112711 229
1757424624964 0.20616539327429997 230
1757424625040 0.20392428753151953 231
1757424625130 0.20173531832507546 232
1757424625235 0.19959724801671366 233
1757424625307 0.19750886917277077 234
1757424625361 0.1954690038000736 235
1757424625427 0.19347650260202393 236
1757424625478 0.19153024425431386 237
1757424625533 0.18962913469971826 238
1757424625582 0.18777210646145148 239
1757424625659 0.18595811797456224 240
1757424625720 0.1841861529348779 241
1757424625760 0.1824552196650119 242
1757424625837 0.18076435049696635 243
1757424625898 0.179112601170873 244
1757424625953 0.17749905024943138 245
1757424626011 0.17592279854761486 246
1757424626064 0.174382968577226 247
1757424626128 0.1728787040058969 248
1757424626206 0.17140916913014162 249
1757424626284 0.16997354836207434 250
1757424626339 0.16857104572942866 251
1757424626406 0.16720088438850914 252
1757424626469 0.16586230614973266 253
1757424626529 0.1645545710154102 254
1757424626600 0.16327695672944761 255
1757424626671 0.1620287583386358 256
1757424626731 0.16080928776522113 257
1757424626816 0.1596178733904549 258
1757424626867 0.1584538596488206 259
1757424626917 0.15731660663265984 260
1757424626966 0.15620548970691284 261
1757424627015 0.15511989913370378 262
1757424627062 0.15405923970650862 263
1757424627107 0.15302293039365328 264
1757424627174 0.15201040399088275 265
1757424627257 0.1510211067827738 266
1757424627298 0.15005449821274341 267
1757424627350 0.14911005056143453 268
1757424627408 0.14818724863324992 269
1757424627472 0.14728558945082412 270
1757424627522 0.14640458195721764 271
1757424627604 0.14554374672563547 272
1757424627661 0.14470261567646855 273
1757424627719 0.14388073180146332 274
1757424627773 0.14307764889483665 275
1757424627846 0.1422929312911495 276
1757424627912 0.14152615360976534 277
1757424628023 0.1407769005057179 278
1757424628093 0.140044766426822 279
1757424628204 0.13932935537686583 280
1757424628334 0.13863028068472155 281
1757424628441 0.13794716477922647 282
1757424628546 0.1372796389696782 283
1757424628651 0.13662734323180128 284
1757424628741 0.1359899259990449 285
1757424628829 0.13536704395906643 286
1757424628889 0.1347583618552781 287
1757424628963 0.13416355229331162 288
1757424629047 0.13358229555228704 289
1757424629167 0.13301427940075414 290
1757424629248 0.13245919891718588 291
1757424629306 0.13191675631491256 292
1757424629367 0.13138666077137656 293
1757424629528 0.13086862826159903 294
1757424629631 0.1303623813957502 295
1757424629685 0.12986764926072186 296
1757424629770 0.1293841672655911 297
1757424629803 0.12891167699088557 298
1757424629881 0.1284499260415469 299
1757424630004 0.1279986679035008 300
1757424630083 0.12755766180374062 301
1757424630126 0.12712667257383592 302
1757424630196 0.12670547051677913 303
1757424630241 0.1262938312770861 304
1757424630330 0.12589153571406533 305
1757424630410 0.12549836977818105 306
1757424630443 0.12511412439042394 307
1757424630476 0.12473859532462356 308
1757424630544 0.12437158309261946 309
1757424630605 0.12401289283222441 310
1757424630762 0.12366233419790593 311
1757424630907 0.12331972125412168 312
1757424630943 0.12298487237123806 313
1757424630978 0.1226576101239704 314
1757424631009 0.12233776119227979 315
1757424631041 0.12202515626466519 316
1757424631072 0.12171962994379265 317
1757424631103 0.12142102065440093 318
1757424631134 0.121129170553427 319
1757424631168 0.12084392544229972 320
1757424631199 0.12056513468134249 321
1757424631240 0.1202926511062356 322
1757424631275 0.12002633094648651 323
1757424631308 0.11976603374585879 324
1757424631341 0.11951162228470931 325
1757424631373 0.11926296250418865 326
1757424631405 0.11901992343225797 327
1757424631436 0.11878237711147553 328
1757424631469 0.11855019852851256 329
1757424631502 0.11832326554535384 330
1757424631533 0.11810145883214078 331
1757424631566 0.11788466180161859 332
1757424631598 0.11767276054514644 333
1757424631630 0.11746564377023262 334
1757424631669 0.11726320273955926 335
1757424631707 0.11706533121145524 336
1757424631742 0.11687192538178841 337
1757424631775 0.11668288382723634 338
1757424631807 0.1164981074499056 339
1757424631838 0.11631749942326453 340
1757424631873 0.11614096513936098 341
1757424631905 0.11596841215728694 342
1757424631952 0.11579975015286753 343
1757424631986 0.11563489086954046 344
1757424632019 0.11547374807039432 345
1757424632051 0.1153162374913453 346
1757424632083 0.11516227679541675 347
1757424632115 0.11501178552809925 348
1757424632147 0.11486468507376435 349
1757424632183 0.11472089861310567 350
1757424632218 0.11458035108158264 351
1757424632261 0.11444296912884451 352
1757424632293 0.1143086810791062 353
1757424632325 0.11417741689246015 354
1757424632369 0.11404910812709443 355
1757424632403 0.11392368790240033 356
1757424632436 0.11380109086294614 357
1757424632468 0.11368125314329476 358
1757424632504 0.11356411233364914 359
1757424632536 0.11344960744630038 360
1757424632568 0.11333767888286414 361
1757424632600 0.11322826840228145 362
1757424632631 0.11312131908957176 363
1757424632664 0.11301677532531385 364
1757424632696 0.11291458275584204 365
1757424632728 0.1128146882641375 366
1757424632761 0.11271703994140003 367
1757424632793 0.11262158705928349 368
1757424632825 0.11252828004277764 369
1757424632858 0.11243707044372375 370
1757424632892 0.1123479109149468 371
1757424632924 0.11226075518498997 372
1757424632956 0.11217555803343679 373
1757424632988 0.11209227526680912 374
1757424633021 0.11201086369502428 375
1757424633054 0.11193128110839966 376
1757424633086 0.1118534862551923 377
1757424633119 0.1117774388196591 378
1757424633151 0.111703099400627 379
1757424633184 0.11163042949056046 380
1757424633216 0.11155939145511372 381
1757424633250 0.11148994851315756 382
1757424633284 0.11142206471726854 383
1757424633318 0.11135570493467105 384
1757424633351 0.11129083482861873 385
1757424633383 0.1112274208402088 386
1757424633415 0.11116543017061553 387
1757424633448 0.11110483076373485 388
1757424633480 0.11104559128922999 389
1757424633514 0.1109876811259697 390
1757424633547 0.11093107034584783 391
1757424633579 0.11087572969797614 392
1757424633612 0.11082163059324314 393
1757424633644 0.11076874508922789 394
1757424633681 0.11071704587546233 395
1757424633716 0.11066650625903207 396
1757424633749 0.1106171001505109 397
1757424633784 0.1105688020502175 398
1757424633817 0.11052158703478861 399
1757424633851 0.11047543074406228 400
1757424633885 0.11043030936826159 401
1757424633932 0.11038619963547401 402
1757424633972 0.11034307879941789 403
1757424634009 0.11030092462749026 404
1757424634043 0.11025971538908896 405
1757424634077 0.11021942984420385 406
1757424634111 0.11018004723226836 407
1757424634145 0.11014154726126779 408
1757424634179 0.11010391009709788 409
1757424634213 0.11006711635316574 410
1757424634245 0.11003114708023098 411
1757424634298 0.10999598375647872 412
1757424634344 0.10996160827781955 413
1757424634381 0.1099280029484129 414
1757424634418 0.10989515047140581 415
1757424634469 0.1098630339398854 416
1757424634561 0.10983163682803651 417
1757424634625 0.10980094298250319 418
1757424634706 0.1097709366139462 419
1757424634791 0.10974160228879526 420
1757424634857 0.10971292492118707 421
1757424634929 0.10968488976509128 422
1757424634996 0.10965748240661262 423
1757424635082 0.10963068875647117 424
1757424635172 0.10960449504265292 425
1757424635244 0.10957888780322872 426
1757424635308 0.10955385387933708 427
1757424635367 0.1095293804083268 428
1757424635424 0.10950545481705536 429
1757424635479 0.10948206481534156 430
1757424635545 0.10945919838956554 431
1757424635629 0.10943684379641597 432
1757424635707 0.10941498955677928 433
1757424635786 0.10939362444976786 434
1757424635857 0.109372737506884 435
1757424635941 0.10935231800631696 436
1757424636024 0.10933235546737043 437
1757424636114 0.10931283964501512 438
1757424636173 0.10929376052456692 439
1757424636222 0.10927510831648489 440
1757424636272 0.10925687345128869 441
1757424636331 0.10923904657458938 442
1757424636378 0.10922161854223619 443
1757424636425 0.1092045804155706 444
1757424636472 0.10918792345679025 445
1757424636525 0.10917163912441674 446
1757424636573 0.10915571906886734 447
1757424636643 0.10914015512812661 448
1757424636705 0.10912493932351632 449
1757424636752 0.10911006385556164 450
1757424636801 0.10909552109995078 451
1757424636868 0.10908130360358585 452
1757424636936 0.10906740408072457 453
1757424637012 0.1090538154092082 454
1757424637102 0.109040530626775 455
1757424637153 0.10902754292745853 456
1757424637236 0.10901484565806528 457
1757424637319 0.109002432314735 458
1757424637393 0.10899029653957548 459
1757424637475 0.10897843211737726 460
1757424637557 0.10896683297239938 461
1757424637667 0.10895549316522976 462
1757424637774 0.10894440688971664 463
1757424637864 0.10893356846996854 464
1757424637926 0.10892297235742227 465
1757424637992 0.10891261312797815 466
1757424638087 0.10890248547919895 467
1757424638158 0.10889258422757261 468
1757424638215 0.10888290430583715 469
1757424638276 0.10887344076036524 470
1757424638364 0.1088641887486087 471
1757424638415 0.10885514353660014 472
1757424638473 0.10884630049651142 473
1757424638553 0.10883765510426702 474
1757424638613 0.1088292029372114 475
1757424638690 0.10882093967182935 476
1757424638739 0.10881286108151694 477
1757424638797 0.1088049630344036 478
1757424638843 0.10879724149122341 479
1757424638919 0.10878969250323361 480
1757424638987 0.10878231221018084 481
1757424639061 0.10877509683831307 482
1757424639127 0.1087680426984359 483
1757424639189 0.10876114618401393 484
1757424639253 0.10875440376931293 485
1757424639320 0.10874781200758617 486
1757424639387 0.10874136752930008 487
1757424639437 0.10873506704040015 488
1757424639486 0.10872890732061691 489
1757424639537 0.10872288522180837 490
1757424639589 0.10871699766634163 491
1757424639637 0.10871124164550913 492
1757424639683 0.10870561421798283 493
1757424639735 0.10870011250830058 494
1757424639784 0.10869473370538889 495
1757424639832 0.10868947506111731 496
1757424639922 0.10868433388888635 497
1757424640003 0.10867930756224695 498
1757424640057 0.10867439351355092 499
