1757492573709 169.25484662757714 0
1757492574093 152.82983039484924 1
1757492574411 146.43988308646863 2
1757492574624 140.17006506112818 3
1757492575379 134.4010168153926 4
1757492575617 129.07002375872509 5
1757492575862 124.13981847920434 6
1757492575996 119.57553553304857 7
1757492576152 115.34551415293505 8
1757492576452 111.42095321403974 9
1757492576773 107.77565147983002 10
1757492576941 104.38576913851387 11
1757492577066 101.22961146205681 12
1757492577252 98.2874324027181 13
1757492577412 95.54125629120558 14
1757492577522 92.97471596311395 15
1757492577632 90.57290579553333 16
1757492577851 88.32224827617819 17
1757492578151 86.21037285486153 18
1757492578394 84.22600594280989 19
1757492578662 82.3588710302744 20
1757492578894 80.59959798813557 21
1757492579067 78.93964070562268 22
1757492579249 77.37120229469161 23
1757492579425 75.88716716276777 24
1757492579554 74.48103932013406 25
1757492579682 73.14688634684303 26
1757492579787 71.87928849720375 27
1757492579893 70.6732924681466 28
1757492580006 69.52436940155474 29
1757492580128 68.42837673038426 30
1757492580285 67.38152351445224 31
1757492580501 66.38033894449104 32
1757492580608 65.42164372276103 33
1757492580685 64.50252405545787 34
1757492580764 63.62030801660409 35
1757492580830 62.7725440653047 36
1757492580892 61.956981518384445 37
1757492580954 61.17155279869987 38
1757492581010 60.41435729600422 39
1757492581071 59.68364669229503 40
1757492581129 58.977811617233826 41
1757492581186 58.29536951162412 42
1757492581242 57.634953588185155 43
1757492581304 56.99530278906921 44
1757492581358 56.37525264883796 45
1757492581413 55.77372698002387 46
1757492581463 55.189730306036644 47
1757492581512 54.62234097310263 48
1757492581563 54.07070487921439 49
1757492581621 53.534029763774434 50
1757492581677 53.01158000679854 51
1757492581730 52.50267189124595 52
1757492581780 52.00666928631206 53
1757492581837 51.5229797133939 54
1757492581889 51.05105075995518 55
1757492582139 50.59036680971016 56
1757492582322 50.1404460604439 57
1757492582438 49.700837803416746 58
1757492582576 49.27111994068929 59
1757492582689 48.8508967188724 60
1757492582786 48.439796659774686 61
1757492582897 48.0374706702073 62
1757492583029 47.64359031482822 63
1757492583173 47.257846237381 64
1757492583286 46.879946717021014 65
1757492583360 46.50961634763602 66
1757492583417 46.14659482917125 67
1757492583475 45.79063586097015 68
1757492583531 45.44150612805142 69
1757492583585 45.098984372069 70
1757492583638 44.76286053945105 71
1757492583690 44.432934999896155 72
1757492583740 44.109017829022285 73
1757492583791 43.790928149527296 74
1757492583842 43.47849352572936 75
1757492583893 43.17154940681971 76
1757492583955 42.869938614581216 77
1757492584006 42.57351087170915 78
1757492584057 42.28212236721815 79
1757492584108 41.99563535573513 80
1757492584159 41.71391778776554 81
1757492584208 41.436842968280324 82
1757492584258 41.16428924120938 83
1757492584306 40.89613969764143 84
1757492584360 40.6322819057271 85
1757492584411 40.37260766045991 86
1757492584460 40.11701275167122 87
1757492584506 39.8653967487233 88
1757492584554 39.61766280051788 89
1757492584606 39.3737174495594 90
1757492584661 39.13347045892331 91
1757492584718 38.89683465107996 92
1757492584774 38.66372575761659 93
1757492584826 38.434062278983234 94
1757492584877 38.207765353464325 95
1757492584928 37.984758634646624 96
1757492584980 37.76496817671707 97
1757492585029 37.54832232698159 98
1757492585077 37.33475162504776 99
1757492585127 37.12418870816165 100
1757492585176 36.9165682222327 101
1757492585225 36.711826738119605 102
1757492585275 36.509902672786204 103
1757492585324 36.310736214969076 104
1757492585378 36.114269255028404 105
1757492585430 35.92044531868062 106
1757492585480 35.72920950433679 107
1757492585527 35.54050842379235 108
1757492585577 35.35429014603558 109
1757492585625 35.170504143959974 110
1757492585676 34.98910124378389 111
1757492585725 34.81003357699569 112
1757492585777 34.63325453465768 113
1757492585827 34.45871872391465 114
1757492585873 34.28638192656556 115
1757492585922 34.11620105956703 116
1757492585968 33.94813413734813 117
1757492586015 33.78214023582466 118
1757492586062 33.61817945800975 119
1757492586109 33.456212901125205 120
1757492586157 33.296202625125204 121
1757492586208 33.138111622550404 122
1757492586254 32.98190378963641 123
1757492586302 32.82754389860601 124
1757492586349 32.67499757107964 125
1757492586401 32.52423125254325 126
1757492586451 32.37521218781667 127
1757492586498 32.22790839746978 128
1757492586544 32.08228865513719 129
1757492586591 31.938322465685527 130
1757492586638 31.795980044190358 131
1757492586690 31.65523229568271 132
1757492586739 31.516050795627645 133
1757492586786 31.378407771099695 134
1757492586834 31.242276082622386 135
1757492586882 31.107629206640745 136
1757492586926 30.97444121859795 137
1757492586973 30.842686776588792 138
1757492587020 30.712341105564306 139
1757492587067 30.583379982063445 140
1757492587114 30.45577971944902 141
1757492587162 30.329517153626444 142
1757492587211 30.204569629225023 143
1757492587257 30.08091498622269 144
1757492587306 29.958531546995978 145
1757492587354 29.837398103778185 146
1757492587402 29.717493906509464 147
1757492587459 29.598798651063458 148
1757492587507 29.48129246783585 149
1757492587554 29.364955910680976 150
1757492587601 29.249769946183356 151
1757492587649 29.13571594325157 152
1757492587696 29.022775663022546 153
1757492587743 28.910931249064962 154
1757492587792 28.800165217870855 155
1757492587840 28.690460449625167 156
1757492587888 28.58180017924337 157
1757492587935 28.474167987667705 158
1757492587981 28.367547793413117 159
1757492588039 28.26192384435425 160
1757492588087 28.157280709745244 161
1757492588136 28.05360327246454 162
1757492588182 27.950876721477037 163
1757492588230 27.84908654450651 164
1757492588279 27.74821852091117 165
1757492588327 27.648258714755947 166
1757492588373 27.549193468074865 167
1757492588420 27.451009394317627 168
1757492588478 27.353693371974284 169
1757492588525 27.25723253837252 170
1757492588572 27.161614283641963 171
1757492588619 27.066826244840428 172
1757492588667 26.97285630023691 173
1757492588728 26.879692563746566 174
1757492588776 26.78732337951304 175
1757492588827 26.6957373166335 176
1757492588874 26.6049231640222 177
1757492588934 26.51486992540831 178
1757492589038 26.425566814463966 179
1757492589168 26.337003250058718 180
1757492589237 26.249168851636504 181
1757492589378 26.162053434711712 182
1757492589515 26.07564700648066 183
1757492589582 25.989939761545187 184
1757492589664 25.904922077745084 185
1757492589762 25.820584512096236 186
1757492589856 25.73691779683138 187
1757492589942 25.653912835540613 188
1757492590007 25.571560699408636 189
1757492590108 25.489852623546252 190
1757492590226 25.408780003413135 191
1757492590327 25.328334391329562 192
1757492590419 25.248507493074452 193
1757492590506 25.169291164567326 194
1757492590568 25.090677408631926 195
1757492590635 25.012658371839144 196
1757492590704 24.93522634142708 197
1757492590771 24.858373742296138 198
1757492590880 24.782093134077105 199
1757492590989 24.70637720827015 200
1757492591079 24.631218785452944 201
1757492591152 24.55661081255586 202
1757492591238 24.482546360202573 203
1757492591317 24.409018620114253 204
1757492591403 24.33602090257562 205
1757492591476 24.263546633961255 206
1757492591554 24.191589354320502 207
1757492591624 24.12014271501949 208
1757492591692 24.04920047643866 209
1757492591758 23.97875650572438 210
1757492591825 23.90880477459332 211
1757492591893 23.839339357187978 212
1757492591969 23.770354427982245 213
1757492592112 23.70184425973561 214
1757492592196 23.633803221494716 215
1757492592291 23.56622577664107 216
1757492592380 23.499106480983755 217
1757492592479 23.432439980895936 218
1757492592589 23.36622101149402 219
1757492592659 23.30044439485844 220
1757492592764 23.235105038294954 221
1757492592854 23.170197932635492 222
1757492592945 23.105718150577406 223
1757492593026 23.041660845060353 224
1757492593103 22.978021247679678 225
1757492593197 22.914794667135514 226
1757492593270 22.851976487716627 227
1757492593357 22.789562167818126 228
1757492593440 22.727547238492313 229
1757492593526 22.665927302031683 230
1757492593607 22.604698030583407 231
1757492593689 22.54385516479442 232
1757492593763 22.483394512486477 233
1757492593844 22.423311947360364 234
1757492593915 22.363603407728487 235
1757492593984 22.304264895275324 236
1757492594060 22.24529247384485 237
1757492594136 22.1866822682545 238
1757492594223 22.12843046313479 239
1757492594289 22.07053330179421 240
1757492594368 22.012987085108563 241
1757492594476 21.955788170434346 242
1757492594564 21.898932970545452 243
1757492594638 21.842417952592747 244
1757492594709 21.786239637085902 245
1757492594796 21.730394596896964 246
1757492594886 21.67487945628519 247
1757492594944 21.619690889942554 248
1757492594999 21.564825622059583 249
1757492595052 21.510280425410862 250
1757492595107 21.456052120459898 251
1757492595161 21.402137574482797 252
1757492595216 21.348533700710348 253
1757492595268 21.295237457488103 254
1757492595320 21.242245847454004 255
1757492595371 21.189555916733106 256
1757492595425 21.137164754149147 257
1757492595477 21.08506949045242 258
1757492595529 21.0332672975636 259
1757492595590 20.981755387833264 260
1757492595643 20.93053101331663 261
1757492595695 20.87959146506322 262
1757492595748 20.828934072421042 263
1757492595806 20.77855620235511 264
1757492595860 20.728455258779768 265
1757492595937 20.678628681904684 266
1757492595994 20.629073947594133 267
1757492596046 20.57978856673921 268
1757492596098 20.53077008464281 269
1757492596149 20.482016080417004 270
1757492596210 20.433524166392495 271
1757492596287 20.385291987540022 272
1757492596343 20.33731722090329 273
1757492596397 20.289597575043306 274
1757492596451 20.242130789493732 275
1757492596504 20.19491463422713 276
1757492596555 20.14794690913179 277
1757492596614 20.101225443498944 278
1757492596667 20.054748095520093 279
1757492596720 20.008512751794285 280
1757492596773 19.962517326845035 281
1757492596826 19.91675976264683 282
1757492596879 19.8712380281608 283
1757492596932 19.82595011887956 284
1757492597087 19.78089405638091 285
1757492597199 19.73606788789016 286
1757492597335 19.69146968585106 287
1757492597399 19.64709754750499 288
1757492597478 19.60294959447825 289
1757492597609 19.559023972377414 290
1757492597745 19.515318850392386 291
1757492597849 19.471832420907152 292
1757492597916 19.428562899117924 293
1757492597976 19.38550852265863 294
1757492598033 19.34266755123356 295
1757492598090 19.30003826625702 296
1757492598144 19.25761897049973 297
1757492598199 19.21540798774211 298
1757492598254 19.17340366243395 299
1757492598309 19.13160435936062 300
1757492598362 19.090008463315513 301
1757492598415 19.04861437877867 302
1757492598469 19.00742052960143 303
1757492598522 18.96642535869698 304
1757492598575 18.92562732773669 305
1757492598633 18.885024916852096 306
1757492598692 18.844616624342454 307
1757492598745 18.80440096638767 308
1757492598798 18.76437647676662 309
1757492598852 18.724541706580613 310
1757492598910 18.68489522398196 311
1757492599111 18.645435613907612 312
1757492599174 18.606161477817555 313
1757492599237 18.567071433438148 314
1757492599302 18.52816411451002 315
1757492599359 18.489438170540666 316
1757492599416 18.450892266561503 317
1757492599501 18.412525082889353 318
1757492599609 18.3743353148922 319
1757492599692 18.3363216727593 320
1757492599750 18.298482881275312 321
1757492599811 18.260817679598578 322
1757492599868 18.223324821043384 323
1757492599923 18.18600307286608 324
1757492599978 18.148851216055064 325
1757492600033 18.111868045124538 326
1757492600090 18.07505236791188 327
1757492600156 18.03840300537869 328
1757492600222 18.0019187914153 329
1757492600289 17.9655985726488 330
1757492600362 17.92944120825444 331
1757492600427 17.89344556977033 332
1757492600490 17.857610540915445 333
1757492600549 17.82193501741082 334
1757492600607 17.786417906803834 335
1757492600666 17.751058128295618 336
1757492600754 17.715854612571473 337
1757492600819 17.68080630163419 338
1757492600882 17.645912148640328 339
1757492600958 17.611171117739296 340
1757492601023 17.576582183915228 341
1757492601091 17.5421443328316 342
1757492601154 17.507856560678487 343
1757492601216 17.47371787402252 344
1757492601276 17.439727289659317 345
1757492601339 17.40588383446853 346
1757492601398 17.372186545271322 347
1757492601455 17.33863446869029 348
1757492601514 17.305226661011766 349
1757492601573 17.271962188050434 350
1757492601631 17.238840125016313 351
1757492601689 17.205859556383892 352
1757492601798 17.17301957576353 353
1757492601860 17.140319285775035 354
1757492601920 17.1077577979233 355
1757492601979 17.0753342324761 356
1757492602060 17.04304771834388 357
1757492602120 17.010897392961578 358
1757492602181 16.97888240217238 359
1757492602243 16.947001900113477 360
1757492602309 16.915255049103624 361
1757492602373 16.883641019532643 362
1757492602433 16.852158989752684 363
1757492602492 16.820808145971327 364
1757492602548 16.789587682146433 365
1757492602604 16.75849679988267 366
1757492602667 16.727534708329802 367
1757492602764 16.696700624082617 368
1757492602835 16.66599377108244 369
1757492602908 16.63541338052033 370
1757492602977 16.60495869074176 371
1757492603043 16.574628947152934 372
1757492603123 16.544423402128505 373
1757492603218 16.514341314920895 374
1757492603279 16.484381951571 375
1757492603341 16.454544584820354 376
1757492603402 16.424828494024684 377
1757492603461 16.395232965068878 378
1757492603520 16.365757290283263 379
1757492603578 16.336400768361262 380
1757492603636 16.30716270427833 381
1757492603696 16.278042409212183 382
1757492603755 16.249039200464264 383
1757492603813 16.2201524013825 384
1757492603872 16.19138134128521 385
1757492603928 16.162725355386275 386
1757492603983 16.13418378472141 387
1757492604039 16.105755976075653 388
1757492604095 16.07744128191193 389
1757492604150 16.049239060300774 390
1757492604206 16.021148674851105 391
1757492604262 15.993169494642096 392
1757492604326 15.965300894156107 393
1757492604384 15.937542253212598 394
1757492604440 15.90989295690314 395
1757492604496 15.882352395527345 396
1757492604550 15.854919964529826 397
1757492604605 15.827595064438105 398
1757492604661 15.800377100801473 399
1757492604719 15.773265484130766 400
1757492604785 15.74625962983906 401
1757492604841 15.719358958183271 402
1757492604899 15.692562894206645 403
1757492604955 15.665870867682086 404
1757492605011 15.639282313056361 405
1757492605122 15.612796669395125 406
1757492605301 15.586413380328779 407
1757492605427 15.56013189399914 408
1757492605585 15.533951663006901 409
1757492605706 15.507872144359844 410
1757492605844 15.481892799421878 411
1757492605954 15.45601309386278 412
1757492606028 15.430232497608694 413
1757492606111 15.404550484793383 414
1757492606213 15.37896653371013 415
1757492606289 15.353480126764438 416
1757492606406 15.32809075042733 417
1757492606508 15.302797895189396 418
1757492606592 15.277601055515461 419
1757492606665 15.252499729799952 420
1757492606741 15.22749342032288 421
1757492606852 15.202581633206465 422
1757492606941 15.177763878372406 423
1757492607064 15.153039669499714 424
1757492607141 15.128408523983222 425
1757492607236 15.10386996289263 426
1757492607343 15.07942351093215 427
1757492607439 15.055068696400722 428
1757492607526 15.030805051152843 429
1757492607595 15.006632110559853 430
1757492607697 14.982549413471851 431
1757492607786 14.95855650218013 432
1757492607878 14.9346529223801 433
1757492607954 14.91083822313479 434
1757492608034 14.88711195683881 435
1757492608119 14.863473679182844 436
1757492608242 14.839922949118638 437
1757492608323 14.816459328824441 438
1757492608488 14.793082383670985 439
1757492608595 14.769791682187858 440
1757492608710 14.74658679603041 441
1757492608816 14.723467299947073 442
1757492608916 14.700432771747149 443
1757492609013 14.677482792268998 444
1757492609110 14.654616945348742 445
1757492609200 14.6318348177893 446
1757492609308 14.609135999329911 447
1757492609410 14.586520082616033 448
1757492609506 14.563986663169661 449
1757492609629 14.541535339360056 450
1757492609738 14.519165712374832 451
1757492609838 14.496877386191484 452
1757492609954 14.474669967549238 453
1757492610077 14.452543065921317 454
1757492610160 14.430496293487549 455
1757492610242 14.40852926510737 456
1757492610312 14.38664159829315 457
1757492610418 14.364832913183891 458
1757492610509 14.34310283251926 459
1757492610597 14.321450981613983 460
1757492610699 14.299876988332526 461
1757492610805 14.27838048306417 462
1757492610914 14.256961098698383 463
1757492611016 14.23561847060047 464
1757492611080 14.214352236587608 465
1757492611182 14.193162036905159 466
1757492611268 14.17204751420326 467
1757492611358 14.15100831351378 468
1757492611425 14.130044082227494 469
1757492611503 14.109154470071607 470
1757492611616 14.088339129087544 471
1757492611739 14.067597713609027 472
1757492611801 14.046929880240407 473
1757492611861 14.026335287835304 474
1757492611921 14.005813597475504 475
1757492611988 13.985364472450103 476
1757492612045 13.964987578234933 477
1757492612107 13.944682582472241 478
1757492612167 13.924449154950619 479
1757492612226 13.90428696758518 480
1757492612283 13.884195694397992 481
1757492612339 13.864175011498732 482
1757492612400 13.844224597065594 483
1757492612458 13.824344131326448 484
1757492612516 13.804533296540201 485
1757492612573 13.784791776978366 486
1757492612630 13.765119258906951 487
1757492612690 13.74551543056844 488
1757492612744 13.725979982164095 489
1757492612798 13.706512605836416 490
1757492612855 13.687112995651832 491
1757492612911 13.667780847583607 492
1757492612969 13.64851585949493 493
1757492613041 13.629317731122221 494
1757492613103 13.610186164058645 495
1757492613161 13.591120861737798 496
1757492613221 13.572121529417613 497
1757492613277 13.553187874164424 498
1757492613335 13.534319604837252 499
