1757344807064 172.0978636756679 0
1757344807089 71.01602505809443 1
1757344807114 82.58562874704326 2
1757344807140 57.990789291900775 3
1757344807164 56.7114599690905 4
1757344807191 47.830391793510906 5
1757344807216 44.9174330082997 6
1757344807244 40.55608239633608 7
1757344807284 37.925341519800526 8
1757344807311 35.18818377253518 9
1757344807346 33.07314068704884 10
1757344807378 31.0995860407492 11
1757344807404 29.41917293760786 12
1757344807430 27.890910620237435 13
1757344807455 26.534956409260968 14
1757344807481 25.301472242566604 15
1757344807506 24.183801499972137 16
1757344807534 23.159183808600787 17
1757344807560 22.21796020072238 18
1757344807585 21.347291264134792 19
1757344807610 20.539112513430037 20
1757344807636 19.785193265034025 21
1757344807666 19.079454036869404 22
1757344807692 18.41625221660509 23
1757344807717 17.791102471749888 24
1757344807742 17.199988839960707 25
1757344807767 16.639594788994934 26
1757344807793 16.106989149847276 27
1757344807819 15.599693799795318 28
1757344807844 15.115525132384203 29
1757344807869 14.652605824288342 30
1757344807906 14.20927849874895 31
1757344807935 13.784099004549489 32
1757344807961 13.375786468910679 33
1757344807991 12.983211819427433 34
1757344808021 12.605367380019011 35
1757344808049 12.241355570893468 36
1757344808076 11.890369569723767 37
1757344808103 11.551683726020967 38
1757344808129 11.224640789159999 39
1757344808158 10.908644274919858 40
1757344808185 10.603149760314237 41
1757344808212 10.307658987406128 42
1757344808239 10.021713773725478 43
1757344808265 9.744891524078808 44
1757344808301 9.476800878598594 45
1757344808328 9.217078315792575 46
1757344808355 8.965384986389054 47
1757344808384 8.721404142872165 48
1757344808412 8.484838800339285 49
1757344808439 8.255409784738768 50
1757344808465 8.032853980697094 51
1757344808492 7.81692284056878 52
1757344808519 7.607381054834539 53
1757344808546 7.4040054040363135 54
1757344808573 7.206583737031975 55
1757344808600 7.0149140785190385 56
1757344808628 6.828803833906762 57
1757344808654 6.648069088063067 58
1757344808681 6.472533978587196 59
1757344808707 6.302030138363212 60
1757344808733 6.136396195108881 61
1757344808759 5.975477322764174 62
1757344808785 5.8191248365848285 63
1757344808812 5.667195827506779 64
1757344808840 5.519552830200193 65
1757344808866 5.376063521219675 66
1757344808893 5.2366004433091 67
1757344808919 5.101040753033284 68
1757344808946 4.9692659888885675 69
1757344808973 4.841161857698727 70
1757344809001 4.716618037200784 71
1757344809030 4.59552799312902 72
1757344809057 4.477788809232412 73
1757344809084 4.363301028921828 74
1757344809110 4.251968507363563 75
1757344809139 4.143698273011879 76
1757344809178 4.0384003976754315 77
1757344809219 3.93598787433535 78
1757344809299 3.836376502015266 79
1757344809332 3.739484777091821 80
1757344809362 3.645233790499261 81
1757344809392 3.553547130346255 82
1757344809423 3.4643507895138943 83
1757344809456 3.377573077851892 84
1757344809486 3.29314453862933 85
1757344809542 3.210997868932703 86
1757344809597 3.1310678437344723 87
1757344809650 3.0532912433831076 88
1757344809698 2.9776067842894123 89
1757344809747 2.903955052605231 90
1757344809795 2.8322784407093295 91
1757344809844 2.7625210863318452 92
1757344809894 2.6946288141633543 93
1757344809938 2.628549079807755 94
1757344809979 2.5642309159496883 95
1757344810021 2.501624880617687 96
1757344810073 2.440683007433472 97
1757344810121 2.381358757746199 98
1757344810164 2.323606974557862 99
1757344810227 2.267383838152841 100
1757344810279 2.2126468233506484 101
1757344810339 2.1593546583064036 102
1757344810388 2.1074672847885707 103
1757344810436 2.0569458198680013 104
1757344810480 2.007752518956448 105
1757344810525 1.9598507401364877 106
1757344810575 1.9132049097282136 107
1757344810629 1.8677804890412275 108
1757344810681 1.8235439422633524 109
1757344810744 1.780653257444463 110
1757344810825 1.738772961621606 111
1757344810895 1.6979856740833235 112
1757344810946 1.6582521122329714 113
1757344810995 1.6195490906759602 114
1757344811049 1.5818447025743383 115
1757344811099 1.545114525272488 116
1757344811146 1.5093303139056904 117
1757344811199 1.4744677697787936 118
1757344811246 1.4405011385191264 119
1757344811292 1.4074068958580044 120
1757344811343 1.3751611668076602 121
1757344811391 1.3437414677812578 122
1757344811439 1.3131254692058245 123
1757344811488 1.283291813720203 124
1757344811537 1.254219518459619 125
1757344811585 1.2258883546548964 126
1757344811629 1.1982785546753758 127
1757344811676 1.1713709838005506 128
1757344811723 1.145146992711856 129
1757344811768 1.119588491087307 130
1757344811817 1.0946778697671218 131
1757344811863 1.070398028233694 132
1757344811908 1.0467323303948282 133
1757344811953 1.023664610644141 134
1757344812000 1.0011791460878139 135
1757344812049 0.9792606528800333 136
1757344812096 0.9578942666963 137
1757344812142 0.9370655348653631 138
1757344812279 0.9167604011614607 139
1757344812474 0.8969651963247773 140
1757344812581 0.8776666252768128 141
1757344812675 0.8588517572326255 142
1757344812761 0.8405080144117852 143
1757344812882 0.8226231622885487 144
1757344812956 0.8051852993333605 145
1757344813012 0.7881828476372259 146
1757344813066 0.7716045434406629 147
1757344813111 0.7554394282233388 148
1757344813156 0.7396768398847311 149
1757344813208 0.7243064043229064 150
1757344813247 0.7093180271838313 151
1757344813285 0.6947018859228349 152
1757344813325 0.6804484220660206 153
1757344813377 0.6665483337349811 154
1757344813415 0.6529925683776983 155
1757344813451 0.6397723157321252 156
1757344813485 0.6268790009917998 157
1757344813639 0.6146854331527408 158
1757344813749 0.602595379488289 159
1757344813816 0.590816416976236 160
1757344813902 0.5793209133547339 161
1757344813962 0.5681150387681906 162
1757344814019 0.5571817687023287 163
1757344814056 0.5465207164815775 164
1757344814110 0.5361202636979117 165
1757344814156 0.525976892382921 166
1757344814197 0.5160817992932851 167
1757344814360 0.5064301350554216 168
1757344814445 0.4970146175795175 169
1757344814495 0.48782993036581873 170
1757344814539 0.47886968056025203 171
1757344814580 0.4701284887850494 172
1757344814620 0.4616005404092572 173
1757344814659 0.45328057682271056 174
1757344814698 0.44516320471211374 175
1757344814733 0.43724336509168854 176
1757344814767 0.4295160030631599 177
1757344814812 0.4219762887480453 178
1757344814847 0.41461945849275006 179
1757344814881 0.4074409180228851 180
1757344814913 0.40043616523173625 181
1757344814944 0.39360083748335983 182
1757344814976 0.3869306732727061 183
1757344815040 0.3804215330958583 184
1757344815126 0.3740693796791651 185
1757344815212 0.36787028638721214 186
1757344815255 0.36182042636743256 187
1757344815301 0.3559160751268472 188
1757344815335 0.3501536039991561 189
1757344815367 0.34452948003462797 190
1757344815412 0.33904026160160605 191
1757344815449 0.3336825970778847 192
1757344815481 0.3284532215417098 193
1757344815513 0.32334895496663496 194
1757344815545 0.31836669950064983 195
1757344815575 0.3135034374933263 196
1757344815607 0.3087562291203586 197
1757344815638 0.3041222103948866 198
1757344815682 0.2995985910179419 199
1757344815714 0.29518265244210357 200
1757344815746 0.29087174588722847 201
1757344815777 0.2866632904850986 202
1757344815808 0.2825547714280473 203
1757344815839 0.2785437382047725 204
1757344815871 0.27462780286315536 205
1757344815903 0.2708046383388571 206
1757344815935 0.2670719768203547 207
1757344815969 0.2634276081681066 208
1757344816001 0.25986937837323054 209
1757344816032 0.25639518806340783 210
1757344816062 0.253002991048434 211
1757344816091 0.2496907929084486 212
1757344816122 0.24645664962063155 213
1757344816154 0.24329866622522814 214
1757344816185 0.2402149955283252 215
1757344816215 0.23720383684124755 216
1757344816246 0.23426343475481368 217
1757344816275 0.23139207794787225 218
1757344816304 0.22858809802878952 219
1757344816333 0.2258498684091312 220
1757344816363 0.22317580320843952 221
1757344816393 0.220564356189285 222
1757344816433 0.2180140197216524 223
1757344816462 0.21552332377583186 224
1757344816495 0.21309083494296005 225
1757344816526 0.21071515548242725 226
1757344816555 0.20839492239534918 227
1757344816585 0.20612880652336366 228
1757344816614 0.20391551167200803 229
1757344816644 0.20175377375797593 230
1757344816674 0.1996423599795555 231
1757344816703 0.19758006800959316 232
1757344816733 0.19556572521032575 233
1757344816763 0.19359818786946134 234
1757344816793 0.19167634045689882 235
1757344816824 0.18979909490149657 236
1757344816853 0.18796538988732153 237
1757344816883 0.18617419016881792 238
1757344816912 0.18442448590436866 239
1757344816942 0.1827152920077207 240
1757344816972 0.1810456475167696 241
1757344817002 0.1794146149792185 242
1757344817031 0.1778212798546287 243
1757344817061 0.1762647499324069 244
1757344817089 0.17474415476527552 245
1757344817119 0.17325864511779981 246
1757344817149 0.1718073924295398 247
1757344817178 0.17038958829242937 248
1757344817208 0.16900444394197717 249
1757344817238 0.16765118976190804 250
1757344817267 0.16632907480187153 251
1757344817296 0.16503736630785257 252
1757344817325 0.16377534926493442 253
1757344817354 0.1625423259520707 254
1757344817383 0.16133761550853537 255
1757344817413 0.16016055351172734 256
1757344817451 0.15901049156601926 257
1757344817480 0.1578867969023456 258
1757344817509 0.1567888519882316 259
1757344817547 0.15571605414798653 260
1757344817577 0.15466781519277104 261
1757344817608 0.15364356106027616 262
1757344817638 0.15264273146375223 263
1757344817668 0.15166477955012952 264
1757344817697 0.15070917156698302 265
1757344817726 0.14977538653810576 266
1757344817756 0.14886291594745146 267
1757344817785 0.1479712634312254 268
1757344817815 0.1470999444778972 269
1757344817844 0.1462484861359287 270
1757344817875 0.14541642672900124 271
1757344817905 0.1446033155785471 272
1757344817935 0.14380871273338577 273
1757344817965 0.14303218870627366 274
1757344817994 0.14227332421718167 275
1757344818032 0.14153170994312678 276
1757344818087 0.1408069462743719 277
1757344818130 0.14009864307683387 278
1757344818171 0.13940641946052734 279
1757344818211 0.13872990355388876 280
1757344818251 0.1380687322838209 281
1757344818287 0.13742255116130872 282
1757344818323 0.13679101407245595 283
1757344818354 0.13617378307480188 284
1757344818387 0.13557052819877774 285
1757344818419 0.13498092725416647 286
1757344818463 0.1344046656414354 287
1757344818498 0.13384143616781222 288
1757344818532 0.13329093886797935 289
1757344818568 0.1327528808292699 290
1757344818625 0.13222697602123973 291
1757344818701 0.1317129451295078 292
1757344818736 0.13118067990514434 293
1757344818770 0.13070669611782548 294
1757344818802 0.1302266141710763 295
1757344818835 0.12975782746597095 296
1757344818867 0.12930001883827505 297
1757344818899 0.12885215924521368 298
1757344818931 0.12841461505599097 299
1757344818962 0.127986735117341 300
1757344818994 0.1275685859120631 301
1757344819026 0.12713137692011214 302
1757344819057 0.12674791023964016 303
1757344819088 0.12635716087445736 304
1757344819119 0.1259756215970077 305
1757344819150 0.12560304509820086 306
1757344819181 0.1252384761562782 307
1757344819212 0.12488230533480375 308
1757344819243 0.12450687344888155 309
1757344819273 0.12418170051463659 310
1757344819304 0.12384868928370271 311
1757344819335 0.12352354639544469 312
1757344819366 0.12320606349972016 313
1757344819398 0.12289534392620144 314
1757344819429 0.1225917851178783 315
1757344819468 0.1222685976510106 316
1757344819502 0.1219931166283189 317
1757344819534 0.12170919610861666 318
1757344819566 0.12143199150151368 319
1757344819601 0.1211613610705403 320
1757344819653 0.12089642845790888 321
1757344819704 0.12061226000530342 322
1757344819744 0.12037320337541112 323
1757344819782 0.12012561967758652 324
1757344819839 0.11988376800976898 325
1757344819877 0.11964778006470973 326
1757344819921 0.1194166453270658 327
1757344819973 0.11916615120146115 328
1757344820016 0.11895899401314343 329
1757344820057 0.1187429899311867 330
1757344820099 0.11853196682186237 331
1757344820138 0.11832612261246861 332
1757344820194 0.11812444478584609 333
1757344820246 0.11790314206620763 334
1757344820287 0.11772386048634281 335
1757344820326 0.11753536250474247 336
1757344820366 0.11735120692154899 337
1757344820406 0.11717162747652773 338
1757344820444 0.11697199916879529 339
1757344820491 0.11681317082025997 340
1757344820528 0.11664480416480148 341
1757344820564 0.11648052394884148 342
1757344820599 0.116320223569679 343
1757344820634 0.11614009481833637 344
1757344820670 0.11599936590149718 345
1757344820706 0.1158490852302865 346
1757344820740 0.11570243174086715 347
1757344820775 0.11555938925806623 348
1757344820810 0.1153965156228401 349
1757344820845 0.11527201408731384 350
1757344820880 0.11513784250938978 351
1757344820914 0.11500692837250541 352
1757344820947 0.1148792713459331 353
1757344820980 0.11473172898856923 354
1757344821020 0.11462174298812472 355
1757344821056 0.11451028274102741 356
1757344821091 0.11441224262463592 357
1757344821124 0.11428936890806116 358
1757344821158 0.11418550298286721 359
1757344821192 0.11407310065252249 360
1757344821232 0.11400070822499118 361
1757344821277 0.11387827300770312 362
1757344821313 0.11381222726152464 363
1757344821349 0.11367013959605408 364
1757344821394 0.11363607854049518 365
1757344821429 0.11353559167288825 366
1757344821463 0.11345883854057376 367
1757344821505 0.11339737991085405 368
1757344821538 0.11334017275393353 369
1757344821570 0.11325631516464355 370
1757344821602 0.113225856784226 371
1757344821634 0.11312820386505718 372
1757344821667 0.11312336557886128 373
1757344821700 0.11300718409082595 374
1757344821732 0.11298208664670625 375
1757344821766 0.11288661334186764 376
1757344821799 0.11288354831745341 377
1757344821833 0.11278233981899519 378
1757344821868 0.11276229559070805 379
1757344821902 0.11267570898069808 380
1757344821936 0.1126437679692161 381
1757344821974 0.11256545009954083 382
1757344822010 0.11256384193802035 383
1757344822044 0.11247100815607466 384
1757344822078 0.1124719152738874 385
1757344822113 0.11238028742218387 386
1757344822146 0.11235782338120232 387
1757344822178 0.11228237874983682 388
1757344822211 0.11228450362352564 389
1757344822244 0.1121940258385784 390
1757344822277 0.11218942175796529 391
1757344822310 0.11208318862184098 392
1757344822342 0.11209379595728398 393
1757344822375 0.11201639936512439 394
1757344822407 0.11201372906885491 395
1757344822441 0.11193970664048433 396
1757344822474 0.11193840511282653 397
1757344822516 0.1118402769340991 398
1757344822550 0.11182788957805471 399
1757344822583 0.11178305023448083 400
1757344822628 0.11175873093663616 401
1757344822662 0.11172557419645736 402
1757344822695 0.11170067026477065 403
1757344822728 0.1116452575692051 404
1757344822760 0.11163574663560841 405
1757344822794 0.11160555479023504 406
1757344822827 0.11158180088540054 407
1757344822862 0.11155357197895391 408
1757344822895 0.11150589307897305 409
1757344822929 0.11149275602907974 410
1757344822962 0.11146920067315876 411
1757344822995 0.1114425563233517 412
1757344823029 0.11142097343566595 413
1757344823063 0.11139472449682669 414
1757344823097 0.11134941731264598 415
1757344823131 0.11133833568846023 416
1757344823165 0.111317234448328 417
1757344823200 0.11129262734393547 418
1757344823234 0.11127346496863283 419
1757344823268 0.11124927399762455 420
1757344823303 0.11120627947671288 421
1757344823339 0.11119728829584889 422
1757344823372 0.11117846476989468 423
1757344823406 0.11115591217260082 424
1757344823441 0.11113894926558476 425
1757344823476 0.11109251300167723 426
1757344823519 0.11109090548975058 427
1757344823555 0.11106820475935501 428
1757344823589 0.11105293746847462 429
1757344823623 0.11103213082720809 430
1757344823658 0.11101709994143932 431
1757344823694 0.11097718234093865 432
1757344823748 0.11096954742474956 433
1757344823792 0.11095618548644921 434
1757344823838 0.11093553303607132 435
1757344823883 0.11092344768776523 436
1757344823930 0.11087948422093168 437
1757344823970 0.11088213577790033 438
1757344824010 0.11086726767695276 439
1757344824048 0.11084689901049173 440
1757344824085 0.11083737637122704 441
1757344824120 0.11079401092512339 442
1757344824155 0.11079873844627054 443
1757344824189 0.11078526522259641 444
1757344824223 0.1107655130957172 445
1757344824259 0.11075787518097 446
1757344824300 0.11071535588554213 447
1757344824349 0.11072170167508229 448
1757344824395 0.11070950713044637 449
1757344824442 0.11069037018101469 450
1757344824487 0.11068437005298581 451
1757344824547 0.1106658605644403 452
1757344824594 0.11063608532613567 453
1757344824639 0.11064010651983967 454
1757344824687 0.1106201675070501 455
1757344824735 0.11061580827020778 456
1757344824782 0.1105979700635673 457
1757344824830 0.11056982282481208 458
1757344824876 0.1105747501795673 459
1757344824922 0.11055552611799928 460
1757344824967 0.11055241790032755 461
1757344825009 0.11054405645230311 462
1757344825049 0.11050281179004635 463
1757344825089 0.1105143608829833 464
1757344825130 0.11049599457633093 465
1757344825172 0.11049353443809963 466
1757344825211 0.11048617036776533 467
1757344825248 0.11044569560980501 468
1757344825285 0.11045817408386185 469
1757344825321 0.11045010977608308 470
1757344825359 0.11043317186231141 471
1757344825397 0.11043255114358069 472
1757344825435 0.11039310575846065 473
1757344825475 0.11040590316057705 474
1757344825512 0.11039871496883477 475
1757344825560 0.11038247042648043 476
1757344825598 0.11038262252084104 477
1757344825637 0.11035436212137414 478
1757344825675 0.11035133505757626 479
1757344825713 0.11035108043082238 480
