1757502838944 153.68902110018126 0
1757502838994 150.64177989724726 1
1757502839046 138.87023416178863 2
1757502839101 142.1659604856231 3
1757502839162 131.7193421015136 4
1757502839218 127.57909351843979 5
1757502839280 128.45598468568411 6
1757502839334 123.03457222750622 7
1757502839387 112.93788754829245 8
1757502839467 113.36929291026786 9
1757502839614 117.52925299432195 10
1757502839699 98.18370753181196 11
1757502839813 110.13847071212429 12
1757502839881 104.65545094797824 13
1757502839960 95.65575441905183 14
1757502840098 108.2358118818098 15
1757502840217 104.79502371016478 16
1757502840282 89.9400204451234 17
1757502840338 91.9608139631024 18
1757502840392 87.97486546243942 19
1757502840447 87.47356868756934 20
1757502840500 86.45792375719726 21
1757502840554 87.68062023882732 22
1757502840607 84.04086308643558 23
1757502840660 84.124604472872 24
1757502840713 80.6925239203665 25
1757502840766 73.90073817443411 26
1757502840819 82.38165862217865 27
1757502840874 79.74333583894138 28
1757502840928 68.6092799459051 29
1757502840981 75.11592478194667 30
1757502841038 77.47009998693657 31
1757502841091 73.88041474055018 32
1757502841148 69.93457590546787 33
1757502841202 60.415954434506716 34
1757502841257 64.94478689506981 35
1757502841318 72.96313682444064 36
1757502841372 233.2561574826951 37
1757502841426 66.31687877655386 38
1757502841480 66.4334122162042 39
1757502841535 59.81292177970018 40
1757502841591 61.601940201319444 41
1757502841646 60.40321809732513 42
1757502841701 68.54937202022609 43
1757502841756 57.93620250296686 44
1757502841810 62.051829901216635 45
1757502841864 53.96909329023077 46
1757502841917 61.67497354735789 47
1757502841970 61.153234480014966 48
1757502842026 65.30300714602122 49
1757502842081 55.97561605000856 50
1757502842132 57.50105797477684 51
1757502842186 52.484552043534066 52
1757502842241 57.901837266902874 53
1757502842301 51.7499191105008 54
1757502842356 52.908092886705546 55
1757502842410 49.440160449278935 56
1757502842463 53.75044953828705 57
1757502842518 59.289351523809366 58
1757502842572 46.92895770509724 59
1757502842628 54.79525419665479 60
1757502842682 53.8772511039766 61
1757502842737 243.28887398214752 62
1757502842789 51.16803848241651 63
1757502842844 49.63876164908615 64
1757502842923 64.16244415455296 65
1757502842987 51.74116321028538 66
1757502843050 40.9783860672473 67
1757502843116 46.72322257200188 68
1757502843176 53.42414010134785 69
1757502843237 45.104380993965734 70
1757502843299 45.400695076835895 71
1757502843367 48.762513419424224 72
1757502843421 48.27335099755113 73
1757502843474 44.16653701744226 74
1757502843528 42.960376786656106 75
1757502843581 46.2972624709324 76
1757502843635 44.85280346984777 77
1757502843694 44.08375310749225 78
1757502843757 56.77904193148518 79
1757502843832 48.57363610635082 80
1757502843890 32.427928960348474 81
1757502843946 47.95474894305228 82
1757502844001 54.5579446491115 83
1757502844056 39.76307347277062 84
1757502844112 37.06442836524326 85
1757502844166 46.215514852811 86
1757502844219 41.602406139885694 87
1757502844275 40.296379602515486 88
1757502844331 44.53514006682944 89
1757502844391 39.00194734740727 90
1757502844447 38.919827338801 91
1757502844503 53.26038939947515 92
1757502844561 52.37408152076487 93
1757502844616 42.23160302924106 94
1757502844671 39.377180003692054 95
1757502844727 45.11708260027808 96
1757502844783 41.855704098717695 97
1757502844837 58.033772673729096 98
1757502844893 49.25681616774539 99
1757502844949 41.10176302144168 100
1757502845003 29.64067802297947 101
1757502845058 101.043170017504 102
1757502845122 34.242870225065424 103
1757502845177 36.753226953230424 104
1757502845232 54.384959067337505 105
1757502845288 39.269069415770666 106
1757502845346 42.77451339859136 107
1757502845410 41.38162779626645 108
1757502845465 37.34323950645314 109
1757502845523 50.290070730258805 110
1757502845579 39.921934579388136 111
1757502845638 38.006800525732956 112
1757502845696 42.35867217267545 113
1757502845753 36.92446455268287 114
1757502845804 27.830728301947982 115
1757502845860 39.76227655069867 116
1757502845916 39.17283049176609 117
1757502845970 32.83397308661118 118
1757502846025 27.93362100915157 119
1757502846080 27.066565695223364 120
1757502846138 31.200264458072574 121
1757502846193 35.41844234562126 122
1757502846249 33.35560069726692 123
1757502846307 40.74396503015946 124
1757502846363 35.098645393199426 125
1757502846424 42.947735302521714 126
1757502846479 28.626351816876426 127
1757502846535 32.660334183785906 128
1757502846592 25.104948816894336 129
1757502846651 32.80894091750244 130
1757502846709 25.414528356794772 131
1757502846766 37.82997787981488 132
1757502846823 25.956384744786597 133
1757502846879 25.526188993853427 134
1757502846936 31.52568782211451 135
1757502846992 36.283376208905345 136
1757502847049 32.6400820395143 137
1757502847106 30.737479528474438 138
1757502847163 42.86526667059346 139
1757502847218 32.31431586758492 140
1757502847274 33.163831021859785 141
1757502847331 34.336998491635796 142
1757502847389 32.69218323039111 143
1757502847444 38.189386108747016 144
1757502847499 27.379772691544588 145
1757502847556 28.042429895851 146
1757502847611 31.759373136236288 147
1757502847667 21.232982148760268 148
1757502847723 40.800917866432606 149
1757502847778 29.98106449555759 150
1757502847833 23.312983061356103 151
1757502847891 41.47214904112836 152
1757502847948 30.92382384889338 153
1757502848003 33.82998986440603 154
1757502848060 38.67576786106059 155
1757502848116 41.02016671796441 156
1757502848172 26.804418729916232 157
1757502848229 29.515356318601082 158
1757502848288 188.29962937705864 159
1757502848344 34.52081459567046 160
1757502848415 29.505274296256278 161
1757502848481 47.50773916447594 162
1757502848540 26.861278232467814 163
1757502848599 30.41031217996386 164
1757502848658 28.281312878138415 165
1757502848715 30.23434880147329 166
1757502848772 27.674168142151622 167
1757502848828 34.66684529439368 168
1757502848886 29.352927876796365 169
1757502849016 32.700769527589145 170
1757502849142 29.440293724442665 171
1757502849265 24.711382659069812 172
1757502849347 28.625599285103615 173
1757502849434 26.44749734938788 174
1757502849582 28.91007502529549 175
1757502849667 21.22958217150926 176
1757502849822 28.950844063912413 177
1757502849916 21.717653282037418 178
1757502849973 27.564087525641146 179
1757502850032 27.669403797561095 180
1757502850090 22.215480006810644 181
1757502850149 24.989018676168715 182
1757502850206 25.20552635189178 183
1757502850263 25.814418796374802 184
1757502850321 20.958822254221786 185
1757502850379 22.722197090272385 186
1757502850447 147.64541072352253 187
1757502850508 20.30315348201058 188
1757502850567 27.06800227963634 189
1757502850623 42.00712245840989 190
1757502850680 38.46817768149342 191
1757502850739 28.287976717208846 192
1757502850796 24.195248454941833 193
1757502850853 28.68740909968906 194
1757502850911 31.33481849211529 195
1757502850968 24.83151744857705 196
1757502851024 21.65543676343461 197
1757502851082 30.330691662380215 198
1757502851145 21.955072180777698 199
1757502851204 26.90335802472099 200
1757502851263 26.453370538006386 201
1757502851328 39.42443281490603 202
1757502851386 25.916464115471857 203
1757502851445 35.46963438404847 204
1757502851511 27.960842330660004 205
1757502851575 22.397399734614797 206
1757502851633 23.289591002603593 207
1757502851691 27.248087029599937 208
1757502851750 23.19796300305691 209
1757502851811 21.51572586960942 210
1757502851869 21.084745634010137 211
1757502851928 17.974418313364367 212
1757502851985 26.122247177921434 213
1757502852043 28.557021906303813 214
1757502852101 22.300995169542364 215
1757502852161 32.24587149516864 216
1757502852218 34.56480159002244 217
1757502852278 22.067843846088955 218
1757502852340 25.00554409859953 219
1757502852401 20.77359244801575 220
1757502852459 20.778045175461898 221
1757502852526 21.636171765682302 222
1757502852586 21.995088538105726 223
1757502852646 21.504553064647645 224
1757502852704 20.9652837058311 225
1757502852763 25.752294594781603 226
1757502852821 23.81663353175747 227
1757502852879 23.172595677253273 228
1757502852939 33.87619170822355 229
1757502852998 19.930253240242862 230
1757502853055 32.148596373159464 231
1757502853114 23.573256811136833 232
1757502853173 23.416028643934276 233
1757502853231 22.94327096351127 234
1757502853289 22.913198275561218 235
1757502853358 20.27808181864583 236
1757502853418 120.06740016079137 237
1757502853476 20.394796260956134 238
1757502853543 19.954127313130993 239
1757502853603 19.54567242330447 240
1757502853661 113.74262992344482 241
1757502853719 19.99373410723197 242
1757502853779 16.86169754469858 243
1757502853834 24.702229981412533 244
1757502853905 22.290283128877356 245
1757502853981 22.711658367009495 246
1757502854042 19.39111652831357 247
1757502854104 22.73698136620033 248
1757502854167 20.987860390262387 249
1757502854228 22.015737588385555 250
1757502854285 16.311458536283645 251
1757502854347 36.04835145940466 252
1757502854407 20.121154131594125 253
1757502854464 20.991447189516116 254
1757502854529 22.46194951892119 255
1757502854597 19.74915663821872 256
1757502854675 28.61488885366125 257
1757502854755 17.57010191840428 258
1757502854813 20.42005200196194 259
1757502854873 30.49006186394211 260
1757502854932 22.338007177257165 261
1757502854990 25.67760715514799 262
1757502855050 19.83735299906836 263
1757502855108 17.88636339738154 264
1757502855168 22.811598019310974 265
1757502855228 23.79057216513982 266
1757502855287 18.083804764060364 267
1757502855346 20.33687770030427 268
1757502855405 19.78167921911365 269
1757502855471 19.588812212138723 270
1757502855538 25.646473838541066 271
1757502855598 12.780316383979798 272
1757502855656 16.833548518060496 273
1757502855716 16.063326951852964 274
1757502855774 24.757586627988495 275
1757502855846 29.592348385613402 276
1757502855905 21.483066337161375 277
1757502855965 17.143678650839192 278
1757502856023 21.61849486808201 279
1757502856083 17.66651094181927 280
1757502856146 22.311794247304793 281
1757502856204 22.304395370831475 282
1757502856264 20.892027906941323 283
1757502856324 22.394239615603023 284
1757502856383 22.42363560602662 285
1757502856442 17.68184728405744 286
1757502856502 20.192975058220505 287
1757502856569 16.021485634580255 288
1757502856628 15.536532321868101 289
1757502856690 17.945724623303054 290
1757502856751 21.100600943541465 291
1757502856813 18.45859004402118 292
1757502856876 15.88039123912668 293
1757502856935 19.89377428962525 294
1757502856995 19.993094471152233 295
1757502857055 17.07314589579027 296
1757502857115 18.316184218746145 297
1757502857175 18.153075488444067 298
1757502857235 28.053701387470344 299
1757502857297 17.91356570350901 300
1757502857357 15.092402819716842 301
1757502857418 17.814287601726274 302
1757502857477 13.153350787769138 303
1757502857538 28.053146937005568 304
1757502857607 19.678622750928795 305
1757502857667 18.356558777539906 306
1757502857727 17.72389970423123 307
1757502857789 17.88070882249766 308
1757502857848 18.329988629026133 309
1757502857908 19.030710884621723 310
1757502857968 15.666433675281572 311
1757502858027 17.50218188593903 312
1757502858088 12.694762149171629 313
1757502858149 17.498050885155155 314
1757502858208 20.212965177481614 315
1757502858268 21.66057764701348 316
1757502858330 26.736763632343497 317
1757502858392 18.824792294286357 318
1757502858453 13.49135122246868 319
1757502858514 20.458325383301368 320
1757502858574 18.451126014394788 321
1757502858699 16.4246103411102 322
1757502858865 14.098093278097544 323
1757502858980 19.334321526817448 324
1757502859169 14.815249574159113 325
1757502859259 30.252382929069096 326
1757502859362 15.838213472785878 327
1757502859496 28.162706189517973 328
1757502859580 38.79176958048725 329
1757502859651 17.513402281875493 330
1757502859712 24.81934386154544 331
1757502859774 20.417421614691012 332
1757502859834 17.22030619885101 333
1757502859897 15.371788042744544 334
1757502859957 26.238744255219146 335
1757502860017 15.832831048532213 336
1757502860079 15.554999196053618 337
1757502860139 20.184041933215717 338
1757502860200 25.78270700493408 339
1757502860260 18.64464532230743 340
1757502860321 14.851213504565523 341
1757502860383 19.283066591838182 342
1757502860443 16.0793622501007 343
1757502860505 15.29792843560707 344
1757502860566 12.694357227558456 345
1757502860636 18.79647800971156 346
1757502860696 17.989541065596697 347
1757502860759 25.77164872500845 348
1757502860820 11.52750002828685 349
1757502860880 15.34786592477433 350
1757502860942 16.242122470820956 351
1757502861006 27.290051560012767 352
1757502861069 13.570561683967352 353
1757502861131 13.930604630386831 354
1757502861191 18.887109367764527 355
1757502861253 16.368873950867805 356
1757502861313 14.109848999215343 357
1757502861377 24.599182220225206 358
1757502861438 14.872996645694533 359
1757502861501 15.331624699339484 360
1757502861566 35.47022250989161 361
1757502861632 15.097368348157483 362
1757502861700 14.886311317971883 363
1757502861763 16.555461506214623 364
1757502861823 15.487516287933705 365
1757502861885 13.937772665341425 366
1757502861946 19.739946787582547 367
1757502862010 18.319644200697756 368
1757502862070 15.99220096957114 369
1757502862131 18.484607361106534 370
1757502862194 16.74277629649852 371
1757502862256 15.73459836653236 372
1757502862318 16.96515132967387 373
1757502862381 20.806435358652692 374
1757502862442 21.850824416337495 375
1757502862503 17.22103194683566 376
1757502862566 12.733006347614264 377
1757502862629 17.620673313113294 378
1757502862697 15.387674105138695 379
1757502862761 16.023539639423166 380
1757502862824 16.44794703060094 381
1757502862886 16.51142959115654 382
1757502862949 14.793190798449002 383
1757502863013 11.885753327321467 384
1757502863075 21.830955587527175 385
1757502863137 16.081773454780315 386
1757502863200 18.245815625171385 387
1757502863262 16.339338508600452 388
1757502863325 13.443070400762172 389
1757502863389 13.881885715426513 390
1757502863455 15.121147003721209 391
1757502863517 27.956204498264103 392
1757502863579 12.101601246544684 393
1757502863643 18.731501624237676 394
1757502863704 13.227616593821393 395
1757502863767 13.891374892429317 396
1757502863831 12.153596408139432 397
1757502863897 13.190685871474527 398
1757502863960 16.98449458928409 399
1757502864022 17.190989371235577 400
1757502864085 17.56367031325415 401
1757502864148 10.695361595328796 402
1757502864210 16.44960231498323 403
1757502864273 15.795278322766233 404
1757502864335 30.732116280754177 405
1757502864397 16.08802633016383 406
1757502864461 13.922940634994504 407
1757502864521 18.181613981646997 408
1757502864584 15.638604434846306 409
1757502864647 16.44135454331624 410
1757502864720 22.778878060316973 411
1757502864786 15.323529293718899 412
1757502864882 72.7699448585011 413
1757502864954 68.58174389622431 414
1757502865024 16.105805503823383 415
1757502865092 13.567802190315048 416
1757502865239 10.624634161923481 417
1757502865339 12.253164707989905 418
1757502865415 17.793830716167708 419
1757502865506 13.335673567910488 420
1757502865570 14.22948357422631 421
1757502865654 10.689953288485498 422
1757502865769 14.774644194328454 423
1757502865840 16.689970103581604 424
1757502865913 14.371312017081346 425
1757502865981 18.38426136400384 426
1757502866104 14.783241677270487 427
1757502866183 14.28157642117241 428
1757502866342 13.393027035140117 429
1757502866532 10.95326836303478 430
1757502866601 21.72828262550298 431
1757502866667 23.604861488165803 432
1757502866743 13.3584920698591 433
1757502866809 10.492548960890202 434
1757502866874 13.978089228625908 435
1757502866938 16.604743628190626 436
1757502867006 21.15366074380178 437
1757502867070 12.729135537287393 438
1757502867134 12.653586102581075 439
1757502867199 10.080551927568688 440
1757502867263 18.23918504258548 441
1757502867328 11.323715932882017 442
1757502867393 13.255066440799812 443
1757502867458 14.786304631907658 444
1757502867523 13.848622424136888 445
1757502867589 12.951532015586146 446
1757502867652 17.91139826633085 447
1757502867721 12.511254545451457 448
1757502867793 13.175784681705704 449
1757502867857 13.647414968017223 450
1757502867921 13.232144155086289 451
1757502867987 13.707476931443406 452
1757502868052 14.24163119275295 453
1757502868121 12.438432553505656 454
1757502868189 13.895962752150353 455
1757502868253 20.43379455518337 456
1757502868316 15.359400183459853 457
1757502868381 12.350910718743037 458
1757502868446 12.367854928704826 459
1757502868509 11.7261689404085 460
1757502868574 13.859959131552076 461
1757502868637 13.355904816122754 462
1757502868704 14.453893998311157 463
1757502868777 12.99902546483619 464
1757502868845 13.50384767797227 465
1757502868920 12.88687318380083 466
1757502868985 12.019970762266949 467
1757502869050 23.103114044169555 468
1757502869116 12.721284756201543 469
1757502869184 17.79915362586828 470
1757502869249 21.651084867849214 471
1757502869315 11.695577420147902 472
1757502869381 15.52203544378242 473
1757502869446 13.906481275438704 474
1757502869510 10.712961937357608 475
1757502869574 11.052701305964504 476
1757502869640 10.449185406599069 477
1757502869704 12.10478059200259 478
1757502869774 11.207409453049614 479
1757502869968 10.472322152555435 480
1757502870101 11.86594838112384 481
1757502870244 10.71472039804193 482
1757502870311 15.545592398457242 483
1757502870406 11.33467518308418 484
1757502870576 13.23468591481852 485
1757502870665 19.35706220359539 486
1757502870735 10.124272130165064 487
1757502870809 11.127055509847482 488
1757502870874 13.148757852931796 489
1757502870942 9.891618443543184 490
1757502871006 12.515934500193795 491
1757502871072 13.537318926637615 492
1757502871137 13.382977577367052 493
1757502871203 11.463031957274119 494
1757502871269 11.927161535298703 495
1757502871334 10.392702087922979 496
1757502871399 13.112589331483031 497
1757502871464 13.024051721517653 498
1757502871528 10.786247247464582 499
