1757400885642 157.74047724331425 0
1757400885719 142.7024126147751 1
1757400885818 136.83537867298782 2
1757400885854 131.1041963572556 3
1757400885884 125.81687060970228 4
1757400885909 120.93091329730888 5
1757400885934 116.4115517906453 6
1757400885963 112.22710079774234 7
1757400885996 108.34871540425722 8
1757400886084 104.75013472838774 9
1757400886129 101.40744748286984 10
1757400886189 98.29887902037153 11
1757400886234 95.40459776200576 12
1757400886285 92.70653924899523 13
1757400886309 90.1905367305307 14
1757400886354 87.83829812918319 15
1757400886429 85.63717727103872 16
1757400886497 83.57473973669971 17
1757400886567 81.63962125381461 18
1757400886595 79.82146111310219 19
1757400886621 78.11080987171155 20
1757400886673 76.49904734220489 21
1757400886742 74.97830794273402 22
1757400886837 73.54141282989762 23
1757400886889 72.18180819202686 24
1757400886971 70.89350914187513 25
1757400886997 69.67104869866924 26
1757400887064 68.50943139602356 27
1757400887093 67.40409109450297 28
1757400887174 66.35085261604516 29
1757400887232 65.34589685236749 30
1757400887275 64.38572903121343 31
1757400887316 63.46714985312385 32
1757400887341 62.58722923761894 33
1757400887380 61.74328244148452 34
1757400887466 60.93284833349102 35
1757400887536 60.153669629534235 36
1757400887600 59.40367491005223 37
1757400887635 58.68096225780874 38
1757400887660 57.98404887782864 39
1757400887687 57.31093018591357 40
1757400887723 56.66026180234243 41
1757400887769 56.03300413140472 42
1757400887833 55.42443253107124 43
1757400887864 54.834531808291366 44
1757400887890 54.26224012502594 45
1757400887917 53.70657013698008 46
1757400887960 53.16661084590312 47
1757400888025 52.641519938850436 48
1757400888077 52.13051799468983 49
1757400888178 51.632883136171415 50
1757400888205 51.14794616101192 51
1757400888263 50.67508610484692 52
1757400888310 50.21372619726711 53
1757400888362 49.76333017547237 54
1757400888415 49.32339892330869 55
1757400888450 48.89346740638036 56
1757400888494 48.47310187659014 57
1757400888547 48.06189732187854 58
1757400888599 47.65947513913121 59
1757400888689 47.265481010221635 60
1757400888720 46.879582962971945 61
1757400888751 46.50146960046559 62
1757400888798 46.13084848364597 63
1757400888864 45.76744465349914 64
1757400888902 45.410999280358546 65
1757400888935 45.061268428996584 66
1757400888968 44.718021929192965 67
1757400889010 44.38104234240068 68
1757400889056 44.050124015977524 69
1757400889101 43.725072217221026 70
1757400889132 43.405702340144394 71
1757400889202 43.09183917856756 72
1757400889263 42.783316259676 73
1757400889328 42.47997523272619 74
1757400889381 42.181665308054704 75
1757400889438 41.88824274198332 76
1757400889477 41.59957036360766 77
1757400889538 41.31551713981689 78
1757400889607 41.03595777521914 79
1757400889646 40.760772343944566 80
1757400889680 40.489845950568984 81
1757400889742 40.22306841764663 82
1757400889809 39.96033399756514 83
1757400889845 39.70154110663864 84
1757400889891 39.44659207954108 85
1757400889925 39.19539294234938 86
1757400889968 38.94785320262057 87
1757400890021 38.70388565506532 88
1757400890076 38.46340620150826 89
1757400890120 38.22633368394038 90
1757400890160 37.992589729574355 91
1757400890211 37.762098606908886 92
1757400890243 37.53478709189583 93
1757400890298 37.31058434338254 94
1757400890388 37.08942178707463 95
1757400890489 36.87123300732967 96
1757400890595 36.655953646152305 97
1757400890623 36.44352130881589 98
1757400890654 36.23387547558528 99
1757400890682 36.026957419060615 100
1757400890710 35.82271012670309 101
1757400890738 35.62107822814156 102
1757400890766 35.42200792689233 103
1757400890795 35.22544693615667 104
1757400890853 35.03134441838787 105
1757400890911 34.83965092834659 106
1757400890944 34.650318359386084 107
1757400890978 34.46329989273094 108
1757400891012 34.27854994953235 109
1757400891064 34.09602414550103 110
1757400891135 33.91567924793508 111
1757400891180 33.73747313497515 112
1757400891257 33.561364756932946 113
1757400891321 33.38731409955139 114
1757400891364 33.21528214906625 115
1757400891415 33.04523085894951 116
1757400891449 32.87712311822394 117
1757400891518 32.71092272124747 118
1757400891566 32.54659433887347 119
1757400891623 32.384103490900614 120
1757400891669 32.223416519732424 121
1757400891702 32.064500565172835 122
1757400891734 31.907323540289646 123
1757400891779 31.75185410828279 124
1757400891814 31.59806166029898 125
1757400891850 31.445916294138833 126
1757400891916 31.295388793806037 127
1757400891954 31.146450609852323 128
1757400892014 30.999073840474782 129
1757400892086 30.853231213325444 130
1757400892121 30.70889606799562 131
1757400892176 30.566042339140388 132
1757400892213 30.424644540210455 133
1757400892269 30.284677747761403 134
1757400892321 30.146117586311817 135
1757400892383 30.00894021372399 136
1757400892425 29.873122307082436 137
1757400892478 29.738641049046976 138
1757400892513 29.605474114658787 139
1757400892557 29.473599658579015 140
1757400892621 29.342996302740765 141
1757400892675 29.213643124396505 142
1757400892723 29.085519644544032 143
1757400892759 28.958605816714933 144
1757400892793 28.832882016110602 145
1757400892839 28.708329029071614 146
1757400892880 28.58492804286699 147
1757400892987 28.46266063579083 148
1757400893079 28.341508767554128 149
1757400893189 28.22145476996064 150
1757400893283 28.10248133785586 151
1757400893311 27.984571520338964 152
1757400893340 27.867708712228044 153
1757400893380 27.75187664576936 154
1757400893437 27.637059382581914 155
1757400893514 27.52324130582886 156
1757400893548 27.41040711260799 157
1757400893659 27.298541806553562 158
1757400893724 27.187630690642223 159
1757400893804 27.077659360196268 160
1757400893883 26.968613696077394 161
1757400893944 26.86047985806493 162
1757400894011 26.75324427841211 163
1757400894117 26.646893655575038 164
1757400894181 26.54141494810841 165
1757400894258 26.436795368722894 166
1757400894309 26.33302237849902 167
1757400894372 26.23008368125264 168
1757400894448 26.12796721804727 169
1757400894492 26.02666116184882 170
1757400894539 25.92615391231834 171
1757400894628 25.82643409073855 172
1757400894698 25.727490535070242 173
1757400894747 25.629312295134582 174
1757400894807 25.531888627917606 175
1757400894889 25.435208992993278 176
1757400894941 25.339263048061753 177
1757400894997 25.244040644599323 178
1757400895070 25.14953182361699 179
1757400895125 25.055726811524405 180
1757400895160 24.962616016096266 181
1757400895220 24.870190022538253 182
1757400895255 24.77843958964954 183
1757400895291 24.687355646079467 184
1757400895327 24.59692928667543 185
1757400895374 24.5071517689197 186
1757400895433 24.418014509452494 187
1757400895470 24.32950908067916 188
1757400895535 24.241627207458958 189
1757400895599 24.154360763873328 190
1757400895652 24.06770177007148 191
1757400895711 23.98164238919118 192
1757400895761 23.896174924352724 193
1757400895817 23.81129181572419 194
1757400895864 23.72698563765592 195
1757400895915 23.6432490958826 196
1757400895959 23.56007502479096 197
1757400896010 23.477456384751505 198
1757400896048 23.395386259512442 199
1757400896087 23.313857853654365 200
1757400896126 23.232864490103985 201
1757400896163 23.152399607705334 202
1757400896198 23.07245675884709 203
1757400896238 22.993029607144496 204
1757400896277 22.914111925174463 205
1757400896315 22.835697592262505 206
1757400896354 22.75778059232018 207
1757400896399 22.680355011731802 208
1757400896452 22.60341503728905 209
1757400896563 22.526954954172414 210
1757400896695 22.450969143978167 211
1757400896777 22.37545208278982 212
1757400896815 22.30039833929287 213
1757400896864 22.225802572931734 214
1757400896933 22.151659532108052 215
1757400897014 22.07796405241888 216
1757400897055 22.004711054934305 217
1757400897169 21.931895544513118 218
1757400897230 21.859512608155768 219
1757400897296 21.78755741339369 220
1757400897365 21.716025206714065 221
1757400897434 21.64491131201919 222
1757400897474 21.57421112911954 223
1757400897527 21.503920132259807 224
1757400897585 21.434033868677066 225
1757400897651 21.364547957190265 226
1757400897781 21.295458086820307 227
1757400897822 21.226760015440032 228
1757400897872 21.158449568453303 229
1757400897947 21.090522637502563 230
1757400898014 21.022975179204124 231
1757400898055 20.95580321391066 232
1757400898093 20.889002824500018 233
1757400898143 20.82257015518999 234
1757400898207 20.756501410378284 235
1757400898244 20.69079285350708 236
1757400898312 20.6254408059517 237
1757400898372 20.560441645932748 238
1757400898442 20.49579180745119 239
1757400898494 20.43148777924585 240
1757400898545 20.36752610377279 241
1757400898584 20.303903376206055 242
1757400898647 20.240616243459332 243
1757400898691 20.177661403227994 244
1757400898756 20.115035603051037 245
1757400898811 20.0527356393926 246
1757400898885 19.990758356742372 247
1757400898964 19.929100646734707 248
1757400899003 19.86775944728582 249
1757400899055 19.806731741748816 250
1757400899099 19.746014558086014 251
1757400899158 19.685604968058232 252
1757400899224 19.62550008643067 253
1757400899273 19.565697070194986 254
1757400899318 19.506193117807197 255
1757400899365 19.44698546844107 256
1757400899421 19.388071401256628 257
1757400899462 19.32944823468349 258
1757400899504 19.271113325718627 259
1757400899543 19.213064069238303 260
1757400899608 19.155297897323806 261
1757400899696 19.097812278600735 262
1757400899788 19.040604717591513 263
1757400899877 18.983672754080786 264
1757400899916 18.927013962493504 265
1757400899973 18.870625951285394 266
1757400900056 18.814506362345472 267
1757400900092 18.758652870410437 268
1757400900130 18.703063182490624 269
1757400900174 18.647735037307275 270
1757400900286 18.592666204740926 271
1757400900327 18.537854485290534 272
1757400900434 18.48329770954335 273
1757400900496 18.428993737655027 274
1757400900582 18.374940458839987 275
1757400900659 18.321135790871633 276
1757400900726 18.267577679592385 277
1757400900789 18.21426409843308 278
1757400900854 18.161193047941843 279
1757400900921 18.10836255532196 280
1757400901014 18.055770673978678 281
1757400901076 18.003415483074797 282
1757400901115 17.95129508709473 283
1757400901203 17.89940761541697 284
1757400901291 17.84775122189468 285
1757400901352 17.796324084444436 286
1757400901385 17.745124404642624 287
1757400901433 17.69415040732969 288
1757400901510 17.643400340221774 289
1757400901608 17.59287247352982 290
1757400901656 17.5425650995858 291
1757400901709 17.492476532476054 292
1757400901796 17.442605107681544 293
1757400901874 17.392949181724838 294
1757400901935 17.343507131823742 295
1757400902006 17.294277355551454 296
1757400902068 17.24525827050304 297
1757400902121 17.196448313968155 298
1757400902181 17.147845942609834 299
1757400902254 17.099449632149327 300
1757400902320 17.0512578770567 301
1757400902362 17.00326919024726 302
1757400902425 16.95548210278351 303
1757400902465 16.907895163582698 304
1757400902506 16.86050693912965 305
1757400902548 16.813316013194985 306
1757400902599 16.766320986558473 307
1757400902666 16.719520476737426 308
1757400902722 16.672913117720107 309
1757400902787 16.626497559704006 310
1757400902863 16.58027246883883 311
1757400902912 16.53423652697426 312
1757400902964 16.48838843141224 313
1757400903019 16.44272689466371 314
1757400903077 16.397250644209855 315
1757400903123 16.351958422267575 316
1757400903164 16.306848985559235 317
1757400903209 16.261921105086522 318
1757400903260 16.21717356590839 319
1757400903302 16.172605166923 320
1757400903347 16.12821472065353 321
1757400903387 16.084001053037852 322
1757400903432 16.039963003221928 323
1757400903474 15.996099423356902 324
1757400903519 15.952409178399805 325
1757400903563 15.908891145917783 326
1757400903612 15.865544215895822 327
1757400903695 15.822367290547833 328
1757400903818 15.779359284131084 329
1757400903931 15.736519122763955 330
1757400903981 15.693845744246808 331
1757400904013 15.651338097886086 332
1757400904054 15.608995144321433 333
1757400904114 15.56681585535589 334
1757400904199 15.524799213789041 335
1757400904238 15.482944213253026 336
1757400904352 15.441249858051489 337
1757400904402 15.399715163001279 338
1757400904497 15.35833915327686 339
1757400904568 15.317120864257518 340
1757400904637 15.276059341377108 341
1757400904683 15.235153639976451 342
1757400904747 15.194402825158265 343
1757400904811 15.153805971644568 344
1757400904877 15.113362163636562 345
1757400904978 15.073070494676912 346
1757400905034 15.032930067514366 347
1757400905075 14.992939993970682 348
1757400905159 14.953099394809865 349
1757400905247 14.913407399609591 350
1757400905300 14.873863146634827 351
1757400905348 14.834465782713593 352
1757400905417 14.795214463114851 353
1757400905473 14.756108351428423 354
1757400905562 14.717146619446961 355
1757400905638 14.6783284470499 356
1757400905698 14.639653022089343 357
1757400905759 14.601119540277914 358
1757400905810 14.562727205078419 359
1757400905851 14.52447522759542 360
1757400905906 14.486362826468577 361
1757400905957 14.448389227767793 362
1757400906011 14.410553664890084 363
1757400906086 14.372855378458185 364
1757400906150 14.335293616220827 365
1757400906192 14.29786763295465 366
1757400906235 14.26057669036778 367
1757400906278 14.223420057004951 368
1757400906333 14.186397008154222 369
1757400906393 14.149506825755209 370
1757400906445 14.112748798308838 371
1757400906499 14.076122220788568 372
1757400906559 14.03962639455308 373
1757400906685 14.003260627260358 374
1757400906817 13.967024232783235 375
1757400906927 13.930916531126229 376
1757400907013 13.894936848343816 377
1757400907065 13.859084516459951 378
1757400907104 13.823358873388967 379
1757400907148 13.787759262857689 380
1757400907187 13.752285034328837 381
1757400907226 13.716935542925667 382
1757400907264 13.681710149357807 383
1757400907365 13.646608219848279 384
1757400907438 13.611629126061725 385
1757400907522 13.57677224503375 386
1757400907605 13.542036959101388 387
1757400907701 13.507422655834699 388
1757400907745 13.472928727969455 389
1757400907812 13.438554573340875 390
1757400907904 13.404299594818411 391
1757400907991 13.370163200241596 392
1757400908270 13.336144802356879 393
1757400908457 13.302243818755452 394
1757400908602 13.268459671812074 395
1757400908703 13.234791788624866 396
1757400908778 13.201239600955983 397
1757400908844 13.167802545173332 398
1757400908919 13.134480062193077 399
1757400909017 13.10127159742313 400
1757400909111 13.068176600707474 401
1757400909209 13.035194526271377 402
1757400909279 13.002324832667439 403
1757400909358 12.969566982722482 404
1757400909506 12.936920443485267 405
1757400909615 12.904384686175005 406
1757400909675 12.87195918613066 407
1757400909769 12.839643422761057 408
1757400909844 12.807436879495727 409
1757400909926 12.77533904373651 410
1757400910002 12.743349406809912 411
1757400910078 12.711467463920169 412
1757400910151 12.679692714103053 413
1757400910248 12.648024660180333 414
1757400910321 12.616462808715005 415
1757400910395 12.585006669967102 416
1757400910530 12.553655757850255 417
1757400910616 12.522409589888866 418
1757400910700 12.491267687175934 419
1757400910774 12.460229574331523 420
1757400910838 12.42929477946184 421
1757400910976 12.398462834118941 422
1757400911084 12.367733273261017 423
1757400911150 12.337105635213307 424
1757400911219 12.306579461629546 425
1757400911666 12.27615429745403 426
1757400911760 12.24582969088422 427
1757400911866 12.215605193333895 428
1757400912019 12.185480359396863 429
1757400912108 12.1554547468112 430
1757400912162 12.125527916424025 431
1757400912211 12.095699432156769 432
1757400912270 12.065968860970974 433
1757400912350 12.03633577283458 434
1757400912429 12.006799740688717 435
1757400912490 11.977360340414954 436
1757400912562 11.948017150803063 437
1757400912639 11.91876975351922 438
1757400912698 11.88961773307466 439
1757400912771 11.860560676794824 440
1757400912833 11.831598174788908 441
1757400912899 11.802729819919877 442
1757400912967 11.773955207774886 443
1757400913022 11.745273936636167 444
1757400913068 11.716685607452256 445
1757400913132 11.688189823809722 446
1757400913192 11.659786191905244 447
1757400913277 11.631474320518068 448
1757400913349 11.6032538209829 449
1757400913422 11.57512430716317 450
1757400913486 11.547085395424649 451
1757400913551 11.519136704609457 452
1757400913615 11.491277856010427 453
1757400913688 11.463508473345854 454
1757400913755 11.435828182734555 455
1757400913813 11.408236612671312 456
1757400913860 11.380733394002622 457
1757400913925 11.353318159902832 458
1757400914002 11.325990545850562 459
1757400914060 11.29875018960547 460
1757400914117 11.271596731185339 461
1757400914167 11.24452981284348 462
1757400914230 11.217549079046439 463
1757400914303 11.19065417645201 464
1757400914414 11.163844753887565 465
1757400914538 11.137120462328635 466
1757400914628 11.11048095487786 467
1757400914711 11.083925886744135 468
1757400914777 11.057454915222099 469
1757400914839 11.031067699671885 470
1757400914911 11.004763901499139 471
1757400914983 10.978543184135312 472
1757400915040 10.952405213018206 473
1757400915129 10.926349655572793 474
1757400915199 10.900376181192305 475
1757400915258 10.874484461219513 476
1757400915332 10.848674168928342 477
1757400915380 10.822944979505658 478
1757400915468 10.797296570033334 479
1757400915571 10.771728619470545 480
1757400915690 10.746240808636287 481
1757400915775 10.720832820192134 482
1757400915856 10.695504338625213 483
1757400915942 10.670255050231424 484
1757400916038 10.645084643098834 485
1757400916116 10.619992807091323 486
1757400916184 10.594979233832458 487
1757400916279 10.570043616689508 488
1757400916367 10.545185650757746 489
1757400916427 10.520405032844884 490
1757400916494 10.495701461455754 491
1757400916562 10.47107463677716 492
1757400916641 10.44652426066295 493
1757400916766 10.422050036619234 494
1757400916825 10.397651669789832 495
1757400916890 10.373328866941884 496
1757400917001 10.349081336451656 497
1757400917145 10.324908788290509 498
1757400917345 10.300810934011045 499
