1757428438422 170.15951103537026 0
1757428438500 169.80575376716635 1
1757428438590 169.6792704797393 2
1757428438694 169.55581409233505 3
1757428438816 169.44691954517847 4
1757428438930 169.35021291880142 5
1757428439027 169.2643681347167 6
1757428439130 169.18922147702563 7
1757428439242 169.1218855407859 8
1757428439327 169.0631756869017 9
1757428439437 169.01039403969526 10
1757428439546 168.96351955541653 11
1757428439659 168.92185101470207 12
1757428439787 168.88480942292304 13
1757428439887 168.8518779711777 14
1757428439992 168.82259800271316 15
1757428440117 168.79656227065152 16
1757428440200 168.77340916305184 17
1757428440284 168.752817567265 18
1757428440354 168.73450231528312 19
1757428440463 168.71821014326582 20
1757428440535 168.7037161070298 21
1757428440608 168.69082040184466 22
1757428440720 168.67934554075785 23
1757428441370 168.66913385087366 24
1757428441460 168.66004525162245 25
1757428441527 168.6519552831382 26
1757428441602 168.6447533564816 27
1757428441699 168.6383412006527 28
1757428441755 168.63263148417542 29
1757428441811 168.62754659155715 30
1757428441870 168.6230175371552 31
1757428441953 168.61898300095962 32
1757428442038 168.6153884725567 33
1757428442090 168.6121854910882 34
1757428442180 168.60933097040086 35
1757428442235 168.60678659980007 36
1757428442293 168.6045183119061 37
1757428442381 168.6024958100686 38
1757428442454 168.60069214864845 39
1757428442522 168.59908336022906 40
1757428442585 168.59764812448938 41
1757428442633 168.5963674740643 42
1757428442706 168.59522453324388 43
1757428442762 168.59420428583095 44
1757428442825 168.5932933688897 45
1757428442890 168.59247988948573 46
