1757502950690 22.413957248618942 0
1757502950806 18.255345004346157 1
1757502950869 9.94923135985401 2
1757502950928 6.687979146898963 3
1757502950985 9.778889246763832 4
1757502951046 5.3040037397627655 5
1757502951100 5.275448021449172 6
1757502951153 2.7183449867563145 7
1757502951210 2.598757823020951 8
1757502951264 2.072177681898951 9
1757502951333 1.9037078030361962 10
1757502951480 1.1660766874557 11
1757502951591 2.274673259065887 12
1757502951700 1.2938131065452152 13
1757502951754 1.3488162425193497 14
1757502951845 1.0714533930929169 15
1757502951981 0.873704917993796 16
1757502952077 1.2207151842639592 17
1757502952282 1.229912238232655 18
1757502952348 1.0286113517596163 19
1757502952404 1.2559116153555685 20
1757502952460 1.2136697499303473 21
1757502952517 0.9527549748665968 22
1757502952578 0.9313952128125101 23
1757502952633 1.4478961595033761 24
1757502952685 1.0630400377035367 25
1757502952741 1.3455404083710136 26
1757502952799 1.1308842438576379 27
1757502952855 1.355759791257127 28
1757502952911 1.02458036638861 29
1757502952968 1.1581427126797996 30
1757502953023 1.0302044701308766 31
1757502953076 0.9950191131035477 32
1757502953132 1.351362654812928 33
1757502953186 1.0185944995420193 34
1757502953250 1.0798617005231348 35
1757502953308 1.0491144851904752 36
1757502953363 0.8478211713366384 37
1757502953418 1.4107454123603544 38
1757502953476 0.9327476768487832 39
1757502953541 1.1338872836137144 40
1757502953598 0.9252158228495675 41
1757502953656 1.2665447073743021 42
1757502953713 1.0322768426318245 43
1757502953768 0.7469779070394101 44
1757502953833 2.3035610087604375 45
1757502953891 0.9537314571752945 46
1757502953987 1.403760387918883 47
1757502954078 0.9409304010665744 48
1757502954155 0.837419286876781 49
1757502954223 1.026979500032853 50
1757502954310 1.0076036907604802 51
1757502954383 1.5228907848985824 52
1757502954448 1.1703815132956874 53
1757502954516 1.6392654948507013 54
1757502954579 1.7268427731101061 55
1757502954633 1.635466545821498 56
1757502954686 1.1288491337654343 57
1757502954741 0.9503152921394505 58
1757502954794 1.1700709971832617 59
1757502954855 1.1565477214318518 60
1757502954919 1.1131490101909347 61
1757502955003 1.2462700135593259 62
1757502955068 1.5532755832576912 63
1757502955123 1.0323913995648948 64
1757502955178 1.1486597203484248 65
1757502955233 0.9364261413227907 66
1757502955293 1.3162234144585678 67
1757502955349 1.04064571709089 68
1757502955403 1.4483313596084875 69
1757502955459 0.8963157136011601 70
1757502955514 0.9772215387221601 71
1757502955569 1.2102153340291928 72
1757502955625 1.2132887152971565 73
1757502955680 1.1344876826843457 74
1757502955735 1.6595284013922098 75
1757502955787 0.7797554280197934 76
1757502955844 1.0073038880706726 77
1757502955899 1.1066572369375811 78
1757502955955 1.2900509121281702 79
1757502956011 0.7952407463586786 80
1757502956066 0.9952678481440264 81
1757502956121 0.903240529515376 82
1757502956177 1.7922364509639686 83
1757502956233 0.8560030978650454 84
1757502956298 1.0813019790030607 85
1757502956355 1.2975830455881159 86
1757502956408 1.1884260019680233 87
1757502956464 0.9303004736192245 88
1757502956518 0.6423536921250034 89
1757502956574 1.0392355308613683 90
1757502956630 1.124450404805158 91
1757502956684 1.0127977263481014 92
1757502956739 1.1522689489767923 93
1757502956795 1.0011574600759419 94
1757502956850 1.156833652066621 95
1757502956908 0.9477158200132095 96
1757502956964 1.0620299901511019 97
1757502957020 1.1902043809203968 98
1757502957075 0.8293952006615087 99
1757502957130 0.9320892477918833 100
1757502957185 0.8476575825031926 101
1757502957240 0.9302765904366553 102
1757502957304 1.5034844274412678 103
1757502957360 1.0432887674201359 104
1757502957418 1.128647161045516 105
1757502957477 0.7181077328034262 106
1757502957533 0.8437230832804515 107
1757502957590 1.227004489363526 108
1757502957646 1.2305908799406025 109
1757502957702 0.959174912669037 110
1757502957757 1.2229968838327734 111
1757502957813 0.8508898647438903 112
1757502957869 0.9971896991487866 113
1757502957926 0.7391882671883869 114
1757502957983 1.1495795764016912 115
1757502958041 1.1711072264847011 116
1757502958097 1.452825548567207 117
1757502958156 1.0010072010756517 118
1757502958211 0.7273821534962204 119
1757502958268 1.0891015030312472 120
1757502958333 0.9165004326854052 121
1757502958389 1.284204141563016 122
1757502958446 0.9624553668455854 123
1757502958502 0.9057814285024045 124
1757502958559 1.123612397994592 125
1757502958615 1.1609230485813584 126
1757502958670 1.0136834657183018 127
1757502958725 1.0284790854764152 128
1757502958782 1.1361100020311676 129
1757502958841 0.8554346279992417 130
1757502958900 1.1958806588804896 131
1757502958957 0.919125846928077 132
1757502959013 1.0596251940623018 133
1757502959069 0.8616678706656468 134
1757502959124 1.5096454430168462 135
1757502959182 0.8301147672339277 136
1757502959238 1.5176901916895136 137
1757502959294 1.3737129593812125 138
1757502959358 1.036258151061201 139
1757502959414 1.0983150780260893 140
1757502959472 0.9032432333939298 141
1757502959528 1.6024605066018411 142
1757502959584 1.5503304282865193 143
1757502959642 0.8749014869900257 144
1757502959697 0.8149348693628503 145
1757502959754 0.8585857338355992 146
1757502959811 1.105799641781666 147
1757502959943 1.0386411890138478 148
1757502960040 0.8519154018617119 149
1757502960107 1.2992023531471462 150
1757502960168 1.4392992362421266 151
1757502960284 0.8391285619441029 152
1757502960354 1.1586892070349322 153
1757502960413 1.015765261582367 154
1757502960484 1.394365580652745 155
1757502960543 0.9175779252839054 156
1757502960602 0.937331484601414 157
1757502960658 1.2929943029848838 158
1757502960722 1.2225712313278292 159
1757502960782 1.038106486225829 160
1757502960840 1.108186372006954 161
1757502960897 1.223554717520172 162
1757502960959 0.9238674256274276 163
1757502961018 1.6874601286075344 164
1757502961076 1.2738322167692615 165
1757502961134 0.9383972969514902 166
1757502961193 0.7847039063305403 167
1757502961252 1.182470571489931 168
1757502961315 0.9804761174969467 169
1757502961389 1.2288454660643 170
1757502961463 0.8200217405603051 171
1757502961527 1.2474678509420252 172
1757502961593 0.8395405060702043 173
1757502961653 1.1460192100442899 174
1757502961719 2.1516369498343613 175
1757502961785 0.9582844057962688 176
1757502961845 1.065655547524236 177
1757502961903 0.9862935537766778 178
1757502961966 0.8260032143716507 179
1757502962079 0.8507382517072694 180
1757502962218 1.265311669489912 181
1757502962327 0.7606790024362318 182
1757502962430 0.9988703229568026 183
1757502962490 1.3389334340779815 184
1757502962564 0.9309642109543266 185
1757502962706 0.896431166019938 186
1757502962812 1.1573664970934348 187
1757502962882 0.9620307507415707 188
1757502962944 1.3871261575626779 189
1757502963003 1.2804275417185738 190
1757502963065 1.1800000334867848 191
1757502963125 1.1667129992473166 192
1757502963184 1.288854758703877 193
1757502963242 1.2876199145214071 194
1757502963299 1.0342933723549026 195
1757502963358 1.023489937505109 196
1757502963416 1.0224211887340047 197
1757502963474 1.392459770819286 198
1757502963532 1.315546405424833 199
1757502963592 0.9902957738638555 200
1757502963650 0.9050132899753511 201
1757502963711 0.9007751815403027 202
1757502963774 1.2079075134019148 203
1757502963832 0.8839166919199212 204
1757502963890 1.0978899478836488 205
1757502963951 1.0431774344591733 206
1757502964012 1.2377450102983845 207
1757502964072 1.4683684714433631 208
1757502964130 1.119061867406097 209
1757502964190 0.8929812789487596 210
1757502964248 0.8110128665907222 211
1757502964305 0.8812348827457573 212
1757502964365 1.137615866501691 213
1757502964431 0.9370848338212351 214
1757502964490 0.9168584203288834 215
1757502964548 0.8925125418266621 216
1757502964607 1.3416792046234614 217
1757502964667 1.7023176263827473 218
1757502964725 1.2789562206243774 219
1757502964787 1.2245987516749934 220
1757502964848 0.8451781014694152 221
1757502964907 1.3846789363613472 222
1757502964964 0.7852529871212105 223
1757502965023 1.079012279550464 224
1757502965082 0.9750624663250907 225
1757502965144 1.7977205156274547 226
1757502965245 1.502327763905678 227
1757502965321 1.0856292663264342 228
1757502965392 0.8252179326124047 229
1757502965470 1.1562896403334335 230
1757502965540 0.9599039803827589 231
1757502965605 0.896772402642427 232
1757502965662 1.3976100726554714 233
1757502965720 1.1345707405118808 234
1757502965779 1.093772962444264 235
1757502965835 1.0875623650408788 236
1757502965892 1.1393099280240433 237
1757502965961 0.8479434745466339 238
1757502966057 1.537416286043925 239
1757502966120 1.199026132430326 240
1757502966181 1.1002213135545698 241
1757502966240 1.0532583309257322 242
1757502966298 0.8810579251306304 243
1757502966355 1.0332094759359594 244
1757502966417 1.1108663550641549 245
1757502966480 1.1122953982655328 246
1757502966539 1.3378513597548607 247
1757502966599 1.1899438754529716 248
1757502966657 1.0485826677860277 249
1757502966716 1.0407963584667164 250
1757502966774 0.9628268633190168 251
1757502966832 1.2390947406580075 252
1757502966891 1.2224026021502084 253
1757502966950 1.9931667067267276 254
1757502967010 0.8634218161700509 255
1757502967069 1.0318110614504934 256
1757502967127 1.0669482657632854 257
1757502967186 1.0978285486258814 258
1757502967248 0.9321592180360317 259
1757502967309 1.0861650849870064 260
1757502967368 0.9331271792323568 261
1757502967428 1.2178481338613516 262
1757502967493 0.9312460037433142 263
1757502967553 6.426860322111737 264
1757502967614 1.2381543262068033 265
1757502967674 1.2802495856850913 266
1757502967732 1.2537003722419735 267
1757502967793 1.7175470323467474 268
1757502967859 1.293872147159957 269
1757502967924 1.0519010115638328 270
1757502967989 1.2018968190445352 271
1757502968052 0.7083233833011222 272
1757502968118 0.9747949981139565 273
1757502968179 1.5494553748346165 274
1757502968238 1.3960622383780563 275
1757502968298 1.175563354713382 276
1757502968357 0.9255023229010035 277
1757502968416 0.8982814754394266 278
1757502968485 0.9522732601460971 279
1757502968545 1.156229042043358 280
1757502968605 0.758484943153111 281
1757502968664 0.9830725513539873 282
1757502968730 1.0722710228269186 283
1757502968790 1.0608849474651967 284
1757502968849 1.0664910944959958 285
1757502968909 1.197329394748759 286
1757502968971 1.1552078420739114 287
1757502969032 1.1557964826820242 288
1757502969093 1.2201578460995812 289
1757502969155 1.1124211252936829 290
1757502969214 1.1325024922377152 291
1757502969275 0.9883276426666558 292
1757502969337 1.0304581743576708 293
1757502969398 0.8851337208502973 294
1757502969459 1.21237269577657 295
1757502969529 1.2934647986426762 296
1757502969593 1.459349912657498 297
1757502969654 1.627114209611271 298
1757502969714 0.8055712362141891 299
1757502969776 0.9096498105302219 300
1757502969836 1.0889853927939956 301
1757502969896 1.046169788981302 302
1757502969956 0.9231942598140199 303
1757502970018 0.835581737761984 304
1757502970078 1.0163876965020344 305
1757502970141 1.3689217129112845 306
1757502970203 1.0241325817558216 307
1757502970264 2.3081407420025806 308
1757502970324 1.2218613568410255 309
1757502970385 1.2262140688189993 310
1757502970444 1.2410317999855789 311
1757502970512 0.9106519251494669 312
1757502970573 0.7388387595650545 313
1757502970634 1.0713137726915187 314
1757502970693 1.1084089266714374 315
1757502970764 0.9394356815182359 316
1757502970826 1.019639961204199 317
1757502970887 1.0098317734169833 318
1757502970948 0.8297756183116219 319
1757502971020 1.0330963136079074 320
1757502971082 1.0284504975476794 321
1757502971142 0.9468392350709286 322
1757502971205 1.068652559447543 323
1757502971271 1.4035668098259975 324
1757502971331 1.4276235109728057 325
1757502971392 0.8573403440255918 326
1757502971454 0.9868736925435315 327
1757502971523 0.990073737966724 328
1757502971591 0.9959801075372606 329
1757502971655 0.7908014310035909 330
1757502971718 1.2147032953418515 331
1757502971779 1.02826598262303 332
1757502971840 1.1745545672092397 333
1757502971902 0.8670678465769269 334
1757502971963 1.6381935541870583 335
1757502972025 1.326645961143993 336
1757502972089 1.1440377592943383 337
1757502972252 0.9037327819226941 338
1757502972383 1.3634340045997488 339
1757502972504 1.2303018331062165 340
1757502972585 0.9315956425477685 341
1757502972652 1.4466245338758599 342
1757502972805 1.0841696987207108 343
1757502972892 1.89180790645158 344
1757502972953 1.1902475898380565 345
1757502973015 0.9267152692029795 346
1757502973076 1.003555479986112 347
1757502973138 0.9205836147526806 348
1757502973202 1.2093262292518798 349
1757502973263 1.1375164143049732 350
1757502973324 0.7523154171497178 351
1757502973385 1.304453748868146 352
1757502973447 1.371256126600624 353
1757502973525 2.3406904000284676 354
1757502973596 1.0999348226771002 355
1757502973659 1.0198364693570663 356
1757502973722 1.122724703776621 357
1757502973785 1.0418024101963532 358
1757502973848 1.1079559883239931 359
1757502973909 1.0054038788439574 360
1757502973970 6.882486377424961 361
1757502974032 0.8584992509402181 362
1757502974094 0.8986507452546059 363
1757502974154 1.146442304406775 364
1757502974219 0.7945162379224441 365
1757502974283 1.157927605729552 366
1757502974348 1.9599650836096758 367
1757502974410 0.9216289791206624 368
1757502974472 0.8702082663016171 369
1757502974533 1.5302786492352245 370
1757502974605 1.131153028931551 371
1757502974668 1.1264997051789292 372
1757502974729 1.074560780467556 373
1757502974790 1.0886093206257061 374
1757502974851 1.69765534729929 375
1757502974913 1.1011079721272508 376
1757502974974 1.278244473585426 377
1757502975039 0.9586668431210171 378
1757502975106 1.379532990116594 379
1757502975167 1.3627155120635466 380
1757502975229 0.895969732823114 381
1757502975291 1.1841565583656364 382
1757502975355 1.2058844085436076 383
1757502975418 1.0362210085551617 384
1757502975480 0.98135163120714 385
1757502975543 0.9777823072586277 386
1757502975613 0.7766054872785578 387
1757502975676 1.0438263749566297 388
1757502975739 1.185172375052222 389
1757502975801 0.8841178833934772 390
1757502975864 0.9275167426458026 391
1757502975926 1.3968910912505936 392
1757502975987 0.9023700361885086 393
1757502976049 0.8583396567572505 394
1757502976112 1.2014672616805766 395
1757502976178 1.1418230565299694 396
1757502976261 1.0661958380688814 397
1757502976325 0.8345267403634695 398
1757502976393 1.4112003439497007 399
1757502976457 1.0064353643754929 400
1757502976520 1.2679815770116498 401
1757502976587 1.5442794311750911 402
1757502976651 1.2283486776944068 403
1757502976712 1.081440401621702 404
1757502976798 0.9417113328942853 405
1757502976872 1.5704959569758727 406
1757502976944 1.0283722049159734 407
1757502977020 0.9028529571491988 408
1757502977123 1.360261756712142 409
1757502977186 1.3481287795120378 410
1757502977250 1.0715504764036212 411
1757502977314 1.2179359702301933 412
1757502977376 1.0753022788611155 413
1757502977442 0.9435149676943596 414
1757502977506 1.0119005818250961 415
1757502977569 0.9618050492825347 416
1757502977641 1.0305152097595325 417
1757502977706 1.638919660926668 418
1757502977769 1.1822360190667849 419
1757502977832 1.335648889768222 420
1757502977895 1.037382011315267 421
1757502977958 1.3836336181314386 422
1757502978020 0.7631871067053291 423
1757502978083 1.621332910912547 424
1757502978146 0.8575981401137455 425
1757502978209 1.0723832560837383 426
1757502978275 1.1579787016435288 427
1757502978338 0.8922298880586024 428
1757502978401 1.0276462723561965 429
1757502978463 0.8098142088328222 430
1757502978525 0.7639622055357216 431
1757502978590 1.041218113334149 432
1757502978662 1.091619432991099 433
1757502978725 1.6489488607121427 434
1757502978789 1.0865344095769913 435
1757502978853 0.9987528546258597 436
1757502978915 0.7970717867969507 437
1757502978980 1.4271841435199026 438
1757502979043 1.3217611380647856 439
1757502979109 0.811587985990055 440
1757502979179 0.8575198335965268 441
1757502979257 0.9400756986971945 442
1757502979327 0.8461584792144619 443
1757502979391 0.948783496637742 444
1757502979458 1.3532942271187647 445
1757502979524 1.1807341969417948 446
1757502979591 1.1746673033911232 447
1757502979656 1.0388503737198218 448
1757502979726 0.9378127309447913 449
1757502979789 0.9868699043236604 450
1757502979855 1.1764096468030087 451
1757502979918 1.0463735330313562 452
1757502979985 1.5836387116595116 453
1757502980053 0.6691597685036332 454
1757502980117 1.345617013942901 455
1757502980183 1.659525639608472 456
1757502980252 0.8435759226727656 457
1757502980319 1.0023411163816718 458
1757502980384 0.9691429692101068 459
1757502980448 1.215946224394639 460
1757502980512 1.438370819379975 461
1757502980576 1.6741846598066985 462
1757502980640 1.0205983952775841 463
1757502980714 1.0641389232809706 464
1757502980778 1.3989607539049205 465
1757502980841 0.885901439525065 466
1757502980905 0.9987940095061197 467
1757502980973 1.124897436899769 468
1757502981036 0.9436322754731838 469
1757502981101 1.0710494027469928 470
1757502981168 1.0451325453697036 471
1757502981233 0.8419068451184476 472
1757502981307 1.473505721529611 473
1757502981372 1.6670745602148638 474
1757502981437 1.0978465962087292 475
1757502981510 1.0657697088086577 476
1757502981576 0.9173253146492064 477
1757502981642 0.9501454781918018 478
1757502981716 1.5579554979978945 479
1757502981781 0.8968193391432502 480
1757502981846 1.2390689748764085 481
1757502981914 1.046866592564962 482
1757502981982 0.9589870673091003 483
1757502982049 1.323013501784989 484
1757502982116 1.0068214596596545 485
1757502982277 1.0088418650387305 486
1757502982420 0.9581594495871562 487
1757502982573 0.9303014329186367 488
1757502982647 0.7968522896007859 489
1757502982753 1.0551158263448663 490
1757502982919 1.0978155670452672 491
1757502983014 0.9334869340195389 492
1757502983082 1.0058676424438415 493
1757502983148 1.0164894953221584 494
1757502983212 1.01179114100103 495
1757502983281 1.0691280053358896 496
1757502983345 0.930194515514752 497
1757502983409 1.5993088412003489 498
1757502983476 0.885001119746408 499
