1757329785986 171.95200607153686 0
1757329786035 155.72460954172678 1
1757329786104 149.37071285022242 2
1757329786132 143.13455295889378 3
1757329786208 137.3833807122348 4
1757329786267 132.05715391978038 5
1757329786321 127.12014700961278 6
1757329786365 122.53892633699013 7
1757329786419 118.28311539415564 8
1757329786483 114.3250664030381 9
1757329786548 110.63961303845444 10
1757329786609 107.20384339584837 11
1757329786646 103.99689399622872 12
1757329786677 100.9997627516474 13
1757329786734 98.19513914637818 14
1757329786764 95.56725004340404 15
1757329786832 93.1017196732971 16
1757329786885 90.78544249603166 17
1757329786931 88.60646774738922 18
1757329786976 86.5538945915201 19
1757329787008 84.6177769009564 20
1757329787054 82.78903677587104 21
1757329787109 81.05938599649822 22
1757329787153 79.42125467715327 23
1757329787186 77.86772645791264 24
1757329787223 76.39247963138071 25
1757329787264 74.98973365765663 26
1757329787294 73.65420057114781 27
1757329787365 72.38104082873522 28
1757329787483 71.16582319040963 29
1757329787553 70.00448826126356 30
1757329787616 68.8933153579948 31
1757329787651 67.82889239417875 32
1757329787705 66.80808850679153 33
1757329787863 65.82802917207962 34
1757329787967 64.88607358211834 35
1757329788016 63.97979407449692 36
1757329788080 63.106957426714075 37
1757329788132 62.26550784424344 38
1757329788163 61.45355148699847 39
1757329788192 60.669342393238075 40
1757329788219 59.9112696729437 41
1757329788247 59.1778458544887 42
1757329788276 58.467696279119856 43
1757329788302 57.779549447483646 44
1757329788330 57.1122282312436 45
1757329788357 56.46464187083695 46
1757329788385 55.835778687679735 47
1757329788414 55.22469944572178 48
1757329788440 54.630531303236175 49
1757329788466 54.052462301158876 50
1757329788491 53.48973633922404 51
1757329788544 52.941648595616215 52
1757329788579 52.40754134992299 53
1757329788607 51.88680017285962 54
1757329788642 51.378850449585364 55
1757329788709 50.883154206470735 56
1757329788753 50.39920721393437 57
1757329788779 49.926536340473604 58
1757329788803 49.46469713528741 59
1757329788911 49.01327161895583 60
1757329788964 48.571866263514956 61
1757329789041 48.140110144969846 62
1757329789123 47.71765325283308 63
1757329789188 47.30416494268169 64
1757329789246 46.89933251899938 65
1757329789336 46.50285993672957 66
1757329789408 46.114466611016 67
1757329789471 45.73388632556286 68
1757329789543 45.36086623091418 69
1757329789626 44.99516592473993 70
1757329789707 44.636556606932096 71
1757329789808 44.28482030296458 72
1757329789885 43.93974914956107 73
1757329789914 43.601144737251985 74
1757329790022 43.26881750488939 75
1757329790110 42.94258618163134 76
1757329790184 42.62227727231052 77
1757329790285 42.30772458246725 78
1757329790323 41.998768779660196 79
1757329790364 41.69525698796954 80
1757329790502 41.39704241288334 81
1757329790587 41.103983994006256 82
1757329790668 40.81594608325812 83
1757329790697 40.532798146435624 84
1757329790723 40.25441448619831 85
1757329790778 39.98067398471115 86
1757329790826 39.71145986433099 87
1757329790871 39.44665946486549 88
1757329790897 39.18616403606206 89
1757329790944 38.92986854410078 90
1757329790972 38.67767149097224 91
1757329790999 38.429474745717776 92
1757329791075 38.185183386598005 93
1757329791171 37.94470555333557 94
1757329791201 37.70795230865156 95
1757329791227 37.474837508381334 96
1757329791253 37.24527767951608 97
1757329791295 37.019191905572235 98
1757329791379 36.79650171874054 99
1757329791416 36.57713099831283 100
1757329791449 36.36100587492677 101
1757329791495 36.14805464020607 102
1757329791571 35.93820766140956 103
1757329791633 35.73139730073328 104
1757329791679 35.52755783893965 105
1757329791723 35.326625403013374 106
1757329791774 35.128537897568634 107
1757329791824 34.933234939753504 108
1757329791895 34.74065779741842 109
1757329791957 34.5507493303332 110
1757329791995 34.363453934254565 111
1757329792034 34.17871748766108 112
1757329792081 33.99648730098693 113
1757329792129 33.81671206819834 114
1757329792163 33.63934182056883 115
1757329792195 33.46432788251979 116
1757329792247 33.29162282940319 117
1757329792282 33.121180447112025 118
1757329792343 32.95295569341256 119
1757329792389 32.78690466090021 120
1757329792455 32.62298454148758 121
1757329792519 32.46115359233999 122
1757329792568 32.301371103179584 123
1757329792623 32.14359736488453 124
1757329792686 31.98779363931488 125
1757329792730 31.83392213030139 126
1757329792821 31.68194595573759 127
1757329792954 31.53182912071962 128
1757329793033 31.38353649168179 129
1757329793106 31.237033771479048 130
1757329793135 31.09228747537099 131
1757329793200 30.949264907864535 132
1757329793274 30.807934140375156 133
1757329793305 30.66826398966904 134
1757329793334 30.5302239970508 135
1757329793368 30.393784408263315 136
1757329793399 30.258916154068473 137
1757329793427 30.12559083147909 138
1757329793457 29.993780685614283 139
1757329793489 29.863458592151794 140
1757329793519 29.734598040352527 141
1757329793553 29.607173116633618 142
1757329793605 29.481158488667912 143
1757329793673 29.35652938998865 144
1757329793711 29.233261605079285 145
1757329793744 29.111331454929683 146
1757329793774 28.990715783040386 147
1757329793877 28.871391941858093 148
1757329793943 28.753337779625788 149
1757329794048 28.636531627632255 150
1757329794103 28.52095228784608 151
1757329794139 28.4065790209201 152
1757329794190 28.2933915345529 153
1757329794261 28.181369972194524 154
1757329794324 28.070494902084214 155
1757329794366 27.960747306608443 156
1757329794420 27.852108571968152 157
1757329794483 27.744560478144443 158
1757329794518 27.638085189152495 159
1757329794587 27.532665243573994 160
1757329794660 27.42828354535863 161
1757329794718 27.324923354885655 162
1757329794758 27.22256828027695 163
1757329794805 27.12120226895324 164
1757329794859 27.020809599425586 165
1757329794896 26.921374873314477 166
1757329794934 26.8228830075892 167
1757329794983 26.72531922702044 168
1757329795027 26.628669056839357 169
1757329795092 26.53291831559654 170
1757329795159 26.43805310821473 171
1757329795235 26.34405981922902 172
1757329795330 26.250925106208996 173
1757329795366 26.158635893356923 174
1757329795420 26.067179365276903 175
1757329795457 25.97654296090946 176
1757329795516 25.88671436762674 177
1757329795668 25.797681515483518 178
1757329795746 25.70943257161909 179
1757329795791 25.621955934805843 180
1757329795824 25.535240230139955 181
1757329795859 25.449274303870016 182
1757329795915 25.36404721835969 183
1757329795975 25.279548247180266 184
1757329796007 25.19576687032941 185
1757329796041 25.112692769572547 186
1757329796071 25.03031582390312 187
1757329796102 24.94862610511849 188
1757329796139 24.86761387350807 189
1757329796177 24.78726957365049 190
1757329796238 24.70758383031674 191
1757329796269 24.628547444476222 192
1757329796304 24.550151389402874 193
1757329796339 24.472386806878514 194
1757329796386 24.39524500349069 195
1757329796473 24.31871744702237 196
1757329796502 24.242795762931003 197
1757329796544 24.167471730914386 198
1757329796577 24.09273728156098 199
1757329796684 24.018584493082365 200
1757329796712 23.945005588125543 201
1757329796763 23.871992930662945 202
1757329796831 23.799539022958037 203
1757329796884 23.7276365026044 204
1757329796972 23.6562781396364 205
1757329797091 23.585456833709433 206
1757329797219 23.51516561134792 207
1757329797325 23.445397623259254 208
1757329797410 23.376146141711853 209
1757329797528 23.30740455797572 210
1757329797578 23.239166379823807 211
1757329797670 23.17142522909255 212
1757329797707 23.104174839300008 213
1757329797759 23.03740905332021 214
1757329797815 22.971121821112053 215
1757329797887 22.905307197501475 216
1757329797945 22.839959340015433 217
1757329797992 22.77507250676638 218
1757329798056 22.710641054385942 219
1757329798100 22.646659436006416 220
1757329798165 22.583122199289065 221
1757329798220 22.520023984497772 222
1757329798281 22.457359522617114 223
1757329798320 22.395123633513492 224
1757329798371 22.333311224138445 225
1757329798429 22.271917286772933 226
1757329798473 22.210936897311562 227
1757329798568 22.150365213585815 228
1757329798626 22.090197473725254 229
1757329798701 22.03042899455573 230
1757329798752 21.97105517003368 231
1757329798823 21.912071469715674 232
1757329798908 21.853473437262235 233
1757329798953 21.79525668897509 234
1757329799018 21.73741691236717 235
1757329799070 21.6799498647643 236
1757329799131 21.622851371938047 237
1757329799201 21.566117326768772 238
1757329799339 21.509743687938258 239
1757329799467 21.453726478651117 240
1757329799522 21.398061785384353 241
1757329799587 21.342745756664286 242
1757329799672 21.287774601870318 243
1757329799706 21.23314459006473 244
1757329799743 21.17885204884798 245
1757329799787 21.124893363238908 246
1757329799824 21.071264974579144 247
1757329799854 21.01796337946125 248
1757329799887 20.964985128679945 249
1757329799920 20.912326826205923 250
1757329799955 20.859985128181673 251
1757329800006 20.807956741938813 252
1757329800108 20.75623842503642 253
1757329800191 20.70482698431988 254
1757329800242 20.653719274999688 255
1757329800340 20.60291219974987 256
1757329800404 20.552402707825436 257
1757329800450 20.50218779419851 258
1757329800545 20.452264498712573 259
1757329800630 20.40262990525463 260
1757329800694 20.353281140944613 261
1757329800770 20.3042153753418 262
1757329800846 20.2554298196678 263
1757329800941 20.206921726045685 264
1757329801039 20.158688386755024 265
1757329801192 20.110727133502262 266
1757329801251 20.06303533670626 267
1757329801332 20.01561040479854 268
1757329801411 19.968449783537995 269
1757329801488 19.92155095533964 270
1757329801592 19.874911438617133 271
1757329801705 19.82852878713877 272
1757329801815 19.7824005893966 273
1757329801848 19.736524467988392 274
1757329801880 19.690898079012186 275
1757329801983 19.64551911147312 276
1757329802072 19.6003852867022 277
1757329802179 19.55549435778692 278
1757329802221 19.510844109013217 279
1757329802322 19.46643235531874 280
1757329802409 19.422256941757087 281
1757329802447 19.378315742972674 282
1757329802497 19.334606662686205 283
1757329802573 19.291127633190303 284
1757329802644 19.247876614855244 285
1757329802693 19.204851595644442 286
1757329802752 19.162050590639545 287
1757329802805 19.11947164157493 288
1757329802871 19.077112816381366 289
1757329802911 19.03497220873864 290
1757329802977 18.993047937636973 291
1757329803036 18.95133814694705 292
1757329803091 18.909841004998416 293
1757329803148 18.86855470416611 294
1757329803206 18.827477460465353 295
1757329803246 18.78660751315412 296
1757329803299 18.7459431243434 297
1757329803348 18.705482578614944 298
1757329803413 18.665224182646494 299
1757329803481 18.62516626484416 300
1757329803542 18.58530717498186 301
1757329803634 18.545645283847712 302
1757329803679 18.50617898289716 303
1757329803736 18.466906683912768 304
1757329803788 18.4278268186704 305
1757329803912 18.38893783861191 306
1757329804054 18.350238214523884 307
1757329804122 18.311726436222568 308
1757329804217 18.273401012244683 309
1757329804292 18.235260469544166 310
1757329804331 18.197303353194485 311
1757329804369 18.15952822609668 312
1757329804411 18.121933668692783 313
1757329804453 18.084518278684666 314
1757329804490 18.04728067075805 315
1757329804528 18.010219476311768 316
1757329804564 17.97333334319196 317
1757329804603 17.93662093543126 318
1757329804649 17.900080932992793 319
1757329804756 17.86371203151891 320
1757329804789 17.827512942084518 321
1757329804828 17.791482390955007 322
1757329804896 17.755619119348598 323
1757329804990 17.71992188320302 324
1757329805030 17.684389452946498 325
1757329805089 17.649020613272874 326
1757329805165 17.61381416292088 327
1757329805242 17.57876891445736 328
1757329805307 17.543883694064473 329
1757329805375 17.509157341330734 330
1757329805432 17.474588709045815 331
1757329805499 17.440176662999065 332
1757329805550 17.405920081781634 333
1757329805629 17.37181785659217 334
1757329805707 17.337868891046007 335
1757329805762 17.304072100987703 336
1757329805823 17.270426414307014 337
1757329805912 17.23693077075806 338
1757329805959 17.203584121781788 339
1757329806002 17.170385430331496 340
1757329806048 17.137333670701512 341
1757329806110 17.104427828358858 342
1757329806191 17.071666899777913 343
1757329806234 17.039049892277976 344
1757329806293 17.006575823863656 345
1757329806353 16.97424372306809 346
1757329806411 16.94205262879888 347
1757329806564 16.910001590186745 348
1757329806700 16.878089666436765 349
1757329806789 16.84631592668225 350
1757329806881 16.814679449841133 351
1757329806942 16.78317932447483 352
1757329806998 16.75181464864957 353
1757329807050 16.720584529800075 354
1757329807100 16.68948808459562 355
1757329807153 16.658524438808374 356
1757329807207 16.627692727183987 357
1757329807257 16.596992093314437 358
1757329807342 16.56642168951296 359
1757329807397 16.535980676691214 360
1757329807470 16.505668224238438 361
1757329807547 16.475483509902695 362
1757329807612 16.44542571967416 363
1757329807686 16.415494047670315 364
1757329807756 16.385687696023123 365
1757329807819 16.35600587476808 366
1757329807883 16.32644780173511 367
1757329807962 16.29701270244136 368
1757329808048 16.267699809985686 369
1757329808147 16.238508364944963 370
1757329808223 16.209437615272122 371
1757329808296 16.180486816195845 372
1757329808365 16.15165523012193 373
1757329808430 16.122942126536326 374
1757329808497 16.09434678190972 375
1757329808595 16.065868479603708 376
1757329808674 16.03750650977852 377
1757329808744 16.009260169302266 378
1757329808817 15.981128761661614 379
1757329808889 15.953111596873997 380
1757329808968 15.92520799140121 381
1757329809032 15.897417268064414 382
1757329809172 15.869738755960512 383
1757329809320 15.842171790379926 384
1757329809372 15.814715712725608 385
1757329809452 15.787369870433482 386
1757329809535 15.76013361689405 387
1757329809572 15.733006311375318 388
1757329809611 15.70598731894695 389
1757329809650 15.679076010405621 390
1757329809687 15.652271762201568 391
1757329809786 15.625573956366303 392
1757329809856 15.598981980441472 393
1757329809930 15.572495227408886 394
1757329810070 15.54611309562155 395
1757329810180 15.519834988735926 396
1757329810278 15.493660315645133 397
1757329810368 15.46758849041326 398
1757329810502 15.441618932210705 399
1757329810581 15.415751065250518 400
1757329810677 15.389984318725737 401
1757329810766 15.36431812674767 402
1757329810863 15.338751928285191 403
1757329810959 15.313285167104969 404
1757329811041 15.287917291712544 405
1757329811115 15.262647755294424 406
1757329811151 15.237476015660993 407
1757329811240 15.212401535190311 408
1757329811313 15.187423780772825 409
1757329811364 15.16254222375685 410
1757329811460 15.137756339894933 411
1757329811568 15.113065609291011 412
1757329811651 15.088469516348397 413
1757329811764 15.063967549718516 414
1757329811854 15.039559202250441 415
1757329811912 15.015243970941205 416
1757329811985 14.991021356886801 417
1757329812020 14.966890865234001 418
1757329812057 14.942852005132812 419
1757329812096 14.918904289689724 420
1757329812134 14.89504723592159 421
1757329812182 14.87128036471021 422
1757329812231 14.847603200757616 423
1757329812308 14.824015272541999 424
1757329812403 14.800516112274266 425
1757329812473 14.777105255855286 426
1757329812585 14.753782242833694 427
1757329812665 14.730546616364418 428
1757329812782 14.707397923167681 429
1757329812876 14.684335713488736 430
1757329812976 14.661359541058077 431
1757329813025 14.6384689630523 432
1757329813072 14.615663540055499 433
1757329813137 14.592942836021216 434
1757329813254 14.570306418234969 435
1757329813338 14.547753857277277 436
1757329813385 14.525284726987266 437
1757329813428 14.502898604426758 438
1757329813471 14.480595069844878 439
1757329813513 14.458373706643183 440
1757329813555 14.436234101341256 441
1757329813598 14.414175843542845 442
1757329813642 14.392198525902398 443
1757329813684 14.370301744092158 444
1757329813726 14.348485096769645 445
1757329813769 14.326748185545656 446
1757329813813 14.305090614952663 447
1757329813857 14.283511992413695 448
1757329813898 14.262011928211622 449
1757329813940 14.240590035458883 450
1757329813983 14.219245930067625 451
1757329814030 14.197979230720266 452
1757329814074 14.176789558840458 453
1757329814117 14.155676538564437 454
1757329814165 14.134639796712797 455
1757329814208 14.113678962762611 456
1757329814251 14.092793668819974 457
1757329814294 14.071983549592892 458
1757329814337 14.05124824236454 459
1757329814380 14.030587386966905 460
1757329814473 14.010000625754756 461
1757329814635 13.989487603579992 462
1757329814733 13.969047967766315 463
1757329814870 13.948681368084248 464
1757329814994 13.928387456726506 465
1757329815080 13.90816588828366 466
1757329815147 13.88801631972015 467
1757329815272 13.867938410350623 468
1757329815374 13.847931821816555 469
1757329815413 13.827996218063214 470
1757329815513 13.808131265316902 471
1757329815607 13.788336632062514 472
1757329815689 13.768611989021373 473
1757329815806 13.748957009129382 474
1757329815878 13.729371367515418 475
1757329815958 13.709854741480058 476
1757329816043 13.690406810474538 477
1757329816081 13.671027256080016 478
1757329816121 13.651715761987075 479
1757329816161 13.63247201397551 480
1757329816198 13.61329569989436 481
1757329816240 13.594186509642231 482
1757329816278 13.57514413514779 483
1757329816319 13.556168270350609 484
1757329816363 13.537258611182173 485
1757329816427 13.518414855547169 486
1757329816468 13.499636703305002 487
1757329816552 13.480923856251533 488
1757329816631 13.46227601810107 489
1757329816671 13.443692894468539 490
1757329816766 13.425174192851957 491
1757329816824 13.406719622615016 492
1757329816906 13.388328894969998 493
1757329817003 13.370001722960808 494
1757329817118 13.351737821446259 495
1757329817195 13.333536907083587 496
1757329817284 13.315398698312103 497
1757329817353 13.297322915337096 498
1757329817411 13.279309280113926 499
