1757492388030 167.68830748572717 0
1757492388078 172.783721103419 1
1757492388127 170.143426676215 2
1757492388180 169.69523148284745 3
1757492388237 165.06699813173586 4
1757492388289 168.04891421278685 5
1757492388340 168.72359923401638 6
1757492388390 175.27289450919196 7
1757492388438 168.29142674427808 8
1757492388484 169.93311945104588 9
1757492388535 170.17124485771603 10
1757492388588 169.38276215180173 11
1757492388639 173.6555153044644 12
1757492388687 172.08504178387975 13
1757492388736 170.23876598064302 14
1757492388782 165.42741381700554 15
1757492388830 172.17541908936414 16
1757492388876 169.40833400076505 17
1757492388922 169.41640190940805 18
1757492388980 167.894070520363 19
1757492389029 168.39994290448226 20
1757492389081 170.44429289107973 21
1757492389129 168.41694920009357 22
1757492389178 167.61865634938832 23
1757492389226 172.01273207656808 24
1757492389272 161.6175746120171 25
1757492389318 169.09621784172376 26
1757492389365 171.03854938101406 27
1757492389462 173.0740881761376 28
1757492389556 168.2929298345677 29
1757492389666 167.28513904144597 30
1757492389777 169.98915041592352 31
1757492389849 165.10510099048932 32
1757492389927 170.85870376794605 33
1757492390026 168.5705628073264 34
1757492390222 168.64075217010335 35
1757492390318 169.69064613090634 36
1757492390382 171.7446732518146 37
1757492390444 168.01619824221936 38
1757492390502 168.72397278648342 39
1757492390560 169.65552264300138 40
1757492390623 173.48467145156312 41
1757492390688 171.85653392384225 42
1757492390750 168.74948576277686 43
1757492390809 168.66007428663718 44
