1757501735474 181.97408447730967 0
1757501735572 195.54090405611393 1
1757501735667 137.80615784064747 2
1757501735785 165.46781833948253 3
1757501735882 155.5678325519786 4
1757501735982 172.3747370902019 5
1757501736081 151.14242626695494 6
1757501736172 183.79730120051744 7
1757501736270 154.26672193337737 8
1757501736368 167.29198909552875 9
1757501736465 166.03110215184807 10
1757501736568 154.2377445291046 11
1757501736664 174.20715190228378 12
1757501736763 162.11433090759422 13
1757501736860 157.64908139450884 14
1757501736960 167.77538123252583 15
1757501737059 169.0794046795473 16
1757501737159 182.81434378709483 17
1757501737249 171.94321321918895 18
1757501737346 176.6832830136578 19
