1757498614952 159.13203328615228 0
1757498615004 144.89525793416166 1
1757498615056 132.75904112042738 2
1757498615110 122.37736923894624 3
1757498615161 113.4630038500091 4
1757498615211 105.7774013250479 5
1757498615261 99.1262124686289 6
1757498615314 93.34147331833131 7
1757498615362 88.28592646067057 8
1757498615410 83.84533812580496 9
1757498615460 79.9245662396749 10
1757498615509 76.44887389411514 11
1757498615562 73.34811420011673 12
1757498615621 70.56681139809835 13
1757498615743 68.0585870365152 14
1757498615858 65.78461798493592 15
1757498615966 63.71235867580855 16
1757498616060 61.82121088429084 17
1757498616139 60.08140257128535 18
1757498616277 58.47351079933557 19
1757498616439 56.98113309878709 20
1757498616513 55.59038482008919 21
1757498616580 54.2894820616948 22
1757498616661 53.0683954896429 23
1757498616736 51.91856289170974 24
1757498616817 50.832650400521935 25
1757498616879 49.804354051262784 26
1757498616941 48.82823477265915 27
1757498616998 47.89958109620073 28
1757498617061 47.014294850542996 29
1757498617117 46.16879592097857 30
1757498617173 45.359942826859054 31
1757498617229 44.58496642702197 32
1757498617285 43.84141452457691 33
1757498617337 43.127105524348785 34
1757498617392 42.44008961253119 35
1757498617446 41.77861618998361 36
1757498617500 41.14110650747462 37
1757498617554 40.52613063078131 38
1757498617607 39.93238801231579 39
1757498617664 39.358691069172856 40
1757498617717 38.8039512695742 41
1757498617771 38.26716731426007 42
1757498617826 37.74741506946146 43
1757498617880 37.24383896616657 44
1757498617931 36.75564462853748 45
1757498617982 36.28209253424549 46
1757498618032 35.82249254258921 47
1757498618084 35.37619915370992 48
1757498618137 34.94260738499205 49
1757498618188 34.52114916963596 50
1757498618241 34.11129019807912 51
1757498618293 33.71252713597109 52
1757498618345 33.3243851632324 53
1757498618396 32.94641578772425 54
1757498618448 32.578194894538775 55
1757498618499 32.219320998145186 56
1757498618555 31.869413669811344 57
1757498618608 31.528112117039736 58
1757498618673 31.19507389535899 59
1757498618727 30.869973735818608 60
1757498618779 30.55250247404667 61
1757498618831 30.242366068831142 62
1757498618883 29.93928469994533 63
1757498618936 29.642991936413228 64
1757498618988 29.353233967650098 65
1757498619042 29.069768890956045 66
1757498619094 28.79236604971887 67
1757498619145 28.520805417424697 68
1757498619198 28.254877023202464 69
1757498619248 27.994380415161263 70
1757498619297 27.7391241582323 71
1757498619347 27.488925363613475 72
1757498619399 27.243609247245132 73
1757498619449 27.003008715028496 74
1757498619498 26.766963972742687 75
1757498619549 26.535322158826506 76
1757498619599 26.307936998373933 77
1757498619654 26.08466847685111 78
1757498619704 25.86538253218135 79
1757498619755 25.649950763966274 80
1757498619805 25.43825015871852 81
1757498619852 25.23016283007576 82
1757498619902 25.02557577305017 83
1757498619951 24.82438063144209 84
1757498620001 24.62647347761363 85
1757498620050 24.43175460387814 86
1757498620100 24.2401283248157 87
1757498620154 24.05150278987355 88
1757498620205 23.86578980565523 89
1757498620257 23.682904667342427 90
1757498620314 23.502765998730634 91
1757498620367 23.325295600393595 92
1757498620418 23.150418305522685 93
1757498620469 22.978061843016025 94
1757498620521 22.808156707418465 95
1757498620575 22.640636035338375 96
1757498620627 22.47543548798944 97
1757498620685 22.312493139527053 98
1757498620736 22.1517493708684 99
1757498620792 21.99314676870343 100
1757498620843 21.836630029421258 101
1757498620895 21.682145867692046 102
1757498620945 21.529642929459598 103
1757498620998 21.37907170911369 104
1757498621057 21.230384470624184 105
1757498621114 21.083535172431194 106
1757498621169 20.93847939589718 107
1757498621223 20.7951742771374 108
1757498621277 20.653578442055462 109
1757498621343 20.513651944420193 110
1757498621402 20.375356206828872 111
1757498621462 20.23865396441058 112
1757498621518 20.103509211131012 113
1757498621574 19.969887148567896 114
1757498621626 19.837754137032977 115
1757498621679 19.707077648923388 116
1757498621736 19.577826224191153 117
1757498621795 19.449969427825962 118
1757498621852 19.323477809251514 119
1757498621907 19.1983228635411 120
1757498621962 19.074476994363312 121
1757498622014 18.951913478573058 122
1757498622065 18.830606432367823 123
1757498622119 18.7105307789331 124
1757498622170 18.591662217505046 125
1757498622222 18.473977193781963 126
1757498622274 18.357452871619852 127
1757498622326 18.242067105950724 128
1757498622381 18.127798416865232 129
1757498622434 18.014625964804512 130
1757498622487 17.902529526808603 131
1757498622539 17.791489473771897 132
1757498622591 17.681486748658124 133
1757498622643 17.572502845630208 134
1757498622700 17.46451979005228 135
1757498622755 17.357520119323507 136
1757498622806 17.251486864505228 137
1757498622860 17.146403532704973 138
1757498622914 17.042254090182624 139
1757498622968 16.93902294614587 140
1757498623021 16.836694937203543 141
1757498623074 16.735255312447087 142
1757498623128 16.634689719131934 143
1757498623181 16.534984188931748 144
1757498623235 16.43612512474006 145
1757498623288 16.338099287994837 146
1757498623342 16.24089378650293 147
1757498623397 16.14449606274226 148
1757498623478 16.04889388262078 149
1757498623551 15.954075324672324 150
1757498623612 15.860028769670185 151
1757498623671 15.76674289064046 152
1757498623728 15.674206643257806 153
1757498623785 15.582409256607232 154
1757498623840 15.49134022429626 155
1757498623896 15.400989295902555 156
1757498623951 15.311346468742766 157
1757498624006 15.222401979949067 158
1757498624094 15.134146298840475 159
1757498624232 15.046570119576566 160
1757498624350 14.959664354081916 161
1757498624435 14.87342012522996 162
1757498624507 14.787828760275685 163
1757498624635 14.702881784526806 164
1757498624949 14.618570915243803 165
1757498625067 14.534888055759431 166
1757498625226 14.451825289808822 167
1757498625431 14.369374876061764 168
1757498625542 14.287529242848933 169
1757498625630 14.20628098307442 170
1757498625711 14.125622849307124 171
1757498625810 14.045547749043884 172
1757498625882 13.966048740137676 173
1757498625959 13.887119026384333 174
1757498626047 13.8087519532616 175
1757498626142 13.730941003814657 176
1757498626214 13.653679794682395 177
1757498626280 13.576962072259033 178
1757498626345 13.500781708985953 179
1757498626423 13.42513269976864 180
1757498626489 13.35000915851415 181
1757498626552 13.275405314784404 182
1757498626614 13.201315510561052 183
1757498626676 13.127734197117643 184
1757498626754 13.05465593199514 185
1757498626819 12.982075376076963 186
1757498626879 12.90998729075982 187
1757498626938 12.83838653521683 188
1757498626996 12.76726806374957 189
1757498627051 12.696626923225764 190
1757498627107 12.626458250599544 191
1757498627165 12.556757270511216 192
1757498627221 12.487519292963787 193
1757498627279 12.41873971107338 194
1757498627334 12.35041399889097 195
1757498627393 12.282537709292843 196
1757498627454 12.215106471937434 197
1757498627512 12.14811599128608 198
1757498627568 12.081562044685542 199
1757498627624 12.015440480510101 200
1757498627680 11.94974721636112 201
1757498627736 11.88447823732209 202
1757498627793 11.819629594267308 203
1757498627857 11.755197402222208 204
1757498627914 11.691177838773694 205
1757498627973 11.627567142528704 206
1757498628030 11.564361611619361 207
1757498628087 11.501557602253147 208
1757498628144 11.4391515273066 209
1757498628200 11.377139854960982 210
1757498628253 11.315519107378627 211
1757498628308 11.254285859418522 212
1757498628363 11.193436737389838 213
1757498628419 11.13296841784217 214
1757498628475 11.072877626391232 215
1757498628532 11.013161136578894 216
1757498628587 10.95381576876638 217
1757498628640 10.894838389059567 218
1757498628695 10.83622590826533 219
1757498628748 10.777975280877929 220
1757498628802 10.720083504094477 221
1757498628867 10.662547616858525 222
1757498628928 10.605364698930845 223
1757498628988 10.548531869986615 224
1757498629048 10.492046288738049 225
1757498629105 10.435905152081792 226
1757498629164 10.38010569427015 227
1757498629222 10.324645186105524 228
1757498629290 10.26952093415725 229
1757498629347 10.214730280000138 230
1757498629408 10.16027059947408 231
1757498629470 10.106139301963982 232
1757498629526 10.052333829699512 233
1757498629581 9.998851657073887 234
1757498629635 9.945690289981263 235
1757498629690 9.892847265172046 236
1757498629746 9.840320149625649 237
1757498629827 9.788106539940065 238
1757498629900 9.736204061737858 239
1757498629964 9.684610369087972 240
1757498630025 9.633323143942901 241
1757498630084 9.582340095590839 242
1757498630142 9.531658960122178 243
1757498630201 9.481277499910115 244
1757498630258 9.43119350310481 245
1757498630315 9.381404783140749 246
1757498630373 9.331909178256868 247
1757498630431 9.282704551029152 248
1757498630520 9.233788787915211 249
1757498630578 9.185159798810572 250
1757498630637 9.1368155166163 251
1757498630694 9.08875389681764 252
1757498630752 9.040972917073287 253
1757498630809 8.993470576815088 254
1757498630876 8.946244896857763 255
1757498630933 8.899293919018383 256
1757498630990 8.852615705745382 257
1757498631046 8.806208339756713 258
1757498631117 8.76006992368699 259
1757498631172 8.714198579743288 260
1757498631227 8.668592449369388 261
1757498631283 8.623249692918188 262
1757498631338 8.5781684893321 263
1757498631394 8.533347035831142 264
1757498631449 8.48878354760855 265
1757498631513 8.44447625753369 266
1757498631570 8.400423415862033 267
1757498631625 8.356623289952028 268
1757498631682 8.313074163988665 269
1757498631737 8.269774338713546 270
1757498631805 8.22672213116125 271
1757498631861 8.183915874401864 272
1757498631932 8.141353917289477 273
1757498631995 8.099034624216479 274
1757498632057 8.056956374873492 275
1757498632120 8.015117564014808 276
1757498632180 7.9735166012291305 277
1757498632239 7.932151910715551 278
1757498632297 7.891021931064511 279
1757498632355 7.850125115043723 280
1757498632413 7.809459929388839 281
1757498632473 7.769024854598755 282
1757498632532 7.728818384735452 283
1757498632590 7.688839027228215 284
1757498632646 7.649085302682139 285
1757498632716 7.609555744690772 286
1757498632780 7.570248899652843 287
1757498632840 7.531163326592889 288
1757498632905 7.492297596985746 289
1757498632966 7.453650294584758 290
1757498633028 7.415220015253615 291
1757498633087 7.377005366801748 292
1757498633144 7.339004968823131 293
1757498633202 7.301217452538484 294
1757498633259 7.263641460640684 295
1757498633316 7.226275647143399 296
1757498633371 7.189118677232798 297
1757498633424 7.152169227122278 298
1757498633481 7.115425983910133 299
1757498633541 7.0788876454400835 300
1757498633626 7.042552920164566 301
1757498633771 7.0064205270107935 302
1757498633886 6.97048919524942 303
1757498633975 6.934757664365765 304
1757498634038 6.899224683933622 305
1757498634187 6.863889013491436 306
1757498634304 6.828749422420921 307
1757498634365 6.793804689827983 308
1757498634424 6.759053604425906 309
1757498634508 6.724494964420784 310
1757498634569 6.690127577399039 311
1757498634630 6.655950260217121 312
1757498634690 6.621961838893208 313
1757498634752 6.588161148500923 314
1757498634816 6.5545470330649875 315
1757498634880 6.5211183454588095 316
1757498634961 6.487873947303883 317
1757498635045 6.454812708871025 318
1757498635108 6.421933508983395 319
1757498635169 6.389235234921187 320
1757498635231 6.356716782328066 321
1757498635292 6.324377055119195 322
1757498635350 6.29221496539089 323
1757498635409 6.260229433331843 324
1757498635468 6.22841938713587 325
1757498635525 6.196783762916115 326
1757498635585 6.165321504620781 327
1757498635646 6.134031563950214 328
1757498635704 6.1029129002754114 329
1757498635762 6.071964480557894 330
1757498635823 6.041185279270868 331
1757498635883 6.010574278321718 332
1757498635941 5.980130466975736 333
1757498636008 5.949852841781113 334
1757498636066 5.919740406495123 335
1757498636122 5.889792172011478 336
1757498636179 5.860007156288856 337
1757498636237 5.830384384280555 338
1757498636295 5.800922887865227 339
1757498636352 5.771621705778706 340
1757498636408 5.7424798835469115 341
1757498636465 5.713496473419729 342
1757498636520 5.6846705343059485 343
1757498636574 5.656001131709166 344
1757498636631 5.627487337664647 345
1757498636686 5.599128230677146 346
1757498636741 5.570922895659634 347
1757498636797 5.542870423872941 348
1757498636853 5.514969912866281 349
1757498636909 5.487220466418629 350
1757498636967 5.459621194480961 351
1757498637031 5.432171213119315 352
1757498637086 5.404869644458657 353
1757498637141 5.3777156166275635 354
1757498637197 5.35070826370365 355
1757498637253 5.323846725659782 356
1757498637308 5.297130148311034 357
1757498637364 5.27055768326237 358
1757498637420 5.244128487857033 359
1757498637476 5.2178417251256555 360
1757498637532 5.191696563736047 361
1757498637587 5.165692177943651 362
1757498637647 5.139827747542658 363
1757498637703 5.114102457817795 364
1757498637758 5.088515499496694 365
1757498637817 5.06306606870295 366
1757498637873 5.03775336690973 367
1757498637928 5.012576600894007 368
1757498637985 4.9875349826913835 369
1757498638043 4.962627729551464 370
1757498638099 4.9378540638938375 371
1757498638154 4.9132132132645605 372
1757498638213 4.8887044102932125 373
1757498638269 4.8643268926504835 374
1757498638326 4.840079903006277 375
1757498638383 4.815962688988322 376
1757498638439 4.7919745031413 377
1757498638495 4.768114602886452 378
1757498638550 4.744382250481681 379
1757498638608 4.72077671298213 380
1757498638664 4.697297262201219 381
1757498638720 4.6739431746721545 382
1757498638777 4.65071373160987 383
1757498638835 4.627608218873439 384
1757498638891 4.604625926928885 385
1757498638947 4.581766150812454 386
1757498639008 4.559028190094279 387
1757498639068 4.5364113488424875 388
1757498639124 4.513914935587687 389
1757498639181 4.49153826328786 390
1757498639238 4.469280649293651 391
1757498639294 4.447141415314029 392
1757498639352 4.4251198873823645 393
1757498639410 4.4032153958228175 394
1757498639466 4.381427275217149 395
1757498639522 4.359754864371859 396
1757498639579 4.338197506285699 397
1757498639636 4.316754548117504 398
1757498639692 4.29542534115441 399
1757498639748 4.274209240780369 400
1757498639805 4.253105606445013 401
1757498639864 4.232113801632849 402
1757498639922 4.211233193832768 403
1757498639981 4.1904631545078574 404
1757498640046 4.169803059065568 405
1757498640103 4.149252286828128 406
1757498640162 4.128810221003308 407
1757498640219 4.108476248655451 408
1757498640275 4.088249760676823 409
1757498640331 4.068130151759219 410
1757498640390 4.048116820365889 411
1757498640447 4.028209168703709 412
1757498640503 4.008406602695648 413
1757498640561 3.9887085319535065 414
1757498640618 3.9691143697509053 415
1757498640675 3.949623532996566 416
1757498640733 3.9302354422078167 417
1757498640790 3.910949521484387 418
1757498640848 3.891765198482416 419
1757498640910 3.872681904388767 420
1757498640968 3.853699073895521 421
1757498641026 3.8348161451747544 422
1757498641092 3.816032559853541 423
1757498641150 3.7973477629891965 424
1757498641209 3.7787612030447377 425
1757498641266 3.7602723318646 426
1757498641324 3.7418806046505395 427
1757498641382 3.7235854799377908 428
1757498641439 3.705386419571431 429
1757498641497 3.687282888682964 430
1757498641555 3.669274355667109 431
1757498641612 3.6513602921588095 432
1757498641678 3.6335401730104486 433
1757498641747 3.615813476269261 434
1757498641807 3.5981796831549544 435
1757498641867 3.5806382780375343 436
1757498641936 3.5631887484153237 437
1757498641995 3.545830584893158 438
1757498642141 3.528563281160813 439
1757498642273 3.511386333971578 440
1757498642375 3.4942992431210462 441
1757498642451 3.47730151142608 442
1757498642566 3.4603926447039566 443
1757498642699 3.443572151751699 444
1757498642763 3.426839544325583 445
1757498642825 3.410194337120825 446
1757498642886 3.3936360477514227 447
1757498642947 3.377164196730207 448
1757498643010 3.3607783074490145 449
1757498643071 3.3444779061590775 450
1757498643134 3.3282625219515425 451
1757498643197 3.3121316867381596 452
1757498643260 3.2960849352321593 453
1757498643319 3.280121804929253 454
1757498643391 3.2642418360888117 455
1757498643456 3.248444571715201 456
1757498643519 3.2327295575392583 457
1757498643582 3.217096341999945 458
1757498643644 3.2015444762261223 459
1757498643706 3.1860735140184944 460
1757498643769 3.1706830118316938 461
1757498643839 3.155372528756517 462
1757498643937 3.1401416265022926 463
1757498644002 3.124989869379404 464
1757498644067 3.1099168242819486 465
1757498644136 3.0949220606705423 466
1757498644198 3.0800051505552437 467
1757498644261 3.065165668478634 468
1757498644323 3.050403191499034 469
1757498644385 3.0357172991738346 470
1757498644452 3.0211075735429707 471
1757498644517 3.006573599112532 472
1757498644583 2.9921149628384986 473
1757498644650 2.977731254110591 474
1757498644718 2.9634220647362777 475
1757498644786 2.949186988924869 476
1757498644849 2.9350256232717706 477
1757498644912 2.9209375667428343 478
1757498644973 2.9069224206588506 479
1757498645035 2.892979788680136 480
1757498645096 2.879109276791264 481
1757498645167 2.8653104932859064 482
1757498645229 2.8515830487517837 483
1757498645291 2.8379265560557374 484
1757498645352 2.824340630328918 485
1757498645410 2.810824888952075 486
1757498645470 2.7973789515409764 487
1757498645528 2.784002439931922 488
1757498645591 2.770694978167385 489
1757498645651 2.7574561924817416 490
1757498645709 2.744285711287116 491
1757498645770 2.7311831651593534 492
1757498645830 2.718148186824051 493
1757498645888 2.705180411142745 494
1757498645946 2.6922794750991685 495
1757498646006 2.6794450177856186 496
1757498646064 2.666676680389434 497
1757498646123 2.6539741061795654 498
1757498646191 2.641336940493246 499
