1757431316589 170.3905890431735 0
1757431316616 169.21783116162555 1
1757431316642 168.55598249414913 2
1757431316669 167.89631138417946 3
1757431316694 167.2388908698875 4
1757431316721 166.58371505974443 5
1757431316748 165.93077853100593 6
1757431316777 165.28007592784044 7
1757431316808 164.63160196267484 8
1757431316846 163.9853514152857 9
1757431316874 163.34131913191626 10
1757431316901 162.69950002440464 11
1757431316928 162.0598890693232 12
1757431316956 161.4224813071302 13
1757431316983 160.78727184133174 14
1757431317010 160.1542558376551 15
1757431317037 159.52342852323324 16
1757431317065 158.89478518579955 17
1757431317098 158.26832117289354 18
1757431317127 157.64403189107722 19
1757431317154 157.02191280516115 20
1757431317181 156.40195943744146 21
1757431317207 155.78416736694652 22
1757431317235 155.1685322286934 23
1757431317263 154.55504971295477 24
1757431317294 153.94371556453464 25
1757431317322 153.33452558205448 26
1757431317349 152.72747561724825 27
1757431317375 152.12256157426654 28
1757431317402 151.5197794089908 29
1757431317429 150.91912512835557 30
1757431317455 150.32059478968037 31
1757431317482 149.72418450000998 32
1757431317517 149.12989041546382 33
1757431317549 148.53770874059342 34
1757431317580 147.94763572774897 35
1757431317609 147.3596676764537 36
1757431317637 146.7738009327869 37
1757431317664 146.19003188877468 38
1757431317691 145.6083569817893 39
1757431317718 145.028772693956 40
1757431317746 144.4512755515677 41
1757431317776 143.87586212450765 42
1757431317803 143.30252902567975 43
1757431317831 142.7312729104459 44
1757431317867 142.1620904760712 45
1757431317894 141.59497846117657 46
1757431317922 141.0299336451981 47
1757431317949 140.46695284785412 48
1757431317976 139.90603292861883 49
1757431318003 139.34717078620307 50
1757431318031 138.79036335804219 51
1757431318058 138.23560761979016 52
1757431318088 137.68290058482074 53
1757431318116 137.13223930373525 54
1757431318144 136.58362086387652 55
1757431318172 136.0370423888496 56
1757431318200 135.49250103804874 57
1757431318227 134.94999400619025 58
1757431318256 134.40951852285218 59
1757431318283 133.87107185201944 60
1757431318312 133.33465129163528 61
1757431318339 132.8002541731587 62
1757431318367 132.2678778611275 63
1757431318395 131.73751975272728 64
1757431318422 131.20917727736608 65
1757431318451 130.68284789625463 66
1757431318478 130.15852910199203 67
1757431318506 129.6376767397222 68
1757431318533 129.11809298433522 69
1757431318562 128.60052171880173 70
1757431318589 128.08495451849018 71
1757431318617 127.57138876593864 72
1757431318645 127.05982183737598 73
1757431318673 126.55025114368048 74
1757431318702 126.04267412963073 75
1757431318729 125.53708827345406 76
1757431318758 125.0334910863789 77
1757431318786 124.53188011219329 78
1757431318814 124.0322529268092 79
1757431318842 123.53460713783272 80
1757431318880 123.03894038414006 81
1757431318908 122.54525033545906 82
1757431318937 122.05353469195653 83
1757431318965 121.56379118383092 84
1757431318994 121.07601757091051 85
1757431319022 120.5902116422571 86
1757431319050 120.10637121577483 87
1757431319079 119.62449413782424 88
1757431319107 119.14457828284174 89
1757431319136 118.66662155296385 90
1757431319164 118.19062187765675 91
1757431319192 117.71657721335063 92
1757431319220 117.24448554307901 93
1757431319248 116.77434487612278 94
1757431319276 116.30615324765931 95
1757431319304 115.83990871841583 96
1757431319334 115.37560937432778 97
1757431319363 114.91325332620175 98
1757431319391 114.45283870938262 99
1757431319419 113.99436368342552 100
1757431319447 113.53782643177207 101
1757431319475 113.08322516143078 102
1757431319503 112.63055810266205 103
1757431319532 112.17982350866716 104
1757431319560 111.73101965528153 105
1757431319590 111.28414484067211 106
1757431319618 110.83919738503869 107
1757431319646 110.3961756303194 108
1757431319674 109.95507793990015 109
1757431319702 109.51590269832771 110
1757431319730 109.07864831102707 111
1757431319760 108.64331320402208 112
1757431319790 108.20989582366046 113
1757431319819 107.77839463634183 114
1757431319848 107.3488081282499 115
1757431319887 106.92113480508806 116
1757431319915 106.49537319181849 117
1757431319944 106.07152183240481 118
1757431319973 105.6495792895583 119
1757431320001 105.22954414448729 120
1757431320029 104.81141499665013 121
1757431320058 104.39519046351136 122
1757431320088 103.98086918030117 123
1757431320119 103.56844979977828 124
1757431320149 103.15793099199561 125
1757431320178 102.74931144406943 126
1757431320206 102.34258985995159 127
1757431320235 101.93776496020462 128
1757431320264 101.53483548178 129
1757431320295 101.1338001777994 130
1757431320324 100.73465781733884 131
1757431320353 100.33740718521568 132
1757431320383 99.94204708177867 133
1757431320412 99.54857632270058 134
1757431320441 99.1569937387738 135
1757431320470 98.76729817570858 136
1757431320499 98.37948849393408 137
1757431320528 97.99356356840201 138
1757431320556 97.60952228839295 139
1757431320587 97.2273635573253 140
1757431320616 96.84708629256671 141
1757431320646 96.46896317580433 142
1757431320676 96.09230467266754 143
1757431320706 95.71793746826353 144
1757431320735 95.34503323496311 145
1757431320765 94.97441734814181 146
1757431320795 94.60553750375013 147
1757431320824 94.23853163390228 148
1757431320854 93.87312079341605 149
1757431320892 93.50999791663898 150
1757431320921 93.14860579809846 151
1757431320950 92.78908382423913 152
1757431320980 92.43143053440521 153
1757431321009 92.07564500539698 154
1757431321038 91.72172632550077 155
1757431321068 91.36938882791944 156
1757431321100 91.01934397725961 157
1757431321130 90.67101973144972 158
1757431321159 90.32455937556207 159
1757431321191 89.97996149576109 160
1757431321223 89.63722524738456 161
1757431321253 89.29634979603831 162
1757431321283 88.957042669573 163
1757431321315 88.62003276374318 164
1757431321345 88.28473407215368 165
1757431321375 87.95129354811392 166
1757431321404 87.61970981875733 167
1757431321442 87.28998211097253 168
1757431321476 86.96210966079741 169
1757431321508 86.63609171382153 170
1757431321544 86.31162796753435 171
1757431321574 85.98946734218 172
1757431321608 85.66900777513175 173
1757431321640 85.35040042624468 174
1757431321670 85.03364396167117 175
1757431321700 84.71873768235996 176
1757431321730 84.4087828922588 177
1757431321760 84.09913136995588 178
1757431321791 83.79104355462717 179
1757431321837 83.48528080525072 180
1757431321919 83.18122451599609 181
1757431321972 82.87902986295269 182
1757431322020 82.57869527316159 183
1757431322064 82.28021984965532 184
1757431322114 81.98360270614783 185
1757431322161 81.68884296783112 186
1757431322204 81.39593977123637 187
1757431322244 81.1048922640824 188
1757431322287 80.81538087192065 189
1757431322328 80.52820269654048 190
1757431322375 80.24271654962592 191
1757431322417 79.95908351938768 192
1757431322459 79.677302093537 193
1757431322497 79.39737148489428 194
1757431322534 79.11929091521117 195
1757431322572 78.84305961627656 196
1757431322613 78.56867682979556 197
1757431322654 78.2961418072572 198
1757431322695 78.02512491974133 199
1757431322760 77.75644899175302 200
1757431322808 77.48945220430731 201
1757431322857 77.22430105567494 202
1757431322911 76.96099408308706 203
1757431322961 76.69953059538146 204
1757431323008 76.43990990877579 205
1757431323059 76.1821313482663 206
1757431323104 75.92619424752239 207
1757431323149 75.67209794877095 208
1757431323189 75.41984180268236 209
1757431323229 75.1694251682579 210
1757431323268 74.92084741271898 211
1757431323306 74.67376599588508 212
1757431323346 74.42903671223976 213
1757431323387 74.18597127003434 214
1757431323426 73.94474308842625 215
1757431323465 73.70535075208333 216
1757431323504 73.46779367698784 217
1757431323545 73.23207128472758 218
1757431323585 72.99818300426723 219
1757431323626 72.76612827186015 220
1757431323665 72.5359065309512 221
1757431323706 72.30751723208118 222
1757431323759 72.08095983279244 223
1757431323814 71.85623379753586 224
1757431323870 71.63333859757904 225
1757431323910 71.41227371091571 226
1757431323961 71.19303862217635 227
1757431324001 70.97527601039079 228
1757431324042 70.75987936929806 229
1757431324086 70.54673201431174 230
1757431324132 70.33609284288778 231
1757431324175 70.12759320201569 232
1757431324215 69.92115990513688 233
1757431324253 69.71671799348685 234
1757431324298 69.51419819711364 235
1757431324339 69.31353626900298 236
1757431324381 69.11467263022793 237
1757431324422 68.91755203107735 238
1757431324464 68.72212323675082 239
1757431324506 68.52833873553227 240
1757431324543 68.33615446786057 241
1757431324584 68.14552957481388 242
1757431324628 67.95642616463006 243
1757431324672 67.76880909598277 244
1757431324712 67.58264577682286 245
1757431324751 67.3979059776791 246
1757431324792 67.21456165839075 247
1757431324833 67.03223093133346 248
1757431324873 66.85178089265175 249
1757431324913 66.67247476743212 250
1757431324965 66.49447142067184 251
1757431325007 66.31775101171243 252
1757431325047 66.14229563070322 253
1757431325089 65.96808864947374 254
1757431325172 65.79511462542031 255
1757431325323 65.62335921325742 256
1757431325478 65.45280908321944 257
1757431325564 65.28345184521248 258
1757431325627 65.11527597849533 259
1757431325684 64.94827076649341 260
1757431325859 64.78242623637757 261
1757431325928 64.61773310306647 262
1757431326009 64.45418271733452 263
1757431326056 64.29142978995807 264
1757431326105 64.13031288990673 265
1757431326146 63.970145074632704 266
1757431326239 63.811434699747316 267
1757431326310 63.654365688221255 268
1757431326386 63.498662223064855 269
1757431326450 63.344284857160126 270
1757431326518 63.19119177320361 271
1757431326595 63.03934397570268 272
1757431326652 62.888704963083 273
1757431326739 62.73924056153527 274
1757431326810 62.5909187665763 275
1757431326888 62.44339194541686 276
1757431326952 62.297429624984844 277
1757431327006 62.15236377764305 278
1757431327051 62.008332442799805 279
1757431327098 61.86531139743072 280
1757431327146 61.72327891047026 281
1757431327192 61.58221456083123 282
1757431327263 61.44250757851093 283
1757431327345 61.304049273030074 284
1757431327403 61.16641409139895 285
1757431327463 61.03032776150007 286
1757431327527 60.89513125074775 287
1757431327592 60.760952655336474 288
1757431327657 60.62775635158706 289
1757431327721 60.49551134692486 290
1757431327784 60.364188288081465 291
1757431327833 60.23375939702044 292
1757431327900 60.10390750292468 293
1757431327968 59.97534306444629 294
1757431328037 59.84744406115159 295
1757431328084 59.72034420535792 296
1757431328130 59.59401969854157 297
1757431328180 59.46845031541224 298
1757431328228 59.34361677471609 299
1757431328282 59.21921632053225 300
1757431328355 59.095949671009045 301
1757431328399 58.9732166187367 302
1757431328465 58.851153102440904 303
1757431328527 58.7297416948553 304
1757431328600 58.60896793306922 305
1757431328663 58.48881795403293 306
1757431328744 58.36899781802775 307
1757431328806 58.25020282458241 308
1757431328887 58.13184640109314 309
1757431328947 58.01406592057128 310
1757431329014 57.896848167669035 311
1757431329070 57.78018245822471 312
1757431329141 57.66405850057517 313
1757431329220 57.548187051759136 314
1757431329294 57.433262503782494 315
1757431329337 57.3187054137907 316
1757431329410 57.20465451457218 317
1757431329481 57.09109947660942 318
1757431329543 56.97803217969464 319
1757431329674 56.86516542890603 320
1757431329847 56.753194899158764 321
1757431329975 56.64154413224432 322
1757431330032 56.53035295826378 323
1757431330155 56.41961284297754 324
1757431330230 56.30931724378823 325
1757431330290 56.19945981100668 326
1757431330349 56.08975271586058 327
1757431330418 55.98089854687268 328
1757431330467 55.872318828227726 329
1757431330546 55.764155416674996 330
1757431330613 55.65640134200585 331
1757431330664 55.549051422849296 332
1757431330727 55.44210061456057 333
1757431330775 55.3352583964427 334
1757431330833 55.22923788702632 335
1757431330881 55.12345483934159 336
1757431330953 55.01805362715147 337
1757431331015 54.913028452924365 338
1757431331091 54.80837514452648 339
1757431331166 54.70408962894691 340
1757431331229 54.59987701896686 341
1757431331288 54.49646413800696 342
1757431331354 54.39325782461616 343
1757431331413 54.290405460328124 344
1757431331480 54.18790214767522 345
1757431331532 54.085744481124316 346
1757431331585 53.98392912836034 347
1757431331682 53.882452848389214 348
1757431331748 53.781013542072245 349
1757431331797 53.680358424303904 350
1757431331855 53.57987982541894 351
1757431331900 53.47972940801055 352
1757431331962 53.37990306454584 353
1757431332024 53.28039805714575 354
1757431332104 53.18121170065373 355
1757431332151 53.082341379314805 356
1757431332198 52.98347637078373 357
1757431332284 52.88538720631756 358
1757431332359 52.78744895554872 359
1757431332411 52.68981807842983 360
1757431332491 52.59249107480461 361
1757431332572 52.49546571636999 362
1757431332646 52.398739813304715 363
1757431332724 52.302311229485525 364
1757431332798 52.206177880456075 365
1757431332857 52.1100175334071 366
1757431332932 52.014630989346685 367
1757431332995 51.91937029880543 368
1757431333079 51.82439808559778 369
1757431333148 51.729711373034334 370
1757431333212 51.63530837115813 371
1757431333276 51.54118731727817 372
1757431333335 51.447346489627215 373
1757431333398 51.35378420582381 374
1757431333473 51.26049882175471 375
1757431333637 51.16748873048213 376
1757431333760 51.07475236118867 377
1757431333839 50.98194926130151 378
1757431333889 50.88992725059768 379
1757431333967 50.798001908062105 380
1757431334046 50.70634538425644 381
1757431334116 50.61495521021149 382
1757431334167 50.523830024570444 383
1757431334224 50.43296848326616 384
1757431334285 50.342369271349696 385
1757431334362 50.2520311018829 386
1757431334424 50.16195271519423 387
1757431334493 50.07213287814551 388
1757431334551 49.98257038342205 389
1757431334601 49.89326404884499 390
1757431334651 49.80421271670473 391
1757431334701 49.71541525311493 392
1757431334773 49.626870547386325 393
1757431334861 49.5385775114195 394
1757431334941 49.450166429007574 395
1757431335041 49.36255973067262 396
1757431335095 49.275014322562946 397
1757431335148 49.18771744568612 398
1757431335208 49.10066710078837 399
1757431335265 49.01386233396759 400
1757431335342 48.92730220014418 401
1757431335403 48.84098577282132 402
1757431335452 48.75491214334336 403
1757431335520 48.66908042045909 404
1757431335586 48.583489729885876 405
1757431335659 48.498139213887015 406
1757431335736 48.413028030861106 407
1757431335787 48.328155354943235 408
1757431335835 48.24352037561752 409
1757431335906 48.1591222973407 410
1757431335982 48.0749603391763 411
1757431336060 47.9910337344392 412
1757431336117 47.907341730350176 413
1757431336178 47.823883587700124 414
1757431336248 47.7406585805236 415
1757431336329 47.65766599578158 416
1757431336392 47.574905133052894 417
1757431336485 47.49237530423426 418
1757431336544 47.41007583324858 419
1757431336618 47.328006055761215 420
1757431336677 47.24616531890416 421
1757431336756 47.164552981007525 422
1757431336813 47.08316841133857 423
1757431336881 47.00201098984767 424
1757431336960 46.921080106921245 425
1757431337036 46.84037516314127 426
1757431337116 46.75989556905137 427
1757431337277 46.67964074492908 428
1757431337412 46.59961012056429 429
1757431337510 46.51980313504356 430
1757431337650 46.440219236540145 431
1757431337780 46.36085788210968 432
1757431337877 46.28171853749118 433
1757431337982 46.20280067691337 434
1757431338075 46.12410378290602 435
1757431338187 46.045627346116326 436
1757431338269 45.96737086513007 437
1757431338365 45.88933384629738 438
1757431338407 45.81151580356315 439
1757431338463 45.73391625830172 440
1757431338617 45.656534739155965 441
