1757565266960 1.545685810378771 0
1757565267056 0.7114583737641277 1
1757565267152 0.8600638896040691 2
1757565267245 0.24478658695558245 3
1757565267347 0.022483852195427166 4
1757565267496 0.16028348342494902 5
1757565267617 0.02992652001210372 6
1757565267708 0.31474374741568184 7
1757565267815 0.0055385300998409236 8
1757565267920 0.04458633243010858 9
1757565268023 1.704909231052663e-05 10
1757565268114 0.02941780197912547 11
1757565268203 0.028785587852377035 12
1757565268293 0.05123729762713706 13
1757565268393 0.13947217038695514 14
1757565268490 0.07712977474195647 15
1757565268579 0.45042917328352333 16
1757565268669 0.22443814643098736 17
1757565268757 0.003674369180341488 18
1757565268847 0.08427495740761272 19
1757565268937 0.011116603108562296 20
1757565269031 0.32847172296483595 21
1757565269121 0.08135570812817423 22
1757565269207 0.006530947544972014 23
1757565269299 0.07206370534052584 24
1757565269400 0.06575959542527231 25
1757565269493 0.024784343021562915 26
1757565269582 0.02229125798131249 27
1757565269673 0.038848650302127884 28
1757565269761 0.005213210200184674 29
1757565269851 0.1482706085609714 30
1757565269946 1.2861350326357357 31
1757565270038 0.03420532495295218 32
1757565270127 0.11859689170676556 33
1757565270217 0.08643362741365909 34
1757565270307 0.11870079454095116 35
1757565270409 0.239450936211887 36
1757565270500 0.08860117109188038 37
1757565270591 0.24657597748182966 38
1757565270681 0.023280102647893458 39
1757565270770 0.24345443305607142 40
1757565270861 0.005876863077905601 41
1757565270947 0.005878786951783421 42
1757565271038 0.09949264625690181 43
1757565271140 0.0011709850897453436 44
1757565271231 0.035160781256177664 45
1757565271321 0.08762407881829874 46
1757565271425 0.1497969006104664 47
1757565271532 0.28100025635709386 48
1757565271672 0.015918595882853482 49
1757565271769 0.026201001090557143 50
1757565271865 0.257015569596122 51
1757565271962 0.026066451498373222 52
1757565272057 0.21654140189013701 53
1757565272153 0.0711573820340924 54
1757565272244 0.12818128294230816 55
1757565272339 0.014508772937001526 56
1757565272441 0.05126752493346575 57
1757565272537 0.1804323118062599 58
1757565272629 0.25766508113773506 59
1757565272720 0.08681044527748104 60
1757565272811 0.043113011016512506 61
1757565272900 0.026940222390847104 62
1757565272994 0.0810779692751072 63
1757565273085 0.08596381089213999 64
1757565273177 0.05364401441437083 65
1757565273268 0.05758077629922184 66
1757565273358 0.044417675992851055 67
1757565273443 0.0012225939143525465 68
1757565273540 0.03788570651118163 69
1757565273630 0.015311451002293714 70
1757565273719 0.11792018442910245 71
1757565273806 0.013319569452642581 72
1757565273898 0.03547521435355883 73
1757565273987 0.09707722788576452 74
1757565274083 0.01444948832865221 75
1757565274177 0.0505392839598373 76
1757565274268 0.4511916198608835 77
1757565274360 0.0026293515357730464 78
1757565274460 0.41949199743667837 79
1757565274553 0.17186172815858497 80
1757565274664 0.004322779769134982 81
1757565274752 0.01482935943118651 82
1757565274845 0.04046439419479378 83
1757565274932 0.05764733949459008 84
1757565275017 0.07344592566743613 85
1757565275110 0.012327917430350633 86
1757565275202 0.3740131021050213 87
1757565275288 0.002712814414829148 88
1757565275383 0.2513965186122433 89
1757565275501 0.011046335313643029 90
1757565275595 0.0002985939954165794 91
1757565275685 1.2761674763121724e-06 92
1757565275774 0.045850764780540156 93
1757565275865 0.3611020936184554 94
1757565275955 0.02308742541475009 95
1757565276045 0.09827917397776634 96
1757565276138 0.1792228055677416 97
1757565276228 0.5424119241040005 98
1757565276318 0.09875237643594587 99
1757565276408 0.005144508022321617 100
1757565276531 0.014037125624195217 101
1757565276754 0.035377331900845986 102
1757565276899 0.0003171001850582898 103
1757565277033 0.023596664811232154 104
1757565277165 0.04731426134550928 105
1757565277414 0.01902142510385275 106
1757565277742 0.0378721697613856 107
1757565277865 0.13048549467936946 108
1757565277961 0.0018921908163258203 109
1757565278064 0.035996919002382624 110
1757565278181 0.026729071969624343 111
1757565278325 0.00022911515499183255 112
1757565278467 0.0010262775695732077 113
1757565278655 0.03874312705574741 114
1757565278817 0.03397708950923944 115
1757565278937 0.05593608196026859 116
1757565279053 0.0699640208256586 117
1757565279183 0.08825744941017002 118
1757565279300 0.001757238272019585 119
1757565279415 0.0001147144553932215 120
1757565279533 0.0057682634514972025 121
1757565279656 0.000266592421179435 122
1757565279819 0.0013472862747090902 123
1757565279950 0.7295045623074414 124
1757565280075 0.009817774987878657 125
1757565280186 0.1461693949965107 126
1757565280344 0.09217604816439896 127
1757565280479 0.12264569208660872 128
1757565280591 0.13597484380287544 129
1757565280729 0.023077360070794285 130
1757565280905 0.03696746715261923 131
1757565281017 7.964623131620342e-05 132
1757565281157 0.009764434423757691 133
1757565281276 6.868681825552422e-05 134
1757565281439 0.03955277722857468 135
1757565281562 0.0871024797861421 136
1757565281690 0.24513785618890283 137
1757565281800 0.1258638293142891 138
1757565281931 0.30135653520857186 139
1757565282060 0.3913036053545388 140
1757565282170 0.00015675570954622368 141
1757565282283 0.02717802370352366 142
1757565282410 0.024971975160584928 143
1757565282521 0.23067186450235186 144
1757565282632 0.009824354141506361 145
1757565282727 0.010881537570492242 146
1757565282816 0.0706847133114708 147
1757565282932 0.4394630862879918 148
1757565283097 0.01587431144856855 149
1757565283189 0.24513097847117277 150
1757565283281 0.02436212052623569 151
1757565283423 0.00019248333279331726 152
1757565283547 0.0014793365016806917 153
1757565283662 0.0514129218631662 154
1757565283756 0.04829569806774178 155
1757565283841 0.38000669019035055 156
1757565283933 0.199687354782225 157
1757565284023 0.06126839313779311 158
1757565284115 0.16409455535059866 159
1757565284205 0.0634290055964824 160
1757565284326 0.05078975347751044 161
1757565284427 0.013359676266991012 162
1757565284526 0.01213627527165654 163
1757565284620 0.00012680961569342119 164
1757565284720 0.0019000833834807575 165
1757565284812 0.020191169356500588 166
1757565284905 0.034605878913715 167
1757565285002 0.3247597937400589 168
1757565285094 0.05272363468027913 169
1757565285186 0.17463090607823906 170
1757565285280 0.058958703434217996 171
1757565285374 0.12903381714689396 172
1757565285467 0.004158082528860569 173
1757565285578 0.015034344841435156 174
1757565285676 0.1454041392921484 175
1757565285772 0.006392419805264336 176
1757565285866 0.1834429303428827 177
1757565285959 0.0628525386317506 178
1757565286061 0.15239988426749307 179
1757565286151 0.005722013621540256 180
1757565286243 0.35844065871894054 181
1757565286336 0.5579683883314744 182
1757565286430 0.06095404555260533 183
1757565286523 0.08803727024803894 184
1757565286616 0.015604361176721348 185
1757565286711 0.012558668216530833 186
1757565286804 5.257239290854476e-05 187
1757565286897 0.0316153276623991 188
1757565286991 0.3278563830451221 189
1757565287089 0.13854440074897356 190
1757565287182 0.25697020276524174 191
1757565287276 0.0023107888920033156 192
1757565287369 0.006138891097831992 193
1757565287464 0.006511759284769163 194
1757565287559 0.01753327887212389 195
1757565287652 0.041134752648907175 196
1757565287751 0.1644942381412483 197
1757565287845 0.019315662826404036 198
1757565287938 0.6194742457738425 199
1757565288030 0.03303612298866479 200
1757565288128 0.09587912646590338 201
1757565288222 0.3731947451145499 202
1757565288312 0.028665990511507956 203
1757565288405 0.0009193840049650279 204
1757565288503 0.009229298141028432 205
1757565288595 0.1943127246051045 206
1757565288693 0.21912341596443038 207
1757565288796 0.12983894253626654 208
1757565288886 0.09718370581204103 209
1757565288980 0.01641196277387147 210
1757565289072 0.011007524755236796 211
1757565289171 0.00029142914986464365 212
1757565289269 0.05279618934332673 213
1757565289367 0.4487106617716394 214
1757565289476 0.0008187243851255693 215
1757565289684 0.04997677536217713 216
1757565289812 0.4042887663380964 217
1757565289960 0.0002706429766977323 218
1757565290125 0.2622018800196524 219
1757565290229 0.06616346221935217 220
1757565290325 0.00015364266927624334 221
1757565290414 0.001980582981181079 222
1757565290515 0.2363828523445499 223
1757565290635 0.13680398509633918 224
1757565290736 0.012008293919892284 225
1757565290837 0.0392868841141204 226
1757565290941 0.24403582710588845 227
1757565291040 0.048662990592382646 228
1757565291136 0.0007407912647272258 229
1757565291240 0.025402722717577556 230
1757565291337 0.919565173836311 231
1757565291433 0.030478656030717782 232
1757565291529 0.12582480638811946 233
1757565291630 0.0016079589711126636 234
1757565291727 0.22499309890571048 235
1757565291845 0.013389341687487556 236
1757565291944 0.0013973072197187792 237
1757565292039 0.2468453310710417 238
1757565292136 0.008588837073290535 239
1757565292273 0.1242757320364763 240
1757565292374 0.18662825062859711 241
1757565292499 0.5648833130681342 242
1757565292605 0.007063335011443504 243
1757565292756 0.0004051704744243282 244
1757565292910 0.12336318617996188 245
1757565293038 0.00037768290503348946 246
1757565293134 0.13757384358669855 247
1757565293244 0.0847148929256695 248
1757565293376 0.010617640911463581 249
1757565293468 0.02259052064215675 250
1757565293564 0.029603385763048086 251
1757565293661 0.031027270892887093 252
1757565293764 2.888468857526588 253
1757565293875 0.006199525010769472 254
1757565293970 0.009034206347758604 255
1757565294065 0.03807815852387312 256
1757565294159 0.12179282778143759 257
1757565294267 0.1490845927986537 258
1757565294367 0.05284418638094297 259
1757565294463 0.6250604489860707 260
1757565294557 1.678591716565113e-05 261
1757565294657 0.29181258824488304 262
1757565294755 0.12334727060357767 263
1757565294864 0.042371385029438796 264
1757565294964 0.016040274633014332 265
1757565295067 0.0018804231987633127 266
1757565295163 0.0004959684855639659 267
1757565295260 0.1293377225072271 268
1757565295364 0.029622839668393727 269
1757565295476 0.07431075130717592 270
1757565295583 0.07863697196830524 271
1757565295686 0.004453326261789295 272
1757565295792 0.25537696602068627 273
1757565295909 0.15857479110322137 274
1757565296017 0.010663271018081644 275
1757565296120 0.06694536762278412 276
1757565296223 0.0004939762346382467 277
1757565296321 0.00426859512149739 278
1757565296420 0.06367410735514248 279
1757565296520 0.47429845479892885 280
1757565296620 0.006058726743598724 281
1757565296715 9.667619447148305e-05 282
1757565296816 0.002042298116925512 283
1757565296922 0.058602882670735094 284
1757565297022 0.0003160552907726453 285
1757565297120 1.699529949298488e-06 286
1757565297216 0.01523252666357437 287
1757565297312 0.14814969578635878 288
1757565297421 0.31349601445262604 289
1757565297522 0.5396922057912041 290
1757565297629 0.0032149334794672746 291
1757565297776 0.14849303204398326 292
1757565297885 0.00913927838039973 293
1757565298005 0.035312134134026174 294
1757565298111 0.06658959533609538 295
1757565298215 0.04781531851409176 296
1757565298310 0.32066114098953613 297
1757565298414 0.08777760986425878 298
1757565298518 0.02117563442391295 299
1757565298615 0.030388505984537816 300
1757565298716 0.08891751415219973 301
1757565298836 0.05822184476504169 302
1757565298948 0.06338232684027015 303
1757565299049 0.1852007854686664 304
1757565299143 0.016715373721114514 305
1757565299242 0.46823626057577467 306
1757565299342 0.034672805540329914 307
1757565299440 0.009112800864643531 308
1757565299543 0.0016832864920243494 309
1757565299637 0.0024666857202799227 310
1757565299736 0.0022673416370904602 311
1757565299834 0.011045615329247067 312
1757565299929 0.28976751818234003 313
1757565300037 0.06848414211987772 314
1757565300135 0.10396070217609447 315
1757565300235 0.028840956548688002 316
1757565300338 0.1326539623891874 317
1757565300446 0.29108940476497114 318
1757565300554 0.1450305698552693 319
1757565300650 0.0022007303447143137 320
1757565300743 0.24406980696370772 321
1757565300835 0.0352487616892982 322
1757565300935 0.046643161464856614 323
1757565301036 0.002507320162491186 324
1757565301134 0.00335892978348549 325
1757565301251 0.3032714300773102 326
1757565301383 0.008359323372714889 327
1757565301485 0.0019187690596818767 328
1757565301600 0.062323552053304816 329
1757565301697 0.011629155737182975 330
1757565301792 0.000676920736455884 331
1757565301884 0.17049879657083455 332
1757565301987 0.00096780153373623 333
1757565302096 0.05490711459870996 334
1757565302196 0.008453908150502681 335
1757565302334 0.0560297186987155 336
1757565302436 0.024354808857273938 337
1757565302531 0.289000376481274 338
1757565302630 0.05518062468728122 339
1757565302730 0.0001915862399671493 340
1757565302830 0.062258667207714745 341
1757565303001 0.08018722967676682 342
1757565303107 0.013500508926053395 343
1757565303374 0.28526192404521616 344
1757565303539 0.0786401725337647 345
1757565303684 0.3106606265001149 346
1757565303909 0.42134518907166324 347
1757565304147 0.023867853612695084 348
1757565304295 3.4336887388057522e-06 349
1757565304419 0.0652027661096426 350
1757565304525 0.013621790015182423 351
1757565304627 0.0028535971210156548 352
1757565304731 0.0663540069131921 353
1757565304834 0.005015828430811525 354
1757565304934 0.0005482354500989488 355
1757565305047 0.004724054916960024 356
1757565305143 0.018512427014836356 357
1757565305250 0.24358778102611345 358
1757565305346 0.0001532320430463327 359
1757565305461 0.07642717746614579 360
1757565305569 4.268182708274419e-06 361
1757565305681 0.00042873334052557317 362
1757565305790 0.24239566401944732 363
1757565305893 0.017906650541450245 364
1757565306011 0.0004255765659217694 365
1757565306118 0.17062252074261178 366
1757565306223 0.02750273869836944 367
1757565306324 0.45576833940279987 368
1757565306485 0.0006159001233845916 369
1757565306583 0.3727708170020285 370
1757565306682 0.0203779117826748 371
1757565306788 0.1318632171781354 372
1757565306897 0.32697740070031595 373
1757565307139 0.0012316034125050821 374
1757565307273 0.024329816980664578 375
1757565307403 0.09478246088115616 376
1757565307503 0.6410924109519653 377
1757565307602 0.0003717214729047611 378
1757565307701 0.047314929743241245 379
1757565307804 0.01355938153526872 380
1757565307905 0.02252038735838381 381
1757565308002 0.16568838246482612 382
1757565308117 0.30217731738476716 383
1757565308218 0.019774654824076317 384
1757565308324 0.003286174671261144 385
1757565308424 0.05098814423307599 386
1757565308521 0.11716662350619896 387
1757565308622 0.21842168284848745 388
1757565308724 0.08813429721441032 389
1757565308826 0.17864267853397092 390
1757565308924 0.13730285494937064 391
1757565309023 0.21553369054629623 392
1757565309122 0.10478147106706355 393
1757565309233 0.04041452939947722 394
1757565309335 0.04862782745537388 395
1757565309434 0.0005404384050969017 396
1757565309533 0.028087632383543053 397
1757565309632 0.042482574775149363 398
1757565309732 0.1460038410205198 399
1757565309829 0.030055085493416355 400
1757565309928 0.30815228293205965 401
1757565310025 0.17192152508747613 402
1757565310126 0.0003366005774113592 403
1757565310258 0.10878366966861025 404
1757565310366 0.49813116599577456 405
1757565310471 0.03674553627402978 406
1757565310593 0.3427855600988581 407
1757565310689 0.03589118121971375 408
1757565310787 0.2664021625773649 409
1757565310886 0.0555431543622319 410
1757565310977 0.0782298912579465 411
1757565311067 0.0004034564814741266 412
1757565311196 0.15659808532466554 413
1757565311316 0.05924537269075298 414
1757565311420 0.004867744824536894 415
1757565311518 0.06755059700539945 416
1757565311618 0.062426095714591075 417
1757565311718 0.29573373017013177 418
1757565311818 0.010635648660388198 419
1757565311933 0.015461023794465423 420
1757565312033 0.37305509891148303 421
1757565312133 0.06542614170194772 422
1757565312242 0.0012762963838567297 423
1757565312343 0.4070113997227118 424
1757565312449 6.47046310851704e-05 425
1757565312549 0.008418406392947391 426
1757565312644 0.15930820046079108 427
1757565312744 0.005276412685679288 428
1757565312841 0.12681335186098885 429
1757565312938 0.07809893799263003 430
1757565313034 0.07188440573416569 431
1757565313137 0.003093145664480752 432
1757565313251 0.7935237079867781 433
1757565313350 0.04684897694569063 434
1757565313454 0.02074505619149694 435
1757565313555 0.17055126277592308 436
1757565313655 0.00042117225815125524 437
1757565313753 0.001137657318261514 438
1757565313854 0.062340246144583306 439
1757565313957 0.10813820155653865 440
1757565314061 0.16607476217238554 441
1757565314156 0.0804423224703763 442
1757565314260 2.5689857635893613e-06 443
1757565314360 0.027480201528676 444
1757565314462 0.00015355012340855182 445
1757565314565 0.004821869367135801 446
1757565314666 0.006887044192439704 447
1757565314766 0.5747436950059194 448
1757565314866 0.0038643954528832752 449
1757565314967 0.024031644614014237 450
1757565315073 0.0004400541009491032 451
1757565315173 0.1028583056708495 452
1757565315270 0.1382785069655709 453
1757565315368 0.035254070537689274 454
1757565315464 0.02473801328710906 455
1757565315567 0.35770353874261657 456
1757565315668 0.015130623297917018 457
1757565315767 2.3152743634806044e-05 458
1757565315867 0.02559075012204484 459
1757565315962 0.2972504271416629 460
1757565316062 0.00326234293750298 461
1757565316163 0.011654484669123994 462
1757565316269 0.00017184894531125457 463
1757565316393 0.007523573635281676 464
1757565316635 0.31210333123274536 465
1757565316792 0.36558200920346007 466
1757565316934 0.002961023109302093 467
1757565317119 0.17240276199540208 468
1757565317330 0.026044417064477195 469
1757565317433 0.5255002775189357 470
1757565317532 0.6672113033418817 471
1757565317639 0.02814553186719321 472
1757565317735 0.027672535792640295 473
1757565317836 0.08396959964725333 474
1757565317936 0.038841482324750265 475
1757565318038 0.04049697381360264 476
1757565318142 0.027612364376054757 477
1757565318241 0.0023122626573344263 478
1757565318352 0.07120625558042754 479
1757565318453 0.004246322417474922 480
1757565318552 0.04622598161090557 481
1757565318656 3.200865106067834e-05 482
1757565318754 0.00831441169805823 483
1757565318855 0.14687280850303716 484
1757565318956 0.7078280112513123 485
1757565319057 0.10712950580621922 486
1757565319164 0.03358119798571469 487
1757565319267 0.10699353931845094 488
1757565319379 0.008441283978955298 489
1757565319508 0.08550346708066672 490
1757565319609 0.059263125657482665 491
1757565319714 0.1507463337346363 492
1757565319811 0.3151208553702839 493
1757565319908 0.003449128237347226 494
1757565320000 1.1688243051277076 495
1757565320125 0.2897563001317336 496
1757565320240 0.2184374159109409 497
1757565320351 0.025016053021125105 498
1757565320448 0.09037845385469317 499
