1757496760396 30.631795588601808 0
1757496760445 11.978085178273707 1
1757496760494 9.859041379066257 2
1757496760544 5.906333853407193 3
1757496760601 4.384677034084383 4
1757496760671 2.3601193216219993 5
1757496760724 1.8016983591671654 6
1757496760790 1.1185863708806345 7
1757496760844 1.051987573396804 8
1757496760911 0.6986800608982757 9
1757496760965 0.5035170075117419 10
1757496761018 0.4819164290619994 11
1757496761078 0.33938593534434003 12
1757496761151 0.23613812186169933 13
1757496761209 0.2807370295981239 14
1757496761262 0.25785602229728877 15
1757496761321 0.17853250941998952 16
1757496761372 0.19102029614490823 17
1757496761457 0.16078269963667952 18
1757496761529 0.1446514916166316 19
1757496761618 0.25060541333750563 20
1757496761695 0.1259873056631509 21
1757496761771 0.1491733555896687 22
1757496761832 0.0971311561765808 23
1757496761887 0.10626838081333616 24
1757496761941 0.15036702479446631 25
1757496761997 0.1652063180016769 26
1757496762051 0.10758427850597632 27
1757496762111 0.13670522613646865 28
1757496762167 0.11631806797347558 29
1757496762223 0.11995792896744396 30
1757496762276 0.1443803396390533 31
1757496762336 0.14948758030686837 32
1757496762390 0.1681983810821837 33
1757496762442 0.12004532305358079 34
1757496762495 0.15851996491910325 35
1757496762545 0.12741481517256875 36
1757496762597 0.12593323810779516 37
1757496762649 0.09802264568770994 38
1757496762699 0.18098501953119217 39
1757496762749 0.5019892520579353 40
1757496762801 0.1076894985312779 41
1757496762856 0.0758446925828716 42
1757496762907 0.16723662955962693 43
1757496762958 0.16914824693355468 44
1757496763010 0.13172375878653486 45
1757496763062 0.14687523443516462 46
1757496763113 0.11823781267398528 47
1757496763163 0.16970142955402123 48
1757496763214 0.11418952874525595 49
1757496763266 0.165764943316296 50
1757496763322 0.15797835974459334 51
1757496763375 0.15836904760279755 52
1757496763425 0.09829340828949278 53
1757496763476 0.11107155929783323 54
1757496763526 0.12067663354774018 55
1757496763615 0.2131201159315301 56
1757496763739 0.17294850148897953 57
1757496763841 0.11296180912768136 58
1757496763923 0.14562250301256108 59
1757496763995 0.10377714112561792 60
1757496764068 0.13671270194966448 61
1757496764202 0.15328339864771995 62
1757496764304 0.14934045993910242 63
1757496764368 0.15447724593568968 64
1757496764420 0.15528905442001464 65
1757496764474 0.15117271266268428 66
1757496764526 0.14568043328483424 67
1757496764577 0.16402003409159513 68
1757496764628 0.14714277421375455 69
1757496764682 0.155584939724712 70
1757496764731 0.1508942086291594 71
1757496764782 0.119535974554702 72
1757496764834 0.12602148549430536 73
1757496764885 0.1702546299456319 74
1757496764935 0.1819599178100898 75
1757496764984 0.12851917914910418 76
1757496765034 0.126003739646049 77
1757496765083 0.17884150178935132 78
1757496765133 0.12582841421207233 79
1757496765184 0.1453033047612832 80
1757496765233 0.15906978506999842 81
1757496765288 0.11803052528756812 82
1757496765336 0.21669165546730215 83
1757496765394 0.14601672006644356 84
1757496765442 0.16709904994299665 85
1757496765493 0.2451623726033881 86
1757496765541 0.14153039311892018 87
1757496765590 0.11905193557363417 88
1757496765638 0.11233002765677397 89
1757496765689 0.1444040925947788 90
1757496765736 0.11868610224652587 91
1757496765785 0.18020527001614434 92
1757496765833 0.135918610484414 93
1757496765882 0.17255871873690026 94
1757496765929 0.07064443447459051 95
1757496765977 0.1669785591524198 96
1757496766027 0.1293294817649514 97
1757496766076 0.1485935503919344 98
1757496766123 0.11789540940057938 99
1757496766173 0.10815294749932866 100
1757496766223 0.08898533289875084 101
1757496766276 0.1416500476416469 102
1757496766324 0.16685757343425892 103
1757496766380 0.1296548389224574 104
1757496766433 0.11140702964451647 105
1757496766482 0.07871165573095405 106
1757496766531 0.11675517712323297 107
1757496766580 0.12654362329115032 108
1757496766631 0.11122466871811171 109
1757496766680 0.16927986442851473 110
1757496766728 0.14580616054638154 111
1757496766777 0.1201724094641857 112
1757496766827 0.18346074513590654 113
1757496766877 0.09448158972570285 114
1757496766930 0.17425131190452273 115
1757496766980 0.11575997855692055 116
1757496767030 0.11957292139855598 117
1757496767078 0.12420299027036243 118
1757496767127 0.16061173349499816 119
1757496767177 0.17235085876587605 120
1757496767227 0.1422171350183177 121
1757496767278 0.1330090725213399 122
1757496767328 0.11754868949507587 123
1757496767379 0.16091866453406634 124
1757496767437 0.130751953553804 125
1757496767487 0.13023686765268558 126
1757496767539 0.3285583796852096 127
1757496767590 0.14773649209862877 128
1757496767641 0.14943679276983793 129
1757496767694 0.23937584698409936 130
1757496767745 0.16400679966102844 131
1757496767800 0.12118317410780395 132
1757496767850 0.1232243202257715 133
1757496767901 0.16587622954234288 134
1757496767952 0.14292586779514033 135
1757496768003 0.11881514025612583 136
1757496768057 0.13404139707732374 137
1757496768110 0.17619752581638873 138
1757496768163 0.154712084586816 139
1757496768219 0.4351098226295281 140
1757496768273 0.18759473627828238 141
1757496768326 0.13953763648627893 142
1757496768380 0.13213196369621286 143
1757496768439 0.1041270068538175 144
1757496768491 0.13561813179170837 145
1757496768542 0.1762744155577196 146
1757496768593 0.12105797892008426 147
1757496768644 0.17686421262108284 148
1757496768696 0.12093642258027307 149
1757496768747 0.2845361146545306 150
1757496768797 0.08421993180950185 151
1757496768847 0.11483826623458282 152
1757496768900 0.12085274056340031 153
1757496768954 0.1127759485367222 154
1757496769006 0.15238462815625584 155
1757496769057 0.10495872386316053 156
1757496769106 0.3954219701604691 157
1757496769157 0.10431146709457036 158
1757496769208 0.14432138638765146 159
1757496769258 0.09220488418629677 160
1757496769310 0.1096368654210308 161
1757496769386 0.22673776828515566 162
1757496769460 0.16947367385766912 163
1757496769522 0.09765334369237089 164
1757496769586 0.183695521455513 165
1757496769644 0.23126448818614045 166
1757496769699 0.16920136456728713 167
1757496769753 0.19467683651865342 168
1757496769808 0.12930162075169446 169
1757496769871 0.09124338361303609 170
1757496769949 0.1837448901304742 171
1757496770005 0.10141058615972927 172
1757496770059 0.3043809532084357 173
1757496770112 0.14109874041768886 174
1757496770167 0.128470123352823 175
1757496770221 0.13055547308459292 176
1757496770275 0.1593792406406198 177
1757496770331 0.15005262486959442 178
1757496770429 0.16500440417049278 179
1757496770491 0.1646125834246008 180
1757496770545 0.15035834632055584 181
1757496770599 0.1180678818522839 182
1757496770654 0.11990582296637407 183
1757496770710 0.1375316796261502 184
1757496770771 0.2974911429448303 185
1757496770827 0.10654522384510223 186
1757496770879 0.23931214858817706 187
1757496770930 0.16458122619755602 188
1757496770984 0.1182865133836604 189
1757496771046 0.1726604002318442 190
1757496771098 0.16179121901399898 191
1757496771149 0.11233215261799595 192
1757496771202 0.18875182760054124 193
1757496771254 0.12945753761452744 194
1757496771308 0.16743222485715079 195
1757496771399 0.1496850901859087 196
1757496771528 0.14712173793431557 197
1757496771640 0.1402540569189766 198
1757496771741 0.122361063783521 199
1757496771796 0.08470777275986878 200
1757496771871 0.16375342878149865 201
1757496772024 0.24925676676681452 202
1757496772111 0.11717904512820133 203
1757496772168 0.4612355835338714 204
1757496772224 0.20000320169547678 205
1757496772280 0.12545672447159656 206
1757496772336 0.14261678442562806 207
1757496772391 0.12987843174148136 208
1757496772446 0.13177612132738264 209
1757496772509 0.1648658724350787 210
1757496772563 0.14396902225803518 211
1757496772618 0.1891478677480368 212
1757496772670 0.13581436819622525 213
1757496772723 0.17966473319523907 214
1757496772777 0.1603986074710994 215
1757496772832 0.22469752256942319 216
1757496772885 0.1145096770941011 217
1757496772938 0.11939896220049451 218
1757496772991 0.13558366096964672 219
1757496773045 0.18447833242284312 220
1757496773098 0.10670024654139786 221
1757496773150 0.09576205143847555 222
1757496773203 0.13943251877099164 223
1757496773255 0.11025817677385123 224
1757496773317 0.1406519878693247 225
1757496773376 0.10434562751533946 226
1757496773438 0.13029860527172885 227
1757496773494 0.09510989956485273 228
1757496773556 0.15555033652121214 229
1757496773611 0.1603807151379145 230
1757496773665 0.11334355296100468 231
1757496773719 0.16940692393817594 232
1757496773773 0.12959067241674815 233
1757496773828 0.1708823792973185 234
1757496773880 0.18032040682299852 235
1757496773932 0.14201196115195075 236
1757496773985 0.14056485984603356 237
1757496774038 0.12339095360495314 238
1757496774090 0.1498547914678481 239
1757496774144 0.14770298801735277 240
1757496774200 0.17005211631225736 241
1757496774256 0.23908910943856226 242
1757496774312 0.1443233753367571 243
1757496774365 0.11666216157876771 244
1757496774418 0.17302502638236844 245
1757496774470 0.12988728667889818 246
1757496774523 0.1331692220536354 247
1757496774582 0.15564823521520746 248
1757496774636 0.12105809203294005 249
1757496774688 0.15351798496627528 250
1757496774740 0.13733182870618815 251
1757496774792 0.1071898931192621 252
1757496774845 0.19095920418658852 253
1757496774898 0.15900171695813922 254
1757496774949 0.15833270615011005 255
1757496775004 0.16227218410929578 256
1757496775058 0.18103040811441556 257
1757496775110 0.14700240362275888 258
1757496775162 0.2019256768661233 259
1757496775216 0.13563667676900923 260
1757496775269 0.228792825146763 261
1757496775321 0.1257386425582222 262
1757496775379 0.16088715643817358 263
1757496775453 0.10851625080905009 264
1757496775508 0.110735010854597 265
1757496775572 0.1454792475352506 266
1757496775628 0.158195531480211 267
1757496775682 0.1062623738668896 268
1757496775737 0.20286383643055142 269
1757496775791 0.1111325956435684 270
1757496775846 0.14121129630416365 271
1757496775903 0.12375088695366755 272
1757496775964 0.11597891773251691 273
1757496776020 0.1314204427350022 274
1757496776081 0.10070303427899832 275
1757496776138 0.16553692746466572 276
1757496776193 0.17556608613751395 277
1757496776248 0.13838794557035644 278
1757496776306 0.13535827523702362 279
1757496776360 0.14409641662221737 280
1757496776416 0.10676125187477699 281
1757496776475 0.19773919844108406 282
1757496776531 0.12080329046678398 283
1757496776595 0.15152775490354395 284
1757496776649 0.23443703915837094 285
1757496776704 0.13480642575754748 286
1757496776759 0.18233384060897373 287
1757496776814 0.17703898425645942 288
1757496776868 0.13001781448121413 289
1757496776922 0.1482501354925417 290
1757496776976 0.2567213287186343 291
1757496777031 0.21055761331101547 292
1757496777086 0.11368992896289186 293
1757496777141 0.10783944931672672 294
1757496777194 0.1057132017256449 295
1757496777247 0.1684638859776879 296
1757496777302 0.17790873866227133 297
1757496777356 0.10004591255715219 298
1757496777409 0.15755914175398783 299
1757496777463 0.16237135924562227 300
1757496777519 0.135092845455553 301
1757496777573 0.13469132093291045 302
1757496777658 0.18536292258529347 303
1757496777717 0.12467393634423535 304
1757496777776 0.14214373287339097 305
1757496777837 0.20097335999733787 306
1757496777894 0.12227393589622261 307
1757496777955 0.17020136612383666 308
1757496778016 0.18331334343431865 309
1757496778094 0.15368602218887484 310
1757496778190 0.1374021568913622 311
1757496778251 0.15631544613726284 312
1757496778310 0.13019381922095205 313
1757496778370 0.1611380952101194 314
1757496778429 0.2394141251403196 315
1757496778487 0.11414672415345956 316
1757496778545 0.18048917402821174 317
1757496778602 0.19189967549526707 318
1757496778669 0.13530626980164373 319
1757496778727 0.2789241366645749 320
1757496778784 0.14888585698819942 321
1757496778843 0.1544531149852219 322
1757496778900 0.10345699849095935 323
1757496778956 0.09871803931233902 324
1757496779011 0.20628383425482544 325
1757496779067 0.1486077882533775 326
1757496779123 0.125250900674415 327
1757496779178 0.21882886252465114 328
1757496779234 0.12512195090165038 329
1757496779290 0.19691653626234093 330
1757496779344 0.12274638536283823 331
1757496779399 0.1474782661852662 332
1757496779455 0.2247793172372512 333
1757496779510 0.14880503600700712 334
1757496779600 0.15453731324744277 335
1757496779722 0.3207289106546999 336
1757496779841 0.17863437416687436 337
1757496779913 0.12013896273648912 338
1757496779990 0.14737287804622054 339
1757496780137 0.12948451832653474 340
1757496780230 0.10364785256691345 341
1757496780379 0.10973604301893841 342
1757496780486 0.20012033679164165 343
1757496780547 0.22201924714011942 344
1757496780612 0.11406708884435907 345
1757496780677 0.12993403433163064 346
1757496780737 0.14582540876929867 347
1757496780796 0.15928544207007075 348
1757496780854 0.1790984900673002 349
1757496780913 0.15931439155788224 350
1757496780972 0.12059718038833578 351
1757496781037 0.08381756015958164 352
1757496781106 0.15917935986497508 353
1757496781166 0.17131012283857344 354
1757496781229 0.20128293429232497 355
1757496781295 0.1532025266285251 356
1757496781353 0.13193779906936565 357
1757496781413 0.15707567490406496 358
1757496781471 0.17849809853606885 359
1757496781530 0.17756296647407965 360
1757496781588 0.10992817890169675 361
1757496781645 0.1009483105378817 362
1757496781711 0.09864185580994907 363
1757496781767 0.12967821612926947 364
1757496781824 0.10665072155525775 365
1757496781880 0.16633673808075228 366
1757496781935 0.10851840734893176 367
1757496781990 0.1343259193914833 368
1757496782046 0.15254942961590368 369
1757496782101 0.21250102718605957 370
1757496782156 0.15330552903699124 371
1757496782211 0.11825305080516768 372
1757496782266 0.09744874364700269 373
1757496782320 0.1566204695741659 374
1757496782374 0.10369821242522954 375
1757496782431 0.09091665758411017 376
1757496782486 0.22548574502243315 377
1757496782542 0.11439328830525775 378
1757496782598 0.13887219201238576 379
1757496782653 0.11436006871368598 380
1757496782717 0.13696005124393593 381
1757496782772 0.146105810428605 382
1757496782828 0.14442616039609507 383
1757496782882 0.1046406975089202 384
1757496782936 0.15198391505370035 385
1757496782991 0.14552710597889204 386
1757496783047 0.14217415439471254 387
1757496783102 0.13742746436351322 388
1757496783158 0.1966032706302465 389
1757496783213 0.3557337018648614 390
1757496783268 0.12295198152261938 391
1757496783323 0.14322299236470587 392
1757496783379 0.15623457190594453 393
1757496783433 0.14469611466660073 394
1757496783489 0.171288403035366 395
1757496783544 0.17065668870311737 396
1757496783600 0.14163331344188473 397
1757496783657 0.14731200062697059 398
1757496783722 0.12827741741014737 399
1757496783779 0.12021625189297538 400
1757496783834 0.14993447318066325 401
1757496783889 0.16757106141434006 402
1757496783945 0.1800373591893051 403
1757496784001 0.1472287547720618 404
1757496784057 0.21388381167159992 405
1757496784112 0.13157775952922884 406
1757496784168 0.4109948531415978 407
1757496784223 0.11594290509934337 408
1757496784279 0.11323332098814437 409
1757496784334 0.11322654004099922 410
1757496784391 0.14960072411622208 411
1757496784445 0.14192319526747496 412
1757496784501 0.13465190152081238 413
1757496784557 0.1306875560944238 414
1757496784614 0.08868820000567286 415
1757496784671 0.09876888497128562 416
1757496784735 0.09434908196364233 417
1757496784792 0.19654227298997579 418
1757496784847 0.11228286922028813 419
1757496784902 0.20015026007177394 420
1757496784959 0.13357860170103392 421
1757496785015 0.12394384529949437 422
1757496785071 0.10041362749676772 423
1757496785127 0.1405145150684984 424
1757496785184 0.13633683720407902 425
1757496785240 0.1442661107192855 426
1757496785295 0.20365492600426988 427
1757496785351 0.14478162554084648 428
1757496785409 0.1226429621525062 429
1757496785464 0.1855889551753336 430
1757496785520 0.32838544002904657 431
1757496785577 0.2071872728964381 432
1757496785633 0.15459484313363264 433
1757496785688 0.14222704568436445 434
1757496785752 0.13418412274094046 435
1757496785811 0.12590290385616434 436
1757496785891 0.14390058687988155 437
1757496785958 0.1722367428389834 438
1757496786025 0.13041644851452774 439
1757496786090 0.16242108842304737 440
1757496786149 0.11965829235227529 441
1757496786210 0.15535369917425365 442
1757496786271 0.16375640753256432 443
1757496786352 0.12282878444314621 444
1757496786431 0.1774004598440124 445
1757496786491 0.15465970864920797 446
1757496786552 0.13787731554132865 447
1757496786613 0.17692173552751952 448
1757496786673 0.12314882157610142 449
1757496786732 0.15438873791314295 450
1757496786801 0.12228228334431424 451
1757496786863 0.11834665636284973 452
1757496786924 0.11331225942386731 453
1757496786982 0.10516941028029875 454
1757496787041 0.12102745123768431 455
1757496787099 0.10975163624556941 456
1757496787157 0.17272127919819255 457
1757496787215 0.12888526957784338 458
1757496787273 0.16616390952171156 459
1757496787330 0.1049154780215104 460
1757496787388 0.1045580497790729 461
1757496787446 0.12686455581422806 462
1757496787503 0.12597818705332164 463
1757496787560 0.1786467724564675 464
1757496787619 0.1054675219894131 465
1757496787708 0.1058120128473796 466
1757496787858 0.11684387122271862 467
1757496787966 0.1938062409648578 468
1757496788100 0.1447166838280285 469
1757496788211 0.19162155847497564 470
1757496788307 0.196197286981451 471
1757496788457 0.1516007512389018 472
1757496788547 0.16893196002089322 473
1757496788614 0.147006729488576 474
1757496788678 0.19458896589192903 475
1757496788740 0.21690588272665628 476
1757496788814 0.16648382737522752 477
1757496788877 0.10739127080604215 478
1757496788939 0.19460128388431205 479
1757496789000 0.1508349686728546 480
1757496789061 0.21908875859898488 481
1757496789121 0.13185638040072895 482
1757496789183 0.15127932917340584 483
1757496789243 0.14420213534354692 484
1757496789303 0.13731938847811168 485
1757496789363 0.12917023273174455 486
1757496789423 0.146553452158183 487
1757496789483 0.11565196723605578 488
1757496789543 0.13432341788717986 489
1757496789602 0.12039451414654262 490
1757496789663 0.1149868528360564 491
1757496789731 0.34516040039799195 492
1757496789794 0.13545367137365205 493
1757496789864 0.14458041800979704 494
1757496789925 0.16245787719279922 495
1757496789984 0.11655064542520789 496
1757496790042 0.15956093798545778 497
1757496790102 0.1283521757070803 498
1757496790173 0.1524004923587686 499
