1757336028129 168.13378170287146 0
1757336028156 62.93669203972541 1
1757336028181 75.00552120954194 2
1757336028205 52.18012988525543 3
1757336028229 51.021663919325825 4
1757336028252 43.59192953660608 5
1757336028276 41.018707294090945 6
1757336028301 37.50285355469903 7
1757336028329 35.27005586342204 8
1757336028356 33.05856081699568 9
1757336028381 31.293762309494976 10
1757336028411 29.676445430217232 11
1757336028441 28.27324615264723 12
1757336028469 26.99962547156864 13
1757336028494 25.855276229491484 14
1757336028519 24.808827229643317 15
1757336028545 23.850645687466006 16
1757336028572 22.965366039620235 17
1757336028597 22.144389355005565 18
1757336028621 21.378639931131936 19
1757336028646 20.661707268583438 20
1757336028672 19.987661448510178 21
1757336028697 19.35187238009324 22
1757336028723 18.750243839846387 23
1757336028749 18.1794153670752 24
1757336028774 17.636451750740857 25
1757336028803 17.118874500824592 26
1757336028828 16.624518798739988 27
1757336028852 16.151520346412028 28
1757336028876 15.698241868664509 29
1757336028900 15.263251950202426 30
1757336028924 14.84528364940674 31
1757336028948 14.443215410244976 32
1757336028973 14.056045948789686 33
1757336028997 13.682879247352329 34
1757336029022 13.322908393416963 35
1757336029048 12.975404343868409 36
1757336029073 12.63970504790922 37
1757336029100 12.315207171394428 38
1757336029124 12.001358523052254 39
1757336029160 11.697651970826243 40
1757336029186 11.403620028544335 41
1757336029210 11.118830360507937 42
1757336029235 10.842881831077737 43
1757336029259 10.575401153936324 44
1757336029283 10.316039959096434 45
1757336029310 10.064472269407304 46
1757336029337 9.820392290135041 47
1757336029362 9.583512487335069 48
1757336029388 9.353561899355698 49
1757336029414 9.130284656858906 50
1757336029439 8.913438676680126 51
1757336029467 8.702794508939494 52
1757336029493 8.498134314454859 53
1757336029522 8.299250956383075 54
1757336029552 8.1059471902209 55
1757336029581 7.9180349399575976 56
1757336029608 7.73533464906659 57
1757336029636 7.557674697155085 58
1757336029664 7.384890874033958 59
1757336029691 7.216825904313203 60
1757336029717 7.053329016432188 61
1757336029742 6.894255550933276 62
1757336029767 6.739466603422782 63
1757336029792 6.588828698292068 64
1757336029818 6.442213489758377 65
1757336029843 6.299497487237516 66
1757336029868 6.160561802429123 67
1757336029894 6.02529191582702 68
1757336029918 5.893577460645435 69
1757336029945 5.765312022398291 70
1757336029971 5.640392952579122 71
1757336029996 5.51872119507391 72
1757336030021 5.400201124098624 73
1757336030046 5.2847403925929015 74
1757336030074 5.172249790122725 75
1757336030099 5.062643109451091 76
1757336030124 4.9558370210286125 77
1757336030158 4.851750954737344 78
1757336030185 4.750306988292333 79
1757336030211 4.651429741768242 80
1757336030236 4.555046277773313 81
1757336030262 4.461086006841703 82
1757336030287 4.369480597657774 83
1757336030313 4.280163891764082 84
1757336030339 4.193071822437928 85
1757336030365 4.108142337451283 86
1757336030391 4.025315325455044 87
1757336030416 3.9445325457520815 88
1757336030442 3.865737561244274 89
1757336030467 3.7888756743574095 90
1757336030492 3.7138938657643696 91
1757336030519 3.640740735741855 92
1757336030546 3.5693664480093426 93
1757336030572 3.4997226759107467 94
1757336030598 3.4317625508102045 95
1757336030623 3.3654406125829643 96
1757336030650 3.3007127620912176 97
1757336030676 3.2375362155425833 98
1757336030704 3.1758694606361746 99
1757336030729 3.1156722144076547 100
1757336030755 3.056905382690718 101
1757336030780 2.9995310211177215 102
1757336030806 2.9435122975872834 103
1757336030832 2.888813456131033 104
1757336030858 2.8353997821159576 105
1757336030884 2.783237568722603 106
1757336030910 2.7322940846427604 107
1757336030936 2.6825375429436735 108
1757336030963 2.633937071048685 109
1757336030989 2.586462681786996 110
1757336031014 2.5400852454678216 111
1757336031040 2.4947764629365374 112
1757336031066 2.4505088395727093 113
1757336031092 2.407255660191824 114
1757336031117 2.3649909648145733 115
1757336031144 2.323689525269266 116
1757336031179 2.2833268225946366 117
1757336031207 2.2438790252118697 118
1757336031233 2.205322967836175 119
1757336031259 2.167636131099555 120
1757336031285 2.1307966218577765 121
1757336031311 2.094783154155723 122
1757336031339 2.059575030826489 123
1757336031365 2.025152125700664 124
1757336031392 1.9914948664032488 125
1757336031418 1.958584217716661 126
1757336031446 1.9264016654891498 127
1757336031472 1.8949292010688745 128
1757336031498 1.8641493062446697 129
1757336031524 1.8340449386753377 130
1757336031551 1.8045995177900216 131
1757336031577 1.7757969111429626 132
1757336031603 1.7476214212065604 133
1757336031629 1.720057772587346 134
1757336031656 1.6930910996500572 135
1757336031681 1.6667069345356016 136
1757336031709 1.6408911955592214 137
1757336031735 1.6156301759757363 138
1757336031761 1.5909105330992315 139
1757336031796 1.566719277765019 140
1757336031823 1.5430437641222103 141
1757336031850 1.5198716797455964 142
1757336031877 1.4971910360560796 143
1757336031905 1.4749901590391616 144
1757336031931 1.4532576802514852 145
1757336031958 1.4319825281057474 146
1757336031984 1.4111539194246745 147
1757336032010 1.3907613512550745 148
1757336032036 1.3707945929333263 149
1757336032063 1.3512436783939705 150
1757336032090 1.3320988987133513 151
1757336032116 1.3133507948805778 152
1757336032142 1.294990150788329 153
1757336032171 1.2770079864362924 154
1757336032211 1.2593955513402806 155
1757336032243 1.242144318140354 156
1757336032270 1.2252459764014207 157
1757336032296 1.20869242660014 158
1757336032323 1.1924757742920489 159
1757336032351 1.1765883244531403 160
1757336032379 1.1610225759902386 161
1757336032407 1.1457712164147962 162
1757336032434 1.1308271166748496 163
1757336032461 1.116183326140098 164
1757336032488 1.1018330677352155 165
1757336032521 1.087769733216702 166
1757336032548 1.0739868785887032 167
1757336032576 1.060478219653412 168
1757336032603 1.0472376276918012 169
1757336032630 1.0342591252706002 170
1757336032657 1.0215368821715165 171
1757336032684 1.0090652114389032 172
1757336032712 0.9968385655421477 173
1757336032739 0.9848515326492214 174
1757336032766 0.9730988330079017 175
1757336032793 0.9615753154313528 176
1757336032820 0.9502759538848153 177
1757336032862 0.939195844170281 178
1757336032889 0.9283302007061198 179
1757336032918 0.9176743533987535 180
1757336032944 0.9072237446035467 181
1757336032972 0.8969739261721601 182
1757336032999 0.8869205565837438 183
1757336033027 0.8770593981574049 184
1757336033054 0.8673863143434708 185
1757336033082 0.857897267091158 186
1757336033109 0.8485883142903295 187
1757336033136 0.8394556072851018 188
1757336033163 0.8304953884571165 189
1757336033200 0.8217039888764073 190
1757336033229 0.8130778260178053 191
1757336033256 0.8046134015409192 192
1757336033283 0.7963072991318074 193
1757336033310 0.788156182404473 194
1757336033338 0.7801567928604202 195
1757336033367 0.7723059479045219 196
1757336033395 0.7646005389155606 197
1757336033423 0.7570375293697887 198
1757336033450 0.7496139530159608 199
1757336033479 0.7423269121003175 200
1757336033507 0.7351735756400473 201
1757336033535 0.7281511777438067 202
1757336033562 0.721257015977914 203
1757336033591 0.7144884497768812 204
1757336033618 0.7078428988970069 205
1757336033646 0.7013178419117441 206
1757336033673 0.6949108147476585 207
1757336033700 0.6886194092597854 208
1757336033728 0.6824412718452508 209
1757336033756 0.6763741020940467 210
1757336033783 0.6704156514758878 211
1757336033811 0.6645637220621314 212
1757336033838 0.6588161652817189 213
1757336033867 0.6531708807102009 214
1757336033895 0.6476258148908723 215
1757336033923 0.64217896018713 216
1757336033951 0.636828353665127 217
1757336033979 0.6315720760058978 218
1757336034007 0.6264082504461004 219
1757336034034 0.6213350417465724 220
1757336034062 0.6163506551879078 221
1757336034090 0.6114533355923096 222
1757336034118 0.6066413663709616 223
1757336034146 0.6019130685962079 224
1757336034173 0.5972668000978621 225
1757336034210 0.5927009545829423 226
1757336034263 0.588213960778208 227
1757336034306 0.5838042815948448 228
1757336034341 0.5794704133146874 229
1757336034378 0.5752108847973878 230
1757336034411 0.5710242567079498 231
1757336034439 0.5669091207640558 232
1757336034469 0.5628640990026521 233
1757336034498 0.5588878430652696 234
1757336034526 0.5549790335015408 235
1757336034554 0.5511363790904426 236
1757336034586 0.5473586161787645 237
1757336034618 0.5436445080363351 238
1757336034681 0.5399928442275567 239
1757336034716 0.5364024399987932 240
1757336034745 0.5328721356811963 241
1757336034774 0.529400796108542 242
1757336034802 0.5259873100496695 243
1757336034830 0.5226305896551441 244
1757336034862 0.5193295699177448 245
1757336034890 0.5160832081464153 246
1757336034919 0.5128904834533107 247
1757336034948 0.5097503962536014 248
1757336034976 0.5066619677776801 249
1757336035005 0.5036242395954459 250
1757336035033 0.5006362731523553 251
1757336035062 0.4976971493169076 252
1757336035091 0.49480596793928233 253
1757336035119 0.49196184742081916 254
1757336035147 0.4891639242940617 255
1757336035176 0.48641135281308207 256
1757336035205 0.4837033045538261 257
1757336035245 0.4810389680242006 258
1757336035275 0.47841754828366306 259
1757336035303 0.4758382665720582 260
1757336035332 0.4733003599474534 261
1757336035361 0.47080308093275663 262
1757336035390 0.468345697170871 263
1757336035419 0.46592749108817455 264
1757336035448 0.46354775956610356 265
1757336035476 0.4612058136206403 266
1757336035505 0.4589009780894836 267
1757336035534 0.45663259132672673 268
1757336035563 0.4544000049048292 269
1757336035592 0.4522025833237116 270
1757336035622 0.45003970372677476 271
1757336035651 0.44791075562368615 272
1757336035679 0.44581514061974037 273
1757336035708 0.4437522721516378 274
1757336035738 0.4417215752295264 275
1757336035767 0.4397224861851231 276
1757336035796 0.43775445242578365 277
1757336035825 0.4358169321943605 278
1757336035854 0.4339093943347079 279
1757336035884 0.4320313180626805 280
1757336035913 0.4301821927425046 281
1757336035942 0.4283615176683711 282
1757336035971 0.42656880185112706 283
1757336036001 0.42480356380993956 284
1757336036030 0.4230653313688069 285
1757336036059 0.4213536414577853 286
1757336036088 0.4196680399188365 287
1757336036127 0.41800808131615974 288
1757336036159 0.4163733287509022 289
1757336036191 0.41476335368015593 290
1757336036233 0.4131777357401036 291
1757336036269 0.4116160625732477 292
1757336036301 0.4100779296595914 293
1757336036335 0.4085629401516843 294
1757336036388 0.4070707047134564 295
1757336036441 0.4056008413627123 296
1757336036496 0.4041529753172276 297
1757336036542 0.4027267388443407 298
1757336036589 0.4013217711139635 299
1757336036635 0.3999377180549256 300
1757336036681 0.3985742322145681 301
1757336036723 0.3972309726215151 302
1757336036768 0.3959076046515353 303
1757336036814 0.39460379989642697 304
1757336036860 0.3933192360358579 305
1757336036905 0.3920535967120735 306
1757336036949 0.3908065714074175 307
1757336036994 0.3895778553245901 308
1757336037055 0.38836714926958915 309
1757336037112 0.38717415953724743 310
1757336037168 0.3859985977993331 311
1757336037229 0.38484018099513 312
1757336037290 0.383698631224446 313
1757336037349 0.3825736756429908 314
1757336037409 0.38146504636007383 315
1757336037465 0.380372480338553 316
1757336037521 0.37929571929699524 317
1757336037579 0.3782345096139853 318
1757336037634 0.37718860223454137 319
1757336037690 0.37615775257857936 320
1757336037743 0.3751417204513864 321
1757336037799 0.37414026995604943 322
1757336037852 0.3731531694077888 323
1757336037908 0.3721801912501739 324
1757336037964 0.37122111197314367 325
1757336038020 0.3702757120328204 326
1757336038073 0.3693437757730562 327
1757336038125 0.3684250913486811 328
1757336038183 0.3675194506504071 329
1757336038238 0.3666266492313541 330
1757336038298 0.365746486235154 331
1757336038361 0.36487876432561134 332
1757336038432 0.36402328961786024 333
1757336038487 0.3631798716110113 334
1757336038542 0.36234832312222587 335
1757336038599 0.36152846022220897 336
1757336038780 0.36072010217207034 337
1757336039012 0.3599230713615389 338
1757336039144 0.35913719324847954 339
1757336039199 0.3583622962997025 340
1757336039310 0.3575982119330242 341
1757336039437 0.35684477446054635 342
1757336039514 0.3561018210331465 343
1757336039600 0.35536919158612607 344
1757336039686 0.3546467287860067 345
1757336039797 0.35393427797844923 346
1757336039878 0.3532316871372571 347
1757336039949 0.35253880681445143 348
1757336039983 0.35185549009138867 349
1757336040019 0.35118159253090325 350
1757336040056 0.3505169721304367 351
1757336040090 0.3498614892761528 352
1757336040149 0.34921500669799854 353
1757336040238 0.3485773894256996 354
1757336040281 0.3479485047456643 355
1757336040317 0.34732822215878006 356
1757336040349 0.34671641333907965 357
1757336040444 0.3461129520932582 358
1757336040541 0.3455177143210182 359
1757336040595 0.34493057797623866 360
1757336040700 0.34435142302892674 361
1757336040791 0.343780131427961 362
1757336040826 0.3432165870645791 363
1757336040858 0.3426606757366277 364
1757336040940 0.3421122851135207 365
1757336041088 0.34157130470192704 366
1757336041191 0.3410376258121432 367
1757336041230 0.34051114152514766 368
1757336041299 0.3399917466603253 369
1757336041463 0.33947933774383443 370
1757336041597 0.33897381297762513 371
1757336041707 0.33847507220906103 372
1757336041807 0.3379830169011701 373
1757336041911 0.3374975501034743 374
1757336042019 0.3370185764234168 375
1757336042098 0.3365460019983492 376
1757336042137 0.33607973446808376 377
1757336042211 0.335619682947983 378
1757336042297 0.33516575800259546 379
1757336042341 0.33471787161980454 380
1757336042385 0.3342759371854926 381
1757336042443 0.33383986945870364 382
1757336042533 0.3334095845472984 383
1757336042645 0.3329849998840884 384
1757336042706 0.33256603420343295 385
1757336042860 0.3321526075183044 386
1757336042926 0.3317446410977937 387
1757336042988 0.3313420574450608 388
1757336043117 0.3309447802757164 389
1757336043190 0.3305527344966178 390
1757336043225 0.33016584618508354 391
1757336043258 0.3297840425685089 392
1757336043336 0.3294072520043735 393
1757336043373 0.3290354039606413 394
1757336043468 0.32866842899653315 395
1757336043524 0.32830625874367475 396
1757336043607 0.32794882588759955 397
1757336043691 0.3275960641496162 398
1757336043757 0.32724790826901656 399
1757336043846 0.32690429398562487 400
1757336043881 0.3265651580226827 401
1757336043942 0.32623043807005886 402
1757336044081 0.3259000727677766 403
1757336044117 0.3255740016898546 404
1757336044151 0.3252521653284584 405
1757336044183 0.3249345050783405 406
1757336044214 0.3246209632215881 407
1757336044247 0.32431148291264894 408
1757336044278 0.3240060081636421 409
1757336044310 0.3237044838299418 410
1757336044352 0.32340685559603477 411
1757336044385 0.3231130699616421 412
1757336044417 0.3228230742280953 413
1757336044449 0.32253681648497345 414
1757336044482 0.32225424559698335 415
1757336044514 0.321975311191086 416
1757336044546 0.32169996364385683 417
1757336044577 0.32142815406908765 418
1757336044609 0.32115983430561484 419
1757336044642 0.32089495690536535 420
1757336044674 0.3206334751216296 421
1757336044705 0.3203753428975473 422
1757336044737 0.3201205148548078 423
1757336044768 0.3198689462825488 424
1757336044800 0.31962059312646474 425
1757336044831 0.31937541197811203 426
1757336044863 0.31913336006440707 427
1757336044895 0.31889439523731594 428
1757336044927 0.31865847596373315 429
1757336044959 0.3184255613155398 430
1757336044991 0.3181956109598409 431
1757336045023 0.31796858514938314 432
1757336045056 0.31774444471313695 433
1757336045088 0.3175231510470598 434
1757336045121 0.31730466610501074 435
1757336045153 0.31708895238984025 436
1757336045185 0.3168759729446256 437
1757336045217 0.3166656913440788 438
1757336045249 0.316458071686087 439
1757336045281 0.3162530785834253 440
1757336045313 0.3160506771555976 441
1757336045355 0.31585083302083167 442
1757336045389 0.3156535122882123 443
1757336045421 0.3154586815499548 444
1757336045453 0.3152663078738092 445
1757336045485 0.3150763587956053 446
1757336045518 0.31488880231191924 447
1757336045551 0.3147036068728801 448
1757336045583 0.3145207413750883 449
1757336045616 0.31434017515466556 450
1757336045651 0.3141618779804265 451
1757336045684 0.31398582004716125 452
1757336045718 0.31381197196904426 453
1757336045751 0.31364030477314564 454
1757336045784 0.3134707898930632 455
1757336045815 0.31330339916266314 456
1757336045848 0.31313810480992094 457
1757336045881 0.3129748794508768 458
1757336045914 0.31281369608368836 459
1757336045946 0.31265452808278743 460
1757336045978 0.3124973491931387 461
1757336046011 0.31234213352458884 462
1757336046044 0.31218885554631803 463
1757336046077 0.3120374900813827 464
1757336046109 0.31188801230135266 465
1757336046145 0.31174039772103446 466
1757336046180 0.3115946221932878 467
1757336046213 0.31145066190392934 468
1757336046246 0.31130849336671723 469
1757336046280 0.31116809341842283 470
1757336046312 0.31102943921398757 471
1757336046354 0.3108925082217514 472
1757336046390 0.31075727821877525 473
1757336046425 0.31062372728622467 474
1757336046459 0.31049183380484374 475
1757336046492 0.31036157645049395 476
1757336046525 0.3102329341897768 477
1757336046559 0.3101058862757141 478
1757336046591 0.3099804122435169 479
1757336046624 0.30985649190640974 480
1757336046660 0.3097341053515316 481
1757336046693 0.3096132329358965 482
1757336046726 0.30949385528243145 483
1757336046758 0.309375953276065 484
1757336046791 0.30925950805989316 485
1757336046825 0.3091445010313944 486
1757336046858 0.3090309138387185 487
1757336046892 0.3089187283770246 488
1757336046925 0.3088079267848878 489
1757336046959 0.30869849144075356 490
1757336046993 0.30859040495946105 491
1757336047028 0.30848365018881063 492
1757336047062 0.30837821020619227 493
1757336047094 0.3082740683152744 494
1757336047128 0.3081712080427287 495
1757336047164 0.30806961313502174 496
1757336047197 0.307969267555254 497
1757336047230 0.3078701554800448 498
1757336047269 0.3077722612964718 499
