1757499059913 169.74924729500566 0
1757499059970 169.71530591368438 1
1757499060034 169.68232440706285 2
1757499060179 169.65027610615093 3
1757499060311 169.6191350800727 4
1757499060444 169.58887611561795 5
1757499060542 169.55947469736176 6
1757499060605 169.53090698833623 7
1757499060720 169.50314981123856 8
1757499060885 169.47618063016145 9
1757499061042 169.4499775328302 10
1757499061127 169.42451921333304 11
1757499061214 169.39978495533123 12
1757499061302 169.37575461573456 13
1757499061367 169.3524086088306 14
1757499061430 169.3297278908537 15
1757499061493 169.30769394498293 16
1757499061559 169.2862887667557 17
1757499061618 169.2654948498865 18
1757499061675 169.24529517247873 19
1757499061734 169.22567318361942 20
1757499061789 169.20661279034556 21
1757499061843 169.1880983449719 22
1757499061897 169.17011463277044 23
1757499061953 169.15264685999134 24
1757499062007 169.13568064221647 25
1757499062066 169.12162422086885 26
1757499062120 169.10794367668723 27
1757499062181 169.0946289279209 28
1757499062238 169.08167016571474 29
1757499062289 169.06905784665398 30
1757499062342 169.05678268551432 31
1757499062396 169.04483564821132 32
1757499062448 169.03320794494422 33
1757499062501 169.0218910235282 34
1757499062559 169.01087656291003 35
1757499062613 169.00015646686222 36
1757499062666 168.98972285785058 37
1757499062719 168.9795680710702 38
1757499062771 168.96968464864568 39
1757499062825 168.9600653339907 40
1757499062878 168.95070306632238 41
1757499062932 168.94159097532653 42
1757499062985 168.93272237596977 43
1757499063041 168.9240907634534 44
1757499063092 168.91568980830667 45
1757499063144 168.90751335161406 46
1757499063199 168.89955540037423 47
1757499063253 168.89181012298573 48
1757499063304 168.8842718448571 49
1757499063355 168.87693504413704 50
