1757501845002 269.5626510160904 0
1757501845092 195.02984513760347 1
1757501845191 157.19197620445067 2
1757501845289 203.3380004977029 3
1757501845434 166.15764533058655 4
1757501845544 208.89722324444935 5
1757501845654 107.84450653721976 6
1757501845761 144.32116874831297 7
1757501845854 117.26002545755306 8
1757501845946 175.22106738075996 9
1757501846038 142.75211560284635 10
1757501846130 186.05737920120606 11
1757501846222 75.12905568885577 12
1757501846336 150.4517247088201 13
1757501846429 225.67754177681405 14
1757501846521 117.09650573170386 15
1757501846615 149.1790398222907 16
1757501846710 163.849276216365 17
1757501846797 124.17849513804957 18
1757501846887 204.92910664853477 19
1757501846978 169.34746552998732 20
1757501847082 214.84521932937318 21
1757501847246 240.7359134748345 22
1757501847397 136.60462927455376 23
1757501847518 177.46737155183718 24
1757501847667 204.89951427961066 25
1757501847800 141.95551367478643 26
1757501847893 225.35596530492325 27
1757501847984 79.69782299984446 28
1757501848074 204.00245422213908 29
1757501848167 173.43326890813384 30
1757501848260 191.5463401895323 31
1757501848355 130.49182388596898 32
1757501848445 169.4288507792822 33
1757501848543 156.910258434891 34
1757501848635 142.5963611012694 35
1757501848725 156.68597242238687 36
1757501848816 108.01722909465587 37
1757501848902 229.15345989270762 38
1757501848995 118.57491188943006 39
1757501849086 257.9026111319955 40
1757501849180 144.7034130462346 41
1757501849265 163.6860941037323 42
1757501849364 146.25663217097306 43
1757501849457 119.89082182519283 44
1757501849561 170.4830755121474 45
1757501849657 131.976546653247 46
1757501849749 169.6937890089156 47
1757501849845 128.14935340212162 48
1757501849940 103.44697800106006 49
1757501850031 182.75767434059762 50
1757501850123 157.53033403239027 51
1757501850215 186.34692715439402 52
1757501850308 246.3947593975259 53
1757501850401 132.2894273483415 54
1757501850492 137.77485854733825 55
1757501850586 166.74336472498175 56
1757501850677 205.49018026628033 57
1757501850768 129.18375137926304 58
1757501850854 138.4580437082945 59
1757501850946 146.48962948959584 60
1757501851036 124.43146907239625 61
1757501851128 195.83950762507564 62
1757501851221 146.24416491257617 63
1757501851307 178.69631138293738 64
1757501851398 160.62275244042397 65
1757501851485 171.70909200932948 66
1757501851585 140.56089381601828 67
1757501851677 169.88296466661532 68
1757501851770 222.17750919492514 69
1757501851862 208.60950468710513 70
1757501851954 186.03231804958193 71
1757501852045 116.77365000574096 72
1757501852134 145.09370338619243 73
1757501852231 171.95061275462479 74
1757501852323 146.01494849334046 75
1757501852416 157.37925805821942 76
1757501852508 153.2643823692309 77
1757501852610 155.23499876244807 78
1757501852707 144.02068691921892 79
1757501852797 241.60315436584568 80
1757501852885 187.2962808829677 81
1757501852979 170.82937346718654 82
1757501853070 216.6558608984003 83
1757501853164 210.7375475244583 84
1757501853256 140.80399574964045 85
1757501853351 209.683545366693 86
1757501853444 171.04831182633197 87
1757501853537 192.1158390490589 88
1757501853630 192.60336372297903 89
1757501853722 150.86467003722154 90
1757501853817 179.80623026623513 91
1757501853909 182.25937739993404 92
1757501853999 212.373732329623 93
1757501854095 108.68187782486734 94
1757501854191 176.8775474826419 95
1757501854292 179.86904481930847 96
1757501854389 297.3354489938571 97
1757501854482 205.01671973871456 98
1757501854577 175.4835097086658 99
1757501854672 171.28678888541035 100
1757501854769 178.6770948144057 101
1757501854865 193.82481861642916 102
1757501854960 166.39280685098308 103
1757501855053 134.8840335673853 104
1757501855151 234.54261988892733 105
1757501855294 187.5522109268658 106
1757501855393 161.62979498204453 107
1757501855488 138.00680843691515 108
1757501855586 175.08515089618408 109
1757501855691 208.4521247232773 110
1757501856014 132.71281390853213 111
1757501856152 167.892982179434 112
1757501856286 177.07679672103805 113
1757501856482 187.4239556940929 114
1757501856638 220.03384791633937 115
1757501856837 136.52555013611092 116
1757501856952 217.66860541476632 117
1757501857047 217.37370446247877 118
1757501857142 217.7573646960036 119
1757501857241 189.88948125564892 120
1757501857328 195.1828692723856 121
1757501857424 104.04722118771443 122
1757501857523 138.44528933304616 123
1757501857619 177.857506964 124
1757501857714 182.8002502211201 125
1757501857811 190.05390830094933 126
1757501857908 146.62660286147027 127
1757501858003 134.6666206203673 128
1757501858097 158.72931147536244 129
1757501858194 146.18246691984726 130
1757501858291 218.62634343095257 131
1757501858388 198.81951561288392 132
1757501858484 91.71768924516023 133
1757501858580 184.3097330789467 134
1757501858687 250.7414636831133 135
1757501858777 131.97914856938624 136
1757501858872 198.28916324400413 137
1757501858969 143.6146136812542 138
1757501859067 207.05938405064296 139
1757501859163 201.48794595214306 140
1757501859257 204.5004661171589 141
1757501859352 176.58141148812322 142
1757501859447 465.26764461168676 143
1757501859542 141.52603168700318 144
1757501859643 172.22664022774146 145
1757501859742 77.57783872964237 146
1757501859833 123.50100171264772 147
1757501859930 185.61167606340834 148
1757501860025 96.28959179214772 149
1757501860114 144.6860932058724 150
1757501860215 173.52151589509907 151
1757501860310 80.09268740932916 152
1757501860404 195.01801404861106 153
1757501860499 193.8842848747588 154
1757501860594 151.32739134080768 155
1757501860688 183.33429696932293 156
1757501860781 218.98879588798584 157
1757501860874 207.1962071489331 158
1757501860967 184.89775239124097 159
1757501861060 213.36798456255863 160
1757501861153 138.5216546624564 161
1757501861251 169.3657037545585 162
1757501861345 196.5282373754961 163
1757501861439 122.96603589567405 164
1757501861534 248.1160840196313 165
1757501861631 159.102351777275 166
1757501861731 113.17144911294406 167
1757501861828 190.24771569055054 168
1757501861924 186.33547983191966 169
1757501862014 173.26864154287256 170
1757501862109 236.77676061391466 171
1757501862198 192.64794135657533 172
1757501862295 153.96473587437706 173
1757501862392 232.14352356238717 174
1757501862486 182.83319733641227 175
1757501862581 180.44635705769085 176
1757501862680 179.63687675564614 177
1757501862781 141.06502904514608 178
1757501862878 207.8513245698665 179
1757501862972 186.1695942938988 180
1757501863070 224.99139159219257 181
1757501863167 151.34542293455053 182
1757501863259 150.42395242670693 183
1757501863354 152.2778775598512 184
1757501863450 191.88008081809704 185
1757501863545 69.42333082101771 186
1757501863643 143.4963813481835 187
1757501863738 151.31488999110866 188
1757501863833 173.05169217656538 189
1757501863928 146.9535609226849 190
1757501864024 114.2107045460458 191
1757501864118 97.14885162940857 192
1757501864214 161.97750583475184 193
1757501864309 131.9898645502864 194
1757501864405 131.72502319398325 195
1757501864503 150.0382048419605 196
1757501864599 176.49240994992704 197
1757501864717 180.24521312881183 198
1757501864899 156.9321090620614 199
1757501865048 302.84786687589605 200
1757501865181 168.43498580058284 201
1757501865346 167.23670244766188 202
1757501865445 169.76096524864855 203
1757501865545 111.65625009306719 204
1757501865641 184.37396740420343 205
1757501865736 201.60986517697154 206
1757501865831 226.55992358274574 207
1757501865927 142.66071077275606 208
1757501866023 175.7726772150349 209
1757501866119 174.375098469039 210
1757501866210 176.0515743997055 211
1757501866305 227.2413135275821 212
1757501866406 135.1819772406049 213
1757501866503 79.21949241726638 214
1757501866601 183.4748903065481 215
1757501866710 127.5009601379856 216
1757501866836 149.3418099150757 217
1757501866940 150.06946245385748 218
1757501867045 149.02062837061789 219
1757501867138 119.59388915474291 220
1757501867232 122.79030253900133 221
1757501867327 194.77632828051586 222
1757501867438 284.0751393504803 223
1757501867544 164.836510816947 224
1757501867644 181.8748866815862 225
1757501867740 187.0027382718553 226
1757501867837 180.55868950747333 227
1757501867929 259.73969791471023 228
1757501868029 187.47908968143457 229
1757501868124 135.43232845945948 230
1757501868220 148.25184371580548 231
1757501868316 179.8544068073924 232
1757501868414 101.35457634319488 233
1757501868512 158.89123602494476 234
1757501868609 155.63996004035621 235
1757501868705 215.99258953686893 236
1757501868802 346.7866185485382 237
1757501868900 192.980723705906 238
1757501868999 204.86826653819924 239
1757501869092 132.21344298662407 240
1757501869187 138.65914676125584 241
1757501869284 157.4369236298375 242
1757501869382 186.51571769837182 243
1757501869477 241.30118172821403 244
1757501869574 147.44847950087043 245
1757501869672 200.9850766878771 246
1757501869771 256.06430819649717 247
1757501869880 251.2355019128097 248
1757501869977 132.42454146403674 249
1757501870076 190.75233350372662 250
1757501870174 147.27563607660701 251
1757501870275 165.03259327261648 252
1757501870372 141.13070749308895 253
1757501870484 192.1801479469808 254
1757501870582 125.98588750689613 255
1757501870720 219.6966111047096 256
1757501870826 221.77066600876992 257
1757501870926 137.77748199813442 258
1757501871027 117.3735258218248 259
1757501871124 145.37187877223795 260
1757501871218 218.10234017450233 261
1757501871316 158.5096570293064 262
1757501871408 155.8441078272631 263
1757501871506 208.55083509154542 264
1757501871605 213.63803135048826 265
1757501871697 114.63248382912364 266
1757501871794 160.83237766665948 267
1757501871901 142.00622102579527 268
1757501871994 102.43361672953247 269
1757501872092 156.0899794879404 270
1757501872186 236.5355868192229 271
1757501872285 124.1643078951436 272
1757501872379 222.87938697181667 273
1757501872478 180.2330981284317 274
1757501872576 204.1405200926762 275
1757501872672 141.61212386707652 276
1757501872770 191.08040509981987 277
1757501872878 127.98710391154249 278
1757501872975 119.04621698115396 279
1757501873074 156.61943231253935 280
1757501873172 233.83751205427404 281
1757501873270 162.9263045658785 282
1757501873370 183.27583588171248 283
1757501873537 197.80906553872765 284
1757501873689 233.13801948479656 285
1757501873816 293.4307488455326 286
1757501873945 234.0901420315905 287
1757501874119 153.65132085992695 288
1757501874224 243.46219061117282 289
1757501874324 179.4277555722709 290
1757501874423 140.77097228639767 291
1757501874529 189.37660236370928 292
1757501874631 211.95111958989915 293
1757501874726 187.08143113610097 294
1757501874827 246.00430686220633 295
1757501874934 174.98960722272594 296
1757501875036 235.98556410143465 297
1757501875135 209.9506951014257 298
1757501875238 427.1506455245309 299
1757501875337 187.72888977911865 300
1757501875435 168.06755739172155 301
1757501875531 263.2250084466804 302
1757501875630 155.8902082836408 303
1757501875732 141.07849432042943 304
1757501875832 142.50802558848756 305
1757501875942 178.99641005661763 306
1757501876041 110.32229024526819 307
1757501876141 256.82897774862244 308
1757501876239 172.64180516418455 309
1757501876339 150.94435839168762 310
1757501876438 122.82904626572542 311
1757501876535 87.7772755454407 312
1757501876637 129.30762698530725 313
1757501876733 170.35173754087026 314
1757501876834 216.43908510339264 315
1757501876943 202.82259052678307 316
1757501877035 193.58327912216157 317
1757501877134 213.77705821101267 318
1757501877250 157.5517692571944 319
1757501877350 167.5525814116773 320
1757501877449 181.78254029394236 321
1757501877543 114.55548966429245 322
1757501877640 175.1770389022396 323
1757501877735 230.89282305682806 324
1757501877835 168.46455861889632 325
1757501877959 127.39664444037075 326
1757501878059 136.28020061674889 327
1757501878152 319.01053789965806 328
1757501878252 206.76126526179416 329
1757501878350 137.47111815472374 330
1757501878449 83.62037410442534 331
1757501878543 178.36978693461901 332
1757501878637 114.18964048169669 333
1757501878735 146.16731469234728 334
1757501878834 168.81222620007242 335
1757501878932 181.9602126940612 336
1757501879031 174.7625834287942 337
1757501879127 186.4340499333357 338
1757501879230 160.39483766448436 339
1757501879330 268.6464892948521 340
1757501879428 133.80908371872357 341
1757501879527 103.65278079359243 342
1757501879627 135.5775257239085 343
1757501879728 127.92278209714328 344
1757501879826 178.5956139402772 345
1757501879928 132.33440964736062 346
1757501880039 144.36208874503538 347
1757501880158 178.17549108999071 348
1757501880261 176.98275403756807 349
1757501880361 229.84466156631504 350
1757501880462 160.89160572503346 351
1757501880563 149.84712495741962 352
1757501880665 165.13929607506816 353
1757501880759 103.17531207811027 354
1757501880861 97.32178967157833 355
1757501880957 188.04779450058592 356
1757501881066 138.82898676953133 357
1757501881165 120.37305582710509 358
1757501881271 263.0819748808016 359
1757501881376 141.49365484737442 360
1757501881476 139.22707583193258 361
1757501881575 203.09301031265375 362
1757501881675 184.09609271340824 363
1757501881775 224.72345343052487 364
1757501881874 180.1560783063811 365
1757501881983 162.9132990874556 366
1757501882083 132.68787895538605 367
1757501882204 190.60071429257786 368
1757501882407 178.6361184672199 369
1757501882570 187.24775688565435 370
1757501882715 122.37779585805752 371
1757501882893 204.19474881513693 372
1757501883114 177.69600509497573 373
1757501883221 334.5196476675929 374
1757501883323 139.82721691743595 375
1757501883430 119.0721343327715 376
1757501883534 124.61974472541277 377
1757501883639 207.69225139727817 378
1757501883743 166.4701985464267 379
1757501883843 176.36589908612777 380
1757501883943 104.7342941324705 381
1757501884054 183.0920612936378 382
1757501884155 112.17991096990806 383
1757501884258 187.29922572608788 384
1757501884362 276.5896626721488 385
1757501884469 125.26318858304485 386
1757501884573 201.3554347823641 387
1757501884677 157.77389250700844 388
1757501884778 192.03894000547382 389
1757501884878 133.03689790812962 390
1757501884980 241.22554754001183 391
1757501885083 133.96614513219907 392
1757501885188 269.2828738488036 393
1757501885290 151.3615499422649 394
1757501885387 131.57053582144857 395
1757501885487 178.74168502726562 396
1757501885590 145.0792870283359 397
1757501885691 194.54740804493508 398
1757501885794 135.57578986667332 399
1757501885897 192.4810553577737 400
1757501885998 159.328599752191 401
1757501886099 183.4071694139714 402
1757501886199 212.12539637528366 403
1757501886295 147.3270718055164 404
1757501886389 200.98077784030352 405
1757501886490 173.45215106929487 406
1757501886591 177.4043248562165 407
1757501886694 249.48741382111174 408
1757501886796 154.5280168048091 409
1757501886900 248.11600971054992 410
1757501887001 160.3242829547862 411
1757501887104 166.14334257390243 412
1757501887206 142.98380965584536 413
1757501887303 137.77726167231745 414
1757501887401 223.94820135489582 415
