1757437203680 43.069269702877904 0
1757437203719 20.387858479745354 1
1757437203761 19.03996336587568 2
1757437203805 12.896171424937817 3
1757437203850 12.882722709138767 4
1757437203902 8.298131988405103 5
1757437203952 7.260642501584531 6
1757437204005 9.323885403314367 7
1757437204050 4.779846235844139 8
1757437204103 4.58845168683893 9
1757437204145 3.289401188929002 10
1757437204188 3.508202113023416 11
1757437204230 2.1206900195210507 12
1757437204271 1.8927705183200891 13
1757437204327 1.892758616880481 14
1757437204373 1.294823954827683 15
1757437204443 1.0195088467104931 16
1757437204495 1.2976388078479397 17
1757437204551 1.1243323832479852 18
1757437204600 0.8622880861882622 19
1757437204661 0.7531875623192469 20
1757437204730 0.6255721811893296 21
1757437204778 0.4865977277877758 22
1757437204825 0.7231007682525031 23
1757437204872 0.4482721021023226 24
1757437204920 0.3473073197674824 25
1757437204966 0.4707721244040178 26
1757437205016 0.22887569064717264 27
1757437205063 0.26544938729105383 28
1757437205108 0.3005051252837369 29
1757437205153 0.18407983493348132 30
1757437205197 0.22653484965124507 31
1757437205243 0.2867614399811466 32
1757437205287 0.2173395608595513 33
1757437205340 0.21560795267418092 34
1757437205388 0.2488954267138499 35
1757437205434 0.14449591362576686 36
1757437205480 0.154918135430446 37
1757437205521 0.1832483080497787 38
1757437205567 0.15083147836148636 39
1757437205619 0.16341906908727685 40
1757437205663 0.10476243395447388 41
1757437205708 0.14281839547119043 42
1757437205752 0.12440329252785784 43
1757437205798 0.13609686044111335 44
1757437205842 0.0810556980530394 45
1757437205890 0.15029903510296636 46
1757437205956 0.16668981211081568 47
1757437206003 0.08522875209183797 48
1757437206049 0.09356063809396115 49
1757437206096 0.09723741508051505 50
1757437206140 0.09700225350119503 51
1757437206184 0.1331490797924689 52
1757437206227 0.1385658359938935 53
1757437206270 0.11650846281948427 54
1757437206314 0.10926247049009843 55
1757437206368 0.119055435002378 56
1757437206492 0.06066969962790826 57
1757437206586 0.057943822875971406 58
1757437206673 0.14453393307736084 59
1757437206751 0.13252119200463156 60
1757437206801 0.16001325070443984 61
1757437206885 0.11426604770287653 62
1757437206981 0.08658741588469224 63
1757437207126 0.08605252096160887 64
1757437207178 0.09860005200680752 65
1757437207226 0.1225493339376188 66
1757437207273 0.0962897301840856 67
1757437207319 0.1486743073285711 68
1757437207374 0.12344448350584628 69
1757437207420 0.12499290183096996 70
1757437207466 0.12265633875002352 71
1757437207515 0.14131361989000757 72
1757437207562 0.12032461226849583 73
1757437207612 0.08844871879457178 74
1757437207659 0.1203082480077611 75
1757437207707 0.09207368627700563 76
1757437207753 0.12044746582948798 77
1757437207798 0.15637298616464138 78
1757437207845 0.10226840769773453 79
1757437207891 0.14968542648657693 80
1757437207938 0.09390083183900966 81
1757437207981 0.11360813648605235 82
1757437208024 0.1324457976596233 83
1757437208068 0.1047383088526427 84
1757437208118 0.14810403760324897 85
1757437208163 0.12828143815997026 86
1757437208207 0.11100936712227884 87
1757437208250 0.1810418720277628 88
1757437208295 0.09364223416582268 89
1757437208340 0.07053336444386396 90
1757437208394 0.1229092773976878 91
1757437208439 0.1512459673417997 92
1757437208485 0.07611424530660836 93
1757437208530 0.13507503965894926 94
1757437208575 0.12616072131842793 95
1757437208620 0.11998565580420474 96
1757437208664 0.1719025537811935 97
1757437208709 0.1168680176831488 98
1757437208753 0.12074294455569322 99
1757437208797 0.08914831029581775 100
1757437208843 0.13216796987717644 101
1757437208888 0.1525759610814422 102
1757437208933 0.09460765041506469 103
1757437208977 0.068898834765483 104
1757437209023 0.10228436411422313 105
1757437209068 0.133559721927035 106
1757437209113 0.08822888431137677 107
1757437209157 0.09952676405925623 108
1757437209201 0.1432578659347175 109
1757437209247 0.06270365483561596 110
1757437209292 0.10032612861112805 111
1757437209337 0.13505054063099076 112
1757437209386 0.11806149680275746 113
1757437209433 0.15927573072822487 114
1757437209496 0.14574520215638692 115
1757437209553 0.10175888622506644 116
1757437209611 0.09085700729794492 117
1757437209668 0.1459059594445904 118
1757437209733 0.09204721259082933 119
1757437209805 0.16590762877096937 120
1757437209859 0.07019132313756266 121
1757437209907 0.0938263031395386 122
1757437209958 0.1259662876469526 123
1757437210006 0.11609513338285057 124
1757437210054 0.11026318395747908 125
1757437210104 0.07955881829331243 126
1757437210151 0.11531221592772357 127
1757437210199 0.1743405376348729 128
1757437210246 0.11146750385297571 129
1757437210292 0.1226129541502195 130
1757437210337 0.09206888612094187 131
1757437210383 0.1005379363060954 132
1757437210436 0.08159985387637188 133
1757437210482 0.11507360738224652 134
1757437210527 0.06162999642414152 135
1757437210572 0.10057280573147757 136
1757437210619 0.14053348549199726 137
1757437210667 0.0887503533137327 138
1757437210713 0.1193656727217901 139
1757437210759 0.10851490514507148 140
1757437210806 0.10012404083442532 141
1757437210855 0.09561847071474248 142
1757437210901 0.13071366571950527 143
1757437210952 0.10528844472122524 144
1757437211000 0.15041999092327238 145
1757437211049 0.12135831327099304 146
1757437211097 0.11251296279022036 147
1757437211147 0.09981526213387765 148
1757437211194 0.07795313092614196 149
1757437211242 0.08457472366753632 150
1757437211358 0.086242613664701 151
1757437211464 0.11525146717923455 152
1757437211597 0.17371140693994838 153
1757437211766 0.08836299616381772 154
1757437211887 0.16897591654183938 155
1757437212005 0.1262796570586351 156
1757437212075 0.0866766479725804 157
1757437212206 0.13937456821521702 158
1757437212308 0.07829597955132173 159
1757437212389 0.07854729028717874 160
1757437212478 0.09768327094429684 161
1757437212565 0.14851824629017646 162
1757437212643 0.09246567789681065 163
1757437212736 0.14710675162443076 164
1757437212826 0.13251417569492577 165
1757437212886 0.10759893850624987 166
1757437212970 0.0879446095085798 167
1757437213030 0.12413264513202443 168
1757437213108 0.1015798523470889 169
1757437213170 0.08966140098069648 170
1757437213253 0.12003840900473761 171
1757437213343 0.1645230473951498 172
1757437213444 0.09992374159640133 173
1757437213556 0.09130860624193449 174
1757437213626 0.12178434809725383 175
1757437213718 0.16204935407033955 176
1757437213802 0.1027496891593838 177
1757437213898 0.1328793925306085 178
1757437213973 0.10775799477098111 179
1757437214038 0.09041346156806648 180
1757437214101 0.09532709961179908 181
1757437214169 0.07751963086945364 182
1757437214237 0.23111585221987438 183
1757437214303 0.1125598375638063 184
1757437214365 0.09270285824268003 185
1757437214432 0.09548447672054172 186
1757437214508 0.1207952426158443 187
1757437214611 0.10619797811740135 188
1757437214712 0.06212953763243089 189
1757437214822 0.11148523280985123 190
1757437214950 0.16005885778680626 191
1757437215060 0.1026687686888138 192
1757437215165 0.09633601938903445 193
1757437215258 0.0857414637164921 194
1757437215349 0.06973318454831973 195
1757437215419 0.12893792908321713 196
1757437215523 0.06993956016127166 197
1757437215602 0.11545757736016231 198
1757437215688 0.12086483600625317 199
1757437215763 0.15395767222669562 200
1757437215841 0.14861125378868523 201
1757437215925 0.12115684207557605 202
1757437216027 0.14946004259552365 203
1757437216094 0.21138789577227107 204
1757437216186 0.13075362591577785 205
1757437216260 0.08132667060404931 206
1757437216334 0.12511506805307424 207
1757437216390 0.15399913891925174 208
1757437216444 0.12225346481483161 209
1757437216498 0.10450580105730951 210
1757437216560 0.12707192161549954 211
1757437216611 0.14227365125290548 212
1757437216662 0.09310236555019874 213
1757437216713 0.12298531779882538 214
1757437216764 0.10353673524923857 215
1757437216815 0.1454812845244571 216
1757437216866 0.12118358637279747 217
1757437216914 0.1154465927514352 218
1757437216961 0.20856535441035182 219
1757437217009 0.15299412851059235 220
1757437217058 0.1454399710996117 221
1757437217107 0.11251631931469179 222
1757437217155 0.11111769658770446 223
1757437217202 0.13618097036780447 224
1757437217250 0.0970463792509958 225
1757437217299 0.09151261701959734 226
1757437217348 0.08173676374367322 227
1757437217395 0.145167071600542 228
1757437217444 0.16169367169944318 229
1757437217493 0.11057618034263136 230
1757437217547 0.10845981105606203 231
1757437217596 0.15114070757959144 232
1757437217644 0.1339739203095345 233
1757437217690 0.07257859906555073 234
1757437217736 0.10934992464682247 235
1757437217781 0.16128505646123495 236
1757437217828 0.08875778799284659 237
1757437217875 0.12647857296305937 238
1757437217921 0.07595774732256078 239
1757437217989 0.09252463224758402 240
1757437218127 0.10006587956012954 241
1757437218262 0.07073135153972174 242
1757437218347 0.0834507636790672 243
1757437218471 0.12203827117654065 244
1757437218571 0.14706177527313313 245
1757437218637 0.12217016564132947 246
1757437218700 0.23880801730185428 247
1757437218790 0.09926060190150934 248
1757437218852 0.23227933784811527 249
1757437218957 0.12178971693948243 250
1757437219043 0.11285309098422874 251
1757437219106 0.12850709771936134 252
1757437219188 0.11761117057198814 253
1757437219250 0.1319518313198278 254
1757437219399 0.1391615968224508 255
1757437219495 0.0843270283528792 256
1757437219579 0.09142710539997374 257
1757437219652 0.10468248866074449 258
1757437219745 0.08916209796655665 259
1757437219881 0.11459798661900891 260
1757437219961 0.1218031285598561 261
1757437220061 0.10431681658834745 262
1757437220174 0.15033005811628763 263
1757437220247 0.1521432855536887 264
1757437220316 0.1324969062554853 265
1757437220384 0.09185023170429653 266
1757437220456 0.15039869254643368 267
1757437220527 0.1321951278198182 268
1757437220598 0.14407935456333223 269
1757437220676 0.12776959767677887 270
1757437220745 0.16717264232295703 271
1757437220817 0.23540094479169346 272
1757437220888 0.11463193062550506 273
1757437220983 0.08948652330120198 274
1757437221078 0.10231356057542342 275
1757437221161 0.10414455184236063 276
1757437221231 0.1631836130413651 277
1757437221336 0.10761354090896898 278
1757437221420 0.1890542589706479 279
1757437221526 0.12583315413161308 280
1757437221615 0.1397293712177284 281
1757437221707 0.12756423195495548 282
1757437221794 0.09206323411815241 283
1757437221887 0.12098850419137817 284
1757437221974 0.12856228387594285 285
1757437222048 0.07994642514818594 286
1757437222137 0.16093932348454537 287
1757437222215 0.1107318199747627 288
1757437222300 0.07115864111112973 289
1757437222392 0.11196051344739495 290
1757437222460 0.09890776115997633 291
1757437222555 0.17141871329204553 292
1757437222632 0.07924613069697117 293
1757437222710 0.12806408844748035 294
1757437222797 0.06233296795174376 295
1757437222866 0.09530846753537815 296
1757437222937 0.11406912874039325 297
1757437223012 0.12522611643039808 298
1757437223087 0.10216237058715984 299
1757437223160 0.09754060334903986 300
1757437223248 0.10965017946470379 301
1757437223347 0.0963826153524081 302
1757437223407 0.1128179097083131 303
1757437223471 0.12476985533227712 304
1757437223580 0.07182925892617216 305
1757437223684 0.0828293804161588 306
1757437223753 0.1496683167395891 307
1757437223837 0.09241004658105183 308
1757437223932 0.0665857200751699 309
1757437224002 0.15144645232402223 310
1757437224084 0.08039276669847975 311
1757437224163 0.09585088285672112 312
1757437224222 0.15264586581770045 313
1757437224287 0.1606152091238834 314
1757437224360 0.07505922663061843 315
1757437224472 0.0882721202904254 316
1757437224637 0.1100872545187902 317
1757437224738 0.1697342494402426 318
1757437224807 0.11464235822547336 319
1757437224875 0.13414942032880503 320
1757437224948 0.0987721403238353 321
1757437225070 0.07926417409044166 322
1757437225200 0.08416900787874589 323
1757437225330 0.1501437295222227 324
1757437225406 0.09451030932194764 325
1757437225508 0.10870064279666475 326
1757437225592 0.13694628003768805 327
1757437225701 0.16500840858632856 328
1757437225799 0.09938916505314711 329
1757437225866 0.10986064968915057 330
1757437225956 0.23060742690254032 331
1757437226022 0.11615209489258861 332
1757437226087 0.13660215686945795 333
1757437226155 0.09292462665932649 334
1757437226263 0.14757778229953933 335
1757437226370 0.10974118379123889 336
1757437226477 0.1192992081613319 337
1757437226549 0.12510994086286353 338
1757437226624 0.1685014651440742 339
1757437226705 0.08741787399869452 340
1757437226780 0.16251293139154635 341
1757437226845 0.09748105460619852 342
1757437226911 0.10254298414270499 343
1757437226975 0.09620198151901768 344
1757437227043 0.1890951243272352 345
1757437227110 0.1100714951810632 346
1757437227182 0.09146424900031824 347
1757437227259 0.09209405960445002 348
1757437227329 0.1207435023257437 349
1757437227398 0.1568293383815067 350
1757437227468 0.1297538714278379 351
1757437227570 0.10208396321073025 352
1757437227637 0.10625406187337064 353
1757437227712 0.09068205552502978 354
1757437227801 0.06409317790238214 355
1757437227914 0.12852460077178363 356
1757437228008 0.0912160598470681 357
1757437228104 0.11271595115951102 358
1757437228195 0.15078742993470776 359
1757437228279 0.13135107923123368 360
1757437228372 0.13423261972496178 361
1757437228463 0.17209229334508153 362
1757437228537 0.10438780836070236 363
1757437228625 0.11322169257736356 364
1757437228712 0.10200353011324508 365
1757437228796 0.07418399274281598 366
1757437228896 0.16819519010218448 367
1757437228980 0.09480592278988603 368
1757437229056 0.12073487485419143 369
1757437229139 0.0695499022906001 370
1757437229224 0.1347433421902984 371
1757437229303 0.12937353276784577 372
1757437229382 0.10166933194332514 373
1757437229478 0.09140509664077114 374
1757437229557 0.11150065377693762 375
1757437229642 0.09645711741996527 376
1757437229729 0.08416333065218277 377
1757437229816 0.10654805838347783 378
1757437229892 0.12319999862765836 379
1757437229957 0.07160038805656595 380
1757437230042 0.13477946696068277 381
1757437230146 0.115192952720358 382
1757437230239 0.1029133889851469 383
1757437230343 0.08540176862761908 384
1757437230442 0.06814016679194614 385
1757437230544 0.10859770016505124 386
1757437230631 0.1374916230837744 387
1757437230711 0.12627941982576105 388
1757437230777 0.08272449097080986 389
1757437230856 0.14028722297755125 390
1757437230997 0.12309239181204981 391
1757437231123 0.0632102091957596 392
1757437231269 0.07700623144019138 393
1757437231336 0.10162903639266013 394
1757437231466 0.12551205920986142 395
1757437231562 0.14173831615672078 396
1757437231643 0.13774917648005405 397
1757437231743 0.17522154730695536 398
1757437231809 0.06713648076384662 399
1757437231895 0.10578620621646591 400
1757437231985 0.07178239476598355 401
1757437232053 0.08688805308477476 402
1757437232139 0.06061603635130836 403
1757437232216 0.12008188081968736 404
1757437232281 0.12347751615505106 405
1757437232348 0.13297650437776562 406
1757437232440 0.16685989502222753 407
1757437232559 0.12549155764753217 408
1757437232648 0.07611381022091905 409
1757437232735 0.10467423014194029 410
1757437232807 0.1458610676692207 411
1757437232893 0.10581053413297659 412
1757437232961 0.11369605208923314 413
1757437233036 0.09079457731759294 414
1757437233101 0.1296527967476681 415
1757437233169 0.11649106567493124 416
1757437233243 0.10611923157741915 417
1757437233313 0.16396810202378043 418
1757437233387 0.14417432690820103 419
1757437233460 0.07743720854795683 420
1757437233534 0.09124488312902528 421
1757437233618 0.14472155337126422 422
1757437233739 0.1422843052649999 423
1757437233805 0.09221820104823769 424
1757437233896 0.08751494080471822 425
1757437233989 0.10702761569377095 426
1757437234080 0.1290317459568579 427
1757437234190 0.10513800973556597 428
1757437234284 0.1387792386369959 429
1757437234378 0.0812168653954012 430
1757437234449 0.10110285381416352 431
1757437234533 0.10467461898962577 432
1757437234619 0.08811778189604419 433
1757437234714 0.13107460934312443 434
1757437234808 0.12335993226122696 435
1757437234911 0.1172355395566529 436
1757437235007 0.09966127316841966 437
1757437235095 0.13625554439808796 438
1757437235186 0.12691311049312376 439
1757437235298 0.07225825969766417 440
1757437235404 0.13200290141050386 441
1757437235531 0.11676756894668987 442
1757437235609 0.17058530416093007 443
1757437235697 0.10815047662331356 444
1757437235775 0.14410341862774076 445
1757437235870 0.11263545668814505 446
1757437235974 0.1522982097611525 447
1757437236057 0.1291204820440289 448
1757437236124 0.1321841146678065 449
1757437236236 0.06763516167974062 450
1757437236346 0.1626502160962498 451
1757437236420 0.0850609189026861 452
1757437236515 0.14025344385230573 453
1757437236577 0.09218540682269545 454
1757437236673 0.11505140141018257 455
1757437236751 0.13484027859576045 456
1757437236825 0.11557327715465164 457
1757437236892 0.10608471427166359 458
1757437236983 0.092087672399245 459
1757437237065 0.17731282878336416 460
1757437237200 0.10361514444399138 461
1757437237265 0.13656809467129785 462
1757437237435 0.12808219433073212 463
1757437237583 0.11209446051084015 464
1757437237681 0.08949966761647239 465
1757437237827 0.11778949245725735 466
1757437237919 0.08642123196946691 467
1757437237994 0.11163861057394452 468
1757437238090 0.07793791764928826 469
1757437238157 0.08409377289273501 470
1757437238274 0.1181694164442826 471
1757437238386 0.09630375099252847 472
1757437238474 0.09775679767136072 473
1757437238548 0.10689165866962791 474
1757437238613 0.08585806268136342 475
1757437238682 0.09562922858178685 476
1757437238777 0.09562666746881866 477
1757437238868 0.07288961445564598 478
1757437238969 0.09830874895804069 479
1757437239041 0.10263573561035819 480
1757437239112 0.14242001629346324 481
1757437239188 0.10932323215777401 482
1757437239283 0.1298890727750778 483
1757437239377 0.13706532192838972 484
1757437239486 0.07696862239368547 485
1757437239565 0.11944046032775327 486
1757437239662 0.08415524918597173 487
1757437239751 0.12079925046699072 488
1757437239826 0.0862860143075215 489
1757437239896 0.18978285066740525 490
1757437239983 0.11529375225987286 491
1757437240058 0.11072799325938598 492
1757437240157 0.07247718140722091 493
1757437240256 0.09080805836928606 494
1757437240324 0.1326154991508898 495
1757437240453 0.10968380743517851 496
1757437240570 0.11929290654750478 497
1757437240695 0.1035244055071685 498
1757437240781 0.060550186218411114 499
