1757499752932 6.1493663463214325 0
1757499753036 0.9471242031351298 1
1757499753159 4.409894115010289 2
1757499753265 1.6663911046736226 3
1757499753371 0.9637977571861809 4
1757499753469 0.5362425882668181 5
1757499753626 2.130785079976274 6
1757499753756 0.02748987489128791 7
1757499753877 10.140931833549008 8
1757499753984 1.467248766314085 9
1757499754105 0.5592459277109949 10
1757499754328 0.01987350420948972 11
1757499754475 3.7145991024970737 12
1757499754588 0.30356694415858676 13
1757499754704 0.06008893169630933 14
1757499754816 1.0048343667905906 15
1757499754922 0.09064158774708717 16
1757499755059 0.1154580646204366 17
1757499755340 0.03875818669561952 18
1757499755516 0.7498154750726269 19
1757499755661 0.9576601252865476 20
1757499755892 1.3980741303249142 21
1757499756084 1.3488417181535177 22
1757499756217 0.9628609563787678 23
1757499756333 0.5310977069481456 24
1757499756453 0.9492331444106822 25
1757499756570 0.0020118810694691883 26
1757499756680 2.8543615554330897 27
1757499756787 1.5555636932589327 28
1757499756912 1.2926666456241342 29
1757499757026 4.639421873591908 30
1757499757144 0.07938329229848659 31
1757499757254 0.002208884090760861 32
1757499757360 0.621316205568768 33
1757499757461 1.2354106326323322 34
1757499757563 1.6647517916000425 35
1757499757662 0.09566328117432256 36
1757499757763 0.1345141877734671 37
1757499757865 1.2700138527532976 38
1757499757960 1.705853873210095 39
1757499758057 0.6096945623251815 40
1757499758159 0.41342917581752053 41
1757499758261 1.543928066729916 42
1757499758366 0.1954310538183316 43
1757499758477 0.8253625548107819 44
1757499758582 0.20220847251342225 45
1757499758681 1.4970467391883728 46
1757499758786 0.3554144980191828 47
1757499758887 0.02783438760903622 48
1757499758989 0.0006559958464112188 49
1757499759088 0.21742044563089996 50
1757499759188 0.6015698962839793 51
1757499759291 0.008143173131252594 52
1757499759389 0.000982317854862245 53
1757499759489 1.3993553062062296 54
1757499759587 2.605561394811735 55
1757499759687 0.5129001816164398 56
1757499759786 0.5462862226901268 57
1757499759893 1.7256928990965932 58
1757499760004 2.9356871282097066 59
1757499760108 0.9316159885152626 60
1757499760208 0.03985930507734989 61
1757499760323 3.4657211345486028 62
1757499760421 1.0176312980068265 63
1757499760525 0.14552482589302332 64
1757499760638 0.6866312257693366 65
1757499760738 2.263974580842854 66
1757499760839 0.07115940094548713 67
1757499760940 0.12707790459748416 68
1757499761040 0.3204549491242011 69
1757499761139 0.1381482617907861 70
1757499761245 0.0382732651255897 71
1757499761359 0.0011366897838272273 72
1757499761456 1.2647558316679683 73
1757499761561 0.7824986975210211 74
1757499761665 0.7783295792833035 75
1757499761770 2.0511201467982407 76
1757499761868 0.23499909460279741 77
1757499761972 1.1221736888675586 78
1757499762076 1.7222947536427637 79
1757499762178 0.0518280648690909 80
1757499762279 1.781993946915559 81
1757499762388 1.4749427801751456 82
1757499762493 3.505588787795354 83
1757499762591 0.13733917184382774 84
1757499762691 0.08936771961919575 85
1757499762790 2.779370266719602 86
1757499762887 0.42232152305058923 87
1757499762987 0.8786405574418401 88
1757499763097 1.9180523741801003 89
1757499763252 0.9012845388224776 90
1757499763421 1.4941284290649246 91
1757499763547 1.165492624782918 92
1757499763682 0.37992941373703215 93
1757499763815 2.297842425309887 94
1757499763928 2.0656365168518795 95
1757499764042 2.5042735972808408 96
1757499764157 0.1271998629992174 97
1757499764269 0.01827410950441953 98
1757499764375 0.001703270027833147 99
1757499764481 1.3130537606061472 100
1757499764588 0.39480361804804315 101
1757499764692 0.025683770923778472 102
1757499764881 0.21515637712702526 103
1757499765039 0.14458804229881086 104
1757499765172 0.03914292833948062 105
1757499765327 0.65702620118059 106
1757499765493 0.7950453655450456 107
1757499765607 1.4817022856536206 108
1757499765718 0.6544570947019449 109
1757499765823 0.008884086749837478 110
1757499765928 1.9687110891925148 111
1757499766033 0.4110243193829934 112
1757499766138 1.9552592741041397 113
1757499766240 0.5766093850536157 114
1757499766346 0.19733459509836476 115
1757499766457 0.5553126556306258 116
1757499766565 0.29475024870739064 117
1757499766671 0.14243266975769692 118
1757499766778 0.23352718592312272 119
1757499766881 0.006136978686415437 120
1757499766989 1.7011018477390853 121
1757499767092 0.14155341471932878 122
1757499767197 3.4845117336621327 123
1757499767302 0.025578402825716894 124
1757499767411 1.190627678911094 125
1757499767511 0.4545080379764516 126
1757499767617 0.0011029900621209122 127
1757499767728 2.8350983260314613 128
1757499767829 0.7596373295522763 129
1757499767938 0.08794022352751533 130
1757499768045 0.23169897008105314 131
1757499768156 0.08190202455134224 132
1757499768278 3.6902078684628403 133
1757499768432 0.19737645863513087 134
1757499768554 0.19796696326972862 135
1757499768675 0.6373535304355658 136
1757499768789 0.8706000624559673 137
1757499768903 0.4987718467131097 138
1757499769011 0.7503045115375317 139
1757499769125 0.40416052819220827 140
1757499769240 1.6829566588901221 141
1757499769358 0.6795734203418581 142
1757499769470 1.1741236320491852 143
1757499769593 3.0217601035859127 144
1757499769706 1.998703995686424 145
1757499769808 0.19870302207889048 146
1757499769917 1.9707680630920938 147
1757499770021 0.7670839976809235 148
1757499770122 0.04854204384983244 149
1757499770221 0.9354620167607606 150
1757499770320 0.8191521241924297 151
1757499770417 3.571436153079071 152
1757499770560 0.018745567220269568 153
1757499770688 0.7150145633969844 154
1757499770790 0.000771908135209922 155
1757499770900 0.15183074294010096 156
1757499771009 1.1202061935849283 157
1757499771123 0.12124320547996086 158
1757499771225 0.42417600780398096 159
1757499771328 1.7671878934881278 160
1757499771429 2.044466354360332 161
1757499771540 1.5927814970741165 162
1757499771640 0.7604868018634622 163
1757499771744 0.8590796930958747 164
1757499771844 1.8992347727092282 165
1757499771946 1.9825470482479766 166
1757499772043 0.6943086446486137 167
1757499772140 0.15202192178549231 168
1757499772246 2.8514737261543277 169
1757499772345 0.0777493501730224 170
1757499772486 0.00040169500213623285 171
1757499772606 0.12960556328906678 172
1757499772715 2.2721681102026334 173
1757499772824 0.15390665078461396 174
1757499772939 1.0582897290565847 175
1757499773083 0.07257488180654423 176
1757499773213 0.0475261483375632 177
1757499773321 0.3703348109927526 178
1757499773429 1.3710650148725696 179
1757499773536 0.3834153024949787 180
1757499773646 4.368973725728485 181
1757499773743 0.25093304800895616 182
1757499773846 0.5521821967638184 183
1757499773948 2.1927526403464466 184
1757499774049 0.09969060095391115 185
1757499774157 2.4475627692013027 186
1757499774344 0.3449349245680076 187
1757499774509 0.6229840463483447 188
1757499774633 0.007267833579574067 189
1757499774791 0.43574911368680336 190
1757499774949 3.078826051983459 191
1757499775056 1.727659012968651 192
1757499775164 2.2046943993396426 193
1757499775268 0.0429003916056123 194
1757499775370 0.7805808148096124 195
1757499775472 1.5028550039563966 196
1757499775573 0.2775787583306334 197
1757499775674 0.20326581889691098 198
1757499775776 0.00034875274739204856 199
1757499775871 3.011283635691784 200
1757499775970 1.5194920601519133 201
1757499776061 0.8179717561968037 202
1757499776157 2.362983569567538 203
1757499776253 0.07408156944431747 204
1757499776344 0.17830797055079947 205
1757499776443 0.08798491209491477 206
1757499776540 1.3167146193104788 207
1757499776647 0.19482350577174742 208
1757499776739 0.021135023814449715 209
1757499776834 1.7081704396348862 210
1757499776931 0.02731862125813934 211
1757499777028 1.6912262870774915e-05 212
1757499777124 0.060672190812915 213
1757499777223 0.009431613994431766 214
1757499777318 0.03707809332984863 215
1757499777411 0.12326198342310217 216
1757499777507 2.301460601839239 217
1757499777603 0.06656284359277093 218
1757499777703 1.7283036275068857 219
1757499777801 2.499138289828135 220
1757499777898 0.4361191460204955 221
1757499777996 3.3108140872674374 222
1757499778094 0.05646894534671635 223
1757499778191 0.9962415512706856 224
1757499778289 0.33863537271636546 225
1757499778388 0.18250633862151291 226
1757499778486 0.014542025800227038 227
1757499778577 0.914910182481516 228
1757499778683 2.9882377270709894 229
1757499778781 0.23094231924770764 230
1757499778878 0.5508255790703108 231
1757499778973 0.5233938154466623 232
1757499779068 2.6873897881405515 233
1757499779157 3.654419163815677 234
1757499779253 0.13950395640155386 235
1757499779346 0.6654020004798661 236
1757499779443 0.000748881529450936 237
1757499779537 2.722718920561881 238
1757499779635 3.2811874313182923 239
1757499779735 0.40775030091251685 240
1757499779834 0.3113014987761072 241
1757499779931 2.455070569842066 242
1757499780027 1.3151334658303104 243
1757499780124 0.3391786116303874 244
1757499780221 0.5521037923005784 245
1757499780319 1.2155145897378465 246
1757499780418 0.8341438221801214 247
1757499780511 0.20184920445424903 248
1757499780612 3.0044544069152006 249
1757499780712 0.4994446240422968 250
1757499780832 0.9418404669988794 251
1757499780964 1.016951039934866 252
1757499781099 0.1577875242310924 253
1757499781203 0.11345722303962029 254
1757499781305 1.0831855462680031 255
1757499781405 0.8250626348964746 256
1757499781508 0.05812618559274597 257
1757499781611 0.24766228794061299 258
1757499781733 0.010376364981170826 259
1757499781865 0.1650104368664516 260
1757499781978 2.208979039532741 261
1757499782090 0.14335145817393632 262
1757499782211 0.06317031609357653 263
1757499782362 0.277070772152032 264
1757499782480 0.3030892006850439 265
1757499782595 2.7349968710751504 266
1757499782706 8.356647144712428 267
1757499782811 1.611710522400064 268
1757499782921 23.299009820021986 269
1757499783031 1.7419940804575382 270
1757499783146 0.5317479669668965 271
1757499783394 0.002378647246123467 272
1757499783585 0.0002920269367912688 273
1757499783750 0.0005668315724522636 274
1757499783972 0.8471520100081381 275
1757499784102 1.3062596415471202 276
1757499784214 0.08348772892877593 277
1757499784325 2.258560693093096 278
1757499784431 0.040269477745928234 279
1757499784535 0.0022845128450144736 280
1757499784639 0.30972125166207576 281
1757499784742 1.2654904254779176 282
1757499784847 0.469711428629687 283
1757499784944 1.0820730090226762 284
1757499785049 0.05221552777472347 285
1757499785149 0.5691604444849916 286
1757499785248 1.8397108961318163 287
1757499785346 0.007411736728832326 288
1757499785446 0.17721157806274074 289
1757499785546 0.43345478843505447 290
1757499785645 0.19447865188164484 291
1757499785746 0.9794297139179725 292
1757499785846 0.0071813512046734205 293
1757499785947 3.1935147884516177 294
1757499786049 0.026784645243355824 295
1757499786148 1.7708835451242015 296
1757499786250 1.8799629901819501 297
1757499786349 0.14269307680849885 298
1757499786451 0.04799461343871732 299
1757499786552 2.8210147145269002 300
1757499786652 0.4888792866886056 301
1757499786754 0.27689596268995037 302
1757499786855 0.35437860155603396 303
1757499786954 0.0783652270571238 304
1757499787054 1.344857854324598 305
1757499787150 0.4752677275353332 306
1757499787242 0.11822502097782317 307
1757499787340 0.022369495943154565 308
1757499787441 0.41388592296876225 309
1757499787539 0.18118373756975242 310
1757499787630 4.449247185408323 311
1757499787727 0.3000709381636995 312
1757499787829 0.003500356205585726 313
1757499787927 0.07895117583969863 314
1757499788026 0.011081611091369993 315
1757499788124 4.5710676116445175 316
1757499788222 0.5079617192606903 317
1757499788320 1.7890573158801466 318
1757499788418 0.0025521131427476344 319
1757499788517 0.10247110090130805 320
1757499788614 0.4092726795122609 321
1757499788715 1.5360807794488018 322
1757499788816 0.16894011221776903 323
1757499788916 0.18196457292079762 324
1757499789014 0.6349847835013587 325
1757499789112 1.2793914565042204 326
1757499789211 0.23074462039816138 327
1757499789303 0.2752982419007803 328
1757499789400 0.041043347679350486 329
1757499789499 2.001131603836622 330
1757499789596 0.006588665163745133 331
1757499789695 5.5396109625853125 332
1757499789799 0.5377253429289688 333
1757499789897 2.280729879853744 334
1757499789998 0.27901877248608825 335
1757499790091 0.6111965487074672 336
1757499790194 1.1516812172134698 337
1757499790290 0.8481990322188298 338
1757499790392 0.12261431788512635 339
1757499790491 2.799183291723771 340
1757499790592 0.45753465131879467 341
1757499790692 0.6918310040813532 342
1757499790793 3.5140789830369434 343
1757499790897 0.1896945048576328 344
1757499790993 0.17292623677666463 345
1757499791113 0.6844006552336028 346
1757499791217 0.35524854264560146 347
1757499791315 0.17005608871915337 348
1757499791420 3.649829721258043 349
1757499791544 2.303909294516209 350
1757499791693 0.5239818522004007 351
1757499791824 3.1100613500232734 352
1757499792044 1.468461740722299 353
1757499792211 1.6042612197129305 354
1757499792382 0.04593238388524936 355
1757499792569 2.214516052320477 356
1757499792755 1.5651045385551559 357
1757499792880 2.3910616756915237 358
1757499793000 0.034880430022380664 359
1757499793110 0.7350897807541154 360
1757499793222 0.3740565172195821 361
1757499793336 1.4263027851086847 362
1757499793452 0.10192007132932407 363
1757499793560 1.3204653189810818 364
1757499793667 1.4491444041049426 365
1757499793774 0.529979577308892 366
1757499793882 0.08332804688863239 367
1757499793984 0.04572829642909842 368
1757499794091 0.39566040189956736 369
1757499794194 2.860286634632693e-08 370
1757499794292 0.0016369515175276511 371
1757499794388 0.7603763065962056 372
1757499794490 0.9008995280527 373
1757499794592 2.086827769363407 374
1757499794695 3.7586636309849455 375
1757499794798 0.7722493741077744 376
1757499794893 0.16748422469626428 377
1757499794990 0.5940550418524473 378
1757499795088 2.596747195061451 379
1757499795184 1.2801774934050922 380
1757499795281 0.8515464213276337 381
1757499795384 0.42402357588493633 382
1757499795486 1.5457797792114862 383
1757499795591 1.8339302734316152 384
1757499795693 1.3316369535678152 385
1757499795795 1.5510188254128612 386
1757499795898 1.8294056207163671 387
1757499796002 1.4445904973158 388
1757499796106 1.026089348845537 389
1757499796234 0.22960947679082222 390
1757499796341 4.423778624835336 391
1757499796444 0.04187179616553526 392
1757499796546 0.275261387906514 393
1757499796649 3.132139481892282 394
1757499796747 0.6186516460417156 395
1757499796850 2.278959442144106 396
1757499796963 1.7020323400756632 397
1757499797065 0.5055187261197129 398
1757499797167 0.2115499452199454 399
1757499797268 2.7862497064947807 400
1757499797368 0.6253933040799092 401
1757499797468 1.3768233196805557 402
1757499797568 2.389412676058173 403
1757499797668 1.0869404734071781 404
1757499797771 1.2339802627515468 405
1757499797870 1.5540570708327504 406
1757499797978 0.021860055501053584 407
1757499798078 0.19450870295516715 408
1757499798178 0.7984988333298345 409
1757499798279 0.17523280590565254 410
1757499798378 0.8700249696758414 411
1757499798478 0.5882785081003968 412
1757499798579 3.295874979107696 413
1757499798677 0.047052952630952515 414
1757499798771 0.015910274862972397 415
1757499798874 0.06251566882949447 416
1757499798980 0.41919475316216726 417
1757499799083 1.8352868388388726 418
1757499799185 0.05539914456113126 419
1757499799280 0.30375017860553016 420
1757499799380 1.5768682277552233 421
1757499799480 0.24366609672417255 422
1757499799580 0.37602788891267586 423
1757499799681 0.4434161648820531 424
1757499799776 0.8624183790193393 425
1757499799872 0.08960417879248656 426
1757499799974 0.019055851329592446 427
1757499800078 0.3954477499275205 428
1757499800179 0.06426940939664322 429
1757499800313 0.12674626122418411 430
1757499800444 0.9576537552217892 431
1757499800556 1.5346218848080366 432
1757499800684 0.8257587348857421 433
1757499800907 0.2922040739064738 434
1757499801076 1.6798259068193775 435
1757499801223 0.04569241846176023 436
1757499801442 3.7356511340912766 437
1757499801584 0.9150964746196002 438
1757499801710 1.764064631555708 439
1757499801825 1.567178603102827 440
1757499801941 1.1467430453171883 441
1757499802068 2.760970087402069 442
1757499802176 0.08194571508259445 443
1757499802286 0.9090212017183302 444
1757499802404 1.7087241022696336 445
1757499802513 1.834673053731633 446
1757499802618 0.44091011754497833 447
1757499802731 0.09224972499167818 448
1757499802836 0.21345151652813912 449
1757499802948 0.06263344534773975 450
1757499803065 0.39854536032111215 451
1757499803172 0.49857834953020325 452
1757499803272 0.35811436608180885 453
1757499803377 0.7286823763749324 454
1757499803475 1.7117857883226542 455
1757499803580 2.355346120038286 456
1757499803686 0.33523447154469427 457
1757499803790 0.010206141998670645 458
1757499803895 0.13858571931457503 459
1757499803999 1.9937625428252397 460
1757499804112 1.8443987841143872e-05 461
1757499804216 4.256999176056985 462
1757499804322 0.39510148592548905 463
1757499804419 0.7749960006089335 464
1757499804518 2.7945403754981237 465
1757499804617 0.10411415880467537 466
1757499804723 0.4716638929972377 467
1757499804828 0.13292143307062343 468
1757499804932 0.41015701750611655 469
1757499805036 0.9393282678956107 470
1757499805143 1.0524723767592166 471
1757499805245 0.7335348201483225 472
1757499805346 0.10710076836490554 473
1757499805444 3.1731087195106147 474
1757499805547 1.8342748804664286 475
1757499805647 0.3134267178757066 476
1757499805749 0.12367656197413536 477
1757499805849 0.37992279212283436 478
1757499805950 0.0010428055306631503 479
1757499806049 0.24606758919712055 480
1757499806148 1.0220224461292367 481
1757499806250 0.17613208386163381 482
1757499806354 0.19575552726952203 483
1757499806454 0.6523572975845952 484
1757499806554 0.00026081723929779837 485
1757499806650 0.8148867325560772 486
1757499806753 0.21163970949750835 487
1757499806850 0.40207567755448287 488
1757499806955 0.04423947286596274 489
1757499807059 0.20670474894882587 490
1757499807172 2.8109149277360532 491
1757499807272 1.1873728648925621e-06 492
1757499807376 0.0026549303396090386 493
1757499807479 0.057134335353912644 494
1757499807575 0.7270262717708812 495
1757499807683 2.2009220959653537 496
1757499807781 0.32016742065213427 497
1757499807886 0.5227295737634738 498
1757499807980 0.5644163252509862 499
