1757325008356 1535.1409368793175 0
1757325008379 2.971144075608388e+17 1
1757325008403 6.069071523617601e+31 2
1757325008425 1.2397119837160284e+46 3
1757325008447 2.5323244199518567e+60 4
1757325008468 5.172707090127978e+74 5
1757325008488 1.056614169552925e+89 6
1757325008511 2.1583157210481055e+103 7
1757325008533 4.4087301552036056e+117 8
1757325008557 9.00558773299525e+131 9
1757325008591 1.8395458003015172e+146 10
1757325008613 3.7575879017964435e+160 11
1757325008635 7.675517966126589e+174 12
1757325008658 1.5678562308593326e+189 13
1757325008679 3.202615343345931e+203 14
1757325008701 6.541891300717733e+217 15
1757325008723 1.3362935351984816e+232 16
1757325008744 2.7296088090264423e+246 17
1757325008779 5.575694302231345e+260 18
1757325008814 1.1389312215409818e+275 19
1757325008856 2.3264624225932155e+289 20
1757325008886 4.7521986414730465e+303 21
1757325008917 inf 22
