1757493711396 169.17593756399395 0
1757493711451 169.16128683251426 1
1757493711503 169.14703197937104 2
1757493711560 169.13316187073897 3
1757493711646 169.11966569357048 4
1757493711703 169.10653294621227 5
1757493711757 169.09375342929982 6
1757493711813 169.08131723692034 7
1757493711876 169.06921474803713 8
1757493711930 169.05743661816726 9
1757493711980 169.04597377130483 10
1757493712032 169.03481739208266 11
1757493712082 169.02395891816542 12
1757493712141 169.0133900328671 13
1757493712204 169.00310265798637 14
1757493712260 168.9930889468532 15
1757493712312 168.98334127758028 16
1757493712363 168.97385224651376 17
1757493712413 168.96461466187674 18
1757493712466 168.95562153759982 19
1757493712516 168.94686608733406 20
1757493712566 168.93834171863938 21
1757493712618 168.93004202734463 22
1757493712672 168.9219607920735 23
1757493712726 168.91409196893136 24
1757493712778 168.9064296863486 25
1757493712830 168.89896824007542 26
1757493712892 168.89170208832385 27
1757493712942 168.88462584705286 28
1757493712994 168.87773428539114 29
1757493713046 168.87102232119557 30
1757493713102 168.86448501673902 31
1757493713155 168.85811757452538 32
1757493713207 168.85191533322734 33
1757493713261 168.84587376374304 34
1757493713320 168.83998846536912 35
1757493713373 168.83425516208496 36
1757493713425 168.8286696989469 37
1757493713477 168.8232280385875 38
1757493713531 168.81792625781762 39
1757493713583 168.8127605443279 40
1757493713635 168.80772719348707 41
1757493713689 168.80282260523376 42
1757493713741 168.7980432810594 43
1757493713792 168.7933858210794 44
1757493713843 168.78884692119001 45
1757493713904 168.78442337030813 46
1757493713955 168.78011204769214 47
1757493714007 168.77590992034087 48
1757493714059 168.77181404046834 49
1757493714113 168.76782154305275 50
1757493714166 168.76392964345646 51
1757493714218 168.76013563511603 52
1757493714270 168.75643688729906 53
1757493714323 168.752830842927 54
1757493714375 168.74931501646117 55
1757493714425 168.74588699185028 56
1757493714479 168.74254442053822 57
1757493714532 168.73928501952943 58
1757493714583 168.73610656951075 59
1757493714636 168.7330069130282 60
1757493714688 168.72998395271645 61
1757493714741 168.7270356495799 62
1757493714790 168.72416002132417 63
1757493714838 168.72135514073534 64
1757493714899 168.718619134107 65
1757493714950 168.71595017971262 66
1757493715000 168.7133465063224 67
1757493715050 168.7108063917632 68
1757493715103 168.70832816152017 69
1757493715158 168.70591018737926 70
1757493715209 168.70355088610845 71
1757493715262 168.70124871817808 72
1757493715316 168.69900218651756 73
1757493715368 168.69680983530853 74
1757493715419 168.6946702488126 75
1757493715472 168.6925820502336 76
1757493715525 168.69054390061197 77
