1757509135942 169.17593756399393 0
1757509136019 169.00242178021867 1
1757509136096 168.82920847006338 2
1757509136181 168.65629703511522 3
1757509136265 168.48368687819465 4
1757509136342 168.31137740335265 5
1757509136413 168.13936801586843 6
1757509136495 167.96765812224663 7
1757509136568 167.79624713021494 8
1757509136648 167.62513444872133 9
1757509136723 167.45431948793168 10
1757509136798 167.2838016592272 11
1757509136867 167.1135803752018 12
1757509136942 166.94365504965955 13
1757509137012 166.7740250976124 14
1757509137079 166.60468993527718 15
1757509137149 166.43564898007355 16
1757509137222 166.26690165062135 17
1757509137301 166.0984473667378 18
1757509137376 165.93028554943538 19
1757509137445 165.7624156209191 20
1757509137518 165.5948370045842 21
1757509137589 165.42754912501343 22
1757509137665 165.26055140797465 23
1757509137735 165.0938432804184 24
1757509137801 164.92742417047552 25
1757509137867 164.76129350745438 26
1757509137931 164.59545072183874 27
1757509137995 164.42989524528502 28
1757509138059 164.26462651062016 29
1757509138119 164.09964395183877 30
1757509138179 163.93494700410105 31
1757509138242 163.77053510373017 32
1757509138305 163.6064076882099 33
1757509138490 163.4425641961821 34
1757509138634 163.27900406744445 35
1757509138749 163.11572674294774 36
1757509138869 162.95273166479393 37
1757509138944 162.79001827623327 38
1757509139064 162.6275860216621 39
1757509139212 162.46543434662067 40
1757509139314 162.3035626977902 41
1757509139472 162.14197052299104 42
1757509139650 161.98065727118004 43
1757509139724 161.81962239244814 44
1757509139801 161.65886533801805 45
1757509139864 161.49838556024207 46
1757509139929 161.33818251259927 47
1757509139994 161.1782556496936 48
1757509140056 161.01860442725138 49
1757509140121 160.8592283021188 50
1757509140183 160.70012673225975 51
1757509140245 160.54129917675343 52
1757509140306 160.38274509579207 53
1757509140366 160.22446395067854 54
1757509140427 160.06645520382398 55
1757509140487 159.90871831874557 56
1757509140548 159.75125276006426 57
1757509140607 159.59405799350242 58
1757509140668 159.43713348588125 59
1757509140730 159.28047870511915 60
1757509140798 159.12409312022862 61
1757509140858 158.96797620131466 62
1757509140916 158.81212741957202 63
1757509140974 158.6565462472833 64
1757509141043 158.50123215781625 65
1757509141103 158.34618462562185 66
1757509141167 158.19140312623193 67
1757509141225 158.03688713625675 68
1757509141285 157.8826361333832 69
1757509141345 157.72864959637195 70
1757509141403 157.57492700505563 71
1757509141463 157.42146784033648 72
1757509141524 157.268271584184 73
1757509141584 157.11533771963298 74
1757509141646 156.96266573078083 75
1757509141713 156.81025510278602 76
1757509141844 156.65810532186515 77
1757509141946 156.50621587529113 78
1757509142020 156.35458625139103 79
1757509142095 156.20321593954367 80
1757509142200 156.05210443017748 81
1757509142264 155.90125121476837 82
1757509142326 155.7506557858375 83
1757509142388 155.60031763694914 84
1757509142450 155.45023626270833 85
1757509142512 155.30041115875892 86
1757509142573 155.15084182178126 87
1757509142642 155.0015277494901 88
1757509142712 154.85246844063235 89
1757509142774 154.703663394985 90
1757509142834 154.55511211335298 91
1757509142900 154.40681409756695 92
1757509142966 154.2587688504811 93
1757509143027 154.11097587597115 94
1757509143089 153.96343467893226 95
1757509143166 153.81614476527662 96
1757509143231 153.6691056419316 97
1757509143299 153.5223168168375 98
1757509143361 153.37577779894542 99
1757509143424 153.22948809821528 100
1757509143485 153.08344722561355 101
1757509143546 152.93765469311123 102
1757509143606 152.79211001368174 103
1757509143666 152.64681270129884 104
1757509143734 152.50176227093445 105
1757509143793 152.35695823855673 106
1757509143853 152.21240012112793 107
1757509143913 152.0680874366021 108
1757509143975 151.92401970392342 109
1757509144035 151.78019644302378 110
1757509144096 151.6366171748209 111
1757509144157 151.49328142121627 112
1757509144220 151.35018870509296 113
1757509144283 151.20733855031364 114
1757509144348 151.06473048171867 115
1757509144413 150.92236402512387 116
1757509144475 150.78023870731852 117
1757509144537 150.63835405606338 118
1757509144600 150.49670960008868 119
1757509144659 150.35530486909198 120
1757509144723 150.21413939373622 121
1757509144794 150.0732127056478 122
1757509144859 149.93252433741435 123
1757509144921 149.79207382258286 124
1757509144981 149.65186069565775 125
1757509145044 149.51188449209872 126
1757509145104 149.37214474831876 127
1757509145164 149.23264100168228 128
1757509145228 149.09337279050303 129
1757509145290 148.95433965404217 130
1757509145349 148.81554113250616 131
1757509145409 148.67697676704506 132
1757509145470 148.53864609975022 133
1757509145530 148.40054867365257 134
1757509145589 148.26268403272047 135
1757509145650 148.12505172185803 136
1757509145711 147.98765128690277 137
1757509145782 147.85048227462406 138
1757509145841 147.7135442327208 139
1757509145902 147.57683670981984 140
1757509145963 147.44035925547374 141
1757509146026 147.30411142015907 142
1757509146087 147.16809275527433 143
1757509146164 147.03230281313802 144
1757509146300 146.8967411469868 145
1757509146555 146.76140731097365 146
1757509146669 146.6263008601657 147
1757509146751 146.49142135054254 148
1757509146830 146.3567683389942 149
1757509146901 146.22234138331933 150
1757509146969 146.08814004222327 151
1757509147037 145.95416387531614 152
1757509147104 145.820412443111 153
1757509147170 145.68688530702187 154
1757509147239 145.55358202936185 155
1757509147304 145.42050217334148 156
1757509147369 145.28764530306654 157
1757509147433 145.15501098353633 158
1757509147499 145.02259878064189 159
1757509147563 144.890408261164 160
1757509147626 144.75843899277126 161
1757509147689 144.6266905440186 162
1757509147754 144.49516248434486 163
1757509147826 144.36385438407157 164
1757509147886 144.23276581440058 165
1757509147950 144.10189634741258 166
1757509148011 143.97124555606496 167
1757509148080 143.84081301419033 168
1757509148142 143.71059829649434 169
1757509148205 143.58060097855417 170
1757509148266 143.45082063681653 171
1757509148329 143.32125684859582 172
1757509148389 143.19190919207236 173
1757509148452 143.06277724629075 174
1757509148512 142.93386059115778 175
1757509148574 142.80515880744076 176
1757509148639 142.67667147676585 177
1757509148702 142.5483981816161 178
1757509148767 142.42033850532962 179
1757509148839 142.292492032098 180
1757509148903 142.1648583469644 181
1757509148965 142.0374370358217 182
1757509149026 141.91022768541094 183
1757509149089 141.78322988331928 184
1757509149151 141.65644321797853 185
1757509149213 141.52986727866312 186
1757509149275 141.40350165548847 187
1757509149337 141.27734593940926 188
1757509149397 141.15139972221766 189
1757509149459 141.02566259654145 190
1757509149520 140.90013415584255 191
1757509149584 140.77481399441498 192
1757509149648 140.64970170738334 193
1757509149708 140.52479689070088 194
1757509149772 140.40009914114808 195
1757509149843 140.27560805633058 196
1757509149908 140.15132323467762 197
1757509149975 140.0272442754404 198
1757509150040 139.9033707786902 199
1757509150141 139.7797023453168 200
1757509150219 139.6562385770266 201
1757509150295 139.53297907634118 202
1757509150373 139.40992344659543 203
1757509150446 139.28707129193575 204
1757509150523 139.1644222173186 205
1757509150600 139.04197582850864 206
1757509150676 138.91973173207714 207
1757509150751 138.79768953540022 208
1757509150830 138.6758488466572 209
1757509150917 138.55420927482893 210
1757509150992 138.43277042969615 211
1757509151067 138.31153192183777 212
1757509151142 138.19049336262918 213
1757509151217 138.06965436424065 214
1757509151284 137.9490145396357 215
1757509151352 137.82857350256936 216
1757509151420 137.70833086758654 217
1757509151486 137.58828625002042 218
1757509151551 137.46843926599078 219
1757509151632 137.3487895324024 220
1757509151706 137.2293366669433 221
1757509151777 137.11008028808328 222
1757509151852 136.99102001507214 223
1757509151937 136.8721554679382 224
1757509152014 136.7534862674864 225
1757509152095 136.63501203529714 226
1757509152189 136.5167323937242 227
1757509152277 136.39864696589336 228
1757509152385 136.28075537570078 229
1757509152458 136.16305724781137 230
1757509152527 136.04555220765715 231
1757509152598 135.92823988143567 232
1757509152718 135.8111198961085 233
1757509152903 135.69419187939943 234
1757509153049 135.57745545979319 235
1757509153212 135.46091026653346 236
1757509153287 135.34455592962175 237
1757509153387 135.2283920798154 238
1757509153576 135.1124183486263 239
1757509153678 134.99663436831912 240
1757509153751 134.88103977190988 241
1757509153821 134.7656341931643 242
1757509153890 134.65041726659626 243
1757509153970 134.53538862746623 244
1757509154038 134.42054791177978 245
1757509154106 134.30589475628594 246
1757509154182 134.19142879847564 247
1757509154249 134.0771496765803 248
1757509154317 133.96305702957008 249
1757509154385 133.84915049715255 250
1757509154452 133.73542971977102 251
1757509154516 133.62189433860297 252
1757509154582 133.50854399555874 253
1757509154650 133.3953783332797 254
1757509154727 133.28239699513696 255
1757509154792 133.16959962522972 256
1757509154855 133.0569858683839 257
1757509154919 132.9445553701504 258
1757509154988 132.83230777680376 259
1757509155052 132.7202427353406 260
1757509155120 132.60835989347817 261
1757509155184 132.49665889965272 262
1757509155249 132.38513940301812 263
1757509155312 132.27380105344434 264
1757509155374 132.16264350151587 265
1757509155438 132.0516663985304 266
1757509155500 131.94086939649708 267
1757509155564 131.8302521481354 268
1757509155628 131.7198143068733 269
1757509155689 131.60955552684607 270
1757509155750 131.49947546289457 271
1757509155817 131.3895737705639 272
1757509155879 131.27985010610203 273
1757509155942 131.1703041264581 274
1757509156014 131.06093548928112 275
1757509156078 130.95174385291855 276
1757509156141 130.84272887641472 277
1757509156209 130.7338902195094 278
1757509156272 130.6252275426364 279
1757509156334 130.5167405069221 280
1757509156396 130.40842877418407 281
1757509156459 130.3002920069295 282
1757509156521 130.19232986835388 283
1757509156589 130.08454202233943 284
1757509156657 129.97692813345392 285
1757509156719 129.86948786694893 286
1757509156780 129.76222088875863 287
1757509156843 129.65512686549835 288
1757509156905 129.54820546446302 289
1757509156973 129.44145635362594 290
1757509157036 129.33487920163722 291
1757509157100 129.2284736778224 292
1757509157162 129.1222394521812 293
1757509157225 129.0161761953858 294
1757509157286 128.91028357877977 295
1757509157348 128.80456127437643 296
1757509157410 128.69900895485762 297
1757509157472 128.5936262935722 298
1757509157534 128.48841296453472 299
1757509157599 128.38336864242393 300
1757509157665 128.27849300258157 301
1757509157731 128.1737857210109 302
1757509157798 128.06924647437523 303
1757509157860 127.96487493999669 304
1757509157924 127.86067079585482 305
1757509157987 127.75663372058514 306
1757509158051 127.65276339347785 307
1757509158114 127.54905949447641 308
1757509158178 127.44552170417629 309
1757509158243 127.34214970382342 310
1757509158305 127.23894317531303 311
1757509158369 127.13590180118817 312
1757509158432 127.03302526463848 313
1757509158494 126.93031324949868 314
1757509158560 126.82776544024739 315
1757509158622 126.72538152200563 316
1757509158685 126.62316118053569 317
1757509158748 126.52110410223953 318
1757509158811 126.41920997415778 319
1757509158873 126.317478483968 320
1757509158936 126.21590931998375 321
1757509159008 126.11450217115299 322
1757509159072 126.01325672705693 323
1757509159136 125.91217267790861 324
1757509159203 125.81124971455156 325
1757509159267 125.71048752845867 326
1757509159331 125.60988581173063 327
1757509159396 125.50944425709483 328
1757509159460 125.4091625579039 329
1757509159523 125.30904040813456 330
1757509159589 125.20907750238617 331
1757509159654 125.10927353587954 332
1757509159723 125.00962820445564 333
1757509159786 124.91014120457415 334
1757509159851 124.81081223331238 335
1757509159915 124.71164098836391 336
1757509159983 124.61262716803725 337
1757509160062 124.51377047125462 338
1757509160129 124.41507059755067 339
1757509160196 124.31652724707111 340
1757509160267 124.21814012057165 341
1757509160331 124.11990891941649 342
1757509160395 124.02183334557722 343
1757509160461 123.92391310163148 344
1757509160525 123.82614789076175 345
1757509160591 123.72853741675397 346
1757509160659 123.63108138399645 347
1757509160723 123.53377949747856 348
1757509160787 123.43663146278936 349
1757509160851 123.33963698611656 350
1757509160916 123.24279577424505 351
1757509160987 123.1461075345559 352
1757509161063 123.04957197502489 353
1757509161131 122.95318880422138 354
1757509161203 122.85695773130715 355
1757509161271 122.760878466035 356
1757509161339 122.66495071874765 357
1757509161406 122.56917420037642 358
1757509161472 122.47354862244013 359
1757509161537 122.37807369704377 360
1757509161603 122.28274913687726 361
1757509161669 122.1875746552143 362
1757509161737 122.09254996591125 363
1757509161804 121.99767478340564 364
1757509161883 121.90294882271526 365
1757509161947 121.80837179943676 366
1757509162013 121.7139434297445 367
1757509162085 121.6196634303894 368
1757509162150 121.52553151869766 369
1757509162218 121.4315474125696 370
1757509162283 121.33771083047846 371
1757509162348 121.24402149146928 372
1757509162416 121.15047911515754 373
1757509162480 121.05708342172814 374
1757509162544 120.96383413193415 375
1757509162609 120.87073096709561 376
1757509162675 120.77777364909839 377
1757509162739 120.68496190039296 378
1757509162805 120.5922954439933 379
1757509162871 120.49977400347566 380
1757509162937 120.40739730297739 381
1757509163005 120.31516506719582 382
1757509163082 120.22307702138703 383
1757509163148 120.13113289136476 384
1757509163216 120.0393324034992 385
1757509163280 119.94767528471584 386
1757509163345 119.85616126249435 387
1757509163411 119.76479006486741 388
1757509163476 119.67356142041947 389
1757509163542 119.58247505828581 390
1757509163609 119.4915307081511 391
1757509163676 119.40072810024866 392
1757509163742 119.31006696535881 393
1757509163807 119.21954703480827 394
1757509163872 119.12916804046856 395
1757509163937 119.03892971475517 396
1757509164008 118.94883179062631 397
1757509164076 118.85887400158182 398
1757509164150 118.76905608166196 399
1757509164216 118.67937776544642 400
1757509164297 118.58983878805309 401
1757509164363 118.50043888513696 402
1757509164428 118.4111777928891 403
1757509164494 118.32205524803541 404
1757509164565 118.23307098783553 405
1757509164633 118.14422475008189 406
1757509164700 118.05551627309835 407
1757509164765 117.96694529573931 408
1757509164830 117.87851155738845 409
1757509164896 117.7902147979578 410
1757509164961 117.70205475788649 411
1757509165084 117.61403117813964 412
1757509165262 117.52614380020745 413
1757509165394 117.43839236610395 414
1757509165479 117.35077661836596 415
1757509165584 117.26329630005195 416
1757509165744 117.17595115474107 417
1757509165845 117.088740926532 418
1757509165921 117.00166536004183 419
1757509165992 116.91472420040503 420
1757509166065 116.8279171932724 421
1757509166139 116.74124408480998 422
1757509166210 116.6547046216979 423
1757509166281 116.56829855112946 424
1757509166356 116.4820256208099 425
1757509166424 116.3958855789555 426
1757509166492 116.30987817429236 427
1757509166562 116.22400315605547 428
1757509166630 116.13826027398763 429
1757509166703 116.05264927833824 430
1757509166779 115.96716991986247 431
1757509166891 115.88182194982014 432
1757509166977 115.79660511997454 433
1757509167072 115.71151918259159 434
1757509167168 115.6265638904386 435
1757509167262 115.54173899678341 436
1757509167362 115.45704425539319 437
1757509167456 115.37247942053352 438
1757509167546 115.28804424696727 439
1757509167638 115.20373848995364 440
1757509167720 115.1195619052471 441
1757509167801 115.03551424909628 442
1757509167885 114.95159527824315 443
1757509167966 114.86780474992176 444
1757509168055 114.78414242185735 445
1757509168140 114.70060805226532 446
1757509168230 114.61720139985017 447
1757509168315 114.53392222380454 448
1757509168420 114.45077028380815 449
1757509168514 114.36774534002677 450
1757509168600 114.28484715311133 451
1757509168684 114.2020754841967 452
1757509168767 114.11943009490095 453
1757509168855 114.03691074732411 454
1757509168969 113.95451720404729 455
1757509169085 113.8722492281317 456
1757509169175 113.79010658311753 457
1757509169257 113.70808903302314 458
1757509169340 113.62619634234389 459
1757509169416 113.54442827605122 460
1757509169488 113.46278459959171 461
1757509169562 113.38126507888603 462
1757509169636 113.29986948032798 463
1757509169708 113.21859757078346 464
1757509169782 113.1374491175896 465
1757509169856 113.05642388855365 466
1757509169933 112.97552165195215 467
1757509170006 112.89474217652975 468
1757509170081 112.81408523149848 469
1757509170150 112.7335505865366 470
1757509170228 112.6531380117877 471
1757509170301 112.57284727785974 472
1757509170370 112.49267815582408 473
1757509170443 112.41263041721447 474
1757509170511 112.3327038340262 475
1757509170579 112.25289817871501 476
1757509170647 112.17321322419623 477
1757509170718 112.0936487438438 478
1757509170787 112.01420451148928 479
1757509170856 111.934880301421 480
1757509170926 111.85567588838296 481
1757509170993 111.776591047574 482
1757509171061 111.69762555464689 483
1757509171129 111.61877918570723 484
1757509171197 111.54005171731262 485
1757509171273 111.46144292647175 486
1757509171340 111.38295259064344 487
1757509171409 111.30458048773559 488
1757509171476 111.22632639610441 489
1757509171544 111.14819009455343 490
1757509171613 111.07017136233253 491
1757509171681 110.99226997913703 492
1757509171747 110.9144857251069 493
1757509171815 110.83681838082559 494
1757509171882 110.75926772731933 495
1757509171950 110.68183354605604 496
1757509172023 110.60451561894459 497
1757509172093 110.52731372833374 498
1757509172165 110.45022765701128 499
