1757400958032 172.16078483742697 0
1757400958118 63.192199151374275 1
1757400958236 75.695431000823 2
1757400958305 52.136321940586186 3
1757400958369 50.9707353396136 4
1757400958458 43.347872062988834 5
1757400958513 40.74329051621226 6
1757400958579 37.17255393350814 7
1757400958663 34.92765756711977 8
1757400958712 32.70622937801547 9
1757400958771 30.94532870326219 10
1757400958827 29.33584487920556 11
1757400958911 27.94578315981878 12
1757400958983 26.68772053093479 13
1757400959072 25.56105742548883 14
1757400959147 24.53336259371527 15
1757400959226 23.594619790495496 16
1757400959274 22.72898907658901 17
1757400959399 21.92761326923261 18
1757400959470 21.181181503522783 19
1757400959543 20.483135024631427 20
1757400959611 19.827426173547803 21
1757400959667 19.209348917332775 22
1757400959727 18.62475302421538 23
1757400959777 18.07024624653192 24
1757400959838 17.542875437892082 25
1757400959897 17.040156479282526 26
1757400959952 16.55992719195316 27
1757400960001 16.100332744239758 28
1757400960047 15.659750026748393 29
1757400960107 15.236765449028617 30
1757400960176 14.830132370955962 31
1757400960314 14.438751325584954 32
1757400960592 14.061644228260489 33
1757400960637 13.697938933512745 34
1757400960680 13.346852681060223 35
1757400960746 13.007680591466961 36
1757400960845 12.679784562287724 37
1757400960949 12.362584833515053 38
1757400961066 12.0555522865373 39
1757400961158 11.758202271865306 40
1757400961207 11.470089129110905 41
1757400961248 11.190801647555206 42
1757400961294 10.919959086223692 43
1757400961328 10.65720780716039 44
1757400961405 10.402218335741772 45
1757400961510 10.1546828385724 46
1757400961543 9.91431292021685 47
1757400961641 9.68083771347917 48
1757400961681 9.454002206229823 49
1757400961747 9.2335657794268 50
1757400961826 9.019300920850775 51
1757400961891 8.810992093454788 52
1757400961938 8.608434734886863 53
1757400962009 8.411434371770007 54
1757400962071 8.219805832566308 55
1757400962116 8.033372546595311 56
1757400962156 7.851965917706493 57
1757400962225 7.675424763285724 58
1757400962303 7.503594810245497 59
1757400962345 7.336328241021509 60
1757400962386 7.173483283421186 61
1757400962441 7.0149238390879045 62
1757400962505 6.860519145993359 63
1757400962581 6.710143471011158 64
1757400962636 6.563675829120906 65
1757400962699 6.420999726251746 66
1757400962749 6.282002923149271 67
1757400962840 6.146577217985944 68
1757400962909 6.014618245717553 69
1757400962950 5.886025292437263 70
1757400962991 5.760701123191556 71
1757400963036 5.638551821908834 72
1757400963078 5.519486642251982 73
1757400963133 5.403417868346701 74
1757400963193 5.290260684459368 75
1757400963269 5.179933052804562 76
1757400963319 5.072355598755294 77
1757400963361 4.9674515028101895 78
1757400963404 4.8651463987428825 79
1757400963460 4.765368277421216 80
1757400963511 4.668047395838403 81
1757400963556 4.573116190946393 82
1757400963597 4.480509197923868 83
1757400963659 4.390162972548518 84
1757400963703 4.302016017376083 85
1757400963741 4.216008711457661 86
1757400963795 4.132083243352421 87
1757400963850 4.050183547215626 88
1757400963897 3.970255241762024 89
1757400963936 3.8922455719226545 90
1757400963975 3.816103353029049 91
1757400964025 3.7417789173730465 92
1757400964070 3.669224063003204 93
1757400964128 3.598392004630161 94
1757400964182 3.5292373265235004 95
1757400964249 3.4617159372918205 96
1757400964377 3.3957850264460347 97
1757400964453 3.331403022653264 98
1757400964542 3.2685295535955143 99
1757400964578 3.207125407353244 100
1757400964605 3.1471524952396153 101
1757400964663 3.0885738160161393 102
1757400964749 3.0313534214248965 103
1757400964811 2.975456382976876 104
1757400964903 2.920848759939543 105
1757400964981 2.867497568470381 106
1757400965046 2.815370751846238 107
1757400965083 2.76443715174131 108
1757400965122 2.714666480509237 109
1757400965193 2.666029294427265 110
1757400965261 2.6184969678627894 111
1757400965306 2.572041668324663 112
1757400965362 2.5266363323636134 113
1757400965401 2.4822546422880283 114
1757400965454 2.4388710036629644 115
1757400965518 2.3964605235619056 116
1757400965567 2.3549989895422434 117
1757400965628 2.314462849316861 118
1757400965666 2.274829191095466 119
1757400965704 2.236075724570574 120
1757400965760 2.1981807625241596 121
1757400965802 2.1611232030320973 122
1757400965858 2.1248825122445036 123
1757400965896 2.0894387077210332 124
1757400965933 2.0547723423011437 125
1757400966004 2.020864488490114 126
1757400966056 1.9876967233424836 127
1757400966128 1.9552511138252788 128
1757400966201 1.923510202644172 129
1757400966238 1.8924569945163505 130
1757400966289 1.8620749428745698 131
1757400966326 1.832347936987468 132
1757400966386 1.8032602894817877 133
1757400966446 1.7747967242527558 134
1757400966495 1.746942364749366 135
1757400966541 1.71968272262184 136
1757400966595 1.6930036867190106 137
1757400966634 1.6668915124238668 138
1757400966686 1.6413328113159242 139
1757400966754 1.6163145411494695 140
1757400966809 1.591823996137223 141
1757400966857 1.5678487975292723 142
1757400966896 1.544376884477522 143
1757400966938 1.521396505176277 144
1757400966978 1.4988962082699147 145
1757400967025 1.4768648345188822 146
1757400967088 1.4552915087156628 147
1757400967198 1.4341656318425329 148
1757400967326 1.4134768734633358 149
1757400967369 1.393215164341698 150
1757400967423 1.373370689278396 151
1757400967524 1.3539338801608838 152
1757400967575 1.3348954092181493 153
1757400967626 1.3162461824743825 154
1757400967725 1.297977333395133 155
1757400967779 1.280080216719831 156
1757400967928 1.2625464024748139 157
1757400967980 1.2453676701611298 158
1757400968053 1.2285360031116508 159
1757400968136 1.2120435830121643 160
1757400968231 1.1958827845813071 161
1757400968319 1.1800461704044205 162
1757400968392 1.1645264859164888 163
1757400968466 1.1493166545295541 164
1757400968585 1.1344097729001363 165
1757400968644 1.1197991063323243 166
1757400968749 1.1054780843123406 167
1757400968833 1.0914402961705671 168
1757400968909 1.0776794868671011 169
1757400968963 1.0641895528970573 170
1757400969001 1.050964538311969 171
1757400969072 1.0379986308537503 172
1757400969157 1.0252861581977823 173
1757400969265 1.0128215843018502 174
1757400969311 1.000599505857666 175
1757400969375 0.9886146488419564 176
1757400969453 0.9768618651640532 177
1757400969490 0.9653361294071041 178
1757400969531 0.9540325356601317 179
1757400969581 0.9429462944381573 180
1757400969650 0.9320727296878141 181
1757400969706 0.9214072758758809 182
1757400969761 0.9109454751582651 183
1757400969834 0.9006829746270673 184
1757400969871 0.8906155236333984 185
1757400969943 0.8807389711837208 186
1757400969997 0.8710492634075424 187
1757400970076 0.8615424410943804 188
1757400970115 0.8522146372979247 189
1757400970165 0.8430620750054854 190
1757400970231 0.8340810648707638 191
1757400970271 0.8252680030081401 192
1757400970310 0.816619368846668 193
1757400970371 0.8081317230420436 194
1757400970427 0.7998017054448818 195
1757400970475 0.7916260331236481 196
1757400970522 0.7836014984406922 197
1757400970592 0.7757249671798438 198
1757400970664 0.7679933767240827 199
1757400970724 0.7604037342818639 200
1757400970775 0.7529531151606823 201
1757400970812 0.745638661086558 202
1757400970857 0.7384575785680965 203
1757400970923 0.7314071373038873 204
1757400970988 0.7244846686319963 205
1757400971042 0.7176875640203659 206
1757400971099 0.711013273596952 207
1757400971143 0.7044593047184942 208
1757400971203 0.6980232205768248 209
1757400971249 0.6917026388416593 210
1757400971293 0.6854952303388465 211
1757400971334 0.6793987177630909 212
1757400971374 0.6734108744241698 213
1757400971415 0.6675295230257343 214
1757400971467 0.6617525344757675 215
1757400971512 0.6560778267278271 216
1757400971599 0.6505033636522305 217
1757400971732 0.645027153936331 218
1757400971822 0.6396472500131067 219
1757400971882 0.6343617470172644 220
1757400971957 0.6291687817681116 221
1757400972017 0.6240665317784562 222
1757400972057 0.6190532142888291 223
1757400972116 0.6141270853263302 224
1757400972188 0.6092864387874215 225
1757400972251 0.6045296055440371 226
1757400972303 0.5998549525723426 227
1757400972372 0.5952608821035634 228
1757400972423 0.5907458307962637 229
1757400972486 0.5863082689295007 230
1757400972527 0.5819466996162916 231
1757400972582 0.5776596580368569 232
1757400972625 0.5734457106910855 233
1757400972673 0.5693034546697271 234
1757400972734 0.565231516943808 235
1757400972802 0.5612285536717689 236
1757400972851 0.5572932495238668 237
1757400972915 0.5534243170233775 238
1757400972996 0.5496204959041542 239
1757400973050 0.5458805524840964 240
1757400973094 0.5422032790541276 241
1757400973151 0.5385874932822551 242
1757400973209 0.5350320376323225 243
1757400973263 0.5315357787970673 244
1757400973331 0.5280976071451073 245
1757400973380 0.5247164361814852 246
1757400973431 0.5213912020214262 247
1757400973485 0.5181208628769618 248
1757400973537 0.5149043985560634 249
1757400973590 0.5117408099739993 250
1757400973650 0.5086291186765574 251
1757400973732 0.5055683663748516 252
1757400973786 0.5025576144914028 253
1757400973857 0.4995959437172006 254
1757400973898 0.49668245357946644 255
1757400973942 0.49381626201984324 256
1757400973987 0.49099650498274017 257
1757400974056 0.4882223360135635 258
1757400974124 0.48549292586661097 259
1757400974185 0.48280746212233433 260
1757400974295 0.4801651488137799 261
1757400974412 0.4775652060619336 262
1757400974514 0.4750068697197698 263
1757400974559 0.47248939102477266 264
1757400974637 0.4700120362597056 265
1757400974694 0.46757408642144627 266
1757400974748 0.4651748368976493 267
1757400974807 0.4628135971510741 268
1757400974861 0.46048969041134835 269
1757400974929 0.4582024533740141 270
1757400974981 0.4559512359066461 271
1757400975056 0.4537354007618866 272
1757400975123 0.451554323297207 273
1757400975166 0.44940739120123585 274
1757400975222 0.4472940042264894 275
1757400975263 0.4452135739283432 276
1757400975306 0.4431655234100905 277
1757400975350 0.441149287073934 278
1757400975400 0.4391643103777679 279
1757400975465 0.4372100495976038 280
1757400975522 0.4352859715954974 281
1757400975605 0.4333915535928522 282
1757400975653 0.43152628294895284 283
1757400975721 0.4296896569446139 284
1757400975778 0.42788118257079716 285
1757400975845 0.4261003763221068 286
1757400975902 0.42434676399501314 287
1757400975960 0.42261988049070554 288
1757400976016 0.42091926962245413 289
1757400976061 0.4192444839273812 290
1757400976109 0.4175950844825167 291
1757400976175 0.41597064072505757 292
1757400976240 0.4143707302767013 293
1757400976292 0.41279493877197776 294
1757400976333 0.4112428596904757 295
1757400976376 0.4097140941928595 296
1757400976425 0.40820825096060087 297
1757400976487 0.40672494603932974 298
1757400976551 0.4052638026857069 299
1757400976609 0.4038244512177497 300
1757400976654 0.4024065288685215 301
1757400976707 0.4010096796431018 302
1757400976775 0.39963355417875934 303
1757400976918 0.39827780960825676 304
1757400977000 0.3969421094262011 305
1757400977123 0.39562612335838965 306
1757400977179 0.3943295272340452 307
1757400977285 0.3930520028609102 308
1757400977354 0.39179323790309994 309
1757400977408 0.3905529257616748 310
1757400977491 0.389330765457846 311
1757400977580 0.3881264615187671 312
1757400977674 0.3869397238658472 313
1757400977789 0.38577026770552497 314
1757400977860 0.38461781342243634 315
1757400977928 0.38348208647494153 316
1757400978008 0.38236281729293686 317
1757400978093 0.3812597411779053 318
1757400978156 0.3801725982051527 319
1757400978241 0.3791011331281762 320
1757400978281 0.3780450952851237 321
1757400978315 0.37700423850728004 322
1757400978402 0.3759783210295527 323
1757400978478 0.37496710540289097 324
1757400978512 0.3739703584086047 325
1757400978544 0.372987850974544 326
1757400978644 0.3720193580930786 327
1757400978753 0.37106465874085154 328
1757400978830 0.3701235358002635 329
1757400978952 0.3691957759826416 330
1757400979082 0.36828116975305686 331
1757400979124 0.36737951125676005 332
1757400979164 0.36649059824717806 333
1757400979200 0.36561423201546756 334
1757400979247 0.3647502173215572 335
1757400979337 0.3638983623266635 336
1757400979420 0.3630584785272454 337
1757400979489 0.36223038069035585 338
1757400979627 0.36141388679036857 339
1757400979693 0.36060881794704275 340
1757400979787 0.35981499836489883 341
1757400979873 0.3590322552738683 342
1757400979922 0.3582604188712012 343
1757400979996 0.3574993222645931 344
1757400980060 0.35674880141650506 345
1757400980158 0.35600869508965244 346
1757400980263 0.3552788447936372 347
1757400980326 0.3545590947326959 348
1757400980383 0.35384929175453667 349
1757400980438 0.35314928530023904 350
1757400980486 0.3524589273552041 351
1757400980545 0.3517780724011195 352
1757400980619 0.3511065773689236 353
1757400980666 0.35044430159273654 354
1757400980736 0.3497911067647524 355
1757400980812 0.34914685689105834 356
1757400980857 0.3485114182483628 357
1757400980910 0.34788465934162355 358
1757400980964 0.3472664508625288 359
1757400981030 0.3466566656488457 360
1757400981085 0.346055178644598 361
1757400981134 0.34546186686105373 362
1757400981196 0.34487660933850595 363
1757400981253 0.3442992871088464 364
1757400981325 0.3437297831588854 365
1757400981383 0.3431679823944261 366
1757400981430 0.34261377160506234 367
1757400981479 0.3420670394296924 368
1757400981526 0.3415276763227289 369
1757400981585 0.34099557452098644 370
1757400981647 0.34047062801124556 371
1757400981715 0.3399527324984602 372
1757400981797 0.3394417853746067 373
1757400981843 0.3389376856881565 374
1757400981915 0.33844033411416374 375
1757400981984 0.3379496329249424 376
1757400982067 0.3374654859613361 377
1757400982133 0.33698779860455624 378
1757400982235 0.33651647774857935 379
1757400982390 0.3360514317730953 380
1757400982528 0.33559257051698616 381
1757400982648 0.33513980525233494 382
1757400982746 0.33469304865894417 383
1757400982824 0.33425221479935807 384
1757400982891 0.3338172190943754 385
1757400982953 0.33338797829904404 386
1757400983029 0.33296441047912395 387
1757400983090 0.33254643498801406 388
1757400983170 0.33213397244412896 389
1757400983235 0.3317269447087135 390
1757400983290 0.3313252748640966 391
1757400983358 0.33092888719235813 392
1757400983405 0.33053770715441905 393
1757400983465 0.33015166136952995 394
1757400983513 0.3297706775951595 395
1757400983562 0.32939468470726996 396
1757400983647 0.3290236126809737 397
1757400983888 0.32865739257155774 398
1757400983993 0.32829595649588267 399
1757400984058 0.32793923761412147 400
1757400984166 0.3275871701118634 401
1757400984255 0.3272396891825552 402
1757400984335 0.32689673101026967 403
1757400984422 0.32655823275281404 404
1757400984501 0.32622413252514576 405
1757400984552 0.3258943693831146 406
1757400984604 0.3255688833075089 407
1757400984653 0.32524761518839734 408
1757400984712 0.3249305068097742 409
1757400984766 0.3246175008344872 410
1757400984820 0.3243085407894568 411
1757400984872 0.32400357105115707 412
1757400984926 0.3237025368313906 413
1757400984991 0.3234053841633066 414
1757400985053 0.32311205988769814 415
1757400985111 0.32282251163954184 416
1757400985158 0.3225366878347931 417
1757400985256 0.32225453765742745 418
1757400985418 0.32197601104671786 419
1757400985522 0.32170105868474985 420
1757400985595 0.32142963198416685 421
1757400985677 0.3211616830761399 422
1757400985746 0.3208971647985604 423
1757400985797 0.32063603068444374 424
1757400985851 0.3203782349505575 425
1757400985927 0.3201237324862407 426
1757400985991 0.3198724788424421 427
1757400986071 0.3196244302209503 428
1757400986144 0.3193795434638197 429
1757400986201 0.3191377760429899 430
1757400986249 0.3188990860500923 431
1757400986300 0.318663432186443 432
1757400986357 0.3184307737532128 433
1757400986409 0.3182010706417781 434
1757400986482 0.31797428332423744 435
1757400986546 0.31775037284411106 436
1757400986625 0.3175293008071919 437
1757400986683 0.317311029372572 438
1757400986759 0.31709552124382356 439
1757400986818 0.31688273966033625 440
1757400986902 0.3166726483888116 441
1757400986970 0.316465211714905 442
1757400987036 0.3162603944350186 443
1757400987100 0.3160581618482342 444
1757400987147 0.3158584797483954 445
1757400987223 0.3156613144163255 446
1757400987278 0.3154666326121777 447
1757400987336 0.3152744015679284 448
1757400987398 0.31508458897999153 449
1757400987455 0.3148971630019727 450
1757400987505 0.31471209223754165 451
1757400987565 0.3145293457334302 452
1757400987622 0.31434889297255364 453
1757400987696 0.31417070386725054 454
1757400987743 0.3139947487526389 455
1757400987800 0.3138209983800866 456
1757400987937 0.31364942391079625 457
1757400988055 0.31347999690949957 458
1757400988120 0.3133126893382551 459
1757400988219 0.3131474735503626 460
1757400988301 0.3129843222843702 461
1757400988345 0.31282320865819196 462
1757400988405 0.31266410616332146 463
1757400988495 0.31250698865914395 464
1757400988562 0.3123518303673474 465
1757400988620 0.31219860586642456 466
1757400988677 0.3120472900862726 467
1757400988746 0.3118978583028785 468
1757400988808 0.31175028613309713 469
1757400988869 0.311604549529518 470
1757400988943 0.31146062477541314 471
1757400989012 0.3113184884797768 472
1757400989069 0.31117811757244024 473
1757400989116 0.3110394892992745 474
1757400989180 0.31090258121747055 475
1757400989230 0.3107673711908934 476
1757400989322 0.3106338373855204 477
1757400989403 0.31050195826495364 478
1757400989477 0.3103717125860002 479
1757400989582 0.3102430793943327 480
1757400989655 0.31011603802021614 481
1757400989735 0.30999056807431086 482
1757400989821 0.3098666494435343 483
1757400989905 0.30974426228700225 484
1757400989955 0.30962338703202713 485
1757400990004 0.30950400437018505 486
1757400990054 0.30938609525344896 487
1757400990104 0.30926964089038 488
1757400990154 0.30915462274238364 489
1757400990206 0.3090410225200259 490
1757400990254 0.308928822179406 491
1757400990306 0.30881800391859465 492
1757400990355 0.30870855017412113 493
1757400990416 0.3086004436175208 494
1757400990496 0.3084936671519416 495
1757400990543 0.3083882039087937 496
1757400990605 0.3082840372444678 497
1757400990693 0.30818115073709307 498
1757400990806 0.30807952818335194 499
