1757501741628 181.524147262647 0
1757501741719 141.5639635878082 1
1757501741819 153.36148699955237 2
1757501741909 176.10682393555126 3
1757501742002 224.8873123280425 4
1757501742099 202.77094671321333 5
1757501742195 157.0702936230243 6
1757501742288 192.77903389403866 7
1757501742384 150.1534114148209 8
1757501742476 178.93114668986254 9
1757501742570 154.09624045997572 10
1757501742693 129.44187748288746 11
1757501742797 364.84725468795773 12
1757501742920 131.75366787508042 13
1757501743016 117.97618353494173 14
1757501743110 220.48721075208837 15
1757501743211 182.6046662883775 16
1757501743308 125.71351798742599 17
1757501743402 91.80917139015551 18
1757501743501 234.79649069375964 19
1757501743596 188.34924138045622 20
1757501743691 147.60012735780953 21
1757501743788 185.00619198787754 22
1757501743881 145.46705350154386 23
1757501743982 113.74271273648822 24
1757501744078 162.42775765545147 25
1757501744171 180.28443832448121 26
1757501744265 190.3884559033737 27
1757501744362 197.29086545781595 28
1757501744453 135.03439402774464 29
1757501744546 110.23344212942457 30
1757501744638 164.43400457221898 31
1757501744729 154.2345557752652 32
1757501744824 188.62348534196147 33
1757501744925 97.3348302090949 34
1757501745015 146.57850819392502 35
1757501745109 135.72381780442694 36
1757501745200 215.18577557912383 37
1757501745292 118.53330928012882 38
1757501745385 148.74616077426285 39
1757501745476 169.09305954665672 40
1757501745570 172.1478411542073 41
1757501745660 171.07314537692608 42
1757501745749 90.02981436621306 43
1757501745840 146.37920079134676 44
1757501745937 183.1773884592928 45
1757501746025 155.79707259393908 46
1757501746115 164.8606243590291 47
1757501746207 403.3616053369844 48
1757501746296 160.25071003802776 49
1757501746389 199.62037479006227 50
1757501746479 120.59534495736546 51
1757501746571 162.19397528768513 52
1757501746663 254.64623433930032 53
1757501746757 193.0805369935283 54
1757501746848 155.3470772729213 55
1757501746949 197.64133365115504 56
1757501747043 158.9299429303704 57
1757501747141 169.95181666794983 58
1757501747237 169.69201736859145 59
1757501747329 198.86110384420778 60
1757501747421 107.57223709142575 61
1757501747513 119.09050342401214 62
1757501747606 153.01013945703065 63
1757501747697 158.51682493271124 64
1757501747791 153.50325726346128 65
1757501747881 192.35740647246402 66
1757501747982 192.92958171257374 67
1757501748072 175.7712719392223 68
1757501748164 202.78362305958626 69
1757501748258 128.16423167161255 70
1757501748444 221.16794705694704 71
1757501748578 243.61506570413695 72
1757501748713 192.15334949842463 73
1757501748858 185.1785374571473 74
1757501749018 155.58828759817044 75
1757501749197 185.42320069882336 76
1757501749295 252.23716005837943 77
1757501749392 162.0851049733479 78
1757501749485 107.45648671401909 79
1757501749584 77.99684072752396 80
1757501749681 207.07038764299128 81
1757501749776 200.76978039092518 82
1757501749872 263.3493711496164 83
1757501749968 181.31249638184073 84
1757501750067 147.4157684807131 85
1757501750162 159.32106075460428 86
1757501750257 80.54948201459067 87
1757501750351 63.16357048805393 88
1757501750446 231.0306331187515 89
1757501750541 170.34259121761892 90
1757501750663 195.45789248883472 91
1757501750769 119.89158695707734 92
1757501750880 149.1633111559643 93
1757501750990 164.76669546422625 94
1757501751103 181.12693689153326 95
1757501751205 188.70011738424137 96
1757501751307 190.0963704035568 97
1757501751400 114.60173888718052 98
1757501751493 192.7807030038486 99
1757501751586 233.09685089319436 100
1757501751697 185.13159381528354 101
1757501751811 154.77131084258752 102
1757501751976 129.49090350646262 103
1757501752079 126.15482358551338 104
1757501752176 163.17261949861418 105
1757501752273 201.66913429306223 106
1757501752369 155.7413380969866 107
1757501752470 132.6138171785428 108
1757501752570 204.63692498832708 109
1757501752667 121.93693479683107 110
1757501752761 165.62541354602533 111
1757501752853 177.8404090398972 112
1757501752964 276.0604964790482 113
1757501753081 165.2973291009118 114
1757501753186 168.81253308114344 115
1757501753284 168.33608524886282 116
1757501753382 99.31163568933887 117
1757501753481 212.03881495826317 118
1757501753577 132.13822321940387 119
1757501753671 141.61755502016277 120
1757501753777 175.3051591456107 121
1757501753872 162.80112286743244 122
1757501753968 132.55238990943513 123
1757501754066 137.88726872619694 124
1757501754170 227.84219500771158 125
1757501754264 167.1411124503805 126
1757501754363 162.544753689503 127
1757501754468 167.70647041560537 128
1757501754566 237.9077826040859 129
1757501754661 79.48274131902052 130
1757501754759 161.88479033039863 131
1757501754854 228.89548011583622 132
1757501754949 249.0544326048149 133
1757501755045 181.4142407377255 134
1757501755141 179.82813930456143 135
1757501755237 74.18835780434596 136
1757501755334 184.49669984360946 137
1757501755432 195.41842274885343 138
1757501755527 166.02616529165064 139
1757501755625 245.98984430176287 140
1757501755719 81.44693613445124 141
1757501755817 124.2591812253283 142
1757501755913 208.56763336050508 143
1757501756011 155.63130360947724 144
1757501756110 250.1110372212697 145
1757501756205 241.8986467846727 146
1757501756301 120.57642418932183 147
1757501756397 107.27156993034643 148
1757501756491 153.5021623057387 149
1757501756587 181.70005374490046 150
1757501756679 386.7497085229724 151
1757501756775 292.9017335169667 152
1757501756870 138.2783275367478 153
1757501756965 159.04254941982506 154
1757501757063 193.66127867220644 155
1757501757158 179.25790536942742 156
1757501757255 210.74313125209883 157
1757501757352 315.943641556487 158
1757501757540 184.75098500412528 159
1757501757688 149.81983465002313 160
1757501757810 149.80761334435368 161
1757501757920 166.62546991231196 162
1757501758091 175.84696194859094 163
1757501758208 177.88064801192647 164
1757501758305 220.5864334956268 165
1757501758402 204.2885169959239 166
1757501758497 165.90993705692262 167
1757501758586 171.60484225438375 168
1757501758681 159.77695241123035 169
1757501758780 254.7254292287633 170
1757501758875 164.76367705666937 171
1757501758970 213.56412474582154 172
1757501759066 197.49393939311204 173
1757501759171 105.61017108409555 174
1757501759270 161.86891001061966 175
1757501759361 220.12353857313553 176
1757501759452 120.1971878108592 177
1757501759548 195.23501150001994 178
1757501759648 196.39191823500752 179
1757501759751 235.8005069312155 180
1757501759849 160.66649549809478 181
1757501759946 237.01940891529043 182
1757501760049 128.53529642842733 183
1757501760155 222.1227403528217 184
1757501760253 190.30791328809605 185
1757501760350 179.81212370961904 186
1757501760448 237.11600886138177 187
1757501760545 151.16149054309412 188
1757501760644 154.03829177502448 189
1757501760741 188.4501003192979 190
1757501760834 249.00740732710517 191
1757501760931 196.98588684149615 192
1757501761027 141.8151256438608 193
1757501761127 189.5122673195636 194
1757501761225 143.07837071199154 195
1757501761321 142.68766766363876 196
1757501761450 91.53166193460468 197
1757501761550 421.92091401328474 198
1757501761649 153.43566403294008 199
1757501761746 155.55407318606046 200
1757501761843 145.70963875618256 201
1757501761938 214.4537705781247 202
1757501762040 368.70069518714433 203
1757501762164 167.60524659476488 204
1757501762262 192.56281298858056 205
1757501762355 111.50331134720516 206
1757501762455 187.3572058473524 207
1757501762552 122.30557771591805 208
1757501762644 158.56041143265392 209
1757501762739 151.56451133550877 210
1757501762837 148.4669585889951 211
1757501762934 150.95959141528192 212
1757501763030 176.08100982821614 213
1757501763127 147.3077714024287 214
1757501763224 167.1743100663073 215
1757501763322 222.3149791849261 216
1757501763419 222.1931444179064 217
1757501763516 260.3747354685725 218
1757501763615 74.82229902915657 219
1757501763712 167.31008328487815 220
1757501763810 206.22570306409273 221
1757501763908 125.03288107816243 222
1757501764013 131.62429312002953 223
1757501764109 164.05163649283278 224
1757501764217 167.64067701289858 225
1757501764315 114.32970662991833 226
1757501764415 224.62143936601973 227
1757501764511 209.03473959523896 228
1757501764607 166.62787907398132 229
1757501764708 197.4280581975723 230
1757501764805 144.0633357360144 231
1757501764903 159.8394018548667 232
1757501765001 272.0533258358104 233
1757501765106 162.6942711980816 234
1757501765206 116.2446111714571 235
1757501765304 159.21384468599933 236
1757501765403 129.19675952012767 237
1757501765501 93.24516013440197 238
1757501765598 209.83812161678895 239
1757501765692 185.7911648923224 240
1757501765787 156.05204095032585 241
1757501765885 136.45534340945693 242
1757501765983 139.5130634723466 243
1757501766128 175.390336987291 244
1757501766261 195.23471319030796 245
1757501766371 163.7223392624338 246
1757501766499 161.65726715056837 247
1757501766673 147.58217217866527 248
1757501766781 76.76175309954984 249
1757501766880 206.65703529785114 250
1757501766978 223.91781518991058 251
1757501767076 193.56311728305644 252
1757501767174 127.81406138353431 253
1757501767281 251.1427929805294 254
1757501767379 176.02627992241185 255
1757501767478 109.35818269959061 256
1757501767576 190.53729910124986 257
1757501767675 162.81578587607146 258
1757501767772 137.75037385319695 259
1757501767871 145.04298563198734 260
1757501767968 139.49836298979847 261
1757501768067 173.85546401885358 262
1757501768275 191.98288769452503 263
1757501768415 157.96463460121052 264
1757501768517 142.4468931574545 265
1757501768615 208.7853561026286 266
1757501768721 202.3530078328084 267
1757501768825 130.72496911598705 268
1757501768926 107.28561156713509 269
1757501769030 219.41245931387166 270
1757501769133 124.62678291414576 271
1757501769232 238.3324196288982 272
1757501769334 136.00065260764737 273
1757501769434 139.66574789070734 274
1757501769534 270.0981720108441 275
1757501769636 219.66824772211953 276
1757501769737 168.33555013662613 277
1757501769839 151.27545576808697 278
1757501769938 154.07805895232457 279
1757501770033 203.40896240631778 280
1757501770134 81.33304230694257 281
1757501770233 88.15105099865936 282
1757501770342 76.91747225383997 283
1757501770439 109.15704300247523 284
1757501770537 222.7696536874018 285
1757501770635 171.80043321407652 286
1757501770733 186.69895302250958 287
1757501770833 40.61878322300657 288
1757501770934 159.8667056176537 289
1757501771035 176.41400326066443 290
1757501771133 191.00735880487443 291
1757501771232 256.05676145012853 292
1757501771339 92.7189106200093 293
1757501771439 171.8356889536901 294
1757501771536 136.648575850469 295
1757501771634 298.48114838501095 296
1757501771733 204.5667089147658 297
1757501771849 227.47133452120298 298
1757501771986 116.74967586199735 299
1757501772101 194.90299768117032 300
1757501772203 113.19563580484854 301
1757501772298 242.21574146456163 302
1757501772393 123.02003975370972 303
1757501772491 140.0382756701391 304
1757501772609 114.09786861521961 305
1757501772736 159.1410352314422 306
1757501772836 187.41182681612347 307
1757501772936 117.71796557282234 308
1757501773039 117.72190770505146 309
1757501773138 151.9693238538271 310
1757501773238 136.0518648734359 311
1757501773345 200.96758151527303 312
1757501773446 223.72841055462214 313
1757501773541 222.24833506219625 314
1757501773642 171.2319080860122 315
1757501773743 65.42682700407347 316
1757501773842 150.92815435941563 317
1757501773942 193.32065782852249 318
1757501774035 178.20602717943171 319
1757501774135 220.03243963363553 320
1757501774236 131.36472384861122 321
1757501774336 84.76794443620896 322
1757501774436 159.5552827925743 323
1757501774536 150.23822563436312 324
1757501774634 138.36892793742646 325
1757501774735 197.50106488467404 326
1757501774834 260.5026190915587 327
1757501774934 234.87774739877068 328
1757501775035 198.50467369349192 329
1757501775154 269.89511021195426 330
1757501775333 158.63514801568093 331
1757501775455 179.32269132906967 332
1757501775565 159.77752135790766 333
1757501775759 192.7138493795766 334
1757501775954 164.7694795639093 335
1757501776063 159.2004117518443 336
1757501776168 174.30399572076294 337
1757501776272 177.52444362821728 338
1757501776376 140.72614384402692 339
1757501776480 225.2266267194255 340
1757501776581 201.61792355445647 341
1757501776685 158.99868010769816 342
1757501776786 150.1548142590312 343
1757501776887 164.33213328311794 344
1757501776989 183.76397094356307 345
1757501777092 210.82293130324655 346
1757501777191 104.23174510458807 347
1757501777298 264.9802329574129 348
1757501777408 244.75993330706174 349
1757501777509 207.63867706087433 350
1757501777605 259.8328859872296 351
1757501777705 190.19052677776904 352
1757501777805 108.5449915976083 353
1757501777908 160.49036593889707 354
1757501778006 197.69698820418063 355
1757501778107 125.29408237673417 356
1757501778210 161.02240452885513 357
1757501778306 265.4452753116765 358
1757501778415 169.21052304462816 359
1757501778517 186.5181123891108 360
1757501778618 168.4756485085936 361
1757501778715 172.76344661058295 362
1757501778819 274.3475539490778 363
1757501778914 155.37353747524443 364
1757501779014 175.06250916137532 365
1757501779114 111.90803339527844 366
1757501779213 179.25037463659626 367
1757501779317 120.11808298241972 368
1757501779419 183.35125424726115 369
1757501779520 159.52935753245882 370
1757501779619 166.44983944533897 371
1757501779721 203.949595206737 372
1757501779821 169.65758092625924 373
1757501779925 153.49477261125242 374
1757501780023 266.99416572850333 375
1757501780120 172.89591838055688 376
1757501780221 143.00341368330956 377
1757501780323 201.2989077672534 378
1757501780423 220.1146284869081 379
1757501780522 148.49925884992925 380
1757501780622 169.77748825071683 381
1757501780723 190.71866975891658 382
1757501780824 166.47968429490402 383
1757501780928 248.1576139534424 384
1757501781027 147.9139136079778 385
1757501781128 143.95337383459025 386
1757501781229 173.66707249973814 387
1757501781333 169.44474096389584 388
1757501781435 127.32340527800207 389
1757501781530 99.04081107473804 390
1757501781631 138.16058507832983 391
1757501781725 257.4561526966854 392
1757501781819 217.22681799353063 393
1757501781920 209.54884040084977 394
1757501782021 113.12221221263138 395
1757501782125 198.94107764218512 396
1757501782226 189.5286367707698 397
1757501782342 239.9733100363385 398
1757501782442 150.814766756677 399
1757501782545 160.49274444180026 400
1757501782647 184.9718990298033 401
1757501782743 131.55622544413396 402
1757501782842 175.47522776439945 403
1757501782942 224.97746288182995 404
1757501783056 116.20232831461601 405
1757501783155 196.97615914010657 406
1757501783257 142.46736678030274 407
1757501783363 239.71816594173006 408
1757501783464 158.86637064108385 409
1757501783563 123.33608178398075 410
1757501783664 132.48546650174444 411
1757501783767 159.67952844329744 412
1757501783866 187.2242962351157 413
1757501783971 257.8277852077915 414
1757501784074 208.9698302274247 415
1757501784278 187.41973937024255 416
1757501784426 131.14324479867636 417
1757501784552 163.81913164432487 418
1757501784720 143.76089149575526 419
1757501784819 118.88410091451316 420
1757501784924 147.43074490116925 421
1757501785028 153.19981633471733 422
1757501785131 149.61285622530485 423
1757501785235 109.40746088700661 424
1757501785338 205.0353066542169 425
1757501785443 258.97855862777357 426
1757501785555 146.59916392445857 427
1757501785662 132.41984212060393 428
1757501785767 203.99129316805877 429
1757501785869 177.2798567650505 430
1757501785975 189.44607263574025 431
1757501786078 135.89289946448812 432
1757501786182 150.06343930094968 433
1757501786290 184.45209047635993 434
1757501786388 149.3149938205829 435
1757501786489 194.62520776734468 436
1757501786593 216.37916715289165 437
1757501786696 135.41863700096496 438
1757501786800 135.07601774973057 439
1757501786898 168.17514640824982 440
1757501787001 208.7426244245464 441
1757501787102 124.56187716984502 442
1757501787205 164.5687492515261 443
1757501787308 136.46984960314018 444
1757501787416 140.55080337302073 445
1757501787525 146.29259834672567 446
1757501787629 155.6668001688323 447
1757501787733 199.34175460467043 448
1757501787829 191.7313496495531 449
1757501787935 201.69425151945896 450
1757501788039 126.43502439301074 451
1757501788145 78.44989048320386 452
1757501788249 206.6240770860424 453
1757501788348 112.23248248299566 454
1757501788453 212.59748427598984 455
1757501788565 104.40147389451839 456
1757501788668 197.66899948276622 457
1757501788771 193.86778904266185 458
1757501788876 160.15335198872677 459
1757501788980 160.61496696862596 460
1757501789083 217.581900562608 461
1757501789185 160.53516902930795 462
1757501789292 197.48988821565104 463
1757501789391 111.9071151787849 464
1757501789495 201.65128513625618 465
1757501789608 98.39482126474392 466
1757501789711 125.52757255083039 467
1757501789863 208.42590804454713 468
1757501789977 203.594266073939 469
1757501790083 169.32657039921617 470
1757501790182 199.83389830269044 471
1757501790282 174.2687569363876 472
1757501790382 170.8706661149845 473
1757501790481 165.4140452345998 474
1757501790587 135.49061905881322 475
1757501790684 229.3433086230065 476
1757501790788 155.11369886177033 477
1757501790888 181.41880212042494 478
1757501790995 147.0659323274129 479
1757501791099 77.55321722976467 480
1757501791196 162.3153297798568 481
1757501791295 172.21479322840887 482
1757501791399 283.4680173446722 483
1757501791498 172.29553809358785 484
1757501791611 198.79505776866182 485
1757501791717 223.46008426130925 486
1757501791820 173.1187382193716 487
1757501791926 178.22903212365543 488
1757501792028 134.50350108736072 489
1757501792131 157.38969527591928 490
1757501792237 143.88496522307753 491
1757501792341 160.97003257571342 492
1757501792445 334.4499621347599 493
1757501792551 178.462699263406 494
1757501792663 180.91229742849606 495
1757501792784 147.6699257783992 496
1757501792886 209.42676501951547 497
1757501792990 171.15145452915675 498
1757501793112 190.82804626811924 499
