1757571419199 156.57859653876574 0
1757571419263 142.58329597637444 1
1757571419328 137.05789812214422 2
1757571419394 131.63752869631182 3
1757571419469 126.62900032719361 4
1757571419529 122.00288658515794 5
1757571419596 117.69555982988375 6
1757571419661 113.69150447403602 7
1757571419723 109.96473662332504 8
1757571419785 106.49206332095396 9
1757571419845 103.2523250238348 10
1757571419905 100.22623447409303 11
1757571419966 97.39620673938896 12
1757571420033 94.746205809003 13
1757571420093 92.2616050710587 14
1757571420153 89.92906046266901 15
1757571420220 87.73639513557838 16
1757571420283 85.67249458840091 17
1757571420345 83.72721131211398 18
1757571420404 81.89127808244648 19
1757571420478 80.15622911183772 20
1757571420546 78.5143283454585 21
1757571420608 76.95850425104823 22
1757571420669 75.48229051162512 23
1757571420729 74.07977208401608 24
1757571420789 72.74553613512313 25
1757571420852 71.47462741234345 26
1757571420914 70.26250764499963 27
1757571420975 69.10501861038294 28
1757571421041 67.99834853140807 29
1757571421102 66.93900150322314 30
1757571421164 65.92376967369714 31
1757571421224 64.949707927767 32
1757571421287 64.01411084840174 33
1757571421348 63.114491747637565 34
1757571421410 62.248563579946165 35
1757571421473 61.41422156729166 36
1757571421553 60.609527380765506 37
1757571421614 59.83269473780549 38
1757571421681 59.082076286835154 39
1757571421744 58.35615166281917 40
1757571421806 57.65351660782785 41
1757571421866 56.97287306033364 42
1757571421929 56.313020125716086 43
1757571421989 55.67284584840641 44
1757571422056 55.05131971333287 45
1757571422120 54.447485810899344 46
1757571422182 53.86045660570243 47
1757571422244 53.289407254620244 48
1757571422307 52.73357042484072 49
1757571422369 52.192231566881496 50
1757571422429 51.66472460173006 51
1757571422489 51.152383655528084 52
1757571422569 50.65165488070207 53
1757571422631 50.162997890346624 54
1757571422695 49.68589940284799 55
1757571422757 49.219882113133906 56
1757571422817 48.764498590872876 57
1757571422878 48.319328634064966 58
1757571422941 47.88397718966786 59
1757571423006 47.45807243031414 60
1757571423076 47.041263995713656 61
1757571423141 46.633221382983415 62
1757571423202 46.2336324727784 63
1757571423263 45.84220217921907 64
1757571423326 45.45865121269466 65
1757571423387 45.08271494560404 66
1757571423448 44.71414237198826 67
1757571423510 44.35269515282211 68
1757571423587 43.99814673946999 69
1757571423649 43.65028156848335 70
1757571423712 43.308894321527994 71
1757571423773 42.973789244784925 72
1757571423833 42.64477952267406 73
1757571423895 42.32168670120942 74
1757571423957 42.00434015671311 75
1757571424018 41.692576605995136 76
1757571424080 41.386239654452645 77
1757571424160 41.085179378856864 78
1757571424230 40.78925194188225 79
1757571424293 40.49831923569327 80
1757571424372 40.21224855214138 81
1757571424451 39.93091227734037 82
1757571424524 39.65418760858505 83
1757571424609 39.38195629175673 84
1757571424687 39.114104377521905 85
1757571424772 38.85052199477855 86
1757571424856 38.59110313993966 87
1757571424930 38.33574548076592 88
1757571425004 38.084350173571906 89
1757571425073 37.836821692731526 90
1757571425146 37.59306767150154 91
1757571425209 37.35299875326633 92
1757571425270 37.11652845238422 93
1757571425389 36.883573023885674 94
1757571425592 36.6540513413376 95
1757571425837 36.427884782246714 96
1757571426213 36.204997120427215 97
1757571426408 35.98531442480733 98
1757571426535 35.76876496419273 99
1757571426628 35.555279117545744 100
1757571426727 35.34478928937537 101
1757571426890 35.13722982986725 102
1757571427025 34.93253695941284 103
1757571427281 34.73064869722537 104
1757571427369 34.531504793755275 105
1757571427444 34.33504666664147 106
1757571427546 34.14121733995573 107
1757571427637 33.94996138651716 108
1757571427712 33.76122487307132 109
1757571427786 33.574955308144894 110
1757571427856 33.39110159240156 111
1757571427941 33.20961397133849 112
1757571428027 33.03044399017491 113
1757571428105 32.85354445079614 114
1757571428198 32.67886937062641 115
1757571428288 32.50637394331344 116
1757571428421 32.336014501116786 117
1757571428500 32.1677484788995 118
1757571428618 32.00153437963044 119
1757571428683 31.837331741311004 120
1757571428753 31.675101105246334 121
1757571428832 31.514803985586894 122
1757571428916 31.35640284007127 123
1757571428984 31.19986104190597 124
1757571429049 31.04514285272255 125
1757571429117 30.892213396556155 126
1757571429192 30.7410386347936 127
1757571429287 30.59158534204237 128
1757571429374 30.44382108287523 129
1757571429499 30.297714189407863 130
1757571429627 30.153233739669957 131
1757571429723 30.010349536732434 132
1757571429813 29.869032088555823 133
1757571429894 29.729252588527043 134
1757571430015 29.59098289665381 135
1757571430117 29.45419552138757 136
1757571430244 29.31886360204776 137
1757571430343 29.184960891821596 138
1757571430442 29.05246174131525 139
1757571430551 28.921341082633294 140
1757571430652 28.791574413965034 141
1757571430810 28.663137784657085 142
1757571430936 28.536007780752822 143
1757571431033 28.410161510980476 144
1757571431114 28.28557659317235 145
1757571431199 28.162231141098683 146
1757571431295 28.04010375170046 147
1757571431396 27.9191734927063 148
1757571431487 27.799419890619216 149
1757571431581 27.680822919059707 150
1757571431675 27.56336298745239 151
1757571431751 27.447020930043834 152
1757571431862 27.331777995239957 153
1757571431968 27.217615835251785 154
1757571432050 27.104516496038883 155
1757571432164 26.992462407540327 156
1757571432268 26.881436374183295 157
1757571432355 26.77142156566017 158
1757571432440 26.662401507964955 159
1757571432528 26.55436007468063 160
1757571432664 26.447281478509097 161
1757571432730 26.341150263035832 162
1757571432794 26.23595129472178 163
1757571432860 26.13166975511506 164
1757571432924 26.028291133275594 165
1757571432994 25.925801218405933 166
1757571433059 25.82418609268179 167
1757571433122 25.72343212427601 168
1757571433187 25.62352596057017 169
1757571433251 25.524454521547792 170
1757571433315 25.426204993363843 171
1757571433380 25.32876482208505 172
1757571433443 25.232121707595873 173
1757571433512 25.13626359766523 174
1757571433577 25.04117868216907 175
1757571433643 24.94685538746429 176
1757571433716 24.85328237090942 177
1757571433780 24.760448515527745 178
1757571433843 24.66834292480886 179
1757571433911 24.576954917644425 180
1757571433981 24.4862740233943 181
1757571434044 24.396289977079416 182
1757571434113 24.306992714697454 183
1757571434179 24.218372368658226 184
1757571434245 24.1304192633349 185
1757571434308 24.04312391072813 186
1757571434376 23.95647700623975 187
1757571434440 23.87046942455291 188
1757571434510 23.785092215615762 189
1757571434576 23.700336600725763 190
1757571434642 23.616193968711798 191
1757571434714 23.532655872211336 192
1757571434784 23.449714024040162 193
1757571434847 23.367360293651934 194
1757571434914 23.28558670368526 195
1757571434981 23.204385426595774 196
1757571435051 23.123748781371006 197
1757571435115 23.04366923032568 198
1757571435182 22.964139375975375 199
1757571435246 22.885151957986327 200
1757571435311 22.80669985019939 201
1757571435379 22.728776057726115 202
1757571435445 22.65137371411511 203
1757571435512 22.57448607858662 204
1757571435580 22.49810653333375 205
1757571435645 22.422228580888337 206
1757571435710 22.346845841549893 207
1757571435781 22.27195205087597 208
1757571435847 22.19754105723219 209
1757571435914 22.123606819400514 210
1757571435980 22.0501434042442 211
1757571436051 21.977144984427877 212
1757571436115 21.904605836191404 213
1757571436181 21.83252033717607 214
1757571436245 21.760882964301818 215
1757571436310 21.68968829169406 216
1757571436375 21.61893098865902 217
1757571436441 21.548605817706058 218
1757571436508 21.478707632616096 219
1757571436580 21.40923137655471 220
1757571436646 21.340172080228886 221
1757571436712 21.271524860086256 222
1757571436788 21.20328491655582 223
1757571436853 21.135447532328982 224
1757571436920 21.068008070680033 225
1757571436988 21.00096197382491 226
1757571437071 20.93430476131745 227
1757571437139 20.868032028482034 228
1757571437206 20.802139444881863 229
1757571437274 20.736622752821813 230
1757571437340 20.671477765885196 231
1757571437408 20.606700367503375 232
1757571437475 20.54228650955762 233
1757571437544 20.47823221101222 234
1757571437617 20.41453355657832 235
1757571437683 20.35118669540739 236
1757571437751 20.28818783981393 237
1757571437823 20.225533264026506 238
1757571437887 20.163219302966482 239
1757571437956 20.101242351053717 240
1757571438023 20.039598861038677 241
1757571438087 19.978285342860232 242
1757571438157 19.917298362528523 243
1757571438221 19.856634541032346 244
1757571438287 19.796290553270406 245
1757571438354 19.73626312700589 246
1757571438420 19.676549041843803 247
1757571438485 19.617145128230515 248
1757571438560 19.558048266474984 249
1757571438631 19.499255385791145 250
1757571438699 19.44076346336097 251
1757571438767 19.38256952341767 252
1757571438841 19.324670636348614 253
1757571438906 19.267063917817463 254
1757571438977 19.20974652790509 255
1757571439044 19.152715670268798 256
1757571439110 19.09596859131947 257
1757571439182 19.039502579416183 258
1757571439249 18.983314964077906 259
1757571439315 18.927403115211863 260
1757571439383 18.871764442358174 261
1757571439450 18.816396393950413 262
1757571439515 18.76129645659169 263
1757571439586 18.70646215434596 264
1757571439658 18.651891048044078 265
1757571439726 18.597580734604396 266
1757571439797 18.543528846367547 267
1757571439869 18.489733050444944 268
1757571439936 18.436191048080893 269
1757571440126 18.3829005740279 270
1757571440293 18.329859395934815 271
1757571440481 18.27706531374769 272
1757571440585 18.224516159122825 273
1757571440701 18.172209794851987 274
1757571440832 18.12014411429935 275
1757571440931 18.0683170408499 276
1757571441068 18.016726527369173 277
1757571441149 17.965370555673907 278
1757571441231 17.914247136013504 279
1757571441304 17.863354306561984 280
1757571441382 17.812690132920174 281
1757571441460 17.762252707627997 282
1757571441534 17.71204014968657 283
1757571441612 17.662050604089874 284
1757571441681 17.612282241365858 285
1757571441753 17.562733257126713 286
1757571441825 17.513401871628115 287
1757571441900 17.464286329337266 288
1757571441969 17.415384898509533 289
1757571442038 17.366695870773476 290
1757571442109 17.318217560724108 291
1757571442179 17.26994830552419 292
1757571442254 17.221886464513403 293
1757571442324 17.174030418825197 294
1757571442410 17.126378571011177 295
1757571442510 17.078929344672876 296
1757571442580 17.031681184100698 297
1757571442648 16.984632553919923 298
1757571442715 16.937781938743644 299
1757571442790 16.89112784283242 300
1757571442863 16.844668789760536 301
1757571442932 16.79840332208876 302
1757571443001 16.7523300010434 303
1757571443073 16.70644740620157 304
1757571443141 16.660754135182504 305
1757571443210 16.61524880334482 306
1757571443283 16.56993004348958 307
1757571443352 16.52479650556904 308
1757571443419 16.479846856400982 309
1757571443486 16.43507977938845 310
1757571443554 16.390493974244865 311
1757571443621 16.34608815672436 312
1757571443691 16.301861058357193 313
1757571443762 16.257811426190194 314
1757571443836 16.213938022532112 315
1757571443911 16.170239624703783 316
1757571443984 16.126715024792926 317
1757571444051 16.08336302941364 318
1757571444122 16.040182459470348 319
1757571444192 15.997172149926163 320
1757571444260 15.954330949575603 321
1757571444333 15.911657720821498 322
1757571444403 15.869151339456119 323
1757571444471 15.826810694446284 324
1757571444537 15.784634687722514 325
1757571444607 15.742622233972055 326
1757571444675 15.700772260435722 327
1757571444743 15.659083706708513 328
1757571444815 15.61755552454384 329
1757571444895 15.576186677661406 330
1757571444965 15.534976141558582 331
1757571445037 15.493922903325203 332
1757571445107 15.453025961461806 333
1757571445177 15.412284325701117 334
1757571445245 15.371697016832842 335
1757571445313 15.331263066531575 336
1757571445387 15.290981517187886 337
1757571445457 15.25085142174243 338
1757571445525 15.210871843523039 339
1757571445593 15.171041856084784 340
1757571445664 15.1313605430529 341
1757571445733 15.091826997968507 342
1757571445802 15.052440324137123 343
1757571445876 15.013199634479893 344
1757571445953 14.97410405138744 345
1757571446022 14.935152706576337 346
1757571446092 14.896344740948148 347
1757571446163 14.857679304450958 348
1757571446233 14.81915555594334 349
1757571446304 14.780772663060754 350
1757571446377 14.742529802084299 351
1757571446445 14.704426157811792 352
1757571446513 14.66646092343105 353
1757571446583 14.628633300395492 354
1757571446651 14.590942498301848 355
1757571446721 14.553387734770062 356
1757571446792 14.515968235325236 357
1757571446863 14.47868323328168 358
1757571446945 14.44153196962895 359
1757571447016 14.404513692919886 360
1757571447096 14.367627659160588 361
1757571447178 14.330873131702276 362
1757571447260 14.294249381135034 363
1757571447328 14.257755685183408 364
1757571447401 14.221391328603742 365
1757571447472 14.185155603083357 366
1757571447544 14.149047807141383 367
1757571447614 14.113067246031337 368
1757571447686 14.077213231645352 369
1757571447761 14.041485082420044 370
1757571447831 14.005882123243966 371
1757571447899 13.970403685366666 372
1757571447980 13.935049106309249 373
1757571448101 13.899817729776489 374
1757571448191 13.864708905570406 375
1757571448263 13.829721989505304 376
1757571448334 13.794856343324243 377
1757571448406 13.760111334616935 378
1757571448481 13.725486336738973 379
1757571448551 13.690980728732457 380
1757571448625 13.656593895247926 381
1757571448707 13.622325226467586 382
1757571448779 13.588174118029853 383
1757571448854 13.554139970955099 384
1757571448927 13.52022219157268 385
1757571449009 13.486420191449145 386
1757571449145 13.452733387317629 387
1757571449358 13.419161201008436 388
1757571449440 13.385703059380749 389
1757571449537 13.352358394255464 390
1757571449645 13.319126642349136 391
1757571449719 13.286007245208996 392
1757571449792 13.25299964914904 393
1757571449864 13.220103305187152 394
1757571449936 13.187317668983274 395
1757571450018 13.154642200778557 396
1757571450088 13.122076365335513 397
1757571450158 13.08961963187914 398
1757571450230 13.057271474038968 399
1757571450303 13.025031369792115 400
1757571450378 12.992898801407172 401
1757571450449 12.960873255389052 402
1757571450525 12.928954222424712 403
1757571450600 12.897141197329718 404
1757571450670 12.865433678995702 405
1757571450740 12.833831170338646 406
1757571450811 12.80233317824797 407
1757571450882 12.77093921353646 408
1757571450954 12.739648790890982 409
1757571451043 12.708461428823963 410
1757571451118 12.677376649625652 411
1757571451193 12.646393979317148 412
1757571451265 12.61551294760413 413
1757571451340 12.58473308783136 414
1757571451410 12.554053936937882 415
1757571451483 12.523475035412895 416
1757571451560 12.49299592725236 417
1757571451633 12.462616159916273 418
1757571451705 12.432335284286589 419
1757571451776 12.402152854625802 420
1757571451848 12.372068428536183 421
1757571451918 12.342081566919648 422
1757571451990 12.31219183393822 423
1757571452068 12.282398796975151 424
1757571452161 12.252702026596575 425
1757571452231 12.223101096513819 426
1757571452304 12.193595583546252 427
1757571452376 12.1641850675847 428
1757571452445 12.134869131555464 429
1757571452516 12.10564736138481 430
1757571452587 12.076519345964083 431
1757571452661 12.047484677115298 432
1757571452731 12.018542949557261 433
1757571452803 11.989693760872225 434
1757571452873 11.960936711473005 435
1757571452942 11.932271404570647 436
1757571453017 11.903697446142543 437
1757571453090 11.875214444901017 438
1757571453167 11.846822012262422 439
1757571453240 11.818519762316653 440
1757571453311 11.790307311797157 441
1757571453383 11.762184280051363 442
1757571453456 11.734150289011547 443
1757571453526 11.706204963166138 444
1757571453598 11.678347929531473 445
1757571453675 11.650578817623924 446
1757571453747 11.622897259432463 447
1757571453819 11.59530288939161 448
1757571453892 11.567795344354808 449
1757571453963 11.540374263568172 450
1757571454037 11.513039288644613 451
1757571454117 11.48579006353834 452
1757571454193 11.458626234519748 453
1757571454267 11.431547450150658 454
1757571454345 11.40455336125992 455
1757571454505 11.377643620919361 456
1757571454739 11.350817884420092 457
1757571454883 11.324075809249146 458
1757571454986 11.297417055066449 459
1757571455089 11.270841283682136 460
1757571455300 11.244348159034162 461
1757571455387 11.217937347166284 462
1757571455568 11.191608516206285 463
1757571455678 11.165361336344565 464
1757571455752 11.139195479813019 465
1757571455829 11.11311062086419 466
1757571455900 11.087106435750748 467
1757571455973 11.061182602705241 468
1757571456047 11.03533880192014 469
1757571456126 11.00957471552814 470
1757571456200 10.983890027582762 471
1757571456272 10.958284424039215 472
1757571456347 10.93275759273553 473
1757571456419 10.907309223373924 474
1757571456491 10.881939007502487 475
1757571456562 10.856646638497047 476
1757571456636 10.831431811543336 477
1757571456710 10.806294223619378 478
1757571456785 10.781233573478138 479
1757571456861 10.756249561630367 480
1757571456935 10.731341890327736 481
1757571457008 10.706510263546145 482
1757571457111 10.681754386969315 483
1757571457194 10.657073967972545 484
1757571457278 10.632468715606732 485
1757571457367 10.607938340582578 486
1757571457448 10.583482555255024 487
1757571457530 10.559101073607891 488
1757571457615 10.534793611238719 489
1757571457698 10.51055988534381 490
1757571457805 10.486399614703489 491
1757571457896 10.462312519667515 492
1757571457969 10.438298322140739 493
1757571458041 10.414356745568917 494
1757571458119 10.390487514924722 495
1757571458189 10.366690356693917 496
1757571458267 10.342964998861758 497
1757571458335 10.319311170899514 498
1757571458413 10.295728603751227 499
