1757507790854 34.10978165874958 0
1757507790912 56.14175531098793 1
1757507790968 19.69477317762135 2
1757507791045 14.821147852039417 3
1757507791110 12.21803591208834 4
1757507791168 7.211127988646032 5
1757507791228 7.889974272554098 6
1757507791285 4.827974341150333 7
1757507791341 5.322308509141135 8
1757507791396 4.596907068272435 9
1757507791455 4.6974362236321 10
1757507791510 3.2310731826100803 11
1757507791565 2.749208179668356 12
1757507791623 1.6925273739503892 13
1757507791677 1.7767235123737608 14
1757507791733 1.3969308405552416 15
1757507791788 1.0317672585463022 16
1757507791848 0.8072688271624446 17
1757507791905 0.978441862594101 18
1757507791959 1.1274450092949393 19
1757507792013 0.6474847424239017 20
1757507792077 0.6820410730092756 21
1757507792131 0.4207042743835293 22
1757507792186 0.37633980081803814 23
1757507792267 0.45962210296483996 24
1757507792447 0.25449903855418554 25
1757507792561 0.32072616520871694 26
1757507792669 0.27388365498286327 27
1757507792739 0.18182599553030146 28
1757507792842 0.18533795864956004 29
1757507792982 0.1939859116733821 30
1757507793070 0.2327831329854212 31
1757507793139 0.2462029782565052 32
1757507793199 0.10932891728318898 33
1757507793262 0.19304636597128935 34
1757507793326 0.12835863720777446 35
1757507793387 0.18228846977998994 36
1757507793449 0.16285997607625508 37
1757507793511 0.10228235336140161 38
1757507793571 0.15812834402449905 39
1757507793630 0.1355563563867669 40
1757507793693 0.1319918745801758 41
1757507793793 0.11468331957908873 42
1757507793871 0.12707869219083906 43
1757507793955 0.10174105729954117 44
1757507794044 0.1027831265675424 45
1757507794139 0.09567303792413803 46
1757507794222 0.12850812076377843 47
1757507794306 0.11438870973441564 48
1757507794383 0.08498745798148166 49
1757507794459 0.10030903399568779 50
1757507794538 0.09541474020154901 51
1757507794611 0.10527620313570639 52
1757507794685 0.1161560716479252 53
1757507794758 0.09604859110453799 54
1757507794826 0.16571470131652483 55
1757507794894 0.14886017086861292 56
1757507794963 0.11628889704260739 57
1757507795034 0.09516478130934676 58
1757507795109 0.1140057806001833 59
1757507795180 0.11402646356861601 60
1757507795246 0.09001337317950203 61
1757507795314 0.09902063606754083 62
1757507795383 0.06897216208713758 63
1757507795451 0.11023306404036676 64
1757507795526 0.09921698410674526 65
1757507795596 0.07454215183586432 66
1757507795667 0.08246825289478672 67
1757507795745 0.07846261453445898 68
1757507795837 0.11762206886402893 69
1757507795916 0.1219711278335182 70
1757507795987 0.09008441274609347 71
1757507796052 0.10271333194937694 72
1757507796124 0.1265700838266858 73
1757507796187 0.1105645760823458 74
1757507796249 0.10564545546034149 75
1757507796311 0.0877374887394693 76
1757507796372 0.09971543223530156 77
1757507796435 0.08840663730490673 78
1757507796498 0.09759194107697224 79
1757507796560 0.08574465383797268 80
1757507796623 0.09809523609985603 81
1757507796682 0.13367336502454716 82
1757507796742 0.09410071139826155 83
1757507796800 0.10758475587284141 84
1757507796858 0.11732200647935351 85
1757507796916 0.07660492576861205 86
1757507796972 0.11274508958408784 87
1757507797030 0.11136484384655816 88
1757507797097 0.11159632530628462 89
1757507797168 0.09119520829624421 90
1757507797229 0.07490053690652868 91
1757507797291 0.07261507843687212 92
1757507797354 0.11893704657000874 93
1757507797426 0.1179517097996472 94
1757507797487 0.09764543007620877 95
1757507797548 0.10917110555070952 96
1757507797612 0.12815669877009492 97
1757507797670 0.11309754332064335 98
1757507797729 0.09198640620259163 99
1757507797792 0.12433259781751722 100
1757507797848 0.11702761359269638 101
1757507797908 0.17751073487902277 102
1757507797970 0.0880655821046778 103
1757507798029 0.07801042200309276 104
1757507798087 0.1046803305176901 105
1757507798145 0.09801763656346806 106
1757507798210 0.13530243552341042 107
1757507798266 0.078459473607803 108
1757507798324 0.14495257592739608 109
1757507798381 0.12208128570551116 110
1757507798440 0.06961312319416613 111
1757507798499 0.0641780516501682 112
1757507798558 0.11066781343420586 113
1757507798615 0.14599742321916084 114
1757507798672 0.16638687539474822 115
1757507798729 0.09081435112986633 116
1757507798786 0.14660611698054077 117
1757507798844 0.10806031498364799 118
1757507798903 0.09673563346783541 119
1757507798968 0.07589920526425809 120
1757507799028 0.08489451971764515 121
1757507799088 0.07011428486987055 122
1757507799151 0.1096196828358026 123
1757507799221 0.2360585498786538 124
1757507799281 0.11083250467939851 125
1757507799343 0.12360236477958692 126
1757507799405 0.12355903806056616 127
1757507799466 0.21079480536798625 128
1757507799526 0.1562418328128298 129
1757507799588 0.1187465940955666 130
1757507799647 0.12157696747842237 131
1757507799707 0.11516861492189255 132
1757507799768 0.12141692430985582 133
1757507799828 0.0852276586511505 134
1757507799888 0.09670938200977854 135
1757507799949 0.10154650979818033 136
1757507800012 0.14337950792170448 137
1757507800079 0.11441714241597478 138
1757507800140 0.10919801751585823 139
1757507800210 0.12176025143743471 140
1757507800273 0.16262744263303175 141
1757507800334 0.1273515924948837 142
1757507800394 0.06773276823524292 143
1757507800455 0.10605702875375679 144
1757507800515 0.12887503474294323 145
1757507800575 0.06537848996209672 146
1757507800638 0.08859842351490683 147
1757507800702 0.1030082086166612 148
1757507800761 0.09085279715208619 149
1757507800821 0.08687569213163081 150
1757507800883 0.10742103757144833 151
1757507800943 0.07498971932104653 152
1757507801002 0.08315110556614533 153
1757507801072 0.08751316027984823 154
1757507801155 0.10603788872550571 155
1757507801236 0.1043775778544931 156
1757507801347 0.1283573766891076 157
1757507801412 0.14891132710362134 158
1757507801475 0.14178042260201779 159
1757507801535 0.10306076592978357 160
1757507801596 0.08397064031631918 161
1757507801661 0.12202581555947106 162
1757507801726 0.08894217744425045 163
1757507801788 0.08198039278352985 164
1757507801851 0.10258364884633987 165
1757507801912 0.11122670335853727 166
1757507801973 0.09414384378454606 167
1757507802035 0.12182524692056176 168
1757507802097 0.12563116884816414 169
1757507802159 0.11834265439535634 170
1757507802222 0.13361571343819867 171
1757507802285 0.07733849131763224 172
1757507802344 0.08789055901802156 173
1757507802407 0.08682650376010392 174
1757507802469 0.0722588558189909 175
1757507802530 0.10786152661468051 176
1757507802590 0.12843160545437063 177
1757507802654 0.11851405663868142 178
1757507802718 0.11540763449720827 179
1757507802780 0.1328020188629633 180
1757507802841 0.12163191758240852 181
1757507802904 0.08343980231599028 182
1757507802964 0.09159550395237817 183
1757507803025 0.08954367620495503 184
1757507803088 0.08189091250704135 185
1757507803151 0.15718690446134445 186
1757507803216 0.13679513462583956 187
1757507803290 0.1500170547955172 188
1757507803352 0.12531082293147663 189
1757507803412 0.08627447399273928 190
1757507803475 0.1303925108876262 191
1757507803538 0.15550841067931323 192
1757507803600 0.11112647950116102 193
1757507803662 0.14306816691220559 194
1757507803723 0.11573895594698871 195
1757507803788 0.12378467223661048 196
1757507803853 0.13057835995220324 197
1757507803915 0.09454709151013728 198
1757507803976 0.12295348837390324 199
1757507804037 0.13438178785565974 200
1757507804097 0.12640263475630467 201
1757507804165 0.09799457173382638 202
1757507804227 0.10898593034354438 203
1757507804296 0.07961740452607964 204
1757507804366 0.06747533729501069 205
1757507804454 0.10890869880159196 206
1757507804625 0.10657524323927674 207
1757507804766 0.09187003548691225 208
1757507804926 0.11255274417550153 209
1757507805137 0.10113101258811501 210
1757507805229 0.09294292928867803 211
1757507805309 0.09628758278330311 212
1757507805428 0.06779059706181524 213
1757507805559 0.08737360235204447 214
1757507805634 0.11366517073489904 215
1757507805700 0.10469166840545366 216
1757507805766 0.08807478193602804 217
1757507805830 0.1308884395373972 218
1757507805897 0.08941221490350278 219
1757507805962 0.1069552825302199 220
1757507806026 0.08703217599612688 221
1757507806091 0.1077938208622602 222
1757507806158 0.1253043804398393 223
1757507806220 0.10940416200369403 224
1757507806283 0.11444586406485957 225
1757507806356 0.11055751435283638 226
1757507806420 0.07210868037348155 227
1757507806482 0.14367483110341442 228
1757507806544 0.1312507412592954 229
1757507806606 0.09268631013259021 230
1757507806668 0.0655194495811996 231
1757507806731 0.1113072919546287 232
1757507806793 0.1366955225400744 233
1757507806854 0.15661001711841455 234
1757507806915 0.1012038108616139 235
1757507806978 0.13056368053284936 236
1757507807038 0.14754883400791477 237
1757507807101 0.12025130923104908 238
1757507807163 0.1119497097171161 239
1757507807227 0.1365900465315792 240
1757507807290 0.1495514759519881 241
1757507807358 0.12501808736925382 242
1757507807419 0.10610941105509808 243
1757507807480 0.07665331079340146 244
1757507807540 0.09443469249658279 245
1757507807601 0.07115763777460576 246
1757507807662 0.10608429002701836 247
1757507807723 0.09375411749500522 248
1757507807783 0.13016243513517997 249
1757507807845 0.12850866900167562 250
1757507807906 0.10480305394413882 251
1757507807972 0.09836192696193126 252
1757507808034 0.11403822186582678 253
1757507808097 0.05652410345756186 254
1757507808158 0.09896597341610475 255
1757507808233 0.20349778624904138 256
1757507808294 0.09170250209025808 257
1757507808362 0.1735973171636309 258
1757507808424 0.07862608008000803 259
1757507808486 0.10564139856756427 260
1757507808547 0.13821981792277424 261
1757507808609 0.10241054428614872 262
1757507808670 0.1267394569275024 263
1757507808730 0.07924608572824418 264
1757507808789 0.11343979207356981 265
1757507808849 0.21652463790839985 266
1757507808910 0.1308488115684488 267
1757507808970 0.09431034374168483 268
1757507809029 0.10820155767693163 269
1757507809090 0.09486500380577113 270
1757507809150 0.1324289185324225 271
1757507809212 0.09418085715467446 272
1757507809274 0.08056535100273249 273
1757507809342 0.15009781087174626 274
1757507809434 0.10706154099074496 275
1757507809512 0.07444874545477208 276
1757507809591 0.102684782316393 277
1757507809670 0.11160113495932429 278
1757507809746 0.10502604736862102 279
1757507809826 0.1167216899736354 280
1757507809901 0.12827565860058598 281
1757507809984 0.081157318921803 282
1757507810066 0.17613507745753793 283
1757507810144 0.07712084989825425 284
1757507810218 0.08535050070804051 285
1757507810287 0.13469835426401464 286
1757507810357 0.10344942570550354 287
1757507810436 0.11137151645580376 288
1757507810501 0.10863942609332863 289
1757507810570 0.1325413527475243 290
1757507810636 0.10423071908402129 291
1757507810708 0.1214502354972259 292
1757507810783 0.0719503031113054 293
1757507810855 0.09346157373977602 294
1757507810972 0.12548923450055322 295
1757507811059 0.07071482891535186 296
1757507811140 0.13148765792864184 297
1757507811235 0.1586528511397629 298
1757507811346 0.1374287775295115 299
1757507811430 0.08897239859284152 300
1757507811500 0.07670221724400648 301
1757507811569 0.10826602529562049 302
1757507811639 0.08553974951272149 303
1757507811706 0.11399921617044056 304
1757507811773 0.10311365474153968 305
1757507811838 0.11823691473618099 306
1757507811906 0.10012125717623564 307
1757507811971 0.11243649312031151 308
1757507812041 0.0724405761475629 309
1757507812106 0.14313613211195786 310
1757507812172 0.12488430084592937 311
1757507812240 0.06215825070576146 312
1757507812305 0.08470086389958163 313
1757507812368 0.10872381849105696 314
1757507812439 0.13906379727760074 315
1757507812503 0.13298133354998123 316
1757507812565 0.09048799843097767 317
1757507812628 0.11638423213119109 318
1757507812690 0.10133508566116277 319
1757507812754 0.13392582130231073 320
1757507812817 0.1743048108421673 321
1757507812879 0.10388676119299044 322
1757507812948 0.13706567218820292 323
1757507813010 0.09594881284692598 324
1757507813071 0.14609992511562075 325
1757507813135 0.0970220385660684 326
1757507813199 0.0901229107120569 327
1757507813263 0.13111785543566817 328
1757507813326 0.11026826902136798 329
1757507813394 0.15729235457455573 330
1757507813469 0.06774755499929844 331
1757507813533 0.10258828886725542 332
1757507813598 0.12807872208910973 333
1757507813662 0.06956768178117137 334
1757507813729 0.13456993763143066 335
1757507813798 0.1027714344291398 336
1757507813863 0.10823952410318467 337
1757507813928 0.07836642111054393 338
1757507814001 0.168415721765665 339
1757507814067 0.14769749822904904 340
1757507814134 0.10557570450366144 341
1757507814199 0.09294565569728952 342
1757507814268 0.11201698774380808 343
1757507814334 0.10076213489514899 344
1757507814398 0.10061115628774182 345
1757507814473 0.07223623263886518 346
1757507814540 0.09811375317727347 347
1757507814605 0.09256584987238814 348
1757507814671 0.1078274725944759 349
1757507814737 0.08201319284193864 350
1757507814803 0.11777228268027289 351
1757507814869 0.1464614127395144 352
1757507814934 0.11370382085953955 353
1757507815000 0.107861109581754 354
1757507815065 0.18556021327800898 355
1757507815130 0.08990096407674308 356
1757507815195 0.09546878331750856 357
1757507815262 0.09781517472446717 358
1757507815329 0.10958741929918635 359
1757507815397 0.09757493117529706 360
1757507815462 0.12128308774048051 361
1757507815536 0.08965492804581457 362
1757507815602 0.12296218281769501 363
1757507815669 0.09615642920995274 364
1757507815738 0.0465594889006702 365
1757507815803 0.1445037494869821 366
1757507815868 0.09198284865861533 367
1757507815938 0.11023770767252661 368
1757507816004 0.10871094188849338 369
1757507816069 0.08208754872454832 370
1757507816137 0.11708960457945194 371
1757507816203 0.15383299859504526 372
1757507816272 0.15948070861925592 373
1757507816338 0.07379941052791912 374
1757507816404 0.08350079581287191 375
1757507816471 0.09035691742620879 376
1757507816551 0.14569283887557102 377
1757507816617 0.08388061440563707 378
1757507816683 0.07616684276735937 379
1757507816752 0.11328321500295585 380
1757507816825 0.0818523440438182 381
1757507817016 0.09175261134005447 382
1757507817160 0.12716944832565993 383
1757507817316 0.09812806721283528 384
1757507817399 0.09241422912635336 385
1757507817504 0.07645557328255588 386
1757507817638 0.10722726603581105 387
1757507817746 0.10719804567937061 388
1757507817814 0.11494061051141534 389
1757507817880 0.1073472396207217 390
1757507817947 0.07830724425264957 391
1757507818018 0.09165022111812196 392
1757507818085 0.07263746855117274 393
1757507818152 0.07334865537783737 394
1757507818231 0.09218308566481165 395
1757507818300 0.12050793312282412 396
1757507818367 0.12040389498936277 397
1757507818434 0.08079064612978845 398
1757507818501 0.1261487249987906 399
1757507818577 0.12779802376677668 400
1757507818645 0.0753693986119223 401
1757507818716 0.10592860277919923 402
1757507818797 0.11135572931830458 403
1757507818865 0.05747791773463597 404
1757507818932 0.1102684988543409 405
1757507818999 0.13419307872894773 406
1757507819065 0.16821341471305873 407
1757507819133 0.11274507256251393 408
1757507819200 0.13231216394540032 409
1757507819267 0.06704545825802061 410
1757507819334 0.09397493520450155 411
1757507819410 0.09678705217926802 412
1757507819480 0.06956006279913916 413
1757507819552 0.12387156938674689 414
1757507819630 0.11657921260639613 415
1757507819698 0.09468670431633501 416
1757507819766 0.17303390050963877 417
1757507819833 0.06905949634368772 418
1757507819902 0.09981266041911308 419
1757507819970 0.11552319024786332 420
