1757428071295 173.4370814096971 0
1757428071326 160.3109418875744 1
1757428071352 154.07002690290645 2
1757428071378 148.02510577254733 3
1757428071404 142.17624091905708 4
1757428071431 136.51987272624518 5
1757428071457 131.05302709079655 6
1757428071491 125.77312877441373 7
1757428071522 120.67794644367052 8
1757428071548 115.76554936860373 9
1757428071580 111.03426838179337 10
1757428071607 106.48266193387707 11
1757428071634 102.10948644314159 12
1757428071662 97.91367041764832 13
1757428071690 93.8942918752469 14
1757428071716 90.05055864753776 15
1757428071742 86.38179120524504 16
1757428071768 82.88740768764382 17
1757428071806 79.56691085824986 18
1757428071834 76.41987674363958 19
1757428071865 73.44594474262406 20
1757428071892 70.64525323882428 21
1757428071918 68.02489051048269 22
1757428071944 65.58115075362436 23
1757428071969 63.31402920569712 24
1757428071996 61.223523179641205 25
1757428072022 59.33062280848312 26
1757428072048 57.552353792050305 27
1757428072074 55.89124558231198 28
1757428072104 54.33854780778073 29
1757428072132 52.89901869903848 30
1757428072158 51.578857283310136 31
1757428072187 50.34052991969859 32
1757428072214 49.174671502215276 33
1757428072240 48.08573608583872 34
1757428072267 47.07769180615048 35
1757428072294 46.12008768075383 36
1757428072321 45.20670692378497 37
1757428072349 44.332466514084125 38
1757428072376 43.49233738282483 39
1757428072403 42.683268395481775 40
1757428072432 41.9023467922844 41
1757428072460 41.147569547007265 42
1757428072490 40.41717167333575 43
1757428072518 39.70983121023801 44
1757428072545 39.024428349332354 45
1757428072571 38.36008101984488 46
1757428072599 37.71605142963156 47
1757428072626 37.091739809791164 48
1757428072653 36.48664342727473 49
1757428072679 35.9003441427362 50
1757428072706 35.332487966017624 51
1757428072732 34.78277471805839 52
1757428072759 34.250946722519124 53
1757428072786 33.736781530122606 54
1757428072824 33.24008521392027 55
1757428072853 32.77328830731462 56
1757428072880 32.331174919792176 57
1757428072907 31.907240294283916 58
1757428072934 31.49952420932788 59
1757428072961 31.106033478164974 60
1757428072989 30.725101910893407 61
1757428073016 30.355268297770113 62
1757428073044 29.99528248387912 63
1757428073070 29.64405511826808 64
1757428073100 29.300647699126404 65
1757428073133 28.964244419671566 66
1757428073161 28.63413982188742 67
1757428073189 28.309721168243833 68
1757428073216 27.99045746936928 69
1757428073243 27.675887541840364 70
1757428073271 27.36561119286021 71
1757428073299 27.059280732455555 72
1757428073327 26.75659416425619 73
1757428073355 26.45728898989978 74
1757428073382 26.161137033907004 75
1757428073410 25.867939855949288 76
1757428073437 25.577524842925875 77
1757428073465 25.289741785243617 78
1757428073493 25.004459932278714 79
1757428073520 24.72156542603417 80
1757428073548 24.440959083348577 81
1757428073575 24.162554467130835 82
1757428073603 23.88627621540829 83
1757428073631 23.612058589303246 84
1757428073658 23.339844213414075 85
1757428073686 23.069582981475214 86
1757428073713 22.801231106311747 87
1757428073741 22.53475029445076 88
1757428073768 22.270107029252728 89
1757428073797 22.00727194806279 90
1757428073836 21.746219301117495 91
1757428073865 21.486926481388995 92
1757428073892 21.22937361608869 93
1757428073920 20.973543211714595 94
1757428073947 20.719419845634743 95
1757428073974 20.46698989809939 96
1757428074001 20.21624131939082 97
1757428074030 19.967163427506343 98
1757428074058 19.719746732378663 99
1757428074085 19.473982783158377 100
1757428074114 19.229864035539972 101
1757428074142 18.987383736506374 102
1757428074169 18.746535824210962 103
1757428074196 18.507314841013557 104
1757428074224 18.269715857946085 105
1757428074252 18.033734409108803 106
1757428074280 17.799366434693567 107
1757428074309 17.566608231500933 108
1757428074339 17.335456409965662 109
1757428074369 17.105907856834207 110
1757428074398 16.87795970274916 111
1757428074427 16.6516092940935 112
1757428074456 16.42685416853173 113
1757428074484 16.203692033758895 114
1757428074514 15.982120749032319 115
1757428074546 15.762138309116773 116
1757428074577 15.543742830322126 117
1757428074608 15.326932538354766 118
1757428074637 15.11170575774071 119
1757428074670 14.898060902610133 120
1757428074703 14.685996468660985 121
1757428074733 14.475511026143153 122
1757428074763 14.266603213725965 123
1757428074792 14.059271733129751 124
1757428074826 13.853515344418186 125
1757428074863 13.649332861861899 126
1757428074891 13.446723150295732 127
1757428074920 13.245685121902532 128
1757428074948 13.046217733365253 129
1757428074976 12.848319983337175 130
1757428075005 12.65199091018667 131
1757428075033 12.457229589979 132
1757428075061 12.264035134662636 133
1757428075090 12.072406690432203 134
1757428075120 11.882343436243774 135
1757428075150 11.693844582461864 136
1757428075180 11.506909369620082 137
1757428075208 11.321537067280161 138
1757428075236 11.137726972976012 139
1757428075265 10.955478411231605 140
1757428075294 10.774790732642789 141
1757428075322 10.595663313014802 142
1757428075352 10.418095552548325 143
1757428075381 10.242086875067999 144
1757428075409 10.06763672728818 145
1757428075438 9.894744578111558 146
1757428075467 9.723409917956829 147
1757428075495 9.553632258112287 148
1757428075523 9.385411130112569 149
1757428075552 9.218746085136303 150
1757428075581 9.053636693422746 151
1757428075611 8.8900825437057 152
1757428075639 8.728083242663448 153
1757428075668 8.567638414383437 154
1757428075699 8.408747699840863 155
1757428075727 8.25141075639024 156
1757428075756 8.095627257269335 157
1757428075785 7.941396891114898 158
1757428075815 7.78871936148966 159
1757428075855 7.637594386420268 160
1757428075884 7.488021697945766 161
1757428075913 7.340001041676373 162
1757428075942 7.193532176362284 163
1757428075970 7.048614873472299 164
1757428075999 6.905248916782113 165
1757428076034 6.763434101972079 166
1757428076063 6.623170236234322 167
1757428076092 6.484457137889059 168
1757428076122 6.347294636010029 169
1757428076151 6.212448879017641 170
1757428076180 6.082613551514085 171
1757428076209 5.955962147198392 172
1757428076269 5.8324602042465985 173
1757428076305 5.711994980793842 174
1757428076345 5.594488604445884 175
1757428076386 5.479849242780422 176
1757428076429 5.367999510976967 177
1757428076469 5.258858438469455 178
1757428076507 5.152352257205134 179
1757428076542 5.0484073084864765 180
1757428076578 4.9469541654674565 181
1757428076616 4.84792478554298 182
1757428076655 4.751254056565523 183
1757428076692 4.656878619612092 184
1757428076723 4.564737419395818 185
1757428076753 4.47477119106382 186
1757428076784 4.386922628919321 187
1757428076815 4.301136141128511 188
1757428076845 4.2173578752213725 189
1757428076888 4.13553558372079 190
1757428076918 4.055618598523934 191
1757428076948 3.9775577446426746 192
1757428076978 3.9013052985931567 193
1757428077008 3.826814924712407 194
1757428077039 3.7540416305997053 195
1757428077069 3.682941715333613 196
1757428077099 3.6134727265263518 197
1757428077133 3.5455934157580193 198
1757428077167 3.4792636986061796 199
1757428077202 3.4144446150793857 200
1757428077268 3.351098292822383 201
1757428077301 3.289187911380292 202
1757428077331 3.2286776683926712 203
1757428077362 3.16953274699138 204
1757428077391 3.1117192846961803 205
1757428077421 3.0552043434792204 206
1757428077451 2.999955881074202 207
1757428077481 2.9459427233647917 208
1757428077511 2.8931345378489075 209
1757428077541 2.841501808083457 210
1757428077570 2.7910158090801542 211
1757428077600 2.741648583589036 212
1757428077632 2.6933729192341374 213
1757428077662 2.6461623264542067 214
1757428077692 2.5999910172137324 215
1757428077729 2.5548338844464777 216
1757428077760 2.510666482199772 217
1757428077799 2.4674650064477968 218
1757428077830 2.42520627654548 219
1757428077868 2.383867717295585 220
1757428077902 2.3434273416037152 221
1757428077933 2.3038637336971974 222
1757428077962 2.2651560328853013 223
1757428077993 2.2272839178394803 224
1757428078022 2.190227591373448 225
1757428078053 2.1539677657040186 226
1757428078127 2.1184856481745813 227
1757428078183 2.0837629274239977 228
1757428078215 2.049781759984577 229
1757428078245 2.016524757293553 230
1757428078276 1.9839749731031935 231
1757428078307 1.9521158912754015 232
1757428078338 1.9209314139472702 233
1757428078369 1.8904058500546674 234
1757428078401 1.86052390420149 235
1757428078432 1.8312706658627067 236
1757428078463 1.802631598909913 237
1757428078493 1.774592531448466 238
1757428078523 1.7471396459557886 239
1757428078554 1.720259469710824 240
1757428078584 1.6939388655050394 241
1757428078614 1.6681650226257034 242
1757428078645 1.6429254481025912 243
1757428078676 1.6182079582095246 244
1757428078707 1.5940006702125895 245
1757428078737 1.5702919943570328 246
1757428078815 1.5470706260852973 247
1757428078865 1.524325538478781 248
1757428078909 1.5020459749163024 249
1757428078940 1.4802214419423991 250
1757428078971 1.4588417023389237 251
1757428079002 1.4378967683935602 252
1757428079033 1.417376895359167 253
1757428079065 1.39727257509801 254
1757428079097 1.377574529905198 255
1757428079130 1.3582737065058346 256
1757428079162 1.3393612702205107 257
1757428079194 1.3208285992940791 258
1757428079225 1.302667279382679 259
1757428079257 1.2848690981942572 260
1757428079289 1.2674260402779394 261
1757428079321 1.250330281957774 262
1757428079351 1.2335741864064966 263
1757428079385 1.2171502988551728 264
1757428079420 1.201051341934616 265
1757428079451 1.1852702111446993 266
1757428079482 1.1697999704477524 267
1757428079513 1.1546338479823823 268
1757428079543 1.1397652318941718 269
1757428079574 1.1251876662798026 270
1757428079605 1.1108948472413114 271
1757428079636 1.0968806190472293 272
1757428079667 1.0831389703974945 273
1757428079699 1.0696640307891343 274
1757428079730 1.0564500669797818 275
1757428079763 1.0434914795462034 276
1757428079795 1.030782799535086 277
1757428079827 1.0183186852034396 278
1757428079858 1.0060939188460352 279
1757428079901 0.9941034037073885 280
1757428079935 0.9823421609758681 281
1757428079969 0.9708053268575965 282
1757428080000 0.9594881497278609 283
1757428080032 0.9483859873578481 284
1757428080063 0.9374943042145665 285
1757428080094 0.9268086688318751 286
1757428080125 0.9163247512506443 287
1757428080164 0.9060383205260689 288
1757428080206 0.8959452423002866 289
1757428080250 0.886041476438437 290
1757428080295 0.8763230747264172 291
1757428080338 0.8667861786286027 292
1757428080380 0.857427017103858 293
1757428080423 0.8482419044782379 294
1757428080464 0.8392272383727986 295
1757428080506 0.8303794976849816 296
1757428080547 0.8216952406221281 297
1757428080588 0.8131711027856426 298
1757428080630 0.8048037953044637 299
1757428080671 0.7965901030164452 300
1757428080714 0.7885268826963735 301
1757428080755 0.7806110613293155 302
1757428080796 0.7728396344280912 303
1757428080837 0.7652096643936488 304
1757428080879 0.7577182789171878 305
1757428080926 0.7503626694229008 306
1757428080968 0.7431400895502248 307
1757428081008 0.7360478536745464 308
1757428081049 0.7290833354653247 309
1757428081092 0.7222439664806193 310
1757428081134 0.7155272347970411 311
1757428081175 0.7089306836742059 312
1757428081216 0.7024519102527226 313
1757428081257 0.696088564284864 314
1757428081298 0.6898383468970244 315
1757428081340 0.6836990093831262 316
1757428081380 0.6776683520281536 317
1757428081424 0.6717442229610148 318
1757428081467 0.665924517035952 319
1757428081515 0.6602071747417645 320
1757428081563 0.6545901811380782 321
1757428081604 0.6490715648179847 322
1757428081646 0.6436493968963327 323
1757428081689 0.6383217900230156 324
1757428081730 0.633086897420583 325
1757428081773 0.6279429119455607 326
1757428081815 0.6228880651728483 327
1757428081858 0.6179206265025913 328
1757428081899 0.6130389022889516 329
1757428081951 0.6082412349902103 330
1757428081993 0.6035260023396278 331
1757428082037 0.5988916165365569 332
1757428082084 0.5943365234572594 333
1757428082126 0.5898592018849305 334
1757428082168 0.5854581627584343 335
1757428082210 0.5811319484392664 336
1757428082253 0.576879131996283 337
1757428082301 0.5726983165077291 338
1757428082346 0.5685881343801358 339
1757428082388 0.5645472466836456 340
1757428082431 0.5605743425033648 341
1757428082474 0.556668138306295 342
1757428082516 0.5528273773235072 343
1757428082567 0.5490508289471063 344
1757428082612 0.545337288141672 345
1757428082655 0.5416855748697565 346
1757428082697 0.5380945335311266 347
1757428082739 0.5345630324153704 348
1757428082782 0.5310899631675533 349
1757428082825 0.5276742402665953 350
1757428082871 0.5243148005160204 351
1757428082915 0.5210106025468197 352
1757428082968 0.5177606263320644 353
1757428083012 0.5145638727130297 354
1757428083054 0.5114193629365037 355
1757428083097 0.5083261382030207 356
1757428083140 0.5052832592257432 357
1757428083183 0.5022898057997217 358
1757428083226 0.4993448763812883 359
1757428083309 0.4964475876773164 360
1757428083448 0.49359707424411164 361
1757428083538 0.4907924880956969 362
1757428083656 0.48803299832125563 363
1757428083805 0.4853177907115009 364
1757428083886 0.4826460673937748 365
1757428083962 0.48001704647562177 366
1757428084029 0.4774299616966801 367
1757428084122 0.4748840620886374 368
1757428084181 0.47237861164308437 369
1757428084237 0.4699128889870651 370
1757428084277 0.46748618706613 371
1757428084313 0.4650978128347205 372
1757428084407 0.4627470869536872 373
1757428084482 0.4604333434947932 374
1757428084565 0.4581559296520081 375
1757428084648 0.455914205459449 376
1757428084710 0.45370754351578896 377
1757428084834 0.4515353287149963 378
1757428084964 0.4493969579832244 379
1757428085034 0.4472918400217313 380
1757428085070 0.4452193950556703 381
1757428085133 0.44317905458860607 382
1757428085209 0.44117026116263086 383
1757428085278 0.4391924681239312 384
1757428085320 0.43724513939368875 385
1757428085373 0.43532774924417794 386
1757428085440 0.43343978207993933 387
1757428085493 0.43158073222390764 388
1757428085605 0.4297501037083752 389
1757428085674 0.4279474100706748 390
1757428085772 0.42617217415346836 391
1757428085895 0.4244239279095408 392
1757428085938 0.4227022122109757 393
1757428086067 0.4210065766626228 394
1757428086145 0.4193365794197546 395
1757428086213 0.41769178700980086 396
1757428086290 0.416071774158077 397
1757428086379 0.41447612361740616 398
1757428086482 0.4129044260015486 399
1757428086567 0.41135627962233745 400
1757428086654 0.4098312903304473 401
1757428086756 0.40832907135969854 402
1757428086802 0.40684924317482307 403
1757428086895 0.40539143332260563 404
1757428086978 0.40395527628631694 405
1757428087069 0.40254041334338064 406
1757428087147 0.4011464924261685 407
1757428087192 0.3997731679858781 408
1757428087285 0.3984201008594057 409
1757428087393 0.3970869581391528 410
1757428087479 0.3957734130456871 411
1757428087615 0.39447914480320906 412
1757428087690 0.3932038385177396 413
1757428087763 0.3919471850579765 414
1757428087814 0.3907088809387601 415
1757428087882 0.38948862820707825 416
1757428087994 0.38828613433056425 417
1757428088130 0.38710111208841347 418
1757428088432 0.385933279464681 419
1757428088470 0.3847823595438929 420
1757428088507 0.383648080408926 421
1757428088541 0.38253017504109055 422
1757428088577 0.38142838122239 423
1757428088612 0.3803424414398759 424
1757428088646 0.37927210279207907 425
1757428088680 0.37821711689745363 426
1757428088715 0.3771772398047852 427
1757428088750 0.37615223190553393 428
1757428088785 0.375141857848055 429
1757428088820 0.3741458864536537 430
1757428088855 0.37316409063444383 431
1757428088889 0.37219624731295653 432
1757428088924 0.37124213734347183 433
1757428088958 0.37030154543501653 434
1757428088993 0.3693742600760143 435
1757428089039 0.3684600734605253 436
1757428089077 0.36755878141605797 437
1757428089114 0.36667018333291745 438
1757428089150 0.3657940820950325 439
1757428089184 0.36493028401226213 440
1757428089218 0.364078598754121 441
1757428089254 0.3632388392849075 442
1757428089289 0.3624108218001922 443
1757428089326 0.36159436566464903 444
1757428089365 0.360789293351184 445
1757428089401 0.3599954303813431 446
1757428089436 0.35921260526696885 447
1757428089471 0.35844064945307574 448
1757428089507 0.3576793972619144 449
1757428089545 0.35692868583820886 450
1757428089583 0.3561883550955277 451
1757428089619 0.3554582476637729 452
1757428089653 0.3547382088377547 453
1757428089688 0.3540280865268373 454
1757428089725 0.35332773120562344 455
1757428089790 0.35263699586565694 456
1757428089837 0.35195573596812607 457
1757428089879 0.3512838093975366 458
1757428089921 0.3506210764163401 459
1757428089962 0.34996739962049184 460
1757428090003 0.3493226438959293 461
1757428090052 0.34868667637592443 462
1757428090094 0.3480593663993284 463
1757428090133 0.34744058546965156 464
1757428090171 0.3468302072149891 465
1757428090208 0.3462281073487569 466
1757428090245 0.3456341636312288 467
1757428090283 0.3450482558318491 468
1757428090322 0.34447026569231287 469
1757428090372 0.3439000768903962 470
1757428090410 0.343337575004509 471
1757428090447 0.34278264747896997 472
1757428090485 0.3422351835899734 473
1757428090522 0.3416950744122505 474
1757428090562 0.3411622127863892 475
1757428090604 0.34063649328681955 476
1757428090646 0.3401178121904271 477
1757428090706 0.33960606744580674 478
1757428090757 0.3391011586431184 479
1757428090796 0.33860298698455116 480
1757428090836 0.33811145525537145 481
1757428090874 0.33762646779554695 482
1757428090910 0.3371479304719288 483
1757428090946 0.33667575065099276 484
1757428090983 0.3362098371721075 485
1757428091018 0.33575010032134234 486
1757428091065 0.3352964518057786 487
1757428091106 0.3348488047283383 488
1757428091144 0.3344070735630964 489
1757428091183 0.3339711741310846 490
1757428091222 0.3335410235765592 491
1757428091263 0.3331165403437454 492
1757428091301 0.3326976441540204 493
1757428091340 0.3322842559835533 494
1757428091379 0.33187629804137175 495
1757428091417 0.33147369374785507 496
1757428091456 0.33107636771364995 497
1757428091495 0.330684245718982 498
1757428091538 0.3302972546933799 499
