1757427950003 158.64468451909414 0
1757427950062 157.3663972451411 1
1757427950148 156.73070687574278 2
1757427950207 156.09708775691985 3
1757427950285 155.46561715274564 4
1757427950351 154.83628824903215 5
1757427950454 154.20909485375796 6
1757427950530 153.5840308587059 7
1757427950609 152.9610902416258 8
1757427950689 152.3402670650301 9
1757427950747 151.72155547502607 10
1757427950803 151.1049497001641 11
1757427950873 150.4904440503019 12
1757427950935 149.87803291548377 13
1757427950989 149.2677107648354 14
1757427951057 148.6594721454735 15
1757427951109 148.05331168143067 16
1757427951163 147.4492240725946 17
1757427951230 146.84720409366184 18
1757427951294 146.24724659310587 19
1757427951342 145.64934649215905 20
1757427951398 145.0534987838089 21
1757427951461 144.45969853180742 22
1757427951522 143.86794086969456 23
1757427951585 143.27822099983462 24
1757427951643 142.6905341924658 25
1757427951705 142.10487578476298 26
1757427951777 141.52124117991303 27
1757427951841 140.93962584620283 28
1757427951916 140.36002531611967 29
1757427952507 139.78243518546418 30
1757427952568 139.2068511124749 31
1757427952640 138.63326881696537 32
1757427952687 138.0616840794724 33
1757427952727 137.49209274041655 34
1757427952796 136.92609185673166 35
1757427952852 136.36125594540724 36
1757427952911 135.79840160310343 37
1757427952962 135.2375198969499 38
1757427953023 134.67860706046693 39
1757427953073 134.12165934812572 40
1757427953127 133.56667306795146 41
1757427953182 133.01364458056307 42
1757427953257 132.4625702984444 43
1757427953318 131.9134466852239 44
1757427953474 131.36627025496443 45
1757427953545 130.82103757146257 46
1757427953653 130.2777452475578 47
1757427953697 129.7363899444506 48
1757427953780 129.19696837103072 49
1757427953868 128.6594772832139 50
1757427953934 128.12391348328805 51
1757427953997 127.59027381926846 52
1757427954039 127.05855518426162 53
1757427954105 126.52875451583789 54
1757427954172 126.00086879541277 55
1757427954211 125.47489504763665 56
1757427954283 124.95083033979293 57
1757427954330 124.4286717812044 58
1757427954394 123.90841652264777 59
1757427954436 123.3900617557762 60
1757427954486 122.87360471254978 61
1757427954522 122.35904266467384 62
1757427954561 121.84637292304504 63
1757427954602 121.33559283720481 64
1757427954674 120.82669979480067 65
1757427954726 120.31969122105461 66
1757427954806 119.81456457823893 67
1757427954886 119.31131736515928 68
1757427954966 118.80994711664486 69
1757427955024 118.31045140304535 70
1757427955102 117.8128278297351 71
1757427955159 117.317074036624 72
1757427955219 116.8231876976749 73
1757427955275 116.33116652042794 74
1757427955333 115.84100824553128 75
1757427955391 115.35271064627825 76
1757427955446 114.86627152815095 77
1757427955499 114.38168872837005 78
1757427955561 113.89896011545083 79
1757427955648 113.41808358876543 80
1757427955710 112.93905707811071 81
1757427955783 112.46187854328275 82
1757427955839 111.98654597365642 83
1757427955888 111.51305738777143 84
1757427955938 111.0414108329236 85
1757427956002 110.57160438476197 86
1757427956068 110.1036361468914 87
1757427956110 109.63750425048076 88
1757427956152 109.17320685387624 89
1757427956191 108.71074214222025 90
1757427956258 108.25010832707557 91
1757427956332 107.79130364605433 92
1757427956397 107.33432636245271 93
1757427956452 106.87917476488995 94
1757427956503 106.42584716695299 95
1757427956579 105.97434190684564 96
1757427956626 105.52465734704259 97
1757427956688 105.0767918739484 98
1757427956747 104.63074389756098 99
1757427956798 104.18651185113977 100
1757427956877 103.74409419087873 101
1757427956937 103.30348939558336 102
1757427956998 102.86469596635261 103
1757427957187 102.427712426265 104
1757427957285 101.99253732006915 105
1757427957361 101.55916921387835 106
1757427957403 101.12760669486973 107
1757427957451 100.69784837098726 108
1757427957509 100.26989287064903 109
1757427957582 99.84373884245844 110
1757427957629 99.41938495491951 111
1757427957685 98.99682989615613 112
1757427957745 98.57607237363496 113
1757427957806 98.15711111389248 114
1757427957871 97.7399448622656 115
1757427957920 97.32457238262607 116
1757427957987 96.91099245711851 117
1757427958041 96.49920388590215 118
1757427958104 96.08920548689612 119
1757427958156 95.68099609552814 120
1757427958211 95.27457456448687 121
1757427958267 94.86993976347759 122
1757427958308 94.46709057898126 123
1757427958359 94.06602591401695 124
1757427958410 93.66674468790744 125
1757427958474 93.26924583604844 126
1757427958530 92.8735283096804 127
1757427958596 92.47959107566402 128
1757427958662 92.08743311625864 129
1757427958716 91.69705342890369 130
1757427958764 91.30845102600323 131
1757427958826 90.92162493471344 132
1757427958885 90.53657419673314 133
1757427958926 90.15329786809703 134
1757427958969 89.77179501897201 135
1757427959011 89.39206473345627 136
1757427959058 89.01410610938095 137
1757427959099 88.63791825811492 138
1757427959141 88.26350030437204 139
1757427959182 87.89085138602111 140
1757427959234 87.51997065389845 141
1757427959279 87.15085727162321 142
1757427959323 86.78351041541512 143
1757427959366 86.41792927391485 144
1757427959411 86.05411304800674 145
1757427959461 85.6920609506442 146
1757427959526 85.33177220667731 147
1757427959568 84.97324605268305 148
1757427959635 84.61648173679764 149
1757427959679 84.26147851855146 150
1757427959752 83.90823566870607 151
1757427959813 83.55675246909367 152
1757427959873 83.20702821245858 153
1757427959929 82.85906220230117 154
1757427959977 82.51285375272381 155
1757427960056 82.16840218827893 156
1757427960114 81.82570684381945 157
1757427960183 81.48476706435083 158
1757427960254 81.14558220488583 159
1757427960366 80.8081516303006 160
1757427960532 80.47247471519336 161
1757427960644 80.13855084374457 162
1757427960743 79.8063794095795 163
1757427960816 79.47595981563238 164
1757427960879 79.1472914740126 165
1757427960943 78.82037380587275 166
1757427961022 78.49520624127845 167
1757427961092 78.17178821908011 168
1757427961137 77.8501191867864 169
1757427961202 77.53019860043952 170
1757427961264 77.21202592449214 171
1757427961333 76.89560063168618 172
1757427961385 76.58092220293321 173
1757427961466 76.26799012719655 174
1757427961522 75.95680390137505 175
1757427961562 75.64736303018832 176
1757427961616 75.33966702606382 177
1757427961656 75.03371540902548 178
1757427961713 74.72950770658353 179
1757427961756 74.42704345362657 180
1757427961812 74.12632219231438 181
1757427961888 73.8273434719728 182
1757427961957 73.53010684898977 183
1757427962009 73.23461188671305 184
1757427962081 72.9408581553491 185
1757427962125 72.64884523186373 186
1757427962179 72.3585726998838 187
1757427962244 72.07004014960052 188
1757427962299 71.78324717767403 189
1757427962367 71.49819338713934 190
1757427962418 71.21487838731362 191
1757427962474 70.93330179370469 192
1757427962516 70.65346322792085 193
1757427962569 70.37536231758216 194
1757427962629 70.09899869623257 195
1757427962692 69.82437200325369 196
1757427962738 69.55148188377952 197
1757427962778 69.28032798861247 198
1757427962823 69.0109099741406 199
1757427962884 68.74322750225592 200
1757427962945 68.47728024027394 201
1757427962997 68.21306786085434 202
1757427963064 67.95059004192264 203
1757427963108 67.68984646659318 204
1757427963170 67.43083682309302 205
1757427963228 67.17356080468697 206
1757427963292 66.91801810960371 207
1757427963353 66.66420844096287 208
1757427963434 66.41213150670326 209
1757427963501 66.161787019512 210
1757427963563 65.9131746967547 211
1757427963624 65.66629426040664 212
1757427963682 65.42114543698493 213
1757427963750 65.17772795748155 214
1757427963879 64.93604155729746 215
1757427964019 64.69608597617754 216
1757427964173 64.45786095814654 217
1757427964272 64.22144723689779 218
1757427964341 63.98680509303319 219
1757427964405 63.75393417290194 220
1757427964489 63.52283446875086 221
1757427964556 63.29350597317667 222
1757427964607 63.06594867908997 223
1757427964655 62.8401625797106 224
1757427964706 62.616147668563215 225
1757427964775 62.3939039394728 226
1757427964834 62.17351482434914 227
1757427964898 61.95581864252841 228
1757427964979 61.740211111983946 229
1757427965034 61.52663922958973 230
1757427965086 61.31503781129685 231
1757427965140 61.10534620160759 232
1757427965183 60.89750750127715 233
1757427965235 60.69146835176849 234
1757427965280 60.48717871698117 235
1757427965363 60.28459167877185 236
1757427965442 60.08366324492204 237
1757427965522 59.884352168814104 238
1757427965615 59.686619780105346 239
1757427965711 59.49042982573314 240
1757427965753 59.29574832062457 241
1757427965812 59.102543407521814 242
1757427965876 58.91078522537029 243
1757427965939 58.72044578574959 244
1757427965998 58.53149885685946 245
1757427966048 58.34391985460155 246
1757427966092 58.15768574032664 247
1757427966139 57.97277492484183 248
1757427966183 57.78916717829782 249
1757427966230 57.6068435455987 250
1757427966279 57.4257862669986 251
1757427966326 57.2459787035698 252
1757427966373 57.06740526724591 253
1757427966418 56.890051355162065 254
1757427966470 56.713903288030224 255
1757427966550 56.53894825230421 256
1757427966596 56.36517424590364 257
1757427966654 56.19257002727996 258
1757427966730 56.02112506762086 259
1757427966810 55.850829506001865 260
1757427966873 55.681674107305305 261
1757427966935 55.513650222737915 262
1757427966989 55.34674975278846 263
1757427967060 55.180982174159816 264
1757427967117 55.01640573980635 265
1757427967172 54.85297739479391 266
1757427967242 54.69069130070096 267
1757427967324 54.529887042958 268
1757427967398 54.370759654279254 269
1757427967466 54.213027359541336 270
1757427967613 54.05665090883167 271
1757427967695 53.901588312417005 272
1757427967782 53.74780029530325 273
1757427967900 53.59524997689521 274
1757427968009 53.44390271880374 275
1757427968058 53.29372597861992 276
1757427968152 53.14468917352173 277
1757427968244 52.99676355293005 278
1757427968318 52.849922079609364 279
1757427968390 52.70413931864659 280
1757427968473 52.55939133377926 281
1757427968535 52.415655590580734 282
1757427968606 52.2729108660432 283
1757427968663 52.1311371641303 284
1757427968762 51.99031563690016 285
1757427968844 51.85042851082671 286
1757427968928 51.71145901797231 287
1757427969001 51.573391331687844 288
1757427969110 51.43621050653875 289
1757427969208 51.29990242217531 290
1757427969255 51.16445373088494 291
1757427969302 51.02985180858137 292
1757427969350 50.896084709002636 293
1757427969395 50.7631411209047 294
1757427969464 50.63101032805203 295
1757427969542 50.4996821718198 296
1757427969597 50.36914701623476 297
1757427969661 50.23939571529336 298
1757427969725 50.11041958240668 299
1757427969802 49.982210361831584 300
1757427969866 49.85476020195713 301
1757427969935 49.728061630323694 302
1757427970010 49.60210753026097 303
1757427970063 49.47689111903792 304
1757427970109 49.35240592742547 305
1757427970157 49.22864578057908 306
1757427970201 49.10560478015442 307
1757427970250 48.98327728757533 308
1757427970294 48.861657908378646 309
1757427970341 48.74074147756508 310
1757427970386 48.620523045890685 311
1757427970444 48.500997867037164 312
1757427970521 48.38216138560362 313
1757427970576 48.26400922586639 314
1757427970619 48.146537181256534 315
1757427970684 48.02974120450856 316
1757427970768 47.913617398436394 317
1757427970830 47.79816200729605 318
1757427970915 47.68337140869672 319
1757427970976 47.56924210602482 320
1757427971061 47.45577072134753 321
1757427971140 47.34295398876497 322
1757427971203 47.23078874818181 323
1757427971264 47.119271939471275 324
1757427971328 47.00840059700607 325
1757427971429 46.898171844532705 326
1757427971534 46.78858289036686 327
1757427971650 46.67963102288932 328
1757427971737 46.57131360632286 329
1757427971796 46.46362807677224 330
1757427971857 46.35657193851027 331
1757427971942 46.250142760494164 332
1757427972018 46.144338173097346 333
1757427972071 46.03915586504309 334
1757427972128 45.93459358052674 335
1757427972190 45.830946121301665 336
1757427972236 45.72822117537496 337
1757427972327 45.626304894642594 338
1757427972393 45.52518096280537 339
1757427972437 45.424832353681595 340
1757427972496 45.32524261251666 341
1757427972549 45.22639581794193 342
1757427972605 45.12827655960922 343
1757427972655 45.03086991701957 344
1757427972730 44.934161439492414 345
1757427972792 44.83813712720767 346
1757427972864 44.74278341325101 347
1757427972942 44.64808714659792 348
1757427973003 44.554035575976904 349
1757427973052 44.460616334555986 350
1757427973117 44.367817425400936 351
1757427973165 44.27562720765711 352
1757427973213 44.184034383410115 353
1757427973259 44.09302798518374 354
1757427973308 44.00259736403622 355
1757427973358 43.91273217821906 356
1757427973406 43.82342238236449 357
1757427973454 43.73465821717041 358
1757427973503 43.64643019955366 359
1757427973551 43.55872911324429 360
1757427973599 43.47154599979562 361
1757427973649 43.38487214998624 362
1757427973707 43.29869909559207 363
1757427973795 43.21301860150762 364
1757427973846 43.127822658197395 365
1757427973909 43.04310347445937 366
1757427973973 42.95885347048362 367
1757427974050 42.87506527119052 368
1757427974119 42.7917316998337 369
1757427974192 42.70884577185401 370
1757427974241 42.62640068897151 371
1757427974316 42.5443898335036 372
1757427974384 42.46280676289766 373
1757427974453 42.38164520446776 374
1757427974504 42.30089905032555 375
1757427974605 42.220562352495605 376
1757427974743 42.1406293182069 377
1757427974907 42.06109430535168 378
1757427975058 41.981951818104335 379
1757427975153 41.903196502692694 380
1757427975204 41.82482314331494 381
1757427975265 41.74682665819569 382
1757427975336 41.66920209577506 383
1757427975410 41.59194463102494 384
1757427975467 41.51504956188708 385
1757427975545 41.43851230582774 386
1757427975615 41.36232839650416 387
1757427975686 41.28649348053815 388
1757427975765 41.211003314392535 389
1757427975832 41.13585376134614 390
1757427975891 41.06104078856372 391
1757427975942 40.98656046425685 392
1757427975989 40.912408954932296 393
1757427976043 40.8385825227248 394
1757427976101 40.76507752281068 395
1757427976168 40.691890400899595 396
1757427976237 40.61901769080135 397
1757427976321 40.54645601206523 398
1757427976375 40.47420206768909 399
1757427976436 40.402252641895764 400
1757427976505 40.33060459797451 401
1757427976583 40.2592548761851 402
1757427976659 40.1882004917226 403
1757427976715 40.11743853274039 404
1757427976770 40.046966158430045 405
1757427976838 39.976780597155624 406
1757427976909 39.90687914464084 407
1757427976969 39.83725916220746 408
1757427977016 39.76791807506303 409
1757427977074 39.69885337063648 410
1757427977124 39.63006259696018 411
1757427977189 39.56154336109674 412
1757427977261 39.49329332760938 413
1757427977339 39.42531021707438 414
1757427977387 39.35759180463436 415
1757427977444 39.290135918591155 416
1757427977520 39.22294043903702 417
1757427977600 39.15600329652306 418
1757427977674 39.08932247076387 419
1757427977732 39.02289598937695 420
1757427977810 38.95672192665638 421
1757427977866 38.89079840237929 422
1757427977936 38.82512358064447 423
1757427978013 38.75969566874194 424
1757427978087 38.694512916052894 425
1757427978229 38.62957361297875 426
1757427978352 38.564876089898874 427
1757427978510 38.500418716155856 428
1757427978633 38.4361998990677 429
1757427978717 38.37221808296613 430
1757427978818 38.30847174826035 431
1757427978896 38.244959410525354 432
1757427978999 38.18167961961434 433
1757427979106 38.118630958794455 434
1757427979185 38.055812043905014 435
1757427979283 37.993221522538114 436
1757427979378 37.93085807324032 437
1757427979425 37.868720404735534 438
1757427979560 37.80680725516787 439
1757427979663 37.74511739136445 440
1757427979754 37.68364960811732 441
1757427979822 37.62240272748402 442
1757427979943 37.56137559810644 443
1757427979991 37.500567094547065 444
1757427980053 37.43997611664287 445
1757427980139 37.37960158887549 446
1757427980208 37.319442459758015 447
1757427980273 37.25949770123744 448
1757427980322 37.199766308112714 449
1757427980394 37.14024729746757 450
1757427980461 37.08093970811826 451
1757427980537 37.0218426000753 452
1757427980612 36.96295505401917 453
1757427980689 36.904276170789444 454
1757427980738 36.84580507088715 455
1757427980790 36.78754089398974 456
1757427980841 36.729482798478756 457
1757427980917 36.67162996097931 458
1757427980976 36.613981575911616 459
1757427981077 36.55653685505391 460
1757427981130 36.499295027116545 461
1757427981192 36.44225533732698 462
1757427981263 36.385417047025406 463
1757427981311 36.328779433270746 464
1757427981362 36.272341788456565 465
1757427981413 36.21610341993697 466
1757427981463 36.160063649661865 467
1757427981516 36.1042218138217 468
1757427981566 36.04857726250109 469
1757427981620 35.9931293593413 470
1757427981705 35.93787748121145 471
1757427981765 35.882821017887885 472
1757427981827 35.82795937174176 473
1757427981895 35.77329195743471 474
1757427981987 35.718818201621964 475
1757427982044 35.66453754266324 476
1757427982104 35.61044943034087 477
1757427982187 35.55655332558503 478
1757427982271 35.50284870020602 479
1757427982357 35.449335036633265 480
1757427982436 35.3960118276609 481
1757427982524 35.34287857619987 482
1757427982628 35.28993479503622 483
1757427982704 35.2371800065955 484
1757427982811 35.18467979550596 485
1757427982872 35.132592776358976 486
1757427982950 35.08081248273601 487
1757427983019 35.02933482562512 488
1757427983091 34.978154970619514 489
1757427983162 34.92726819636002 490
1757427983259 34.87666988142809 491
1757427983402 34.826355501150225 492
1757427983528 34.776320624397194 493
1757427983611 34.72656091056431 494
1757427983696 34.67707210671371 495
1757427983764 34.627850044867316 496
1757427983851 34.57889063943995 497
1757427983946 34.53018988480271 498
1757427984037 34.48174385296764 499
