1757341166224 163.59243528018564 0
1757341166270 62.88436473730668 1
1757341166333 74.35362922632274 2
1757341166403 52.410565452479446 3
1757341166461 51.19445892076138 4
1757341166504 43.989462486737196 5
1757341166554 41.392063189126254 6
1757341166600 37.917818647391975 7
1757341166659 35.65118348177739 8
1757341166695 33.423137165882494 9
1757341166764 31.61804896465184 10
1757341166822 29.96650695883699 11
1757341166876 28.52237295875584 12
1757341166939 27.211325438243282 13
1757341166988 26.028768900736445 14
1757341167054 24.946948623196615 15
1757341167089 23.95463679975911 16
1757341167134 23.037715039012536 17
1757341167168 22.186891208750925 18
1757341167205 21.39345497930729 19
1757341167257 20.650626323459264 20
1757341167319 19.952513709916328 21
1757341167373 19.29424858091231 22
1757341167437 18.671660869547154 23
1757341167488 18.08121629179246 24
1757341167546 17.51987744488748 25
1757341167590 16.985031990166256 26
1757341167642 16.47441623553857 27
1757341167685 15.986061127413484 28
1757341167742 15.518244320417399 29
1757341167800 15.069452470441432 30
1757341167896 14.638349344877165 31
1757341168015 14.223749737209188 32
1757341168075 13.824597602701601 33
1757341168167 13.439947863075307 34
1757341168272 13.068951115270792 35
1757341168314 12.710840774575532 36
1757341168349 12.364922206647158 37
1757341168382 12.03056351708183 38
1757341168411 11.707187715318119 39
1757341168444 11.39426602762475 40
1757341168473 11.091312171702073 41
1757341168505 10.797877439862555 42
1757341168534 10.513546463819933 43
1757341168569 10.237933556093912 44
1757341168602 9.970679540578995 45
1757341168633 9.711448999339026 46
1757341168664 9.459927874525494 47
1757341168694 9.215821374101543 48
1757341168776 8.978852138125488 49
1757341168806 8.748758629049643 50
1757341168849 8.525293715064704 51
1757341168900 8.308223420175779 52
1757341169010 8.097325818594813 53
1757341169101 7.892390054310044 54
1757341169203 7.693215469452743 55
1757341169296 7.499610827413275 56
1757341169388 7.311393618633575 57
1757341169468 7.128389438680252 58
1757341169533 6.950431429630343 59
1757341169569 6.77735977701945 60
1757341169634 6.60902125564319 61
1757341169692 6.445268818394466 62
1757341169740 6.285961223084571 63
1757341169838 6.130962692853665 64
1757341169878 5.980142606342898 65
1757341169917 5.833375214288619 66
1757341169960 5.690539379621349 67
1757341170016 5.55151833851687 68
1757341170084 5.416199480163035 69
1757341170149 5.28447414327984 70
1757341170208 5.156237427668411 71
1757341170248 5.03138801927146 72
1757341170290 4.9098280274078006 73
1757341170349 4.791462833000573 74
1757341170387 4.676200946755627 75
1757341170464 4.5639538763662 76
1757341170521 4.454636001924564 77
1757341170577 4.348164458812856 78
1757341170629 4.244459027425555 79
1757341170680 4.143442029146416 80
1757341170720 4.045038228064588 81
1757341170758 3.949174737968921 82
1757341170810 3.855780934207449 83
1757341170863 3.7647883700411873 84
1757341170904 3.676130697158638 85
1757341170944 3.589743590050398 86
1757341170985 3.5055646739723354 87
1757341171044 3.423533456251655 88
1757341171114 3.3435912607131155 89
1757341171153 3.2656811650229858 90
1757341171212 3.1897479407665106 91
1757341171250 3.1157379960907416 92
1757341171307 3.043599320759076 93
1757341171356 2.9732814334767066 94
1757341171404 2.9047353313577498 95
1757341171452 2.83791344141514 96
1757341171503 2.7727695739637492 97
1757341171542 2.709258877835507 98
1757341171636 2.64733779731287 99
1757341171777 2.5869640306938053 100
1757341171875 2.5280964904076386 101
1757341171909 2.4706952646067006 102
1757341171951 2.4147215801637647 103
1757341172040 2.360137767009929 104
1757341172079 2.306907223751768 105
1757341172111 2.2549943845104674 106
1757341172144 2.204364686929149 107
1757341172176 2.1549845412977735 108
1757341172210 2.1068213007481225 109
1757341172245 2.059843232473854 110
1757341172338 2.014019489933364 111
1757341172376 1.9693200859953788 112
1757341172406 1.925715866989322 113
1757341172449 1.8831784876246374 114
1757341172481 1.8416803867449072 115
1757341172563 1.801194763884466 116
1757341172640 1.7616955565967192 117
1757341172696 1.7231574185249277 118
1757341172790 1.6855556981875404 119
1757341172889 1.6488664184515571 120
1757341172963 1.6130662566685108 121
1757341173092 1.5781325254489083 122
1757341173179 1.5440431540519683 123
1757341173265 1.5107766703685659 124
1757341173352 1.478312183476191 125
1757341173449 1.4466293667457024 126
1757341173527 1.4157084414804164 127
1757341173618 1.385530161068973 128
1757341173688 1.3560757956341027 129
1757341173754 1.3273271171601857 130
1757341173826 1.2992663850831807 131
1757341173906 1.2718763323271074 132
1757341173971 1.2451401517719487 133
1757341174037 1.2190414831383714 134
1757341174115 1.193564400275252 135
1757341174187 1.168693398836544 136
1757341174252 1.1444133843344733 137
1757341174319 1.1207096605566054 138
1757341174399 1.0975679183347475 139
1757341174479 1.074974224654095 140
1757341174566 1.052915012091486 141
1757341174642 1.0313770685719754 142
1757341174705 1.0103475274334182 143
1757341174771 0.9898138577890089 144
1757341174839 0.9697638551781982 145
1757341174902 0.9501856324966447 146
1757341174978 0.9310676111962677 147
1757341175043 0.9123985127467508 148
1757341175110 0.8941673503501146 149
1757341175178 0.8763634209003388 150
1757341175242 0.8589762971802282 151
1757341175326 0.8419958202880216 152
1757341175451 0.8254120922864846 153
1757341175582 0.8092154690674727 154
1757341175642 0.7933965534252145 155
1757341175714 0.7779461883317541 156
1757341175809 0.7628554504082444 157
1757341175870 0.7481156435859889 158
1757341175924 0.7337182929513139 159
1757341176001 0.7196551387685844 160
1757341176099 0.7059181306758437 161
1757341176166 0.6924994220477353 162
1757341176251 0.679391364520561 163
1757341176314 0.6665865026744889 164
1757341176416 0.6540775688680918 165
1757341176530 0.6418574782205388 166
1757341176667 0.6299193237369553 167
1757341176737 0.6182563715725555 168
1757341176806 0.606862056431365 169
1757341176896 0.595729977095399 170
1757341176988 0.584853892080401 171
1757341177046 0.5742277154142632 172
1757341177106 0.5638455125344736 173
1757341177163 0.5537014963009653 174
1757341177249 0.5437900231209427 175
1757341177324 0.5341055891822887 176
1757341177368 0.5246428267923292 177
1757341177415 0.5153965008188043 178
1757341177458 0.5063615052299898 179
1757341177526 0.49753285973103734 180
1757341177573 0.48890570649365805 181
1757341177658 0.4804753069763972 182
1757341177732 0.4722370388328224 183
1757341177787 0.46418639290501945 184
1757341177856 0.4563189702998976 185
1757341177898 0.44863047954585616 186
1757341177952 0.4411167338274678 187
1757341178002 0.4337736482958874 188
1757341178061 0.4265972374527703 189
1757341178125 0.41958361260556903 190
1757341178203 0.41272897939210906 191
1757341178280 0.40602963537245557 192
1757341178348 0.39948196768610217 193
1757341178425 0.3930824507725967 194
1757341178490 0.38682764415377224 195
1757341178539 0.3807141902758072 196
1757341178597 0.3747388124093888 197
1757341178649 0.3688983126063171 198
1757341178719 0.3631895697109323 199
1757341178763 0.35760953742478335 200
1757341178842 0.35215524242303675 201
1757341178914 0.34682378252113727 202
1757341178973 0.34161232489029303 203
1757341179028 0.3365181043204086 204
1757341179070 0.3315384215291004 205
1757341179112 0.326670641515518 206
1757341179157 0.3219121919576803 207
1757341179299 0.317260561652121 208
1757341179434 0.31271329899463907 209
1757341179518 0.30826801050100633 210
1757341179654 0.3039223593665175 211
1757341179717 0.2996740640632837 212
1757341179763 0.2955208969742237 213
1757341179811 0.2914606830627371 214
1757341179878 0.2874912985770512 215
1757341179955 0.28361066978829275 216
1757341180049 0.2798167717613427 217
1757341180093 0.2761076271575721 218
1757341180138 0.2724813050685747 219
1757341180202 0.26893591988004756 220
1757341180261 0.2654696301649834 221
1757341180322 0.26208063760538014 222
1757341180398 0.25876718594167597 223
1757341180471 0.2555275599491602 224
1757341180524 0.2523600844406148 225
1757341180580 0.2492631232944865 226
1757341180633 0.24623507850787585 227
1757341180674 0.24327438927368678 228
1757341180725 0.24037953108127158 229
1757341180779 0.2375490148399413 230
1757341180847 0.23478138602472212 231
1757341180906 0.23207522384375803 232
1757341180968 0.22942914042677928 233
1757341181044 0.22684178003407013 234
1757341181089 0.22431181828538535 235
1757341181135 0.22183796140828638 236
1757341181180 0.2194189455053708 237
1757341181237 0.21705353583990022 238
1757341181297 0.2147405261393316 239
1757341181347 0.21247873791627983 240
1757341181411 0.21026701980644283 241
1757341181456 0.208104246923054 242
1757341181554 0.20598932022740707 243
1757341181614 0.20392116591504678 244
1757341181687 0.2018987348172019 245
1757341181748 0.1999210018170655 246
1757341181796 0.1979869652805311 247
1757341181841 0.19609564650100392 248
1757341181969 0.19424608915792738 249
1757341182163 0.19243735878865711 250
1757341182291 0.19066854227334054 251
1757341182410 0.1889387473324626 252
1757341182548 0.18724710203672967 253
1757341182639 0.18559275432897193 254
1757341182719 0.1839748715577481 255
1757341182832 0.18239264002236147 256
1757341182897 0.1808452645289823 257
1757341182953 0.17933196795759332 258
1757341183011 0.17785199083948616 259
1757341183093 0.17640459094503166 260
1757341183140 0.1749890428814604 261
1757341183224 0.1736046377004047 262
1757341183297 0.1722506825149457 263
1757341183390 0.17092650012592459 264
1757341183466 0.16963142865728673 265
1757341183545 0.16836482120022342 266
1757341183599 0.16712604546589246 267
1757341183661 0.1659144834464987 268
1757341183717 0.16472953108452087 269
1757341183800 0.16357059794988496 270
1757341183956 0.16243710692487884 271
1757341184052 0.16132849389661177 272
1757341184130 0.16024420745683898 273
1757341184176 0.15918370860895295 274
1757341184224 0.1581464704819744 275
1757341184297 0.1571319780513585 276
1757341184362 0.15613972786645344 277
1757341184424 0.15516922778443873 278
1757341184486 0.15421999671058878 279
1757341184532 0.15329156434469768 280
1757341184591 0.1523834709335194 281
1757341184720 0.15149526702906632 282
1757341184815 0.1506265132526291 283
1757341184875 0.1497767800643708 284
1757341184929 0.1489456475383609 285
1757341184995 0.14813270514291274 286
1757341185063 0.147337551526095 287
1757341185136 0.1465597943062923 288
1757341185195 0.14579904986768608 289
1757341185271 0.14505494316054035 290
1757341185316 0.14432710750617053 291
1757341185375 0.1436151844064845 292
1757341185466 0.14291882335798134 293
1757341185602 0.14223768167010098 294
1757341185714 0.1415714242878182 295
1757341185798 0.14091972361837782 296
1757341185844 0.1402822593620703 297
1757341185899 0.13965871834695143 298
1757341185968 0.13904879436740736 299
1757341186057 0.1384521880264754 300
1757341186110 0.13786860658182756 301
1757341186171 0.13729776379533007 302
1757341186225 0.13673937978609263 303
1757341186301 0.13619318088692053 304
1757341186350 0.1356588995040921 305
1757341186436 0.13513627398038003 306
1757341186494 0.13462504846123705 307
1757341186548 0.13412497276407265 308
1757341186613 0.13363580225054592 309
1757341186659 0.1331572977018021 310
1757341186715 0.13268922519658355 311
1757341186760 0.13223135599214675 312
1757341186822 0.131783466407915 313
1757341186889 0.13134533771180898 314
1757341186955 0.13091675600918454 315
1757341187029 0.13049751213431798 316
1757341187102 0.130087401544382 317
1757341187164 0.12968622421584794 318
1757341187214 0.1292937845432599 319
1757341187291 0.12890989124032698 320
1757341187338 0.12853435724327086 321
1757341187386 0.12816699961638622 322
1757341187430 0.12780763945975465 323
1757341187476 0.12745610181906233 324
1757341187538 0.12711221559747482 325
1757341187655 0.12677581346951858 326
1757341187728 0.12644673179692179 327
1757341187794 0.12612481054636956 328
1757341187846 0.12580989320913052 329
1757341187919 0.12550182672250532 330
1757341188061 0.12520046139306196 331
1757341188151 0.12490565082161034 332
1757341188217 0.12461725182987793 333
1757341188269 0.12433512438884739 334
1757341188376 0.12405913154871631 335
1757341188483 0.12378913937044181 336
1757341188560 0.12352501685883328 337
1757341188606 0.12326663589715692 338
1757341188674 0.1230138711832186 339
1757341188755 0.12276660016688717 340
1757341188824 0.12252470298903086 341
1757341188884 0.12228806242182635 342
1757341188956 0.12205656381041642 343
1757341189023 0.12183009501587963 344
1757341189081 0.12160854635948448 345
1757341189165 0.12139181056819719 346
1757341189233 0.12117978272141633 347
1757341189299 0.12097236019890176 348
1757341189364 0.12076944262987535 349
1757341189418 0.12057093184326435 350
1757341189476 0.12037673181905911 351
1757341189528 0.12018674864076448 352
1757341189589 0.12000089044891489 353
1757341189661 0.11981906739563201 354
1757341189727 0.1196411916002001 355
1757341189790 0.11946717710563383 356
1757341189879 0.11929693983622078 357
1757341189929 0.11913039755601144 358
1757341189999 0.11896746982823665 359
1757341190055 0.1188080779756332 360
1757341190117 0.11865214504165313 361
1757341190185 0.11849959575254246 362
1757341190244 0.11835035648026225 363
1757341190297 0.11820435520623798 364
1757341190352 0.11806152148591813 365
1757341190404 0.11792178641412021 366
1757341190458 0.11778508259115074 367
1757341190574 0.11765134408967806 368
1757341190753 0.11752050642234338 369
1757341190840 0.11739250651009124 370
1757341190939 0.11726728265120512 371
1757341191087 0.11714477449103086 372
1757341191177 0.11702492299237237 373
1757341191231 0.11690767040654662 374
1757341191299 0.11679296024507865 375
1757341191378 0.11668073725202707 376
1757341191443 0.11657094737692146 377
1757341191498 0.11646353774830238 378
1757341191561 0.1163584566478457 379
1757341191629 0.11625565348506167 380
1757341191682 0.11615507877255377 381
1757341191773 0.11605668410182642 382
1757341191841 0.1159604221196272 383
1757341191901 0.1158662465048132 384
1757341191955 0.11577411194572984 385
1757341192009 0.11568397411808734 386
1757341192059 0.11559578966333034 387
1757341192118 0.11550951616748255 388
1757341192191 0.115425112140459 389
1757341192253 0.11534253699583759 390
1757341192320 0.11526175103107443 391
1757341192419 0.11518271540815772 392
1757341192495 0.11510539213468779 393
1757341192572 0.11502974404537535 394
1757341192628 0.11495573478394651 395
1757341192710 0.11488332878544821 396
1757341192774 0.11481249125894218 397
1757341192837 0.11474318817058199 398
1757341192896 0.11467538622706142 399
1757341192954 0.11460905285942821 400
1757341193025 0.11454415620725356 401
1757341193088 0.11448066510315112 402
1757341193184 0.11441854905763539 403
1757341193348 0.1143577782443145 404
1757341193497 0.11429832348540765 405
1757341193566 0.11424015623758148 406
1757341193674 0.11418324857809847 407
1757341193753 0.11412757319126796 408
1757341193830 0.11407310335519749 409
1757341193915 0.1140198129288323 410
1757341194005 0.11396767633928204 411
1757341194088 0.11391666856942424 412
1757341194149 0.11386676514578065 413
1757341194203 0.11381794212665863 414
1757341194272 0.11377017609055523 415
1757341194333 0.11372344412481215 416
1757341194387 0.11367772381452222 417
1757341194454 0.1136329932316783 418
1757341194511 0.11358923092456014 419
1757341194582 0.113546415907354 420
1757341194630 0.11350452764999888 421
1757341194689 0.11346354606825701 422
1757341194737 0.1134234515140002 423
1757341194815 0.11338422476570935 424
1757341194896 0.1133458470191835 425
1757341194969 0.11330829987844943 426
1757341195069 0.11327156534687297 427
1757341195120 0.11323562581846339 428
1757341195192 0.1132004640693683 429
1757341195273 0.113166063249555 430
1757341195345 0.11313240687467416 431
1757341195397 0.11309947881809888 432
1757341195452 0.11306726330314221 433
1757341195510 0.11303574489544091 434
1757341195562 0.11300490849550776 435
1757341195614 0.11297473933144576 436
1757341195669 0.11294522295182229 437
1757341195723 0.11291634521869788 438
1757341195775 0.112888092300809 439
1757341195827 0.11286045066689769 440
1757341195884 0.1128334070791881 441
1757341195952 0.11280694858700584 442
1757341196072 0.11278106252053488 443
1757341196231 0.11275573648471297 444
1757341196343 0.11273095835325868 445
1757341196393 0.11270671626282941 446
1757341196517 0.1126829986073066 447
1757341196607 0.11265979403220576 448
1757341196707 0.11263709142920908 449
1757341196760 0.11261487993081601 450
1757341196823 0.11259314890511088 451
1757341196908 0.11257188795064568 452
1757341196975 0.11255108689143352 453
1757341197048 0.11253073577205044 454
1757341197131 0.11251082485284561 455
1757341197199 0.11249134460525502 456
1757341197263 0.11247228570721764 457
1757341197349 0.1124536390386907 458
1757341197413 0.11243539567726318 459
1757341197483 0.11241754689386589 460
1757341197543 0.11240008414857237 461
1757341197596 0.11238299908649443 462
1757341197647 0.11236628353376474 463
1757341197722 0.11234992949360731 464
1757341197795 0.1123339291424944 465
1757341197897 0.11231827482638615 466
1757341197990 0.11230295905705298 467
1757341198087 0.11228797450847654 468
1757341198145 0.11227331401333102 469
1757341198223 0.11225897055953905 470
1757341198309 0.1122449372869037 471
1757341198412 0.1122312074838137 472
1757341198466 0.11221777458401995 473
1757341198514 0.1122046321634816 474
1757341198567 0.11219177393728279 475
1757341198621 0.11217919375661364 476
1757341198676 0.11216688560581928 477
1757341198731 0.1121548435995117 478
1757341198826 0.11214306197974425 479
1757341198991 0.11213153511324934 480
1757341199141 0.11212025748873343 481
1757341199237 0.11210922371423318 482
1757341199351 0.11209842851452823 483
1757341199404 0.11208786672860943 484
1757341199466 0.11207753330720323 485
1757341199558 0.11206742331035008 486
1757341199634 0.11205753190503301 487
1757341199698 0.11204785436286144 488
1757341199765 0.11203838605780204 489
1757341199841 0.11202912246396102 490
1757341199895 0.11202005915341298 491
1757341199965 0.11201119179407831 492
1757341200039 0.11200251614764593 493
1757341200108 0.11199402806754125 494
1757341200184 0.11198572349693779 495
1757341200235 0.11197759846681338 496
1757341200296 0.11196964909404694 497
1757341200344 0.11196187157955763 498
1757341200421 0.11195426220648365 499
