1757505639503 0.05573438848496161 0
1757505639607 0.16401753714678433 1
1757505639708 0.29097296226219005 2
1757505639806 15.65975427500577 3
1757505639892 0.00859481771997541 4
1757505639992 1.539779687487705e-05 5
1757505640091 0.018865350954289158 6
1757505640181 0.011862170316436932 7
1757505640272 0.06726815603518972 8
1757505640360 0.09693338556045719 9
1757505640452 0.17188319702897606 10
1757505640540 0.17709598424751502 11
1757505640625 0.07387678647935905 12
1757505640717 0.004664882353306634 13
1757505640809 0.3402386892354324 14
1757505640899 6.53345481435021e-05 15
1757505640998 0.3155519949018946 16
1757505641087 0.013470439504151445 17
1757505641174 0.007485589009922381 18
1757505641262 0.0006187528627287445 19
1757505641351 0.004122634313692156 20
1757505641439 0.1359687027596767 21
1757505641534 0.191828239041058 22
1757505641632 0.0005078389143879234 23
1757505641732 0.0016265529842294263 24
1757505641893 0.03923234618783375 25
1757505641988 0.052012519231288364 26
1757505642084 0.009386054754041417 27
1757505642179 0.5898606176138459 28
1757505642268 0.07932916628182352 29
1757505642359 0.004523383611861098 30
1757505642452 0.7416702179553653 31
1757505642543 0.15203144619872358 32
1757505642628 0.0023666348196364493 33
1757505642721 0.1627292969418924 34
1757505642821 0.0032216931866017274 35
1757505642911 0.549955023572166 36
1757505642999 0.04663862656788079 37
1757505643087 3.4058595206229807 38
1757505643177 0.036164309692918443 39
1757505643272 0.10638536458974553 40
1757505643363 0.00568828741800034 41
1757505643451 0.00318451172547854 42
1757505643537 0.5606503965796534 43
1757505643626 0.0003432660863234186 44
1757505643716 0.5291994404981066 45
1757505643807 0.02890009693839432 46
1757505643895 0.4047830939354634 47
1757505643986 0.010262761751013776 48
1757505644077 0.4310058844677559 49
1757505644165 0.009028578305025507 50
1757505644258 0.020725542256279154 51
1757505644345 0.07250619441011018 52
1757505644433 0.011781178833019167 53
1757505644514 0.0001505837966409977 54
1757505644602 0.08434507145076027 55
1757505644696 0.08686740149873558 56
1757505644786 2.2005478272842383 57
1757505644876 0.03838060067939793 58
1757505644962 0.8567863163776512 59
1757505645049 0.15980838493746366 60
1757505645147 0.06720599134090152 61
1757505645335 0.026953951618569904 62
1757505645445 0.0040822568843275585 63
1757505645570 0.06285147526320825 64
1757505645664 0.6099355417893002 65
1757505645759 0.029544982235482704 66
1757505645867 2.5751741434841933e-05 67
1757505645962 0.008703714494996318 68
1757505646077 0.0014727653801879413 69
1757505646284 0.18182294717993033 70
1757505646501 0.021526051392780077 71
1757505646709 0.0002894501242416559 72
1757505646904 0.00989565721899541 73
1757505647147 1.9113390486449797 74
1757505647311 0.015814919916478706 75
1757505647432 0.06675002751875439 76
1757505647548 0.08382524662984984 77
1757505647667 0.09493887551429643 78
1757505647784 0.06973665077779848 79
1757505647917 0.0023112631099708745 80
1757505648040 0.007190953589301512 81
1757505648190 0.2689137270355601 82
1757505648317 0.030707282417247978 83
1757505648423 0.17987260927435694 84
1757505648528 0.011052963078349288 85
1757505648631 0.807836826761409 86
1757505648730 0.00334952741757562 87
1757505648825 0.00016373833648990703 88
1757505648932 0.0027502103966663845 89
1757505649026 0.15044486962765047 90
1757505649121 0.04944436961070152 91
1757505649219 0.1212721276206433 92
1757505649316 0.002720056389217779 93
1757505649410 0.86370749114918 94
1757505649502 0.0003536964496110648 95
1757505649592 0.010668767743802017 96
1757505649703 0.0020151619440342146 97
1757505649821 0.008119514938168561 98
1757505649940 0.11065460370590617 99
1757505650037 0.020495900310422567 100
1757505650135 0.0011075940226756772 101
1757505650230 0.007022276204653286 102
1757505650322 0.09440868720247068 103
1757505650414 0.04373231109577221 104
1757505650507 0.3510759416684579 105
1757505650598 0.09795365673368568 106
1757505650687 0.10609053053346065 107
1757505650777 0.027354421572862008 108
1757505650894 0.30453054939123947 109
1757505650998 0.8788741451840731 110
1757505651095 0.09043034361085549 111
1757505651187 0.08142606566789312 112
1757505651280 0.0046507774785136645 113
1757505651372 0.01409342615531747 114
1757505651460 0.29851543644587536 115
1757505651552 0.03133990351796212 116
1757505651642 0.024966030409949064 117
1757505651728 0.11641603597175904 118
1757505651818 0.4666720792307293 119
1757505651915 0.011890683566492947 120
1757505652011 0.001141602858108308 121
1757505652106 0.16583200153167701 122
1757505652209 0.10747427680122126 123
1757505652293 0.05196010163435319 124
1757505652384 9.143430765321313e-05 125
1757505652473 0.1458705862693507 126
1757505652561 0.029139508403981183 127
1757505652658 0.288677885885295 128
1757505652756 0.4941707234692011 129
1757505652847 0.29869732645031694 130
1757505652940 0.04175012049475031 131
1757505653034 0.0032925600046736863 132
1757505653131 5.7351107992427535e-05 133
1757505653221 0.22076503190657545 134
1757505653317 0.2724329086313601 135
1757505653410 0.11877740315852592 136
1757505653501 0.26136260691004837 137
1757505653592 0.1489247731107227 138
1757505653681 0.0012880717285351586 139
1757505653771 0.03989775785565823 140
1757505653862 0.0191434755966099 141
1757505653958 0.026559877078900805 142
1757505654056 0.04456122992190786 143
1757505654150 0.07973487225297035 144
1757505654239 0.02242465982962037 145
1757505654333 0.006353349759299501 146
1757505654424 0.12346241941797062 147
1757505654512 0.11563548048448792 148
1757505654601 0.6707017772311284 149
1757505654691 0.019366770248371957 150
1757505654783 0.0478056062610828 151
1757505654872 0.10827513209313926 152
1757505654963 0.09882764972918244 153
1757505655058 0.015455159339752856 154
1757505655145 0.053409686269393734 155
1757505655230 0.019549114446409957 156
1757505655323 0.00034407124769793675 157
1757505655413 0.10504228420405438 158
1757505655502 0.22895490090256612 159
1757505655591 0.1336659730089966 160
1757505655680 0.0035064830849507725 161
1757505655771 0.006526548682196748 162
1757505655861 0.27632678325789467 163
1757505655952 0.01759482993915089 164
1757505656053 0.040305512032497735 165
1757505656137 0.002188887537096891 166
1757505656228 0.22235843241705372 167
1757505656318 0.2701238080220025 168
1757505656410 0.0003455642380185797 169
1757505656499 0.0003530394022288952 170
1757505656589 0.0031452380572945583 171
1757505656680 0.01431197856659861 172
1757505656799 0.1607985161252738 173
1757505657013 0.17584682057242354 174
1757505657184 0.06453165134259785 175
1757505657310 0.007519757379345355 176
1757505657454 0.4441855637828289 177
1757505657638 0.07413409048009456 178
1757505657734 0.07314839815751638 179
1757505657830 0.394283436727598 180
1757505657924 0.10079426226706178 181
1757505658020 0.0022926777140691726 182
1757505658119 0.04310981003959685 183
1757505658218 0.1624797246252625 184
1757505658313 0.0032326908761365412 185
1757505658411 19.8400444293862 186
1757505658503 0.0004983165446034664 187
1757505658595 0.027487764837979687 188
1757505658689 0.03621101537249264 189
1757505658777 0.0030069128450866157 190
1757505658870 0.030032266630087047 191
1757505658962 0.010914654908335424 192
1757505659063 0.06545581906783221 193
1757505659157 0.012788952497200072 194
1757505659250 0.3109592557496162 195
1757505659339 0.0002492042433055427 196
1757505659446 0.0018092999276345314 197
1757505659540 0.0032117390397387135 198
1757505659634 0.16032269715599198 199
1757505659727 0.28399351583495996 200
1757505659824 0.08748560615207401 201
1757505659918 0.1488520031344287 202
1757505660018 1.843521181717418 203
1757505660140 3.870369263376086e-09 204
1757505660265 3.5341358704790395 205
1757505660393 0.00011230686893307341 206
1757505660513 5.708007284273571e-05 207
1757505660637 0.01771821449583474 208
1757505660767 0.02121579727674044 209
1757505660887 5.024524049752375e-05 210
1757505660998 0.2568774960164691 211
1757505661101 0.0034973998021394165 212
1757505661203 0.186714850216281 213
1757505661302 0.47742498523978827 214
1757505661409 0.12048791569774511 215
1757505661511 0.48893013219074016 216
1757505661620 0.3721900938214346 217
1757505661732 0.08427215506225226 218
1757505661886 0.020561370795396473 219
1757505661988 0.11125707984579444 220
1757505662087 0.08802492572683049 221
1757505662192 0.10071094861307882 222
1757505662293 0.4647767951665087 223
1757505662390 0.07267057046855735 224
1757505662491 0.12086307498464634 225
1757505662590 0.00209649942342315 226
1757505662689 0.0050943961259374984 227
1757505662792 0.009089783576592493 228
1757505662888 2.279666187165748e-05 229
1757505662983 0.01782815726468823 230
1757505663084 0.000857324704809731 231
1757505663187 1.1246500014948076e-05 232
1757505663286 0.022950945427657913 233
1757505663394 0.007053560075438712 234
1757505663490 0.11447307715521791 235
1757505663588 0.10575820883106837 236
1757505663684 0.07233183444277425 237
1757505663777 0.4526433126742327 238
1757505663869 0.047868616434874264 239
1757505663956 0.034363994038945495 240
1757505664049 0.3081081091646566 241
1757505664148 0.01417732811311298 242
1757505664247 0.1743751510863187 243
1757505664331 0.0035972562818956102 244
1757505664418 1.1758205771419585 245
1757505664508 0.004411571124390655 246
1757505664602 7.701416983705147 247
1757505664693 0.019369132115168896 248
1757505664788 0.02818144920011333 249
1757505664879 0.0022004287758982484 250
1757505664972 0.01423545708465438 251
1757505665061 0.0029776632204734812 252
1757505665160 0.35224241560421604 253
1757505665255 0.23384627895114596 254
1757505665346 0.006682599436517826 255
1757505665438 0.10678188795107814 256
1757505665532 0.1956960749269832 257
1757505665625 0.01852117142735467 258
1757505665720 0.34929183005015485 259
1757505665813 0.17863532203614593 260
1757505665903 0.023737779659786004 261
1757505665994 0.03706941927575288 262
1757505666088 0.25057162159377566 263
1757505666192 0.114294356871158 264
1757505666286 0.0343661713245722 265
1757505666377 0.0037732181057017395 266
1757505666468 0.3027201420578453 267
1757505666558 0.09159937853479481 268
1757505666644 0.011539865430121813 269
1757505666731 0.042320406131395996 270
1757505666826 0.009913171309386124 271
1757505666912 0.07923219221990012 272
1757505667026 0.022804933562472905 273
1757505667203 0.10774579701307493 274
1757505667362 0.3701552137523056 275
1757505667503 0.13505847792114936 276
1757505667647 0.09819307259717747 277
1757505667827 0.06622701595261271 278
1757505667946 0.010020012071865142 279
1757505668047 0.3591836954445542 280
1757505668141 0.04064090452593285 281
1757505668253 0.0007103928468329276 282
1757505668354 0.00010923124743315651 283
1757505668456 0.04556754230658212 284
1757505668552 0.008374773701754669 285
1757505668648 0.004326092989140741 286
1757505668744 0.002053778334428696 287
1757505668841 0.1628648420686876 288
1757505668933 0.5003490541163794 289
1757505669023 0.13212464708295793 290
1757505669121 0.10588297625458738 291
1757505669227 0.07108475569558885 292
1757505669319 0.1711605898545402 293
1757505669411 0.2864236842738378 294
1757505669507 0.039517036565713766 295
1757505669600 0.14934875566443212 296
1757505669694 0.028156376594255253 297
1757505669786 0.0523162347656726 298
1757505669880 0.0012119590644066177 299
1757505669971 0.009321126477536237 300
1757505670066 3.9166831725163758 301
1757505670153 7.076902426129631e-05 302
1757505670257 45.54941521751856 303
1757505670349 0.0007629756372950989 304
1757505670442 0.3730380962982828 305
1757505670531 0.14029002164555307 306
1757505670626 0.08205154830801427 307
1757505670719 0.0011163382530699187 308
1757505670811 0.09337197143475494 309
1757505670903 0.35306958494763113 310
1757505670996 0.3554832849492929 311
1757505671094 0.0003119096965004077 312
1757505671190 0.12355311387147958 313
1757505671287 0.0025620764897926556 314
1757505671382 0.0675187907812716 315
1757505671473 0.22445509795720364 316
1757505671568 1.0837517705576627 317
1757505671660 0.04905380594002921 318
1757505671753 0.1283433274631276 319
1757505671846 0.014995297416934972 320
1757505671940 0.16137112123941674 321
1757505672035 0.010104042933847777 322
1757505672129 0.007913181210265404 323
1757505672224 0.018893266053175563 324
1757505672326 0.00017514346741724236 325
1757505672418 0.14268819722472859 326
1757505672513 0.0201764536372506 327
1757505672605 0.08667173499180124 328
1757505672697 0.08398819957005692 329
1757505672791 1.164326958406767 330
1757505672887 0.12840379301628543 331
1757505672978 0.3782395622783658 332
1757505673072 0.0740050665627973 333
1757505673165 0.04088877485073515 334
1757505673261 0.10033474493539457 335
1757505673357 0.6885008263746432 336
1757505673452 0.007480440115198438 337
1757505673546 0.12804431583567416 338
1757505673647 0.05180767745523804 339
1757505673750 0.3494238906980188 340
1757505673902 0.05080882631016242 341
1757505674020 0.11769176569786248 342
1757505674127 0.08562525153285808 343
1757505674230 0.12250201133313589 344
1757505674345 0.0913823495896804 345
1757505674451 0.0002636844032778043 346
1757505674556 0.21254871131941994 347
1757505674662 0.059501578696316455 348
1757505674776 0.015606353220617698 349
1757505674889 0.03448234910999694 350
1757505675004 0.8296102738135114 351
1757505675122 0.055234142831498086 352
1757505675244 0.4173287733771291 353
1757505675383 0.02992296549613266 354
1757505675519 0.0674235828234312 355
1757505675626 0.32854814953699124 356
1757505675731 0.3521945428219297 357
1757505675837 0.11414255290924684 358
1757505675937 0.0003097807065533091 359
1757505676040 0.13390515610704684 360
1757505676139 0.020019532019518522 361
1757505676241 0.030910800130001113 362
1757505676351 0.010643307726388843 363
1757505676447 0.03799365037869469 364
1757505676543 0.200184383475542 365
1757505676637 0.12542804589798504 366
1757505676733 0.013543179740483316 367
1757505676826 0.2384397463966515 368
1757505676920 1.192313143263656 369
1757505677017 0.011157363605911819 370
1757505677114 0.01624906838979171 371
1757505677203 0.00013571389196647597 372
1757505677300 0.09745513671220132 373
1757505677521 0.07675130743926281 374
1757505677745 0.08149043569440075 375
1757505677902 0.3898979359880541 376
1757505678044 0.0016298744416902967 377
1757505678217 0.9760271417322541 378
1757505678383 0.005124182349759346 379
1757505678485 0.024871680407745008 380
1757505678581 0.05288491673012188 381
1757505678676 0.011428875865350211 382
1757505678777 0.0784637829089082 383
1757505678880 0.1533117257223278 384
1757505678978 0.4572702151586333 385
1757505679073 0.1700069060728979 386
1757505679169 6.247404895236205e-06 387
1757505679264 0.07121681723175358 388
1757505679360 0.07445345882142572 389
1757505679454 0.48611983674673737 390
1757505679549 0.0883470669096569 391
1757505679643 0.13506889230811864 392
1757505679738 0.028977184535778713 393
1757505679831 0.009228944642775438 394
1757505679924 0.3366984147684977 395
1757505680019 0.0435513877354254 396
1757505680112 0.009574463883336257 397
1757505680206 0.5974182208548554 398
1757505680299 0.12207327607844948 399
1757505680395 0.18079470801423278 400
1757505680489 0.02335312107479068 401
1757505680581 0.2316893500685597 402
1757505680675 0.02707646267035276 403
1757505680768 0.134046729894179 404
1757505680861 0.00039956734469974534 405
1757505680952 0.8280142279373095 406
1757505681050 0.07898125421938633 407
1757505681145 0.3766099999079057 408
1757505681237 0.004281336854694554 409
1757505681333 0.1255699341793463 410
1757505681435 0.005350635810968092 411
1757505681528 0.03829945685020533 412
1757505681622 8.985572313827662 413
1757505681717 0.00483679670125797 414
1757505681810 0.0535770606893578 415
1757505681899 0.0176284563184427 416
1757505681995 0.9112514061226403 417
1757505682090 0.20661124258075034 418
1757505682184 0.40647750847291936 419
1757505682279 0.04413995354434243 420
1757505682376 0.0030031959830355793 421
1757505682478 0.0051767714325418514 422
1757505682573 0.008637925913714978 423
1757505682668 0.013419721303855511 424
1757505682764 0.1518311125892004 425
1757505682854 0.10577442459216942 426
1757505682949 0.17403703055778263 427
1757505683042 0.19280498094231066 428
1757505683133 0.20823376435803304 429
1757505683224 0.0001600470198040761 430
1757505683314 0.012410785404326882 431
1757505683417 0.27795115893711897 432
1757505683515 0.032679063611323465 433
1757505683613 0.3321165204659949 434
1757505683706 0.02231016304264551 435
1757505683800 0.046594537558308516 436
1757505683896 0.000646215866198648 437
1757505683990 0.002052946106371323 438
1757505684088 2.3144432824409122 439
1757505684185 0.007149232596776681 440
1757505684283 0.11999591079153886 441
1757505684381 0.016698492138432865 442
1757505684489 0.01252489941031285 443
1757505684586 0.020681725880923284 444
1757505684677 0.16639812507464352 445
1757505684775 0.001998529612885851 446
1757505684866 0.07006180516235608 447
1757505684960 0.07396754586672445 448
1757505685055 0.0010571751873845417 449
1757505685151 0.32758040893733037 450
1757505685246 0.27223586379815434 451
1757505685336 0.04627565033236734 452
1757505685429 0.0006352672998510486 453
1757505685532 1.0505682630165895e-05 454
1757505685628 0.0012884614104072697 455
1757505685725 0.5547728864104332 456
1757505685824 0.0009376806568258548 457
1757505685919 0.001459426601379957 458
1757505686015 0.02515919569734951 459
1757505686114 0.0076070857540138205 460
1757505686211 0.16186133220924617 461
1757505686326 0.024946486124606055 462
1757505686431 0.06154507940232237 463
1757505686542 0.030972920754460113 464
1757505686639 0.0028696463393348146 465
1757505686737 0.10845130421370357 466
1757505686827 0.015089408533117155 467
1757505686925 0.0022488833375501937 468
1757505687024 0.17710322473288964 469
1757505687120 0.04823971326873147 470
1757505687218 0.35541616914686525 471
1757505687309 0.0018752218948824755 472
1757505687441 0.08421517896649604 473
1757505687579 0.07354749928325653 474
1757505688011 0.18222834284704315 475
1757505688294 0.8946593864839297 476
1757505688623 0.3729855953333558 477
1757505688781 0.1637660426388293 478
1757505688967 0.07190906698177867 479
1757505689182 0.1687117366255551 480
1757505689343 0.04096129800968574 481
1757505689478 0.001472320943553857 482
1757505689710 0.09064531724846157 483
1757505689875 0.116354155315897 484
1757505690001 0.1036991914339354 485
1757505690119 0.002947340244922638 486
1757505690231 0.019223204453363535 487
1757505690344 0.17853508618399394 488
1757505690448 0.012656143021980358 489
1757505690561 0.00014038801476069345 490
1757505690666 0.1342275755217913 491
1757505690771 0.15623528065565165 492
1757505690871 0.034708362965334465 493
1757505690967 0.13693443642315825 494
1757505691066 0.015607583749752947 495
1757505691167 0.3116408897785892 496
1757505691267 0.13791653844487897 497
1757505691364 0.0028637816085864327 498
1757505691460 0.3509900342708091 499
