1757502806821 140.16337427560845 0
1757502806874 134.1108424492064 1
1757502806928 131.74443740546045 2
1757502806989 134.0733583336827 3
1757502807043 125.72461801098386 4
1757502807097 123.70768306398254 5
1757502807150 120.9241240248853 6
1757502807204 105.88414421137423 7
1757502807256 117.1815763601622 8
1757502807309 107.65295219828153 9
1757502807366 102.6426187816629 10
1757502807421 102.5064882656884 11
1757502807477 93.76218697084089 12
1757502807535 100.62245478930699 13
1757502807586 99.59306241557931 14
1757502807637 88.22426001686908 15
1757502807690 96.70437448816335 16
1757502807752 89.4773118744804 17
1757502807803 87.17960605251373 18
1757502807855 80.48079682864731 19
1757502807909 79.63533852805627 20
1757502807961 80.17434669993213 21
1757502808015 76.13344726028963 22
1757502808068 82.80421013559051 23
1757502808120 81.22001227532164 24
1757502808175 78.52342409173895 25
1757502808228 75.55007559784848 26
1757502808283 69.10071089177698 27
1757502808335 65.26167830532658 28
1757502808386 77.77084337906906 29
1757502808438 68.25659265378827 30
1757502808494 67.86253925540319 31
1757502808548 59.05025983251957 32
1757502808603 64.03269533831993 33
1757502808655 62.29953377383088 34
1757502808707 70.49361038107277 35
1757502808769 51.87923837121023 36
1757502808824 56.074340371351376 37
1757502808882 57.871575236674175 38
1757502808935 73.57041578003818 39
1757502808989 52.23041458406279 40
1757502809042 56.396126888486236 41
1757502809095 66.53058864571814 42
1757502809194 64.59456652804205 43
1757502809356 52.38664524852505 44
1757502809470 60.73985266225527 45
1757502809559 67.86311463823712 46
1757502809660 56.877910255107984 47
1757502809770 52.25677053993005 48
1757502809901 48.81513531285663 49
1757502810016 47.907555760301136 50
1757502810265 65.57909430703968 51
1757502810320 54.515508898445184 52
1757502810374 51.78983935943617 53
1757502810430 47.897148388008056 54
1757502810483 46.15504422839128 55
1757502810538 64.43162664549233 56
1757502810597 44.595424127689625 57
1757502810668 44.94782686480915 58
1757502810743 43.61334854242657 59
1757502810804 43.04766978837688 60
1757502810859 49.91829927554022 61
1757502810911 61.978906008334384 62
1757502810967 38.512418905265555 63
1757502811021 40.652962884604534 64
1757502811075 42.56349654508736 65
1757502811130 41.60571813311514 66
1757502811186 42.521756082553445 67
1757502811240 38.6875713353895 68
1757502811296 45.141878848478434 69
1757502811349 47.544002492751254 70
1757502811402 53.9762147431369 71
1757502811457 47.990582293222154 72
1757502811510 35.52352705160799 73
1757502811563 53.050633737877256 74
1757502811616 58.97016375652109 75
1757502811676 37.6375937294144 76
1757502811729 103.97855802989557 77
1757502811791 41.753973719968826 78
1757502811848 45.95509904795265 79
1757502811902 43.04333081238105 80
1757502811957 43.52404358868744 81
1757502812010 37.77929379593715 82
1757502812067 55.10474469178817 83
1757502812120 41.10856648120715 84
1757502812174 45.65741857539485 85
1757502812231 43.65377650025132 86
1757502812286 29.85595868387351 87
1757502812341 58.44031239363354 88
1757502812395 53.39473650459605 89
1757502812451 44.008410158430365 90
1757502812504 37.20356326930298 91
1757502812559 38.77775063976788 92
1757502812613 33.141739477663684 93
1757502812668 48.512424784292115 94
1757502812723 40.15058205019639 95
1757502812777 31.018865376527156 96
1757502812841 38.18197227004574 97
1757502812898 51.5182277952012 98
1757502812953 46.30302457178434 99
1757502813007 41.33821570922279 100
1757502813067 32.43342899921604 101
1757502813125 40.09103833618345 102
1757502813179 24.287051516009345 103
1757502813233 40.02838061223901 104
1757502813289 33.192282185676426 105
1757502813345 36.62549889703622 106
1757502813401 38.08029552969494 107
1757502813457 33.1069477538688 108
1757502813511 34.79716339279557 109
1757502813567 30.920692763900174 110
1757502813622 34.40247063999447 111
1757502813680 29.746039917471123 112
1757502813736 35.951198953507685 113
1757502813792 25.55331149673229 114
1757502813855 47.801275821102514 115
1757502813910 45.943991798956944 116
1757502813965 32.44165925786762 117
1757502814020 40.10426607759993 118
1757502814076 39.230064862052245 119
1757502814131 28.68877832741855 120
1757502814186 30.4083499294096 121
1757502814254 42.63397095605801 122
1757502814310 27.560050120788237 123
1757502814368 30.79422991360313 124
1757502814424 78.27642284599956 125
1757502814480 33.284738491411716 126
1757502814548 21.56122743033417 127
1757502814604 35.561303458165675 128
1757502814660 38.64619423949768 129
1757502814718 25.615794372610626 130
1757502814774 29.31436817275357 131
1757502814836 30.31953286604954 132
1757502814894 28.90145840159252 133
1757502814949 51.813827930894945 134
1757502815004 37.55864073466598 135
1757502815062 33.79457273457246 136
1757502815118 29.493142454733704 137
1757502815175 26.391212211474624 138
1757502815230 30.4015339207065 139
1757502815288 30.066199523904075 140
1757502815343 24.06179922670216 141
1757502815399 26.20903510651925 142
1757502815454 25.45697489440343 143
1757502815511 29.92700061273432 144
1757502815566 22.942519304578642 145
1757502815620 24.846865362108502 146
1757502815677 29.591006579254202 147
1757502815733 26.2813804503823 148
1757502815788 36.94920910911981 149
1757502815849 30.347844387830822 150
1757502815908 32.90688992758299 151
1757502815965 30.853581866620562 152
1757502816021 25.35896582611642 153
1757502816080 27.45644560039771 154
1757502816150 25.756738045257066 155
1757502816214 30.7532748276238 156
1757502816277 25.834781028326756 157
1757502816338 30.760233123200877 158
1757502816396 23.464220661104548 159
1757502816454 22.113259267237705 160
1757502816514 29.410654389347105 161
1757502816573 28.205046514367535 162
1757502816631 33.08654203139039 163
1757502816691 23.892779063466595 164
1757502816750 27.62811944255689 165
1757502816809 28.0186758457736 166
1757502816880 28.953237919769766 167
1757502816961 25.134429905772468 168
1757502817044 40.58889606275851 169
1757502817103 29.140138066855855 170
1757502817166 23.451598411850853 171
1757502817227 26.393111499488743 172
1757502817290 33.41594890007855 173
1757502817349 47.59824748654385 174
1757502817408 29.59217273276214 175
1757502817469 25.128838179598798 176
1757502817584 22.581919557935944 177
1757502817655 25.58903435262609 178
1757502817717 29.01873849896606 179
1757502817779 19.841848840617477 180
1757502817836 24.023685748462952 181
1757502817910 30.137496770850273 182
1757502817970 44.73745077579673 183
1757502818029 22.382753306310065 184
1757502818088 19.726709560142655 185
1757502818160 41.79666410137168 186
1757502818222 23.063127320984517 187
1757502818285 20.900251985465406 188
1757502818347 27.10332747856063 189
1757502818406 28.072231551728766 190
1757502818465 28.984012959791443 191
1757502818523 25.248995780055292 192
1757502818581 21.87167841736377 193
1757502818639 63.4244493714271 194
1757502818701 21.286564020612904 195
1757502818758 23.957279769636443 196
1757502818815 27.983971274861904 197
1757502818876 17.833310345212922 198
1757502818947 29.60172606636448 199
1757502819003 21.9147642253911 200
1757502819060 45.08464909311112 201
1757502819119 23.928840654077078 202
1757502819178 22.466761171989486 203
1757502819237 24.47596173463626 204
1757502819295 23.957548688952773 205
1757502819406 23.891372842593274 206
1757502819648 18.125812783733387 207
1757502819827 23.930469314140918 208
1757502819960 21.544510215605992 209
1757502820092 18.841281742751715 210
1757502820158 20.787198299307928 211
1757502820246 27.13572278904807 212
1757502820398 21.847649764258605 213
1757502820506 23.709357711424065 214
1757502820567 18.031358608274374 215
1757502820626 22.547420062805344 216
1757502820685 25.595823201528663 217
1757502820742 26.844351564795165 218
1757502820808 21.6170999313025 219
1757502820904 22.705472893049976 220
1757502820980 23.632025253846194 221
1757502821049 20.2625926852595 222
1757502821117 43.218465376620344 223
1757502821185 21.603829389891263 224
1757502821251 24.489531952437186 225
1757502821317 19.700813991550508 226
1757502821385 21.545894346714448 227
1757502821444 22.252005652210187 228
1757502821501 20.261383033532123 229
1757502821560 19.622954352860315 230
1757502821622 26.861708690316522 231
1757502821680 16.870425939119 232
1757502821739 21.83176767820284 233
1757502821807 21.15470148289075 234
1757502821897 18.687406016557162 235
1757502821967 26.040144750834628 236
1757502822026 19.736300037205755 237
1757502822085 20.043733501052774 238
1757502822143 21.44915093990279 239
1757502822202 21.221310897493534 240
1757502822261 24.234367184918614 241
1757502822323 16.366115079555712 242
1757502822382 25.1805977722035 243
1757502822440 25.21234368937272 244
1757502822501 15.932432913598594 245
1757502822563 22.223039691060134 246
1757502822622 14.705324842234978 247
1757502822682 25.062853388328335 248
1757502822740 15.11805996413779 249
1757502822798 21.314163378787143 250
1757502822856 18.907153583132324 251
1757502822917 18.438168243162348 252
1757502822985 21.27034421944708 253
1757502823045 21.469434300909885 254
1757502823110 21.957852563188933 255
1757502823170 16.791046546474185 256
1757502823230 17.111628501236577 257
1757502823291 19.154120857565896 258
1757502823352 19.98968185126496 259
1757502823411 14.448698069148767 260
1757502823471 20.22946588225952 261
1757502823533 32.57904622505716 262
1757502823592 21.876225483631856 263
1757502823652 21.57211158862022 264
1757502823712 23.346550423164587 265
1757502823773 16.628316163543392 266
1757502823830 20.978196972292867 267
1757502823890 20.207501207880515 268
1757502823951 16.500766784654612 269
1757502824021 21.334264454605684 270
1757502824079 17.07053771148761 271
1757502824140 14.647823009408677 272
1757502824199 22.233062087678906 273
1757502824258 37.366190736839194 274
1757502824325 20.00454700510505 275
1757502824388 33.37232874678234 276
1757502824448 28.707486428452995 277
1757502824507 19.877625849567877 278
1757502824574 13.89194263019641 279
1757502824639 17.243557381158016 280
1757502824700 17.733886416333977 281
1757502824759 18.851918818539932 282
1757502824819 33.241479673504195 283
1757502824882 18.1511723072574 284
1757502824941 16.729980647557948 285
1757502825007 20.901798808518397 286
1757502825071 23.782402581253873 287
1757502825131 24.115175286433537 288
1757502825191 17.33350308366489 289
1757502825250 30.23030341651463 290
1757502825309 25.36848599042291 291
1757502825368 12.989988682882498 292
1757502825428 34.38307089836907 293
1757502825487 19.6629095730072 294
1757502825546 24.453526929223525 295
1757502825604 19.691125178983953 296
1757502825686 21.809482952557364 297
1757502825749 32.45282864391775 298
1757502825806 21.73540062917408 299
1757502825868 17.430393747734723 300
1757502825928 18.360781891871277 301
1757502825987 18.969701410853066 302
1757502826057 17.044443522360854 303
1757502826116 24.75953746097178 304
1757502826174 17.9016928226209 305
1757502826242 18.771610753342117 306
1757502826302 21.30514154449625 307
1757502826361 28.77675045556084 308
1757502826424 18.5445614768326 309
1757502826485 14.64911218721599 310
1757502826544 37.389388647537054 311
1757502826604 16.848052236488297 312
1757502826665 19.585854318019752 313
1757502826724 19.197322245790755 314
1757502826783 19.89909050887233 315
1757502826843 17.642608952303178 316
1757502826903 21.6910269221876 317
1757502826963 18.912237363677644 318
1757502827022 17.067483169658804 319
1757502827094 22.04846052939698 320
1757502827155 15.18017211386489 321
1757502827215 13.431095620184415 322
1757502827274 32.387282234361706 323
1757502827337 16.07814885933823 324
1757502827397 18.10127263216955 325
1757502827457 16.06673475408383 326
1757502827518 15.591258502730467 327
1757502827578 19.799744408840645 328
1757502827638 19.727220694875825 329
1757502827698 18.04706719267065 330
1757502827759 22.25243360821612 331
1757502827818 30.10435318007568 332
1757502827878 14.585266389849181 333
1757502827939 17.938751065436648 334
1757502827999 25.710915816599847 335
1757502828060 16.375466662077162 336
1757502828122 15.480287615541934 337
1757502828182 19.213495238505676 338
1757502828241 15.50713654472956 339
1757502828301 13.027932357513615 340
1757502828363 17.706739415249153 341
1757502828424 20.399341719077075 342
1757502828485 17.359744865469395 343
1757502828545 17.700839163543435 344
1757502828605 16.231096586573884 345
1757502828666 17.27378918234017 346
1757502828727 17.35259933891476 347
1757502828786 19.59982875432513 348
1757502828847 18.02953214659892 349
1757502828909 18.688907386371167 350
1757502828969 17.791569679153998 351
1757502829030 13.967593504343853 352
1757502829092 20.106466319029906 353
1757502829154 16.73221977681409 354
1757502829215 12.905217748308374 355
1757502829277 17.915813196004205 356
1757502829339 15.501717484717233 357
1757502829399 18.944207084764333 358
1757502829460 18.284466804265822 359
1757502829521 14.396711513703915 360
1757502829583 15.767527852974377 361
1757502829650 19.251089658770688 362
1757502829813 21.22311351984429 363
1757502829944 14.044969698739123 364
1757502830061 16.072249948009464 365
1757502830130 33.98299385034671 366
1757502830217 14.156235606304035 367
1757502830349 18.321326504858032 368
1757502830444 15.630750451581681 369
1757502830507 16.485560545613705 370
1757502830569 17.13001282866569 371
1757502830629 14.076859909653521 372
1757502830710 16.454688052713554 373
1757502830808 15.182731335589972 374
1757502830874 17.531194753737886 375
1757502830938 17.33657561895939 376
1757502831001 16.779688175831872 377
1757502831065 14.768142451035985 378
1757502831136 13.520530966864627 379
1757502831198 17.293025458952588 380
1757502831261 15.450465362481575 381
1757502831324 18.18417746463623 382
1757502831388 11.980896965722117 383
1757502831451 17.688919149801368 384
1757502831514 13.409919825778852 385
1757502831577 15.113450972958796 386
1757502831639 16.084256805643957 387
1757502831702 15.348628675431572 388
1757502831765 27.89966917764015 389
1757502831827 15.769107950715103 390
1757502831890 13.17033279008673 391
1757502831954 15.414732011251095 392
1757502832031 12.558952836576244 393
1757502832095 18.3601026338707 394
1757502832170 16.470087521526047 395
1757502832236 13.336765212907153 396
1757502832297 28.864795336316732 397
1757502832359 12.904900924286514 398
1757502832419 18.361755651611745 399
1757502832481 32.02152839451082 400
1757502832543 26.277667719673087 401
1757502832603 26.654449375416434 402
1757502832666 13.57519566589884 403
1757502832738 23.354794088429156 404
1757502832828 17.68008830730308 405
1757502832891 14.359188117482171 406
1757502832952 13.507164601872248 407
1757502833017 17.32331669058917 408
1757502833079 12.777927450124404 409
1757502833150 13.145900126524682 410
1757502833213 13.029086675836217 411
1757502833276 15.471097810859002 412
1757502833337 15.873966977501928 413
1757502833401 10.92446828446297 414
1757502833463 10.905351300662188 415
1757502833524 17.516303734573544 416
1757502833587 21.036116951011056 417
1757502833650 17.725959121199377 418
1757502833711 14.272543425189165 419
1757502833775 23.897886626055968 420
1757502833844 15.185916046965277 421
1757502833907 11.707873091979883 422
1757502833971 15.594824023081868 423
1757502834035 13.654339084262324 424
1757502834097 13.528318228967732 425
1757502834161 15.048499317523442 426
1757502834225 14.88415893329496 427
1757502834287 12.284060991070495 428
1757502834350 10.474246825210743 429
1757502834412 17.81323530225782 430
1757502834475 12.271808897242229 431
1757502834537 13.161004921693452 432
1757502834600 14.670690644779333 433
1757502834665 13.28827578923226 434
1757502834727 15.009315874494687 435
1757502834789 11.665710740544275 436
1757502834857 13.69275838113682 437
1757502834919 13.952878150784246 438
1757502834981 14.333682993590775 439
1757502835044 13.72223145967505 440
1757502835121 24.387300609020556 441
1757502835191 13.430584043799172 442
1757502835255 14.792326763830621 443
1757502835317 15.204324108698371 444
1757502835380 9.753321072883212 445
1757502835445 11.656210172352681 446
1757502835509 14.359880718581238 447
1757502835572 14.158537812751254 448
1757502835635 15.13865596571265 449
1757502835698 13.600506904692438 450
1757502835760 16.380675904776187 451
1757502835823 13.923086244969932 452
1757502835885 13.354302270234987 453
1757502835948 13.435270201324563 454
1757502836015 10.59617904854853 455
1757502836079 11.152438575122199 456
1757502836142 13.774452332279559 457
1757502836212 11.016890059418605 458
1757502836278 14.226313618760885 459
1757502836341 12.564536165567006 460
1757502836404 11.382062169322632 461
1757502836467 13.194879849848268 462
1757502836532 11.442811616441624 463
1757502836596 12.31129640163479 464
1757502836659 21.60300029124939 465
1757502836723 13.461925913948656 466
1757502836784 12.616142837476525 467
1757502836847 15.178585536182469 468
1757502836909 25.693457227418747 469
1757502836973 11.543807989015418 470
1757502837039 10.709798844431768 471
1757502837102 14.608098743275418 472
1757502837165 11.818016395321166 473
1757502837238 10.51895824702091 474
1757502837302 13.539364253835863 475
1757502837366 11.544099003988245 476
1757502837429 9.923968761002957 477
1757502837490 12.857710321494077 478
1757502837557 21.99478419411014 479
1757502837620 8.19867955226888 480
1757502837683 21.84264379812258 481
1757502837746 16.576935667605806 482
1757502837810 27.27727215736301 483
1757502837873 15.439864144819785 484
1757502837937 9.140973414705769 485
1757502838000 14.781325064159837 486
1757502838063 12.212486343306068 487
1757502838127 9.918302549159861 488
1757502838191 13.153991139124969 489
1757502838263 16.32456656376156 490
1757502838326 14.143856122774702 491
1757502838390 14.316469710365942 492
1757502838452 11.818508348511822 493
1757502838517 21.165522416069976 494
1757502838582 12.415251964866341 495
1757502838646 12.074955176184531 496
1757502838709 12.021702531329455 497
1757502838773 12.876491253114528 498
1757502838836 9.172618328485445 499
