1757506604625 180.78268680662302 0
1757506604737 130.7030171869154 1
1757506604845 170.26240499101266 2
1757506604951 175.67255383021006 3
1757506605084 153.5182071104441 4
1757506605194 213.35291308159978 5
1757506605311 111.37062720101898 6
1757506605419 212.40788047906017 7
1757506605534 250.0837839739352 8
1757506605649 302.61682626651395 9
1757506605769 104.05834892735307 10
1757506605898 118.74889773240986 11
1757506605997 172.31123503810215 12
1757506606091 156.6309682448408 13
1757506606184 117.38481400640642 14
1757506606288 289.85434742329073 15
1757506606381 138.05481813052734 16
1757506606470 159.5064537692788 17
1757506606560 147.95243473888348 18
1757506606650 285.99300693481786 19
1757506606740 186.7186169625155 20
1757506606832 164.77087020084528 21
1757506606920 190.57146600849998 22
1757506607010 165.17635734516236 23
1757506607095 140.06470230468955 24
1757506607180 209.2840875954283 25
1757506607268 225.70795272174337 26
1757506607356 155.7619768829311 27
1757506607443 114.58238148204241 28
1757506607530 207.8885543683532 29
1757506607615 236.3530312207832 30
1757506607698 226.99463750359345 31
1757506607777 166.355024145132 32
1757506607861 105.44377517323282 33
1757506607947 147.48700236119515 34
1757506608029 258.74365585159234 35
1757506608110 142.71510620347044 36
1757506608192 162.49347916374026 37
1757506608280 166.11810345098112 38
1757506608365 158.8110239994336 39
1757506608452 226.43919575326063 40
1757506608538 81.28579510450446 41
1757506608620 177.6762017040704 42
1757506608704 168.5154784889907 43
1757506608785 351.36651126347834 44
1757506608867 161.44244303364184 45
1757506608950 176.74634926956114 46
1757506609035 234.29748343152892 47
1757506609118 189.70814980290052 48
1757506609208 107.07873749915207 49
1757506609306 160.0539394265585 50
1757506609390 200.38490085616436 51
1757506609482 112.8694602077953 52
1757506609569 155.93875673696462 53
1757506609656 305.9758120057687 54
1757506609741 154.01988360428467 55
1757506609830 77.4604285090293 56
1757506609918 187.79240901165323 57
1757506610003 147.86290306162354 58
1757506610095 160.04238788720056 59
1757506610183 203.09357562193134 60
1757506610266 178.58093322602252 61
1757506610357 166.86283435055387 62
1757506610439 203.02616116723814 63
1757506610529 171.0732928404013 64
1757506610617 207.98488847235674 65
1757506610700 143.38580250369327 66
1757506610785 236.21353240301022 67
1757506610870 254.12337003161923 68
1757506610998 198.93423280257048 69
1757506611088 128.78430466024724 70
1757506611175 169.368888289479 71
1757506611265 172.7109555117235 72
1757506611358 164.7636825102306 73
1757506611445 201.7811957453986 74
1757506611530 135.38137088208933 75
1757506611618 154.83865448593158 76
1757506611703 113.6562782765053 77
1757506611787 103.36065432265131 78
1757506611872 149.30707118116277 79
1757506611960 193.81450013742045 80
1757506612044 130.39840160622123 81
1757506612130 195.32462567510285 82
1757506612220 83.47893168840841 83
1757506612455 237.7363364677705 84
1757506612568 165.19644588529454 85
1757506612708 200.88417564571012 86
1757506612800 152.74775906612737 87
1757506612892 127.27074088559779 88
1757506612985 104.7967238108874 89
1757506613080 152.33753796509538 90
1757506613168 192.92152531422684 91
1757506613258 132.50475060982288 92
1757506613348 155.98745494808398 93
1757506613448 159.93729244632232 94
1757506613537 170.48419296686393 95
1757506613626 99.35091327285673 96
1757506613714 215.3085819621406 97
1757506613800 157.88330436383998 98
1757506613884 136.70099942485263 99
1757506613969 111.26124666970041 100
1757506614062 162.3562695159185 101
1757506614154 198.6733258841772 102
1757506614335 181.14200214057027 103
1757506614507 226.14918162961803 104
1757506614650 255.63268699277648 105
1757506614760 147.28444315066673 106
1757506615005 152.1093110243896 107
1757506615190 146.39163482762683 108
1757506615307 147.05464124923517 109
1757506615407 204.1461022108495 110
1757506615500 151.3979959929981 111
1757506615594 90.33777754775609 112
1757506615686 154.59107795581238 113
1757506615781 161.97174932125796 114
1757506615873 145.29302544756752 115
1757506615970 192.78043845294115 116
1757506616057 117.98989759918331 117
1757506616147 98.66749779395076 118
1757506616234 147.7890721430081 119
1757506616319 80.26076037511339 120
1757506616405 153.38651912636732 121
1757506616498 182.3440314544247 122
1757506616586 136.58881856795958 123
1757506616672 129.2116158957288 124
1757506616760 218.8968130652719 125
1757506616846 167.60302733555298 126
1757506616931 153.51537960480871 127
1757506617016 112.2230351782566 128
1757506617105 162.3071368646665 129
1757506617192 154.9546228993831 130
1757506617277 242.42362775604502 131
1757506617367 170.40451489998128 132
1757506617453 211.32847229059058 133
1757506617541 158.57337560627417 134
1757506617626 161.59565037065812 135
1757506617714 108.13897861308672 136
1757506617799 90.84041989765494 137
1757506617891 169.74625982804494 138
1757506617980 236.75231108353023 139
1757506618066 184.22851720447474 140
1757506618154 109.5190437518165 141
1757506618245 123.13224128309768 142
1757506618333 213.7844336306271 143
1757506618425 142.61954931431293 144
1757506618545 170.3895247282572 145
1757506618652 177.92021150389627 146
1757506618765 133.9453946208378 147
1757506618877 101.1367088027138 148
1757506618992 215.9119834845867 149
1757506619113 200.66539874925775 150
1757506619238 183.73635958102238 151
1757506619355 197.82507604683263 152
1757506619470 172.69672100936316 153
1757506619582 125.01632763267969 154
1757506619671 137.92922133939476 155
1757506619766 171.37237351097735 156
1757506619856 191.51320804320108 157
1757506619952 203.41088502379696 158
1757506620055 155.735737126369 159
1757506620158 204.0370486141932 160
1757506620262 146.28832915113995 161
1757506620363 168.04226164504976 162
1757506620487 139.30682417171565 163
1757506620622 239.38953547735304 164
1757506620723 102.30664234751801 165
1757506620831 143.55139723424153 166
1757506620926 151.90163789515083 167
1757506621026 164.38505507913956 168
1757506621129 229.829547954022 169
1757506621221 206.6348104367418 170
1757506621321 225.25760215683047 171
1757506621414 141.891671303743 172
1757506621507 260.36432603741315 173
1757506621597 306.8565407405014 174
1757506621685 137.98215322999218 175
1757506621773 191.3290393631015 176
1757506621864 65.45437293648628 177
1757506621959 174.36644252009086 178
1757506622048 156.25574974099914 179
1757506622137 198.59316231707868 180
1757506622223 160.55917972816988 181
1757506622309 125.4011569035633 182
1757506622395 152.9738585378634 183
1757506622485 289.2754230623576 184
1757506622580 166.1195887957087 185
1757506622665 324.57790169040015 186
1757506622755 263.91395209497455 187
1757506622842 174.83014182568564 188
1757506622930 196.47394995261234 189
1757506623021 168.6342774274113 190
1757506623107 229.18171072707665 191
1757506623196 192.0945141171224 192
1757506623283 69.86393791524138 193
1757506623373 161.14556527785444 194
1757506623458 134.94148457371003 195
1757506623552 158.74245323199608 196
1757506623641 137.31411591547607 197
1757506623729 117.20005036665243 198
1757506623819 218.77244080705302 199
1757506623904 163.65324329410925 200
1757506623992 235.18217678559174 201
1757506624089 105.24573941411533 202
1757506624181 165.6029090002856 203
1757506624268 103.75565695801764 204
1757506624355 146.52351009385575 205
1757506624444 273.76390276312065 206
1757506624535 267.51645782122097 207
1757506624633 157.10026268014437 208
1757506624718 165.71829905456875 209
1757506624805 84.43753911042205 210
1757506624889 172.2970166466024 211
1757506624977 115.02606912415638 212
1757506625066 142.29929474283776 213
1757506625154 151.73655846312056 214
1757506625245 142.77367419715105 215
1757506625430 168.80600598936115 216
1757506625601 143.4335304422542 217
1757506625719 137.11822853450414 218
1757506625825 180.35415774825205 219
1757506625946 159.82932219016803 220
1757506626142 243.54938687319088 221
1757506626243 188.25019856826273 222
1757506626336 274.54509230291325 223
1757506626435 213.60890581739648 224
1757506626530 264.7626681920162 225
1757506626628 134.34674217468574 226
1757506626729 160.25450391688406 227
1757506626825 178.3597470572237 228
1757506626916 171.8479867989114 229
1757506627002 158.72457047168075 230
1757506627093 141.76506896800493 231
1757506627184 206.34574314876093 232
1757506627277 161.45083217252323 233
1757506627366 207.43547272504924 234
1757506627457 108.66210191729284 235
1757506627550 190.24553118119954 236
1757506627645 150.9008125121492 237
1757506627739 143.16335065945626 238
1757506627828 136.54687332328635 239
1757506627917 181.09907502868998 240
1757506628005 160.52652437308782 241
1757506628091 180.6161990276726 242
1757506628182 169.93147180544733 243
1757506628274 109.25714873565737 244
1757506628364 277.9054580127949 245
1757506628453 139.16639034480468 246
1757506628543 186.0722474845131 247
1757506628635 95.520978904065 248
1757506628726 165.7091821238815 249
1757506628816 187.3753435903181 250
1757506628906 101.91350884478936 251
1757506628999 175.08144960017717 252
1757506629086 153.7582779047783 253
1757506629177 172.91651421534618 254
1757506629270 125.73842958880411 255
1757506629360 223.82977951158557 256
1757506629448 193.08680667960996 257
1757506629537 249.9279655440991 258
1757506629634 143.54013120802398 259
1757506629729 196.81787387566524 260
1757506629822 181.62384251189206 261
1757506629909 206.9645943783232 262
1757506629998 147.44794895608297 263
1757506630085 175.9190350586603 264
1757506630171 199.96359352998536 265
1757506630263 210.64798528928353 266
1757506630353 173.35449220375375 267
1757506630443 200.08751482795 268
1757506630528 185.38954933993364 269
1757506630622 36.27492111192816 270
1757506630717 90.37816439016531 271
1757506630804 197.54202835166177 272
1757506630892 196.00724880761487 273
1757506630985 171.33161591367835 274
1757506631075 181.72611273907546 275
1757506631165 167.76649457482307 276
1757506631253 105.7340250478914 277
1757506631343 166.73053303180154 278
1757506631434 142.77938284832015 279
1757506631526 196.08079920568412 280
1757506631620 154.17251754945235 281
1757506631717 220.64784082533714 282
1757506631815 187.32972278253075 283
1757506631903 210.78236156992216 284
1757506631988 230.33485569014223 285
1757506632072 310.6837330275466 286
1757506632162 109.149420917846 287
1757506632250 200.8816360366562 288
1757506632337 89.49169676774642 289
1757506632421 138.13629192425944 290
1757506632510 205.38132601475044 291
1757506632603 176.91965077956212 292
1757506632699 157.2722711488048 293
1757506632789 152.05495031341093 294
1757506632879 141.8662011957517 295
1757506632969 177.20914736301867 296
1757506633068 137.65836674267425 297
1757506633157 139.97186663147187 298
1757506633271 210.31965892950276 299
1757506633395 166.0697509952606 300
1757506633527 113.47938456913232 301
1757506633660 145.1147453010799 302
1757506633798 182.5744425703849 303
1757506633931 128.9406127979001 304
1757506634056 206.2085991513118 305
1757506634186 78.39305029131195 306
1757506634310 228.6058053001192 307
1757506634426 153.3565902756515 308
1757506634539 207.52795397846597 309
1757506634661 170.18235833994987 310
1757506634776 183.11438427155784 311
1757506634895 168.38313148417987 312
1757506635017 188.69983130254727 313
1757506635166 111.51912944027772 314
1757506635285 193.74837659640912 315
1757506635395 256.3268193882068 316
1757506635498 177.38786591787627 317
1757506635600 157.6220802882303 318
1757506635695 148.77845480441835 319
1757506635795 132.42235178651342 320
1757506635890 152.42526639386193 321
1757506635987 183.19267810945252 322
1757506636083 146.21059652573146 323
1757506636178 184.8198238686415 324
1757506636273 146.87144839196958 325
1757506636389 166.7597795317929 326
1757506636603 132.67868705699388 327
1757506636761 164.7106610058626 328
1757506636866 140.85445892462442 329
1757506636977 124.59784926050153 330
1757506637148 218.20506956413112 331
1757506637266 182.40625459358074 332
1757506637363 164.20574354240148 333
1757506637456 200.9837453976099 334
1757506637548 193.39517262557854 335
1757506637635 167.25342894554856 336
1757506637722 136.92867920898252 337
1757506637814 270.2208559563689 338
1757506637905 228.6523477429861 339
1757506637995 186.55074559125595 340
1757506638086 121.45264317569506 341
1757506638175 192.2364443105238 342
1757506638263 131.78584852875247 343
1757506638352 192.85781002236064 344
1757506638445 187.91697306611024 345
1757506638535 231.63618877887558 346
1757506638622 165.76816719399466 347
1757506638710 187.53830092606418 348
1757506638805 120.76053389318149 349
1757506638896 133.5767906482749 350
1757506638987 91.42368035082863 351
1757506639076 221.33434913961625 352
1757506639166 139.84805259178756 353
1757506639257 196.34327229701935 354
1757506639349 205.26947469161317 355
1757506639440 173.2327578835742 356
1757506639528 182.16954523862793 357
1757506639618 259.60175734854573 358
1757506639706 138.51878124794362 359
1757506639795 175.60244402955465 360
1757506639891 93.31178409932112 361
1757506639987 189.557422200829 362
1757506640078 221.02807757787426 363
1757506640168 112.46365213208261 364
1757506640261 194.94522082517167 365
1757506640358 214.16160933801217 366
1757506640453 198.85471994922645 367
1757506640546 145.15361160904808 368
1757506640638 116.79197776930519 369
1757506640732 144.24458418616638 370
1757506640826 238.70842045274082 371
1757506640918 174.02493048324396 372
1757506641011 153.53543418826806 373
1757506641102 149.67006976371852 374
1757506641202 165.7947363811134 375
1757506641297 125.5629423618945 376
1757506641393 158.63030254112965 377
1757506641481 172.4461620111501 378
1757506641576 183.9375611813966 379
1757506641667 152.54477555940653 380
1757506641756 133.89115550572035 381
1757506641848 159.78077793458826 382
1757506641944 147.73827723263625 383
1757506642037 206.4861904635069 384
1757506642127 170.3258902181429 385
1757506642219 197.3444918002255 386
1757506642313 118.79903412418511 387
1757506642405 161.63677605664083 388
1757506642493 180.38504042716008 389
1757506642601 155.94231948261162 390
1757506642694 210.20972637556025 391
1757506642787 145.7375588369595 392
1757506642887 137.52997382016434 393
1757506642983 221.5843996202492 394
1757506643081 209.69629314212148 395
1757506643173 183.62639115055606 396
1757506643264 133.36525934729266 397
1757506643357 150.13755364330692 398
1757506643451 245.48342150848725 399
1757506643544 193.11666034056884 400
1757506643642 149.49754990998989 401
1757506643735 146.69978151725527 402
1757506643828 222.87964463180694 403
1757506643931 203.90372674556698 404
1757506644023 160.40954008452044 405
1757506644114 149.74721382266156 406
1757506644202 152.46951459973553 407
1757506644295 175.84637659501504 408
1757506644386 200.1878935340997 409
1757506644480 154.7076337698751 410
1757506644568 96.75575324957748 411
1757506644655 141.15278803759975 412
1757506644749 144.78016646695175 413
1757506644842 129.4618258694484 414
1757506644947 168.59589155461003 415
1757506645039 171.297158069795 416
1757506645128 205.51750067580878 417
1757506645222 153.6138594250974 418
1757506645313 118.62981008204164 419
1757506645406 197.6204714313982 420
1757506645498 128.6158692539018 421
1757506645596 157.9864159976692 422
1757506645688 107.90103018966808 423
1757506645790 170.3950349486391 424
1757506645888 182.14747142737158 425
1757506645991 339.0244716100464 426
1757506646084 189.74011101297012 427
1757506646174 157.4405995937722 428
1757506646261 150.61955377915208 429
1757506646352 172.2203422389309 430
1757506646443 120.66086427334317 431
1757506646538 174.6031328863417 432
1757506646631 107.99225661307447 433
1757506646723 165.23201240684955 434
1757506646831 185.67997190564378 435
1757506646944 99.42496892249083 436
1757506647166 265.91380612282467 437
1757506647333 129.34026570988416 438
1757506647436 495.5255063790373 439
1757506647622 185.2524873049009 440
1757506647746 181.4177507769614 441
1757506647856 157.00248300461695 442
1757506648012 206.72899087964308 443
1757506648145 224.82223415562723 444
1757506648271 164.508215140403 445
1757506648403 117.07431936918472 446
1757506648538 169.35648579189345 447
1757506648667 218.72988159511954 448
1757506648817 200.63304859745506 449
1757506648939 141.4067371977998 450
1757506649060 180.6462772107595 451
1757506649181 162.15436762701145 452
1757506649300 184.13931808534548 453
1757506649424 229.63565541303106 454
1757506649544 161.18453109074642 455
1757506649664 107.91126212183673 456
1757506649781 194.09941710485083 457
1757506649921 165.99074528209024 458
1757506650064 197.40008696576464 459
1757506650167 239.2724780641292 460
1757506650272 183.62178886435663 461
1757506650370 163.8872136472599 462
1757506650465 147.0630348356153 463
1757506650565 232.69413493922917 464
1757506650666 203.66278477354663 465
1757506650767 146.09600442369074 466
1757506650868 164.95990812521484 467
1757506650965 141.245853670299 468
1757506651069 100.90393462878654 469
1757506651158 169.82124360011187 470
1757506651249 135.03821610646358 471
1757506651338 152.82902504110677 472
1757506651430 210.6505665083158 473
1757506651519 162.3428939137838 474
1757506651612 232.6289613235667 475
1757506651705 169.5359698946118 476
1757506651796 223.14133503086776 477
1757506651891 138.8313737187355 478
1757506651985 102.93749938180298 479
1757506652080 116.23236070911528 480
1757506652171 244.30956353226273 481
1757506652260 148.8356856030418 482
1757506652351 205.65550578468086 483
1757506652446 138.903084221507 484
1757506652538 185.16101374289408 485
1757506652632 138.9946823815694 486
1757506652724 167.99407402262324 487
1757506652813 190.23803669439405 488
1757506652907 238.63529229270713 489
1757506653008 145.20784670177397 490
1757506653102 238.341055020502 491
1757506653195 159.97271858344538 492
1757506653285 177.69045621921472 493
1757506653375 193.15222555941548 494
1757506653466 167.82797031182838 495
1757506653562 187.55811095201167 496
1757506653653 237.88629346332075 497
1757506653743 183.83949954218997 498
1757506653840 240.7194205533234 499
