1757502987943 89.2233738422586 0
1757502987994 63.811151428983884 1
1757502988051 51.39913416752495 2
1757502988113 43.02686900881042 3
1757502988185 37.69567284576367 4
1757502988265 35.33488908155099 5
1757502988345 31.41778629528771 6
1757502988400 34.760545448401395 7
1757502988455 28.677005560507563 8
1757502988512 25.844193077581 9
1757502988565 24.64549545586677 10
1757502988621 22.554211775774334 11
1757502988675 22.731969493714047 12
1757502988729 19.22255005773293 13
1757502988781 21.78146703974707 14
1757502988840 25.083214221126553 15
1757502988896 18.622171249839003 16
1757502988952 14.337245016799777 17
1757502989005 15.574068060661213 18
1757502989057 28.812636065736996 19
1757502989111 13.854365705284275 20
1757502989164 12.061275733902457 21
1757502989216 12.078080286076826 22
1757502989269 13.247432093675762 23
1757502989326 11.431536400637532 24
1757502989380 11.821151117070633 25
1757502989435 12.937529506596698 26
1757502989490 8.026799626592956 27
1757502989547 12.115451483704504 28
1757502989606 8.122220737930016 29
1757502989663 10.018939472613182 30
1757502989721 11.717889150757143 31
1757502989798 6.7888047775383695 32
1757502989884 8.035673351705084 33
1757502989939 8.18102517500865 34
1757502989994 12.453057715359654 35
1757502990049 8.202279631473218 36
1757502990102 8.105937543186824 37
1757502990157 10.114245797083852 38
1757502990213 7.857283990137224 39
1757502990267 7.951198876005669 40
1757502990320 7.217202677272456 41
1757502990375 6.6333243993071775 42
1757502990432 8.121159287841623 43
1757502990486 5.700999579655641 44
1757502990540 8.47335291797498 45
1757502990596 9.88666364895694 46
1757502990649 4.333155449294267 47
1757502990703 5.986983403109043 48
1757502990757 11.163103537584751 49
1757502990811 5.066579714099732 50
1757502990866 5.760416115796734 51
1757502990922 5.161139421311867 52
1757502990976 5.899442374420201 53
1757502991032 4.15658106099302 54
1757502991085 4.888845479154257 55
1757502991138 6.004263168298181 56
1757502991193 4.466427629680525 57
1757502991246 9.742796469954998 58
1757502991300 4.645124412941395 59
1757502991355 3.3536683452335745 60
1757502991410 4.539769286050768 61
1757502991463 4.580114699782312 62
1757502991516 4.112733568343114 63
1757502991571 3.657487923833809 64
1757502991627 3.11507545479947 65
1757502991683 5.166282616187162 66
1757502991740 2.7423302120592226 67
1757502991799 6.364582988168169 68
1757502991853 4.5339572053621175 69
1757502991916 7.722893330592103 70
1757502991972 4.106874702895361 71
1757502992025 3.3456368092667117 72
1757502992089 3.6174958376747455 73
1757502992145 4.30174772903543 74
1757502992198 3.2505996228805762 75
1757502992251 4.9672158273499045 76
1757502992309 3.39450409268658 77
1757502992363 2.3822516951294506 78
1757502992419 3.281843190448352 79
1757502992473 2.918180124904154 80
1757502992528 3.4623584129253744 81
1757502992581 2.913736957183312 82
1757502992635 3.253520368294977 83
1757502992689 2.5273245786773275 84
1757502992746 2.7235823720316397 85
1757502992799 2.567335252590483 86
1757502992854 2.1337110511183788 87
1757502992921 2.5564652566760064 88
1757502992977 2.7252711987348355 89
1757502993032 2.7088305655733067 90
1757502993090 2.645161694793622 91
1757502993147 2.449318323848237 92
1757502993207 2.399315270691405 93
1757502993263 2.4133650564626294 94
1757502993345 2.1059856817267644 95
1757502993481 2.2395003287292927 96
1757502993634 1.9822337503609875 97
1757502993752 2.071928683120032 98
1757502993862 2.29692296614601 99
1757502993947 1.983498480204157 100
1757502994007 3.6625250835773584 101
1757502994119 2.400384503636316 102
1757502994247 1.8264588541945486 103
1757502994303 1.8240260530953265 104
1757502994358 1.4142867124264271 105
1757502994413 1.6225554239676028 106
1757502994473 1.8183377199540105 107
1757502994529 2.2220727721982243 108
1757502994596 2.1364825423244853 109
1757502994653 1.8289472111384466 110
1757502994710 2.1398710264674032 111
1757502994767 2.3837645505551666 112
1757502994822 1.399816023405642 113
1757502994879 1.803574843279477 114
1757502994944 1.8669689628092287 115
1757502995000 1.5674421672161494 116
1757502995056 1.592968619262382 117
1757502995112 1.6307511947963598 118
1757502995167 1.6143234282659005 119
1757502995223 1.7257148923771224 120
1757502995277 1.7699847607998187 121
1757502995334 3.479499009423101 122
1757502995390 2.1077984145813864 123
1757502995445 2.738310509045492 124
1757502995501 1.3926683520224359 125
1757502995556 3.128266683529557 126
1757502995613 1.7036619769781414 127
1757502995670 1.3574950740027483 128
1757502995724 1.8063232393393054 129
1757502995778 1.269580988686392 130
1757502995832 1.3318389534772406 131
1757502995886 1.2488718466537063 132
1757502995944 1.3997050572245238 133
1757502996006 1.6672367514661655 134
1757502996060 1.3872253988213814 135
1757502996116 1.359074779012472 136
1757502996173 1.5035239032208307 137
1757502996229 1.3530171121071843 138
1757502996285 2.4451969586967603 139
1757502996342 1.58173028328201 140
1757502996397 2.326066439641641 141
1757502996451 1.519654690420942 142
1757502996508 0.9778770584483608 143
1757502996564 1.257531558859209 144
1757502996620 1.3735440112108428 145
1757502996674 1.3477465040542729 146
1757502996731 0.9731600962584913 147
1757502996787 1.624129169491355 148
1757502996843 1.1730515523875982 149
1757502996902 1.3714735577311377 150
1757502996960 1.6146312225527797 151
1757502997022 1.2854216478797882 152
1757502997077 1.6586188441485665 153
1757502997140 1.3768760304824408 154
1757502997198 1.0846143077387438 155
1757502997255 1.1482951816121607 156
1757502997312 1.5880681996603423 157
1757502997367 1.4572626538352065 158
1757502997422 1.4039243607263705 159
1757502997480 1.1689823791429275 160
1757502997537 1.1701047082909213 161
1757502997593 1.0755924590769772 162
1757502997652 2.159617934645466 163
1757502997709 1.4412062898299645 164
1757502997766 0.907506121934165 165
1757502997825 1.1811351493663043 166
1757502997881 1.3291817392855345 167
1757502997939 1.142689992497318 168
1757502998003 1.7652319672909258 169
1757502998059 1.141978694726065 170
1757502998117 1.395870938128521 171
1757502998174 1.4586095787404256 172
1757502998231 0.9872212128125747 173
1757502998287 1.483272277798697 174
1757502998343 1.235640765695505 175
1757502998400 1.0909526846511615 176
1757502998465 1.3910603026360306 177
1757502998537 1.3257957308364743 178
1757502998601 1.2431258490314248 179
1757502998666 1.2456597759421164 180
1757502998725 1.2492212099211257 181
1757502998782 1.1369859697343279 182
1757502998842 0.9804811117886384 183
1757502998898 1.1097147559156113 184
1757502998954 1.1961330031808723 185
1757502999017 1.1653086663383878 186
1757502999071 1.516061202984251 187
1757502999127 1.3649409445326028 188
1757502999197 0.9802862212754718 189
1757502999263 1.887138881136001 190
1757502999335 1.2203375478145257 191
1757502999396 1.0349452823898042 192
1757502999453 0.9116604437355073 193
1757502999509 0.7885987661951458 194
1757502999566 1.25104532114467 195
1757502999623 1.116017497815803 196
1757502999681 1.1242527220322698 197
1757502999738 1.0796568618229905 198
1757502999796 1.5361287501858083 199
1757502999852 1.0483669366631816 200
1757502999910 1.2579807537666265 201
1757502999969 1.0087346372722816 202
1757503000031 1.230465093859191 203
1757503000089 1.2792524906406664 204
1757503000146 1.2146904116477322 205
1757503000204 1.1687959056891106 206
1757503000261 1.35650063468652 207
1757503000318 1.1635190330958105 208
1757503000377 1.2348979087488163 209
1757503000434 2.4146250417437276 210
1757503000491 1.7122957359351727 211
1757503000554 2.19345574384707 212
1757503000612 1.1730758664483214 213
1757503000671 0.796744028153168 214
1757503000729 1.2723245396130043 215
1757503000786 0.8598523158703039 216
1757503000842 1.5365847698166926 217
1757503000900 1.102977859421712 218
1757503000958 0.957016474558326 219
1757503001016 1.248107477911416 220
1757503001082 0.9840929548497183 221
1757503001139 1.1003875782107257 222
1757503001197 0.9547576474223075 223
1757503001255 0.8434312320381702 224
1757503001312 1.0611599922481527 225
1757503001371 0.9621571466675656 226
1757503001429 1.0779654691813845 227
1757503001485 1.0528376339672962 228
1757503001544 1.1854888903004344 229
1757503001601 0.9265601135345198 230
1757503001658 0.918198778258894 231
1757503001716 0.86089386687661 232
1757503001775 0.9352842051921065 233
1757503001832 1.2842816322817103 234
1757503001895 0.9909583577426995 235
1757503001953 1.1351980189752002 236
1757503002009 0.7859315000342347 237
1757503002076 1.2490504539344305 238
1757503002138 1.0607523419010867 239
1757503002196 1.8181632331859827 240
1757503002254 1.2845941272766772 241
1757503002310 1.0856131594869325 242
1757503002368 1.0230904730814332 243
