1757326908788 30923.479478395402 0
1757326908817 6.300190106928728e+18 1
1757326908864 1.286921916879759e+33 2
1757326909013 2.6287588025702093e+47 3
1757326909180 5.369690850277134e+61 4
1757326909289 1.0968514798451133e+76 5
1757326909381 2.240507325996846e+90 6
1757326909457 4.5766206000418653e+104 7
1757326909486 9.34853275135284e+118 8
1757326909512 1.9095982000849462e+133 9
1757326909535 3.9006819388208036e+147 10
1757326909560 7.967812070186306e+161 11
1757326909612 1.627562312988756e+176 12
1757326909654 3.324575252688367e+190 13
1757326909695 6.791015325546119e+204 14
1757326909721 1.3871813884949582e+219 15
1757326909750 2.833555974094436e+233 16
1757326909774 5.78802420859861e+247 17
1757326909799 1.1823032453075188e+262 18
1757326909824 2.415057217259163e+276 19
1757326909848 4.933168699133994e+290 20
1757326909871 inf 21
