1757493458040 166.74890148062386 0
1757493458086 151.42603017141138 1
1757493458131 138.55564118213272 2
1757493458180 127.68202288024415 3
1757493458234 118.4388576201447 4
1757493458285 110.53129686466544 5
1757493458332 103.72166426783089 6
1757493458392 97.81804942119481 7
1757493458440 92.66520507607 8
1757493458488 88.1372801775797 9
1757493458534 84.13201621821956 10
1757493458579 80.56611020206444 11
1757493458624 77.37150785753617 12
1757493458668 74.49243879282574 13
1757493458712 71.88304355836564 14
1757493458760 69.50547305931357 15
1757493458805 67.32836503548712 16
1757493458852 65.32562166061413 17
1757493458908 63.475427713522464 18
1757493458960 61.759461042258614 19
1757493459007 60.16225681606393 20
1757493459054 58.670694847605475 21
1757493459099 57.273585473299896 22
1757493459145 55.96133442501907 23
1757493459192 54.72567106834675 24
1757493459237 53.55942752505065 25
1757493459284 52.456358703136274 26
1757493459332 51.410995256234045 27
1757493459379 50.418523088251575 28
1757493459437 49.47468429131447 29
1757493459484 48.57569542042376 30
1757493459529 47.71817981906776 31
1757493459575 46.8991113577318 32
1757493459620 46.115767464907165 33
1757493459667 45.36568974413932 34
1757493459712 44.64665080185847 35
1757493459758 43.956626175919425 36
1757493459803 43.29377046726504 37
1757493459849 42.65639694753874 38
1757493459894 42.04296005227144 39
1757493459941 41.45204027920703 40
1757493459987 40.8823310997905 41
1757493460035 40.332627563119686 42
1757493460081 39.80181632917983 43
1757493460127 39.28886691467579 44
1757493460174 38.79282397243303 45
1757493460221 38.312800455899925 46
1757493460266 37.84797154514367 47
1757493460312 37.39756923100563 48
1757493460358 36.96087747066008 49
1757493460409 36.53722784141778 50
1757493460462 36.125995630803004 51
1757493460511 35.72659631017005 52
1757493460558 35.338482346779166 53
1757493460605 34.96114031561866 54
1757493460651 34.594088277578386 55
1757493460696 34.2368733950393 56
1757493460746 33.889069759701016 57
1757493460792 33.55027641064863 58
1757493460836 33.22011552336098 59
1757493460880 32.89823075266988 60
1757493460928 32.58428571465756 61
1757493460973 32.27796259418387 62
1757493461018 31.9789608662089 63
1757493461062 31.68699612035772 64
1757493461108 31.401798979291467 65
1757493461152 31.123114102427706 66
1757493461197 30.850699267413162 67
1757493461243 30.58432452251117 68
1757493461288 30.32377140373744 69
1757493461333 30.0688322111744 70
1757493461377 29.819309339424766 71
1757493461424 29.575014657639063 72
1757493461478 29.33576893497539 73
1757493461523 29.10140130773015 74
1757493461569 28.871748784719436 75
1757493461616 28.64665578779856 76
1757493461661 28.425973724684095 77
1757493461706 28.20956059149294 78
1757493461751 27.997280602639414 79
1757493461800 27.789003845935824 80
1757493461844 27.584605960927988 81
1757493461888 27.38396783866523 82
1757493461934 27.186975341257654 83
1757493461981 26.99351903971225 84
1757493462025 26.80349396866593 85
1757493462071 26.616799396748856 86
1757493462117 26.433338611415962 87
1757493462162 26.253018717180506 88
1757493462207 26.07575044627034 89
1757493462255 25.901447980807387 90
1757493462302 25.730028785683302 91
1757493462349 25.56141345137067 92
1757493462404 25.39552554596978 93
1757493462461 25.23229147584637 94
1757493462512 25.071640354266588 95
1757493462560 24.913503877481663 96
1757493462611 24.757816207757514 97
1757493462661 24.6045138628832 98
1757493462707 24.453535611727983 99
1757493462752 24.304822375449433 100
1757493462799 24.15831713398496 101
1757493462849 24.013964837486743 102
1757493462905 23.871712322385324 103
1757493462955 23.731508231790208 104
1757493463004 23.59330293995734 105
1757493463049 23.457048480572734 106
1757493463096 23.322698478619774 107
1757493463144 23.190208085614096 108
1757493463210 23.059533918005265 109
1757493463260 22.930633998558807 110
1757493463335 22.803467700544616 111
1757493463467 22.6779956945702 112
1757493463570 22.55417989790793 113
1757493463638 22.431983426175847 114
1757493463695 22.31137054724072 115
1757493463756 22.19230663722108 116
1757493463892 22.074758138475676 117
1757493463989 21.9586925194703 118
1757493464046 21.844078236423012 119
1757493464101 21.730884696633808 120
1757493464155 21.61908222341098 121
1757493464210 21.508642022511683 122
1757493464261 21.39953615001946 123
1757493464312 21.291737481585994 124
1757493464363 21.185219682968977 125
1757493464414 21.07995718180186 126
1757493464465 20.97592514053505 127
1757493464527 20.873099430491813 128
1757493464579 20.771456606985208 129
1757493464631 20.67097388544556 130
1757493464683 20.571629118510838 131
1757493464734 20.473400774034907 132
1757493464783 20.376267913971176 133
1757493464831 20.280210174091376 134
1757493464879 20.185207744501607 135
1757493464929 20.09124135091952 136
1757493464979 19.998292236678658 137
1757493465028 19.906342145427708 138
1757493465077 19.815373304493917 139
1757493465126 19.725368408881845 140
1757493465175 19.636310605879732 141
1757493465224 19.548183480247374 142
1757493465274 19.460971039960697 143
1757493465322 19.374657702489355 144
1757493465370 19.289228281584805 145
1757493465419 19.204667974557683 146
1757493465469 19.120962350023923 147
1757493465530 19.03809733610031 148
1757493465580 18.956059209031018 149
1757493465628 18.87483458222753 150
1757493465681 18.794410395705103 151
1757493465730 18.714773905899833 152
1757493465777 18.635912675850957 153
1757493465828 18.55781456573388 154
1757493465878 18.480467723730005 155
1757493465927 18.40386057721989 156
1757493465977 18.32798182428729 157
1757493466028 18.252820425521612 158
1757493466078 18.178365596107465 159
1757493466126 18.104606798189867 160
1757493466176 18.031533733504745 161
1757493466227 17.959136336264322 162
1757493466276 17.88740476628778 163
1757493466325 17.81632940236777 164
1757493466375 17.745900835863857 165
1757493466425 17.676109864514313 166
1757493466499 17.60694748645804 167
1757493466560 17.538404894458736 168
1757493466612 17.47047347032377 169
1757493466662 17.403144779510473 170
1757493466713 17.33641056591296 171
1757493466763 17.270262746822734 172
1757493466814 17.204693408056755 173
1757493466862 17.13969479924675 174
1757493466912 17.07525932928393 175
1757493466960 17.011379561913397 176
1757493467011 16.94804821147282 177
1757493467059 16.885258138770197 178
1757493467107 16.823002347095613 179
1757493467153 16.761273978362187 180
1757493467202 16.70006630937162 181
1757493467250 16.639372748199833 182
1757493467298 16.57918683069844 183
1757493467345 16.51950221710792 184
1757493467397 16.460312688778536 185
1757493467445 16.40161214499521 186
1757493467496 16.34339459990263 187
1757493467553 16.285654179527175 188
1757493467602 16.228385118892138 189
1757493467650 16.171581759223063 190
1757493467699 16.115238545240068 191
1757493467748 16.059350022534055 192
1757493467797 16.003910835023984 193
1757493467845 15.948915722492377 194
1757493467893 15.894359518196298 195
1757493467941 15.840237146551349 196
1757493467991 15.786543620886038 197
1757493468041 15.733274041264218 198
1757493468090 15.680423592373195 199
1757493468139 15.62798754147536 200
1757493468187 15.57596123642111 201
1757493468242 15.52434010372103 202
1757493468299 15.47311964667536 203
1757493468351 15.422295443558731 204
1757493468402 15.371863145858448 205
1757493468452 15.321818476564427 206
1757493468505 15.272157228509075 207
1757493468561 15.222875262755524 208
1757493468615 15.173968507032537 209
1757493468664 15.125432954214583 210
1757493468713 15.077264660845582 211
1757493468762 15.029459745704887 212
1757493468811 14.98201438841412 213
1757493468861 14.934924828083513 214
1757493468909 14.888187361996508 215
1757493468959 14.841798344331304 216
1757493469011 14.795754184918207 217
1757493469061 14.750051348031642 218
1757493469110 14.704686351215646 219
1757493469159 14.65965576414181 220
1757493469209 14.614956207498624 221
1757493469258 14.570584351911236 222
1757493469308 14.526536916890633 223
1757493469357 14.482810669811299 224
1757493469407 14.439402424916508 225
1757493469456 14.396309042350337 226
1757493469506 14.353527427215525 227
1757493469557 14.311054528656465 228
1757493469617 14.268887338966453 229
1757493469670 14.22702289271847 230
1757493469720 14.185458265918795 231
1757493469770 14.144190575182705 232
1757493469820 14.103216976931579 233
1757493469870 14.062534666610777 234
1757493469920 14.02214087792765 235
1757493470051 13.98203288210904 236
1757493470241 13.94220798717771 237
1757493470351 13.902663537247108 238
1757493470469 13.863396911833927 239
1757493470637 13.824405525187908 240
1757493470774 13.785686825638386 241
1757493470845 13.747238294957045 242
1757493470911 13.709057447736482 243
1757493470973 13.671141830783968 244
1757493471035 13.633489022530112 245
1757493471095 13.596096632451873 246
1757493471153 13.55896230050956 247
1757493471213 13.52208369659739 248
1757493471270 13.485458520007207 249
1757493471327 13.449084498904995 250
1757493471382 13.412959389819767 251
1757493471437 13.377080977144553 252
1757493471490 13.341447072649085 253
1757493471545 13.306055515003814 254
1757493471599 13.270904169315036 255
1757493471663 13.235990926670711 256
1757493471718 13.201313703696712 257
1757493471773 13.166870442123251 258
1757493471827 13.132659108361109 259
1757493471879 13.098677693087451 260
1757493471932 13.064924210840989 261
1757493471986 13.03139669962616 262
1757493472039 12.998093220526098 263
1757493472099 12.965011857324201 264
1757493472152 12.932150716133997 265
1757493472206 12.899507925037122 266
1757493472258 12.867081633729144 267
1757493472310 12.834870013173102 268
1757493472374 12.802871255260467 269
1757493472426 12.771083572479363 270
1757493472478 12.739505197589864 271
1757493472530 12.708134383306161 272
1757493472586 12.67696940198543 273
1757493472646 12.646008545323186 274
1757493472702 12.615250124055047 275
1757493472755 12.584692467664595 276
1757493472808 12.554333924097332 277
1757493472861 12.524172859480448 278
1757493472914 12.494207657848326 279
1757493472968 12.46443672087362 280
1757493473021 12.4348584676037 281
1757493473073 12.405471334202478 282
1757493473126 12.376273773697283 283
1757493473180 12.347264255730833 284
1757493473233 12.31844126631806 285
1757493473284 12.289803307607718 286
1757493473344 12.261348897648666 287
1757493473396 12.233076570160645 288
1757493473448 12.204984874309515 289
1757493473500 12.177072374486823 290
1757493473553 12.14933765009352 291
1757493473605 12.121779295327874 292
1757493473656 12.094395918977309 293
1757493473711 12.067186144214237 294
1757493473764 12.04014860839563 295
1757493473814 12.013281962866401 296
1757493473866 11.98658487276636 297
1757493473918 11.960056016840756 298
1757493473968 11.933694087254299 299
1757493474019 11.907497789408534 300
1757493474072 11.88146584176256 301
1757493474126 11.855596975656963 302
1757493474177 11.82988993514093 303
1757493474229 11.804343476802421 304
1757493474282 11.778956369601365 305
1757493474334 11.753727394705832 306
1757493474385 11.72865534533104 307
1757493474436 11.703739026581214 308
1757493474489 11.678977255294168 309
1757493474541 11.654368859888603 310
1757493474593 11.629912680214035 311
1757493474647 11.605607567403268 312
1757493474710 11.581452383727411 313
1757493474766 11.55744600245336 314
1757493474822 11.533587307703653 315
1757493474876 11.50987519431873 316
1757493474928 11.486308567721439 317
1757493474980 11.462886343783873 318
1757493475031 11.439607448696325 319
1757493475084 11.416470818838471 320
1757493475137 11.393475400652655 321
1757493475188 11.370620150519215 322
1757493475244 11.347904034633855 323
1757493475297 11.325326028887027 324
1757493475349 11.302885118745188 325
1757493475401 11.280580299134035 326
1757493475454 11.258410574323559 327
1757493475507 11.236374957814931 328
1757493475557 11.214472472229188 329
1757493475610 11.192702149197668 330
1757493475662 11.17106302925414 331
1757493475725 11.149554161728657 332
1757493475778 11.128174604643023 333
1757493475831 11.10692342460788 334
1757493475883 11.085799696721415 335
1757493475935 11.06480250446957 336
1757493475989 11.043930939627788 337
1757493476041 11.023184102164286 338
1757493476094 11.002561100144746 339
1757493476146 10.982061049638464 340
1757493476199 10.961683074625908 341
1757493476253 10.941426306907651 342
1757493476306 10.92128988601466 343
1757493476358 10.901272959119902 344
1757493476410 10.881374680951275 345
1757493476462 10.86159421370581 346
1757493476514 10.84193072696512 347
1757493476568 10.82238339761208 348
1757493476620 10.802951409748733 349
1757493476673 10.78363395461537 350
1757493476729 10.76443023051077 351
1757493476783 10.745339442713592 352
1757493476836 10.726360803404885 353
1757493476889 10.707493531591718 354
1757493476942 10.688736853031847 355
1757493476996 10.6700900001595 356
1757493477085 10.651552212012167 357
1757493477209 10.633122734158432 358
1757493477316 10.614800818626803 359
1757493477389 10.59658572383555 360
1757493477464 10.578476714523484 361
1757493477635 10.56047306168171 362
1757493477746 10.542574042486335 363
1757493477816 10.524778940232043 364
1757493477883 10.507087044266651 365
1757493477947 10.489497649926484 366
1757493478008 10.472010058472673 367
1757493478070 10.454623577028292 368
1757493478130 10.437337518516337 369
1757493478187 10.42015120159856 370
1757493478246 10.40306395061509 371
1757493478304 10.386075095524877 372
1757493478362 10.369183971846919 373
1757493478419 10.352389920602254 374
1757493478479 10.335692288256764 375
1757493478537 10.319090426664648 376
1757493478592 10.30258369301271 377
1757493478647 10.286171449765343 378
1757493478706 10.26985306461021 379
1757493478769 10.25362791040467 380
1757493478824 10.237495365122854 381
1757493478882 10.221454811803453 382
1757493478937 10.20550563849815 383
1757493478992 10.189647238220743 384
1757493479048 10.173879008896877 385
1757493479105 10.158200353314445 386
1757493479160 10.142610679074602 387
1757493479216 10.127109398543405 388
1757493479274 10.111695928804052 389
1757493479329 10.096369691609738 390
1757493479385 10.081130113337066 391
1757493479444 10.065976624940088 392
1757493479501 10.050908661904863 393
1757493479556 10.03592566420462 394
1757493479610 10.021027076255459 395
1757493479667 10.006212346872584 396
1757493479724 9.9914809292271 397
1757493479782 9.976832280803329 398
1757493479839 9.962265863356615 399
1757493479896 9.947781142871696 400
1757493479951 9.933377589521564 401
1757493480006 9.919054677626779 402
1757493480064 9.90481188561533 403
1757493480120 9.89064869598296 404
1757493480175 9.876564595253953 405
1757493480234 9.862559073942407 406
1757493480295 9.848631626513962 407
1757493480356 9.834781751347975 408
1757493480418 9.821008950700161 409
1757493480491 9.807312730665664 410
1757493480553 9.793692601142558 411
1757493480613 9.780148075795802 412
1757493480672 9.766678672021573 413
1757493480733 9.753283910912076 414
1757493480802 9.739963317220706 415
1757493480859 9.726716419327646 416
1757493480919 9.713542749205876 417
1757493480977 9.70044184238753 418
1757493481034 9.687413237930699 419
1757493481093 9.674456478386555 420
1757493481150 9.661571109766905 421
1757493481209 9.6487566815121 422
1757493481266 9.636012746459281 423
1757493481324 9.623338860811034 424
1757493481380 9.610734584104364 425
1757493481435 9.598199479180032 426
1757493481491 9.585733112152258 427
1757493481546 9.57333505237873 428
1757493481601 9.561004872430992 429
1757493481656 9.548742148065097 430
1757493481718 9.536546458192683 431
1757493481775 9.52441738485229 432
1757493481838 9.512354513181032 433
1757493481894 9.500357431386583 434
1757493481962 9.488425730719463 435
1757493482018 9.476559005445653 436
1757493482074 9.464756852819459 437
1757493482128 9.453018873056754 438
1757493482182 9.44134466930844 439
1757493482239 9.429733847634235 440
1757493482294 9.418186016976762 441
1757493482349 9.406700789135863 442
1757493482405 9.395277778743266 443
1757493482460 9.383916603237463 444
1757493482515 9.372616882838901 445
1757493482574 9.361378240525422 446
1757493482630 9.350200302007968 447
1757493482685 9.339082695706564 448
1757493482742 9.328025052726515 449
1757493482798 9.317027006834923 450
1757493482861 9.306088194437397 451
1757493482917 9.295208254555032 452
1757493482973 9.284386828801644 453
1757493483029 9.273623561361235 454
1757493483084 9.262918098965685 455
1757493483140 9.252270090872695 456
1757493483195 9.241679188843973 457
1757493483252 9.231145047123608 458
1757493483307 9.220667322416721 459
1757493483363 9.2102456738683 460
1757493483420 9.199879763042276 461
1757493483475 9.189569253900816 462
1757493483532 9.179313812783814 463
1757493483588 9.169113108388624 464
1757493483643 9.158966811749972 465
1757493483699 9.148874596220091 466
1757493483757 9.138836137449076 467
1757493483812 9.128851113365402 468
1757493483877 9.118919204156674 469
1757493483933 9.109040092250558 470
1757493483989 9.099213462295923 471
1757493484043 9.08943900114416 472
1757493484099 9.079716397830683 473
1757493484155 9.07004534355666 474
1757493484209 9.060425531670862 475
1757493484331 9.05085665765176 476
1757493484477 9.04133841908977 477
1757493484608 9.031870515669683 478
1757493484716 9.022452649153253 479
1757493484813 9.013084523362005 480
1757493484952 9.00376584416018 481
1757493485044 8.994496319437832 482
1757493485116 8.98527565909416 483
1757493485181 8.976103575020936 484
1757493485244 8.966979781086133 485
1757493485306 8.95790399311771 486
1757493485366 8.948875928887572 487
1757493485427 8.939895308095634 488
1757493485487 8.930961852354121 489
1757493485549 8.922075285171958 490
1757493485610 8.913235331939338 491
1757493485668 8.904441719912457 492
1757493485727 8.89569417819836 493
1757493485786 8.886992437739968 494
1757493485843 8.878336231301226 495
1757493485910 8.86972529345243 496
1757493485968 8.86115936055565 497
1757493486029 8.852638170750339 498
1757493486087 8.844161463939045 499
