1757326904226 25626.07052300304 0
1757326904262 1.2452170741762064e+19 1
1757326904289 2.53470841733702e+33 2
1757326904318 5.159539692690265e+47 3
1757326904346 1.0502529465860405e+62 4
1757326904385 2.1378481754396908e+76 5
1757326904423 4.351708639416234e+90 6
1757326904455 8.85814451181735e+104 7
1757326904486 1.8031244895744203e+119 8
1757326904516 3.6703599953304197e+133 9
1757326904545 7.471221523091575e+147 10
1757326904572 1.5208086159974025e+162 11
1757326904603 3.095690362470845e+176 12
1757326904629 6.301449583785914e+190 13
1757326904661 1.2826950439998875e+205 14
1757326904692 2.6109969682775325e+219 15
1757326904717 5.314829273133979e+233 16
1757326904742 1.0818630027439873e+248 17
1757326904767 2.2021921995173943e+262 18
1757326904792 4.482684472354478e+276 19
1757326904817 9.124753090621069e+290 20
1757326904844 inf 21
