1757492432113 168.52198632931126 0
1757492432157 163.782639173741 1
1757492432203 170.2028084220978 2
1757492432249 168.98258577359994 3
1757492432300 170.72911513126056 4
1757492432370 166.05666920719483 5
1757492432424 167.83152909229784 6
1757492432470 166.8078673785509 7
1757492432518 165.59005742622975 8
1757492432566 167.69572221938904 9
1757492432613 167.68788696814516 10
1757492432658 168.1281377067152 11
1757492432704 168.92273285464242 12
1757492432752 165.162332887755 13
1757492432802 172.81353860300797 14
1757492432858 169.0716196882946 15
1757492432911 169.15080589617236 16
1757492432957 167.6844261771432 17
1757492433008 168.61231570906446 18
1757492433057 170.09089243848226 19
1757492433106 169.89301589526903 20
1757492433159 168.4959484359395 21
1757492433208 171.0045866159991 22
1757492433259 174.15005057918592 23
1757492433309 174.49789809141498 24
1757492433359 168.63869113240273 25
1757492433408 167.68539280452458 26
1757492433457 168.73953088143955 27
1757492433506 173.45582130667063 28
1757492433553 171.6806726509064 29
1757492433603 170.35842586328522 30
1757492433656 168.19552482652216 31
1757492433713 169.67201919428953 32
1757492433770 171.64488586421515 33
1757492433824 169.15002007344555 34
1757492433884 168.7615151946673 35
1757492433935 166.54609175222174 36
1757492433985 164.2773349726752 37
1757492434066 168.08757279514487 38
1757492434138 168.61789214223035 39
1757492434192 167.14250458985447 40
1757492434243 172.6458819282644 41
1757492434301 171.24108593250443 42
1757492434355 166.4773447671757 43
1757492434406 167.98847200113184 44
1757492434455 167.29131938576572 45
1757492434506 166.74265958938093 46
1757492434556 166.57692567988315 47
1757492434607 167.56427164446106 48
1757492434657 165.3190397009719 49
1757492434706 169.51216694964603 50
1757492434752 171.556470945135 51
1757492434800 171.1100025426549 52
1757492434849 169.33538569349972 53
1757492434905 170.3023932312627 54
1757492434952 165.5782416113454 55
1757492435000 167.00624635499094 56
1757492435049 167.807792707344 57
1757492435097 169.18748578229506 58
1757492435144 169.05073168308093 59
1757492435190 168.65744054093312 60
1757492435239 167.5294377748932 61
1757492435289 173.09347721367246 62
1757492435337 170.49312983912796 63
1757492435382 166.63650586600428 64
1757492435433 171.84397378015714 65
1757492435481 166.77545308154347 66
1757492435529 168.64842298423306 67
1757492435576 172.14447801814592 68
1757492435624 165.94511326335464 69
1757492435676 168.19396827994873 70
1757492435724 167.85786750942898 71
1757492435775 168.53311939274997 72
1757492435822 172.1340868346626 73
1757492435870 169.78741057165433 74
1757492435929 172.45874267383184 75
1757492435977 168.06587293067565 76
1757492436026 166.60100948305646 77
1757492436073 166.0804320940526 78
1757492436120 166.0577310565657 79
1757492436175 169.94210896668946 80
1757492436310 171.56050873370233 81
1757492436469 169.36323474625695 82
1757492436577 167.97002211243517 83
1757492436699 164.05869922281698 84
1757492436845 171.40436032520415 85
1757492436920 166.1728788313609 86
1757492437081 171.22511041712485 87
