1757487111455 169.7268711193552 0
1757487111485 169.7062750401876 1
1757487111515 169.69307780267826 2
1757487111546 169.68001113287136 3
1757487111579 169.66711671091406 4
1757487111609 169.65439208575387 5
1757487111640 169.64183510172657 6
1757487111670 169.62944362854864 7
1757487111700 169.6172155626302 8
1757487111729 169.60514882673212 9
1757487111771 169.5932413696378 10
1757487111801 169.5814911658285 11
1757487111832 169.5698962151633 12
1757487111861 169.55845454256252 13
1757487111892 169.54716419769574 14
1757487111922 169.53602325467259 15
1757487111953 169.5250298117388 16
1757487111983 169.514181990975 17
1757487112012 169.50347793799958 18
1757487112042 169.49291582167533 19
1757487112072 169.48440160832484 20
1757487112102 169.4750287736401 21
1757487112132 169.4657810711611 22
1757487112162 169.45665058083722 23
1757487112194 169.4476358719545 24
1757487112225 169.4387354921508 25
1757487112254 169.42994800747678 26
1757487112284 169.4212720019223 27
1757487112315 169.4127060771937 28
1757487112345 169.40424885249192 29
1757487112375 169.39589896429337 30
1757487112405 169.38765506613373 31
1757487112435 169.3795158283944 32
1757487112466 169.37147993809165 33
1757487112496 169.36354609866834 34
1757487112534 169.35571302978846 35
1757487112603 169.34797946713374 36
1757487112636 169.3403441622036 37
1757487112668 169.33280588211693 38
1757487112732 169.32536340941655 39
1757487112780 169.3180155418763 40
1757487112822 169.31076109231043 41
1757487112888 169.30359888838515 42
1757487112923 169.2965277724331 43
1757487112956 169.28954660126954 44
1757487112987 169.28265424601116 45
1757487113020 169.2758495918972 46
1757487113053 169.2691315381127 47
1757487113085 169.26249899761393 48
1757487113118 169.25595089695614 49
1757487113152 169.2494861761233 50
1757487113185 169.24310378836023 51
1757487113250 169.2368027000066 52
1757487113288 169.23058189033296 53
1757487113319 169.22444035137917 54
1757487113352 169.22080612773016 55
1757487113383 169.21598473315564 56
1757487113414 169.21122623890597 57
1757487113444 169.20652259281545 58
1757487113475 169.20187318992265 59
1757487113506 169.19727738707604 60
1757487113537 169.19273454917118 61
1757487113574 169.18824404876455 62
1757487113606 169.1838052659819 63
1757487113638 169.17941758842554 64
1757487113671 169.17508041108317 65
1757487113701 169.1707931362375 66
1757487113732 169.16655517337728 67
1757487113771 169.16236593910915 68
1757487113807 169.15822485707082 69
1757487113838 169.15413135784524 70
1757487113870 169.1500848788757 71
1757487113901 169.1460848643822 72
1757487113932 169.1421307652785 73
1757487113963 169.13822203909078 74
1757487113994 169.13435814987668 75
1757487114025 169.13053856814565 76
1757487114056 169.12676277078032 77
1757487114087 169.1230302409587 78
1757487114120 169.11934046807738 79
1757487114154 169.11569294767563 80
1757487114191 169.1120871813607 81
1757487114223 169.1085226767336 82
1757487114255 169.10499894731618 83
1757487114286 169.10151551247887 84
1757487114317 169.09807189736944 85
1757487114350 169.09466763284257 86
1757487114382 169.0913022553904 87
1757487114415 169.08797530707355 88
1757487114458 169.08468633545377 89
1757487114489 169.08143489352648 90
1757487114521 169.07822053965484 91
1757487114552 169.07504283750416 92
1757487114584 169.07190135597776 93
1757487114615 169.0687956691527 94
1757487114649 169.06572535621717 95
1757487114682 169.06269000140804 96
1757487114714 169.05968919394954 97
1757487114745 169.05672252799258 98
1757487114784 169.05378960255473 99
1757487114818 169.05089002146119 100
1757487114850 169.04802339328597 101
1757487114882 169.04518933129447 102
1757487114914 169.04238745338637 103
1757487114945 169.039617382039 104
1757487114978 169.03687874425214 105
1757487115011 169.03417117149272 106
1757487115042 169.0314942996405 107
1757487115074 169.02884776893475 108
1757487115106 169.02623122392097 109
1757487115137 169.02364431339873 110
1757487115169 169.0210866903699 111
1757487115201 169.01855801198772 112
1757487115235 169.01605793950623 113
1757487115268 169.0135861382307 114
1757487115301 169.01114227746814 115
1757487115333 169.0087260304791 116
1757487115366 169.00633707442924 117
1757487115400 169.00397509034232 118
1757487115432 169.00163976305316 119
1757487115464 168.99933078116155 120
1757487115497 168.99704783698635 121
1757487115528 168.99479062652074 122
1757487115561 168.99255884938722 123
1757487115595 168.99035220879387 124
1757487115628 168.98817041149098 125
1757487115660 168.98601316772778 126
1757487115692 168.9838801912103 127
1757487115725 168.9817711990593 128
1757487115758 168.9796859117691 129
1757487115801 168.97762405316644 130
1757487115836 168.9759112890977 131
1757487115869 168.9737275209123 132
1757487115901 168.97205581361771 133
1757487115937 168.97023995068034 134
1757487115970 168.96844487588788 135
1757487116002 168.9666697552467 136
1757487116035 168.96491435479368 137
1757487116067 168.9631784417078 138
1757487116100 168.96146178600503 139
1757487116133 168.95976416050206 140
1757487116167 168.9577577016814 141
1757487116201 168.95626238220956 142
1757487116234 168.95462023272364 143
1757487116266 168.95299683812786 144
1757487116312 168.95139138065028 145
1757487116350 168.94980365091607 146
1757487116399 168.94823344031394 147
1757487116452 168.94668054277074 148
1757487116492 168.9451447547186 149
1757487116527 168.94362587506356 150
1757487116561 168.9421237051552 151
