1757497193840 180.1074529838444 0
1757497193892 157.6199251355177 1
1757497193949 156.94280076663884 2
1757497194001 150.833460286342 3
1757497194052 141.5122121797704 4
1757497194107 138.01087558589873 5
1757497194157 138.31805231692923 6
1757497194206 131.48106222714145 7
1757497194254 124.887648467632 8
1757497194304 118.71735747079424 9
1757497194352 122.47327385206653 10
1757497194402 114.31210796019953 11
1757497194621 103.73698995671514 12
1757497194757 107.58925124259274 13
1757497194883 113.65992768268286 14
1757497194981 107.43293248232624 15
1757497195106 104.11305179216161 16
1757497195201 105.5554980791424 17
1757497195368 104.951977184047 18
1757497195460 88.44742051948636 19
1757497195574 100.96188600397154 20
1757497195737 95.52163744231615 21
1757497195810 95.07975841529446 22
1757497195883 81.55577020614045 23
1757497195949 89.39585066945433 24
1757497196009 83.71441132518335 25
1757497196068 86.09778273075965 26
1757497196135 80.61272297109419 27
1757497196231 89.28832204840147 28
1757497196293 83.31126494687774 29
1757497196352 87.85794165219653 30
1757497196410 75.10666013981948 31
1757497196469 72.33760603177981 32
1757497196527 77.43666647849513 33
1757497196585 69.10574521491596 34
1757497196642 66.37092472617094 35
1757497196697 70.97874019664182 36
1757497196751 70.04872460886189 37
1757497196804 59.82157974657168 38
1757497196864 65.63906438251696 39
1757497196939 59.80729021558358 40
1757497197002 75.13296719461654 41
1757497197060 60.80483604837834 42
1757497197119 62.85724910607602 43
1757497197188 54.649858769196236 44
1757497197243 61.12319914529104 45
1757497197298 66.06163717423833 46
1757497197356 55.82599487793851 47
1757497197407 61.277951877292686 48
1757497197460 60.33136038809058 49
1757497197513 52.17487933194098 50
1757497197565 54.7285345967506 51
1757497197616 52.43102652842992 52
1757497197668 55.815211751247034 53
1757497197721 50.76536748655251 54
1757497197773 58.28808765713084 55
1757497197827 59.99090551377527 56
1757497197903 48.218566873977004 57
1757497197963 54.48202077589169 58
1757497198016 53.81113708069709 59
1757497198068 50.63673907016437 60
1757497198164 53.107554235741965 61
1757497198223 57.350800350943075 62
1757497198294 51.658260934919724 63
1757497198353 54.24500975055181 64
1757497198413 44.0163418385989 65
1757497198468 46.435717013526734 66
1757497198527 49.41941903034083 67
1757497198583 49.36670862267226 68
1757497198642 46.31444792510208 69
1757497198698 47.58157539714 70
1757497198824 45.032745848161966 71
1757497198887 49.48456088027729 72
1757497198946 51.327355866031404 73
1757497199002 36.56086873552058 74
1757497199056 66.48161610004223 75
1757497199108 42.1830815649792 76
1757497199162 49.281067922310434 77
1757497199223 66.90045821940669 78
1757497199276 45.39059427750352 79
1757497199334 44.349306768206056 80
1757497199387 38.22236941733451 81
1757497199443 46.11525231504488 82
1757497199495 46.00142192711377 83
1757497199549 42.238022293893984 84
1757497199601 43.893922028328575 85
1757497199653 47.54973005319309 86
1757497199738 42.31392800787979 87
1757497199806 35.91051646247757 88
1757497199870 37.625477965927 89
1757497199933 45.52412260918669 90
1757497199995 41.97481748736298 91
1757497200067 36.393935171599054 92
1757497200132 38.88013734804231 93
1757497200202 36.10817227084305 94
1757497200282 43.7412473999031 95
1757497200404 38.62185518498984 96
1757497200477 33.461935696319124 97
1757497200539 40.529024317903996 98
1757497200597 41.23666283448774 99
1757497200656 34.38897313179172 100
1757497200712 34.57702237787555 101
1757497200766 36.40345351754163 102
1757497200821 23.019931291809314 103
1757497200874 41.192606676713446 104
1757497200927 31.548013612012028 105
1757497200980 57.83314628524664 106
1757497201035 29.091705289302183 107
1757497201093 32.40673476900786 108
1757497201146 40.27487957564187 109
1757497201198 38.04826361536745 110
1757497201260 32.799819064091984 111
1757497201313 31.164827215648696 112
1757497201367 37.3928983559216 113
1757497201417 32.00988178723623 114
1757497201469 35.93637115268282 115
1757497201520 40.0774990642444 116
1757497201599 32.762712844626186 117
1757497201665 42.235462826047545 118
1757497201723 60.56356023145501 119
1757497201778 36.5558533350037 120
1757497201829 30.339582290111878 121
1757497201891 61.22510763347979 122
1757497201950 27.26943724359072 123
1757497202002 55.661775491275584 124
1757497202054 34.91455639333048 125
1757497202107 36.41286631697416 126
1757497202160 39.42283588117794 127
1757497202214 32.218027124957 128
1757497202275 26.54396220000331 129
1757497202328 44.78822704025845 130
1757497202378 25.59988490901205 131
1757497202428 36.10578647104376 132
1757497202478 24.254003798225966 133
1757497202529 54.99323697236238 134
1757497202589 28.95421063318018 135
1757497202643 30.59647919133077 136
1757497202722 25.438676254672156 137
1757497202778 26.291038575736128 138
1757497202830 23.510715123571813 139
1757497202882 31.448084262117376 140
1757497202936 29.24910964938432 141
1757497202988 30.943315957760408 142
1757497203039 25.048849980044267 143
1757497203090 32.574049995494356 144
1757497203142 28.08368382218498 145
1757497203192 30.259167773191237 146
1757497203242 27.543282357848607 147
1757497203306 48.45387208588016 148
1757497203357 25.20807490049654 149
1757497203407 29.617772767481153 150
1757497203457 29.834401411044364 151
1757497203508 23.7950863115866 152
1757497203558 23.305398440313734 153
1757497203609 33.37085003514154 154
1757497203660 23.15115062050816 155
1757497203710 23.54252861567335 156
1757497203785 27.22135839729276 157
1757497203843 34.51168851990527 158
1757497203902 30.102231970520467 159
1757497204026 23.739468208915294 160
1757497204166 26.75383911619295 161
1757497204258 25.511802080086294 162
1757497204339 19.16545820341729 163
1757497204404 32.23231936312328 164
1757497204463 26.256454198644843 165
1757497204577 23.04484002629556 166
1757497204740 60.91217112365387 167
1757497204826 34.729237890887354 168
1757497204892 42.54335708766707 169
1757497204952 29.63304178915043 170
1757497205008 25.019477831492413 171
1757497205066 64.26397045853442 172
1757497205125 28.454060733108093 173
1757497205184 25.195503628640797 174
1757497205241 27.568626811422046 175
1757497205299 23.103509202026572 176
1757497205353 29.97072737370877 177
1757497205410 40.08577086569601 178
1757497205465 19.78903116125565 179
1757497205519 48.4963487819324 180
1757497205574 26.21136699285566 181
1757497205635 25.687391542002402 182
1757497205690 47.853795718586184 183
1757497205753 29.498090106855646 184
1757497205831 26.6135975866096 185
1757497205888 27.328415007024955 186
1757497205946 25.633484591801004 187
1757497206002 18.924159901634514 188
1757497206077 31.40450199527754 189
1757497206133 23.89798068951386 190
1757497206190 23.44751123182319 191
1757497206250 37.383673741980104 192
1757497206324 23.462857992150845 193
1757497206385 28.799115185680602 194
1757497206444 29.623383355862455 195
1757497206502 24.1503649478702 196
1757497206561 24.421268809598597 197
1757497206617 24.19701537790914 198
1757497206673 43.90185304798095 199
1757497206730 24.163055178720537 200
1757497206787 43.93385560468681 201
1757497206843 59.933612741749734 202
1757497206897 28.535639730322327 203
1757497206951 27.260203461790397 204
1757497207006 22.473365215632374 205
1757497207060 25.853249306196926 206
1757497207116 41.404979513793634 207
1757497207171 22.49268823828852 208
1757497207226 19.67291319739089 209
1757497207281 18.359425545577306 210
1757497207349 26.72985793485738 211
1757497207465 48.18207336260369 212
1757497207547 23.00957822901185 213
1757497207609 24.59722714434237 214
1757497207733 26.31303110342004 215
1757497207807 17.532318339169304 216
1757497207882 21.84807393666003 217
1757497207942 20.304970717041073 218
1757497208018 39.41890817561053 219
1757497208090 19.53389880287069 220
1757497208213 18.593683105335614 221
1757497208290 21.024149325966107 222
1757497208410 29.163627965148844 223
1757497208501 19.012823024161474 224
1757497208602 19.039538193075728 225
1757497208699 23.660299817797675 226
1757497208829 30.744569104896787 227
1757497208949 24.9510864330821 228
1757497209061 20.884241383812387 229
1757497209162 23.23805857064866 230
1757497209354 21.121554041952596 231
1757497209449 18.754764173807985 232
1757497209524 25.640405977131348 233
1757497209592 22.551356242712647 234
1757497209659 20.75447261536873 235
1757497209721 27.589125796291395 236
1757497209793 19.828968629210575 237
1757497209859 21.315169295316956 238
1757497209925 17.632744009593992 239
1757497209997 18.711615194052847 240
1757497210063 24.87019629916934 241
1757497210125 21.8705740328123 242
1757497210189 23.919504656172993 243
1757497210249 22.640189666148277 244
1757497210309 20.162478893075825 245
1757497210378 19.737276771463115 246
1757497210448 24.3702608085169 247
1757497210504 21.075530330944662 248
1757497210561 18.32235435469056 249
1757497210617 14.082999406733016 250
1757497210674 20.468350718340695 251
1757497210730 19.453514850181687 252
1757497210799 48.214794444262765 253
1757497210858 20.94897511628731 254
1757497210915 17.90883355215206 255
1757497210971 16.384411707230523 256
1757497211028 23.126453894146266 257
1757497211085 21.423014595142586 258
1757497211151 15.603995189321731 259
1757497211213 18.477970409482953 260
1757497211272 18.028013341934003 261
1757497211334 13.20092644495532 262
1757497211394 22.422386340850704 263
1757497211460 17.835565679511337 264
1757497211520 21.299597018639012 265
1757497211577 20.357711147662773 266
1757497211631 31.570420720220145 267
1757497211691 32.39711124439533 268
1757497211752 22.09646286711912 269
1757497211810 17.888730414946064 270
1757497211865 18.07163489275852 271
1757497211922 17.525569519812304 272
1757497211997 21.452715468540045 273
1757497212083 23.978468996683883 274
1757497212166 18.925395824612792 275
1757497212298 26.10630801703834 276
1757497212393 19.16795446843281 277
1757497212481 22.18151842583747 278
1757497212565 37.00574342338314 279
1757497212643 20.19732113377091 280
1757497212721 21.420472657115937 281
1757497212807 21.864324032050963 282
1757497212884 39.33655355270858 283
1757497212952 22.15878386326246 284
1757497213017 19.22181261161231 285
1757497213080 19.304363638027343 286
1757497213140 18.027621396367227 287
1757497213223 17.419786414988305 288
1757497213299 37.92493100242585 289
1757497213364 15.149121720812923 290
1757497213425 19.316170311681336 291
1757497213497 19.477433831559363 292
1757497213556 16.107947051690413 293
1757497213615 19.009958236838333 294
1757497213673 32.603212911705555 295
1757497213752 20.062257312291838 296
1757497213815 37.871818856464586 297
1757497213898 17.761140870560535 298
1757497213985 18.844147570042235 299
1757497214055 18.44781591653066 300
1757497214129 17.992665848494052 301
1757497214196 36.188595854961626 302
1757497214308 17.410115126928545 303
1757497214581 15.849708395525369 304
1757497214734 18.483557249641866 305
1757497214929 17.639569105569283 306
1757497215003 15.640399202327368 307
1757497215092 20.400860027133163 308
1757497215226 12.682008314091616 309
1757497215355 20.023597864761893 310
1757497215437 19.164320936948354 311
1757497215506 18.99035332697771 312
1757497215583 17.47803353233633 313
1757497215648 16.23126942456411 314
1757497215710 22.648642969411128 315
1757497215773 18.13517113466906 316
1757497215833 35.07719726477058 317
1757497215892 16.0990439859398 318
1757497215952 18.427239186208038 319
1757497216012 29.015289757789628 320
1757497216071 13.638307691919826 321
1757497216143 13.847448085847503 322
1757497216203 16.980984376787852 323
1757497216262 14.672169178461305 324
1757497216324 17.81549277049665 325
1757497216400 18.331266455572788 326
1757497216460 13.572661133257647 327
1757497216519 14.372033544559185 328
1757497216586 24.095444954440996 329
1757497216646 18.28390378361617 330
1757497216702 18.812350256537535 331
1757497216759 35.81083880850289 332
1757497216817 15.451596903942415 333
1757497216874 17.50565532407755 334
1757497216929 11.689065755843158 335
1757497216987 20.442994527762213 336
1757497217049 13.90484050290093 337
1757497217107 16.43067424426498 338
1757497217164 15.408779122812424 339
1757497217227 14.394303623725449 340
1757497217328 16.085641837889423 341
1757497217394 14.665729088584143 342
1757497217468 16.679030266893648 343
1757497217533 13.985037947530492 344
1757497217614 13.12878265550509 345
1757497217678 15.124048813543602 346
1757497217739 13.503607860651696 347
1757497217798 17.710449111811524 348
1757497217871 15.561543239841484 349
1757497217965 32.15730170547072 350
1757497218029 14.428820520329324 351
1757497218088 13.846133980303264 352
1757497218147 33.10880941698267 353
1757497218207 11.583336688832423 354
1757497218265 15.530955706859055 355
1757497218323 14.81393604108019 356
1757497218380 17.51866925251939 357
1757497218437 13.746982024451427 358
1757497218494 18.865897237512893 359
1757497218552 13.57997450863858 360
1757497218619 14.207037106346908 361
1757497218675 12.307512761432077 362
1757497218730 21.636326756669632 363
1757497218786 31.225618938814335 364
1757497218842 16.862931582489306 365
1757497218898 15.390367161077966 366
1757497218955 30.6458242881727 367
1757497219014 16.359158522795788 368
1757497219069 30.99096832897629 369
1757497219124 31.395652591270064 370
1757497219179 17.02971112026597 371
1757497219235 13.867305538662862 372
1757497219291 10.382413197813117 373
1757497219346 19.23009516019334 374
1757497219402 14.973626174458092 375
1757497219459 14.316092819284163 376
1757497219514 13.61681887501519 377
1757497219569 16.84972694017987 378
1757497219635 16.174239272907883 379
1757497219690 12.481590879609433 380
1757497219745 13.808951921525333 381
1757497219801 15.755303077307675 382
1757497219856 18.669795751795508 383
1757497219910 13.678455248643637 384
1757497219967 26.56153689229632 385
1757497220029 11.813155477805333 386
1757497220086 14.622364822324286 387
1757497220141 12.835001891884138 388
1757497220203 16.94684085007398 389
1757497220259 15.747540738652347 390
1757497220314 14.092078898399825 391
1757497220370 17.688504458026422 392
1757497220429 14.33827401094481 393
1757497220485 16.08301159178689 394
1757497220541 12.582392141900177 395
1757497220597 13.450781932465896 396
1757497220664 13.381055321288121 397
1757497220720 13.157651434340432 398
1757497220776 13.055467051470602 399
1757497220834 20.7176931682517 400
1757497220891 13.294114839029048 401
1757497220949 12.891107334844298 402
1757497221005 14.866394237684936 403
1757497221062 16.246419467432958 404
1757497221118 19.844849539104604 405
1757497221174 15.377398325726091 406
1757497221230 16.010361035770966 407
1757497221290 11.620662401408763 408
1757497221442 13.336773217567595 409
1757497221514 13.291142725883967 410
1757497221582 18.903140483299843 411
1757497221649 13.600060042317752 412
1757497221717 13.558666600101745 413
1757497221779 10.860109965285952 414
1757497221842 15.941712015868527 415
1757497221903 14.02035303117795 416
1757497221965 14.913080058116066 417
1757497222025 20.0248983756674 418
1757497222084 14.133347645768444 419
1757497222151 29.078095172988487 420
1757497222213 17.927120856282766 421
1757497222272 15.884875023025854 422
1757497222330 16.231044996008446 423
1757497222390 11.09364526254376 424
1757497222456 13.988946554815762 425
1757497222516 21.632056940320396 426
1757497222575 16.654433838206018 427
1757497222635 13.605614966719815 428
1757497222721 14.328945335427454 429
1757497222783 26.771487814083258 430
1757497222848 13.796245381089882 431
1757497222912 11.385648709925542 432
1757497222972 16.9194997473942 433
1757497223032 10.390640521968267 434
1757497223092 15.981907867657496 435
1757497223151 12.10096960551743 436
1757497223209 13.68699052271416 437
1757497223269 15.61375059457834 438
1757497223327 13.50226536480369 439
1757497223386 11.804537780002962 440
1757497223490 12.787478209741664 441
1757497223626 15.639894363640494 442
1757497223732 15.203403499194247 443
1757497223878 30.305941684070206 444
1757497224108 9.913442075082628 445
1757497224201 11.326235797106483 446
1757497224348 23.22791256806813 447
1757497224499 15.25327005520863 448
1757497224608 16.811759572139007 449
1757497224694 14.81603241441026 450
1757497224769 12.775585865024558 451
1757497224834 11.143390431946159 452
1757497224902 12.648492612885795 453
1757497224967 14.90195241031772 454
1757497225034 11.119493544088412 455
1757497225097 13.30698599349175 456
1757497225161 11.226507079978688 457
1757497225223 23.02906259449199 458
1757497225285 14.283835738403148 459
1757497225349 15.105835920543166 460
1757497225412 12.179503858760079 461
1757497225474 11.530478739911368 462
1757497225535 13.05553323268893 463
1757497225668 11.030984263295599 464
1757497225756 13.212495937633669 465
1757497225852 10.413291441726155 466
1757497225934 14.206320587225088 467
1757497226020 13.987417171380764 468
1757497226105 9.965028958583302 469
1757497226281 13.458833942567693 470
1757497226381 11.674249284909417 471
1757497226469 14.200597564396228 472
1757497226546 14.575514491875827 473
1757497226636 12.243178832257328 474
1757497226734 13.407239021209755 475
1757497226836 15.627583645429283 476
1757497226917 10.623645154013701 477
1757497226986 19.08728240272353 478
1757497227051 8.80883408667021 479
1757497227118 13.689441047929739 480
1757497227186 11.81924202003834 481
1757497227251 15.138648890848225 482
1757497227313 11.208975061457714 483
1757497227376 14.743058266398323 484
1757497227439 10.776961599143979 485
1757497227500 15.797513911589908 486
1757497227563 10.285210843807342 487
1757497227625 22.153085470702337 488
1757497227687 13.329855674674269 489
1757497227749 11.133201524015641 490
1757497227822 14.510119278985917 491
1757497227884 11.825571103715168 492
1757497227946 19.423450365655132 493
1757497228009 11.875060477299352 494
1757497228069 11.987988884114701 495
1757497228128 10.166032703404662 496
1757497228190 23.835313391738293 497
1757497228250 11.836355594715949 498
1757497228311 11.856152831843817 499
