1757496689405 160.83667966134522 0
1757496689456 160.23978983381662 1
1757496689508 152.46996885339783 2
1757496689564 151.848005418162 3
1757496689624 145.37671698547229 4
1757496689680 138.69161303525206 5
1757496689739 138.89413811114287 6
1757496689802 128.8961197995947 7
1757496689854 129.78320038382714 8
1757496689915 117.31336642578206 9
1757496689967 121.04201548686149 10
1757496690019 116.05493727356867 11
1757496690070 110.36655780763047 12
1757496690120 115.4480215135709 13
1757496690178 109.08127071812906 14
1757496690239 104.44837500357724 15
1757496690296 96.93876936767846 16
1757496690353 97.08253457873545 17
1757496690404 98.99321447855928 18
1757496690462 101.99809565160747 19
1757496690521 87.49191435028034 20
1757496690573 93.21624621389381 21
1757496690630 89.02582456841586 22
1757496690685 85.97395190905954 23
1757496690739 83.96455592199314 24
1757496690792 83.04763250561865 25
1757496690852 77.96544817569902 26
1757496690904 78.7958155641027 27
1757496690955 79.02468694196494 28
1757496691007 78.44336975980947 29
1757496691058 72.4421937028933 30
1757496691110 73.87341096550833 31
1757496691160 70.27844628617969 32
1757496691212 76.24808043102813 33
1757496691261 76.0187730495852 34
1757496691312 67.66776122999626 35
1757496691363 68.30333216130391 36
1757496691415 74.99330828125069 37
1757496691467 83.39563816552094 38
1757496691520 62.195808170097486 39
1757496691569 63.64443608391041 40
1757496691618 69.60934797550698 41
1757496691667 68.30870523734626 42
1757496691717 60.468584373859834 43
1757496691766 64.74562748913993 44
1757496691814 67.01497498578144 45
1757496691864 57.3777712067284 46
1757496691914 54.94873123696059 47
1757496691968 56.08029148197741 48
1757496692020 56.61130059382555 49
1757496692071 56.46578849842514 50
1757496692121 53.67503233779632 51
1757496692169 58.6513981051043 52
1757496692219 48.7533574735241 53
1757496692270 50.76039816734103 54
1757496692320 52.14103305374678 55
1757496692368 45.23576370077426 56
1757496692416 48.74260084278427 57
1757496692467 56.343374078253966 58
1757496692516 47.74526931564397 59
1757496692565 65.38161315957382 60
1757496692616 56.37419392298228 61
1757496692671 50.73189105856824 62
1757496692723 51.86211108524715 63
1757496692772 54.954632501389845 64
1757496692822 47.26045298786858 65
1757496692877 50.176618770890705 66
1757496692946 43.82012283850597 67
1757496693002 47.01948668382082 68
1757496693053 41.44187200811849 69
1757496693105 46.831610566726575 70
1757496693154 52.21089070380836 71
1757496693203 44.71375297517041 72
1757496693256 42.34780655224206 73
1757496693308 47.80292447143584 74
1757496693359 49.60807848885308 75
1757496693408 36.09890365508234 76
1757496693457 49.89814086690222 77
1757496693508 47.51387970115113 78
1757496693558 41.798489497340476 79
1757496693607 40.92501014543746 80
1757496693658 39.95046964093371 81
1757496693709 41.3484579066558 82
1757496693759 39.53378920603923 83
1757496693809 40.02943680583249 84
1757496693903 41.2341219120848 85
1757496693966 35.257730531993616 86
1757496694032 33.97803696219892 87
1757496694093 37.953880150341924 88
1757496694149 57.791936070625475 89
1757496694203 34.2701978479029 90
1757496694266 39.0649232059509 91
1757496694322 56.390832937287115 92
1757496694384 47.561067609911156 93
1757496694462 46.297057528330186 94
1757496694526 41.5773775848269 95
1757496694583 53.634116852555046 96
1757496694640 40.14063964518079 97
1757496694695 31.238772718509715 98
1757496694751 36.36251193053221 99
1757496694806 45.61754352682246 100
1757496694859 33.73787726213808 101
1757496694918 44.95151454238461 102
1757496694969 54.26034721430317 103
1757496695021 34.551436123282535 104
1757496695074 35.82281482921804 105
1757496695126 33.44580426481871 106
1757496695178 55.52078646586235 107
1757496695231 36.15017176779878 108
1757496695285 28.79945333515041 109
1757496695336 35.23555850212223 110
1757496695389 29.189345852573194 111
1757496695442 36.00429410645073 112
1757496695494 33.31215365567101 113
1757496695545 33.011688207797064 114
1757496695598 31.24872661800676 115
1757496695651 39.523310968674366 116
1757496695703 36.62632894230051 117
1757496695758 43.06017863920922 118
1757496695810 34.25822790576353 119
1757496695863 35.45562228999936 120
1757496695923 35.93643453413611 121
1757496695977 31.296360382507117 122
1757496696027 37.7129439253988 123
1757496696078 28.005219872277017 124
1757496696128 42.507629267680905 125
1757496696179 39.72795955855058 126
1757496696230 30.201807362872998 127
1757496696281 46.94592936778223 128
1757496696333 42.671029552831556 129
1757496696383 29.85434490609405 130
1757496696435 31.079705022291254 131
1757496696516 31.99844748999186 132
1757496696814 41.37423153592513 133
1757496696931 25.486348702841358 134
1757496697052 32.43356196101371 135
1757496697133 30.344723916455166 136
1757496697253 30.377678940381266 137
1757496697329 37.96355580835905 138
1757496697409 35.95464615371409 139
1757496697514 30.566668851695994 140
1757496697668 35.372297627784704 141
1757496697764 34.160055231724655 142
1757496697825 29.391446287150774 143
1757496697884 36.551964267090156 144
1757496697952 30.85927548033698 145
1757496698008 25.94972436209539 146
1757496698067 26.236921830055838 147
1757496698124 26.309970814440643 148
1757496698179 28.58849362994157 149
1757496698233 29.573183260573973 150
1757496698286 31.03178149006887 151
1757496698341 26.150968974849803 152
1757496698395 24.449202001389352 153
1757496698462 39.86618202464157 154
1757496698519 32.97938280437079 155
1757496698574 29.011092210121554 156
1757496698637 30.468706920293318 157
1757496698692 21.683041369038133 158
1757496698747 38.0360771968467 159
1757496698801 17.353683347174087 160
1757496698857 29.35019197395936 161
1757496698924 42.64546631396739 162
1757496698987 32.096410527522984 163
1757496699043 29.072510841238635 164
1757496699095 28.531793610251114 165
1757496699150 31.259228619275003 166
1757496699203 27.878673980989824 167
1757496699257 30.106627667711265 168
1757496699311 28.126911145538177 169
1757496699402 30.200559794120316 170
1757496699472 26.623953428114284 171
1757496699547 33.68968059161823 172
1757496699607 36.66743275264705 173
1757496699666 29.09739128445494 174
1757496699726 26.170819966334964 175
1757496699786 124.44881223040066 176
1757496699841 25.317156830710886 177
1757496699896 34.0879521603963 178
1757496699953 27.080019234142995 179
1757496700018 32.14944343475804 180
1757496700076 29.433588028630073 181
1757496700132 26.414539114071843 182
1757496700188 30.540939036283593 183
1757496700244 45.48688143020647 184
1757496700297 25.28179853646793 185
1757496700374 30.337903711851453 186
1757496700436 24.208919118088428 187
1757496700497 23.089397790057717 188
1757496700554 25.19640310855912 189
1757496700644 26.51561555724919 190
1757496700762 20.468472148851614 191
1757496700862 25.68343052540227 192
1757496700942 22.50655820517856 193
1757496701048 23.198356818224415 194
1757496701120 36.923391923357435 195
1757496701188 29.11440006467066 196
1757496701254 37.96836571539558 197
1757496701321 25.969559750918638 198
1757496701404 34.18215127852819 199
1757496701483 25.613979340398203 200
1757496701560 31.456584802927075 201
1757496701743 22.181097301813402 202
1757496702082 22.97871741622306 203
1757496702310 24.87459053207261 204
1757496702483 20.450439806893993 205
1757496702623 31.85051821349228 206
1757496702799 24.459107549243363 207
1757496702956 24.22526710845095 208
1757496703114 25.278216073762167 209
1757496703298 20.547059547722167 210
1757496703439 39.10147907864896 211
1757496703531 24.520928220442993 212
1757496703627 19.059243014053486 213
1757496703735 28.65491430845831 214
1757496703813 19.56592752870996 215
1757496703884 22.485163084042746 216
1757496703954 19.737639472384252 217
1757496704038 23.52870425839209 218
1757496704166 102.51198274967615 219
1757496704267 20.455904829087586 220
1757496704356 22.149116784431502 221
1757496704435 27.707127594421898 222
1757496704522 40.14763689516931 223
1757496704611 23.68678112959528 224
1757496704684 31.558204433073733 225
1757496704756 22.670403242788435 226
1757496704825 24.016987860046488 227
1757496704891 20.347201578143984 228
1757496704960 23.802440439458948 229
1757496705027 20.484348863709027 230
1757496705089 23.45879156555963 231
1757496705157 18.36153041381487 232
1757496705220 94.25836200899744 233
1757496705281 20.62563437681104 234
1757496705337 19.26834594962681 235
1757496705393 21.928440125787684 236
1757496705450 29.230167825471806 237
1757496705507 22.749263282397017 238
1757496705564 21.066293930085337 239
1757496705665 29.0859350802161 240
1757496705732 18.03741764245853 241
1757496705794 25.234803228555407 242
1757496705860 33.408162576504374 243
1757496705917 31.5345572224533 244
1757496705977 20.946706007689563 245
1757496706034 20.611043373137097 246
1757496706091 16.285426628100105 247
1757496706149 19.44246763146233 248
1757496706213 18.780807289577183 249
1757496706270 34.99684446116518 250
1757496706324 33.20000041745189 251
1757496706378 27.057715612876457 252
1757496706434 20.33769262289206 253
1757496706488 23.338826860059275 254
1757496706541 24.23424161990488 255
1757496706596 21.179436287179897 256
1757496706654 21.44110412383634 257
1757496706708 32.60622389284234 258
1757496706762 21.064862826337365 259
1757496706814 24.184371075991038 260
1757496706866 20.173244455174867 261
1757496706919 25.22939944633139 262
1757496706972 22.040957616483528 263
1757496707025 22.678496385964912 264
1757496707078 25.368805064731276 265
1757496707138 27.842754683500377 266
1757496707203 17.62335550471161 267
1757496707259 19.486415992968983 268
1757496707313 18.932212211793903 269
1757496707366 19.842422412389624 270
1757496707418 20.332055501610668 271
1757496707470 22.955646340444684 272
1757496707522 19.256267911842674 273
1757496707574 28.000299665106894 274
1757496707628 35.63132467151894 275
1757496707680 16.466951883889905 276
1757496707742 26.164337072614888 277
1757496707892 21.275415738674067 278
1757496708025 14.237231912697832 279
1757496708165 30.205960643558974 280
1757496708249 25.304168229501105 281
1757496708309 19.56838941631083 282
1757496708385 20.540491380764923 283
1757496708540 19.119960958317563 284
1757496708634 21.47026720620326 285
1757496708806 17.064326202337558 286
1757496708905 17.0012838068894 287
1757496708978 19.593451493881556 288
1757496709044 23.44355709003554 289
1757496709105 20.879690297822556 290
1757496709165 18.500641712625093 291
1757496709248 84.0125999333614 292
1757496709308 16.919975502520263 293
1757496709366 23.689092835834053 294
1757496709425 20.39436277856631 295
1757496709485 24.43160953433961 296
1757496709543 17.47772671933011 297
1757496709604 18.223289231754386 298
1757496709669 22.114094239476774 299
1757496709728 18.044806789888046 300
1757496709789 18.77201575287532 301
1757496709847 20.89636080599989 302
1757496709904 27.719368612441233 303
1757496709964 16.59871779791411 304
1757496710020 15.541685885743666 305
1757496710075 24.999354842221607 306
1757496710131 20.14535115931286 307
1757496710186 16.21763695755901 308
1757496710243 18.78167787414554 309
1757496710306 19.085794631638045 310
1757496710399 18.589046979477633 311
1757496710465 17.501561385386964 312
1757496710523 16.266837084832073 313
1757496710580 15.592652883745801 314
1757496710636 17.6690159934912 315
1757496710691 17.883644989907232 316
1757496710747 18.277429783502654 317
1757496710803 16.482232411370134 318
1757496710857 19.563232821222055 319
1757496710910 18.377571107165853 320
1757496710966 15.821568124601429 321
1757496711021 24.516458936734107 322
1757496711102 17.621384947510332 323
1757496711169 17.945384140075856 324
1757496711235 11.504180021559995 325
1757496711310 20.1364914271398 326
1757496711368 17.823065291595263 327
1757496711423 15.098230170233924 328
1757496711483 28.134234575630554 329
1757496711556 16.078802961408044 330
1757496711629 17.534894650072204 331
1757496711688 13.711155214604393 332
1757496711748 23.60549697359682 333
1757496711806 15.88213853699748 334
1757496711863 19.408603127743227 335
1757496711920 19.192573157556335 336
1757496711984 14.829964671618443 337
1757496712054 16.474850235897858 338
1757496712115 16.64401451161249 339
1757496712200 18.22977573243644 340
1757496712293 15.658474493953218 341
1757496712358 15.981143657493211 342
1757496712425 12.156717414395734 343
1757496712485 17.5458399129235 344
1757496712545 15.73401401675528 345
1757496712606 16.870906743956574 346
1757496712667 19.62352812198887 347
1757496712726 16.099730662014146 348
1757496712782 25.07237139745847 349
1757496712838 13.69123062343024 350
1757496712897 14.271515285162293 351
1757496712960 16.339025129087215 352
1757496713021 16.50550222353053 353
1757496713081 14.096928495054923 354
1757496713138 17.896894396823573 355
1757496713194 15.094901730336604 356
1757496713250 15.640816331248947 357
1757496713318 15.77172682351095 358
1757496713374 21.91196926797607 359
1757496713434 16.443465161187603 360
1757496713491 14.835708489285253 361
1757496713550 27.400225164231887 362
1757496713608 15.259014557273453 363
1757496713675 15.217848077227329 364
1757496713739 15.313143627324877 365
1757496713810 16.833915367332743 366
1757496713873 15.83038641554624 367
1757496713938 58.57507077629673 368
1757496714000 19.53623005225695 369
1757496714061 12.873415924482394 370
1757496714120 13.513274979679597 371
1757496714177 18.048226244873227 372
1757496714236 15.69491802309996 373
1757496714295 17.495270492168764 374
1757496714359 11.035994833523617 375
1757496714416 13.061153972869358 376
1757496714474 14.650078304430902 377
1757496714534 16.97132219576214 378
1757496714592 13.175671700004083 379
1757496714658 17.59081530062179 380
1757496714748 11.627123907492878 381
1757496714816 14.13055494403619 382
1757496714888 8.97394480480993 383
1757496714951 14.524123254109238 384
1757496715013 15.519118532984596 385
1757496715073 15.833275120847924 386
1757496715134 16.375834109897465 387
1757496715198 20.721173658792438 388
1757496715260 19.20786503423108 389
1757496715320 21.52934401950429 390
1757496715386 14.933585560180244 391
1757496715446 17.376055827642233 392
1757496715505 11.750611657539997 393
1757496715564 14.4865545296001 394
1757496715622 12.588129958206952 395
1757496715692 17.224789375683375 396
1757496715753 16.401546232162218 397
1757496715814 27.193930113559787 398
1757496715872 14.82755662244835 399
1757496715931 16.11630710468853 400
1757496715992 14.928219231631065 401
1757496716052 18.08645618092167 402
1757496716113 15.245678259358025 403
1757496716171 13.112141554288351 404
1757496716233 13.695739412849758 405
1757496716291 17.209632099289923 406
1757496716350 13.518684983177792 407
1757496716476 14.384401095661559 408
1757496716543 13.747767154090003 409
1757496716612 10.024796826833448 410
1757496716673 20.786454631916655 411
1757496716736 12.590838116861756 412
1757496716833 14.78765357852137 413
1757496716985 13.3198174031006 414
1757496717179 23.126311021402806 415
1757496717333 14.561686762839333 416
1757496717474 21.105897843633947 417
1757496717562 15.731355539027994 418
1757496717663 15.895429945397252 419
1757496717816 15.057326651592687 420
1757496717971 16.066263860914344 421
1757496718078 54.94330098772114 422
1757496718277 9.490651586072328 423
1757496718362 13.397027409047785 424
1757496718443 17.371315655914042 425
1757496718513 19.782013311336858 426
1757496718581 14.957190553016533 427
1757496718650 14.044096147972594 428
1757496718714 14.87791370702245 429
1757496718783 22.599516193306684 430
1757496718850 15.040167426424711 431
1757496718916 16.853597539587405 432
1757496718983 15.489152163026546 433
1757496719048 16.912802171863383 434
1757496719111 11.961956715842911 435
1757496719173 13.23783926923243 436
1757496719233 13.949415889257807 437
1757496719311 13.813905638867352 438
1757496719410 14.666912396076489 439
1757496719500 15.481010391849312 440
1757496719573 19.806470891269758 441
1757496719643 11.896909459185288 442
1757496719707 11.636376989947863 443
1757496719778 11.67179582626271 444
1757496719905 12.746453786499487 445
1757496719980 13.15671533524263 446
1757496720056 12.357884613637427 447
1757496720120 53.14722356914981 448
1757496720186 14.252185646423412 449
1757496720248 15.248328265850326 450
1757496720326 12.243051302386053 451
1757496720390 14.947831309241343 452
1757496720462 18.04813963229392 453
1757496720525 12.973663100558465 454
1757496720586 17.165155212561498 455
1757496720648 48.75381501668648 456
1757496720709 18.785486545687526 457
1757496720773 13.093612056682856 458
1757496720836 13.65100575451793 459
1757496720896 17.429736318593115 460
1757496720955 10.8444503753925 461
1757496721013 13.54077952351259 462
1757496721072 11.780254667399193 463
1757496721131 14.709098397594268 464
1757496721187 16.3394595400988 465
1757496721244 11.181517372751385 466
1757496721304 12.03801481173439 467
1757496721361 15.056521660430567 468
1757496721418 10.605114134248847 469
1757496721482 13.40749231663517 470
1757496721546 25.452027737382632 471
1757496721604 21.063248636325714 472
1757496721662 10.46303578326876 473
1757496721720 12.045856392285474 474
1757496721778 11.044131227213189 475
1757496721836 14.849274879983083 476
1757496721894 14.263513224955611 477
1757496721953 12.521608815411822 478
1757496722013 12.857643884753445 479
1757496722072 17.134922508923026 480
1757496722130 14.587696126422298 481
1757496722187 13.336080339344477 482
1757496722245 9.895828159798082 483
1757496722305 12.192361850406897 484
1757496722363 11.869197741960994 485
1757496722422 13.796596521143003 486
1757496722484 10.240194852653135 487
1757496722548 9.947644358500918 488
1757496722606 11.802794266618418 489
1757496722664 13.431052223791287 490
1757496722723 9.521760585948533 491
1757496722781 14.29085981382793 492
1757496722840 12.331457092542399 493
1757496722899 12.750346105196975 494
1757496722956 10.802427220113852 495
1757496723015 15.04550011614802 496
1757496723073 13.109202206641283 497
1757496723132 11.488436813918852 498
1757496723191 12.81905027964723 499
