1757402529031 172.81915091052085 0
1757402529076 68.96797260259282 1
1757402529111 79.53508986724462 2
1757402529144 56.85977973814365 3
1757402529182 54.97385029712088 4
1757402529220 47.281087743436515 5
1757402529256 44.29017792388155 6
1757402529291 40.50931295092296 7
1757402529328 38.005406834937126 8
1757402529366 35.588565727114585 9
1757402529401 33.63707455699639 10
1757402529433 31.86773231923747 11
1757402529466 30.330474213272616 12
1757402529498 28.94325307278919 13
1757402529530 27.698667235826605 14
1757402529561 26.564764165822343 15
1757402529594 25.52841878843894 16
1757402529625 24.57322808796001 17
1757402529662 23.6886901595493 18
1757402529703 22.864843420469235 19
1757402529739 22.094170740185263 20
1757402529774 21.37009438370866 21
1757402529818 20.687313400409217 22
1757402529871 20.041284393304373 23
1757402529908 19.428228861955965 24
1757402529944 18.84491055537496 25
1757402529984 18.28858546085452 26
1757402530014 17.756888282107244 27
1757402530043 17.24778368742859 28
1757402530070 16.75950136556478 29
1757402530096 16.290498490696788 30
1757402530124 15.839419754708407 31
1757402530175 15.40507028483025 32
1757402530201 14.986389826624851 33
1757402530227 14.582433574446318 34
1757402530255 14.192354907756439 35
1757402530281 13.815391847370309 36
1757402530307 13.450855200942746 37
1757402530334 13.098118937472853 38
1757402530370 12.756611870164956 39
1757402530397 12.425810750071774 40
1757402530423 12.105234323573882 41
1757402530449 11.794438321204105 42
1757402530475 11.49301114349399 43
1757402530501 11.200570181602911 44
1757402530527 10.916758639950034 45
1757402530553 10.641242802149279 46
1757402530579 10.373709659559351 47
1757402530605 10.11386485534115 48
1757402530631 9.861430892125416 49
1757402530658 9.616145567690682 50
1757402530684 9.377760603809376 51
1757402530712 9.146040441992438 52
1757402530739 8.92076118199914 53
1757402530766 8.701709643877654 54
1757402530794 8.488682536438942 55
1757402530821 8.28148571808168 56
1757402531067 8.079933537652087 57
1757402531102 7.883848244990863 58
1757402531129 7.693059462181431 59
1757402531155 7.507403707855221 60
1757402531181 7.326723967930484 61
1757402531207 7.150869307103496 62
1757402531233 6.979694516167713 63
1757402531259 6.813059790912195 64
1757402531286 6.650830438910342 65
1757402531312 6.49287661100137 66
1757402531338 6.3390730546818705 67
1757402531370 6.1892988869857675 68
1757402531398 6.043437384739511 69
1757402531424 5.9013757903470045 70
1757402531451 5.763005131488862 71
1757402531480 5.628220053320328 72
1757402531506 5.496918661924974 73
1757402531532 5.369002377930873 74
1757402531558 5.244375799326286 75
1757402531584 5.122946572624767 76
1757402531610 5.004625271628182 77
1757402531635 4.889325283121803 78
1757402531661 4.77696269891046 79
1757402531686 4.667456213670309 80
1757402531712 4.560727028147685 81
1757402531738 4.456698757286853 82
1757402531764 4.355297342912264 83
1757402531790 4.256450970629564 84
1757402531816 4.160089990643513 85
1757402531842 4.066146842220883 86
1757402531868 3.974555981552702 87
1757402531894 3.8852538127936262 88
1757402531920 3.798178622076627 89
1757402531946 3.7132705143196194 90
1757402531973 3.630471352656793 91
1757402532000 3.5497247003417614 92
1757402532027 3.470975764982587 93
1757402532053 3.394171344980134 94
1757402532079 3.31925977805146 95
1757402532105 3.2461908917291393 96
1757402532131 3.1749159557356625 97
1757402532163 3.1053876361394153 98
1757402532189 3.0375599512055462 99
1757402532215 2.9713882288608815 100
1757402532242 2.906829065697713 101
1757402532269 2.8438402874460573 102
1757402532295 2.7823809108486595 103
1757402532321 2.722411106876957 104
1757402532347 2.6638921652301137 105
1757402532381 2.6067864600625605 106
1757402532408 2.5510574168886975 107
1757402532434 2.496669480616223 108
1757402532460 2.4435880846623474 109
1757402532487 2.3917796211094515 110
1757402532514 2.3412114118591467 111
1757402532540 2.2918516807457427 112
1757402532567 2.2436695265721047 113
1757402532593 2.1966348970326752 114
1757402532620 2.150718563490174 115
1757402532646 2.105892096574048 116
1757402532673 2.0621278425702205 117
1757402532700 2.0193989005730857 118
1757402532727 1.9776791003719891 119
1757402532753 1.9369429810457028 120
1757402532780 1.8971657702394564 121
1757402532807 1.8583233641002967 122
1757402532834 1.8203923078474575 123
1757402532860 1.7833497769554825 124
1757402532887 1.7472488613477963 125
1757402532913 1.7119470545106306 126
1757402532940 1.6774697059698844 127
1757402532967 1.6437910392354949 128
1757402532994 1.6108945569095807 129
1757402533022 1.5787587801151783 130
1757402533048 1.5473662781322186 131
1757402533075 1.5166978893383192 132
1757402533102 1.4867363329580978 133
1757402533129 1.4574639231976854 134
1757402533156 1.428863978659813 135
1757402533183 1.400919918999885 136
1757402533210 1.3736158095012194 137
1757402533237 1.346936000241717 138
1757402533264 1.320865332314423 139
1757402533292 1.2953889898720492 140
1757402533319 1.270492574312117 141
1757402533346 1.246162040060131 142
1757402533373 1.222383717478658 143
1757402533410 1.1991442818080338 144
1757402533437 1.1764307563828456 145
1757402533464 1.1542304949078157 146
1757402533491 1.1325311773160696 147
1757402533519 1.1113207975983337 148
1757402533547 1.0905876571056174 149
1757402533574 1.0703203548636435 150
1757402533601 1.0505077801770022 151
1757402533628 1.0311391042070577 152
1757402533655 1.0122037725838502 153
1757402533682 0.9936914977498692 154
1757402533709 0.9755922518373245 155
1757402533737 0.9578962595651198 156
1757402533764 0.940593991465052 157
1757402533792 0.9236761572322301 158
1757402533819 0.9071336993170255 159
1757402533847 0.8909577866746551 160
1757402533874 0.8751398087148008 161
1757402533901 0.8596713694150258 162
1757402533928 0.8445442816113475 163
1757402533955 0.8297505614486352 164
1757402533983 0.8152824229930329 165
1757402534013 0.8011322729967193 166
1757402534041 0.787292705813072 167
1757402534068 0.7737564984557223 168
1757402534096 0.7605166057981412 169
1757402534123 0.747566155908687 170
1757402534150 0.7348984455173738 171
1757402534178 0.7225069356100335 172
1757402534206 0.7103852471461268 173
1757402534233 0.6985271568963398 174
1757402534261 0.6869265933963714 175
1757402534288 0.6755776330133715 176
1757402534316 0.6644744961216347 177
1757402534344 0.6536115433842529 178
1757402534372 0.6429832721375643 179
1757402534408 0.632584312875323 180
1757402534436 0.6224094258296046 181
1757402534464 0.6124534976455839 182
1757402534492 0.602711538147423 183
1757402534521 0.5931786771925331 184
1757402534548 0.58385016161166 185
1757402534576 0.5747213522322329 186
1757402534604 0.5657877209825665 187
1757402534632 0.5570448480745317 188
1757402534660 0.5484884192624273 189
1757402534688 0.5402972315690223 190
1757402534715 0.532185143771461 191
1757402534743 0.5242506671937321 192
1757402534772 0.5164811080145879 193
1757402534800 0.5088785099318385 194
1757402534829 0.5014353246489793 195
1757402534857 0.4941503294125787 196
1757402534884 0.48701844276911294 197
1757402534912 0.48003714854278845 198
1757402534941 0.47320245800202826 199
1757402534969 0.46651143823564395 200
1757402534998 0.4599606255906408 201
1757402535027 0.45354701579187773 202
1757402535055 0.44726744120771605 203
1757402535083 0.4411189574238891 204
1757402535112 0.4350985983281097 205
1757402535154 0.4292035263259237 206
1757402535229 0.4234309354204108 207
1757402535300 0.41777810896089923 208
1757402535350 0.4122423807078788 209
1757402535391 0.40682115645176925 210
1757402535449 0.40151189782713415 211
1757402535489 0.396312129849077 212
1757402535529 0.39121943368382217 213
1757402535569 0.3862314487273691 214
1757402535609 0.38134586893156025 215
1757402535648 0.37656044279637235 216
1757402535685 0.37187297113467316 217
1757402535721 0.3672813062939837 218
1757402535759 0.3627833505283851 219
1757402535798 0.3583770549614945 220
1757402535838 0.35406041823716783 221
1757402535877 0.3498314854210523 222
1757402535917 0.3456883467988696 223
1757402535957 0.3416291367911565 224
1757402535997 0.33765203284530343 225
1757402536038 0.3337552543902929 226
1757402536077 0.32993706179915205 227
1757402536116 0.3261957553920179 228
1757402536156 0.3225296744577837 229
1757402536197 0.31893719630675177 230
1757402536260 0.3154167353451888 231
1757402536303 0.31196674217621884 232
1757402536345 0.30858570272306335 233
1757402536386 0.30527213737596437 234
1757402536427 0.30202460016083205 235
1757402536497 0.2988416779297599 236
1757402536532 0.2957219895722872 237
1757402536566 0.2926641852471076 238
1757402536602 0.2896669456334476 239
1757402536638 0.2867289812016711 240
1757402536695 0.28384903150249613 241
1757402536726 0.2810258644743333 242
1757402536756 0.2782582757682197 243
1757402536786 0.2755450880898722 244
1757402536817 0.27288515055836937 245
1757402536847 0.2702773380810175 246
1757402536877 0.267720550743944 247
1757402536908 0.2652137132179938 248
1757402536938 0.26275577417951096 249
1757402536970 0.26034570574559845 250
1757402537001 0.2579825029234673 251
1757402537032 0.2556651830734955 252
1757402537062 0.25339278538562593 253
1757402537093 0.251164370368745 254
1757402537123 0.2489790193527035 255
1757402537153 0.24683583400263415 256
1757402537183 0.24473393584524394 257
1757402537214 0.24267246580676607 258
1757402537245 0.24065058376225992 259
1757402537276 0.23866746809596787 260
1757402537307 0.23672231527242774 261
1757402537545 0.23481433941806984 262
1757402537608 0.23294277191302262 263
1757402537642 0.23110686099285638 264
1757402537686 0.22930587136001312 265
1757402537716 0.22753908380467042 266
1757402537747 0.22580579483479019 267
1757402537777 0.2241053163151243 268
1757402537807 0.22243697511494154 269
1757402537836 0.22080011276424807 270
1757402537866 0.2191940851182951 271
1757402537896 0.2176182620301516 272
1757402537927 0.21607202703114034 273
1757402537957 0.21455477701894018 274
1757402537988 0.21306592195315022 275
1757402538018 0.21160488455814142 276
1757402538048 0.21017110003299547 277
1757402538077 0.2087640157683652 278
1757402538107 0.2073830910700717 279
1757402538137 0.20602779688927775 280
1757402538166 0.20469761555906507 281
1757402538196 0.20339204053725848 282
1757402538226 0.20211057615533945 283
1757402538256 0.20085273737329887 284
1757402538286 0.1996180495402797 285
1757402538316 0.19840604816086196 286
1757402538346 0.19721627866685912 287
1757402538375 0.19604829619447586 288
1757402538405 0.1949016653667079 289
1757402538435 0.19377596008084538 290
1757402538469 0.1926707633009554 291
1757402538500 0.19158566685522632 292
1757402538532 0.19052027123804557 293
1757402538562 0.18947418541670216 294
1757402538593 0.18844702664259513 295
1757402538623 0.1874384202668421 296
1757402538653 0.18644799956017807 297
1757402538683 0.18547540553703712 298
1757402538713 0.18452028678371893 299
1757402538743 0.18358229929054357 300
1757402538773 0.18266110628788737 301
1757402538803 0.18175637808601358 302
1757402538834 0.18086779191860763 303
1757402538863 0.17999503178991808 304
1757402538893 0.17913778832542746 305
1757402538924 0.17829575862595703 306
1757402538954 0.1774686461251316 307
1757402538987 0.17665616045011728 308
1757402539018 0.17585801728555855 309
1757402539048 0.1750739382406316 310
1757402539078 0.17430365071914752 311
1757402539109 0.17354688779262298 312
1757402539140 0.17280338807625525 313
1757402539170 0.17207289560772923 314
1757402539201 0.17135515972878598 315
1757402539237 0.17064993496949346 316
1757402539276 0.1699569809351504 317
1757402539307 0.16927606219575933 318
1757402539338 0.16860694817801578 319
1757402539369 0.1679494130597437 320
1757402539399 0.1673032356667271 321
1757402539430 0.16666819937187688 322
1757402539460 0.16604409199668105 323
1757402539503 0.1654307057148805 324
1757402539535 0.1648278369583214 325
1757402539565 0.16423528632493048 326
1757402539597 0.16365285848876746 327
1757402539629 0.1630803621120986 328
1757402539659 0.1625176097594512 329
1757402539690 0.16196441781360077 330
1757402539722 0.16142060639344127 331
1757402539756 0.16088599927369895 332
1757402539788 0.16036042380644844 333
1757402539819 0.1598437108443824 334
1757402539850 0.15933569466579978 335
1757402539881 0.15883621290127029 336
1757402539912 0.15834510646193622 337
1757402539943 0.15786235522725303 338
1757402539974 0.15738906767271565 339
1757402540008 0.15691993496783888 340
1757402540040 0.1564638823199481 341
1757402540071 0.1560091058724074 342
1757402540102 0.15556849567656986 343
1757402540133 0.1551282906507813 344
1757402540164 0.15470209136801194 345
1757402540195 0.1542762067667468 346
1757402540226 0.1538637344980075 347
1757402540257 0.15345174797656794 348
1757402540288 0.15305246460650512 349
1757402540319 0.15265390150630012 350
1757402540350 0.15226733470387852 351
1757402540381 0.1518817134227089 352
1757402540413 0.15151087648889636 353
1757402540444 0.1511336877740248 354
1757402540475 0.15077268721388304 355
1757402540518 0.1504160766343946 356
1757402540552 0.15005822626591828 357
1757402540585 0.14971342734814988 358
1757402540617 0.1493746746980415 359
1757402540650 0.14903756993118455 360
1757402540681 0.14870318941197747 361
1757402540711 0.14837897022915345 362
1757402540743 0.14806237259515867 363
1757402540774 0.14774547701195917 364
1757402540805 0.14743745373583952 365
1757402540835 0.14713173824349038 366
1757402540866 0.14682549166413117 367
1757402540896 0.14653200385560286 368
1757402540927 0.1462441650362504 369
1757402540958 0.14595592933652493 370
1757402540990 0.14567582817531624 371
1757402541022 0.1453976854953172 372
1757402541053 0.14512531887045765 373
1757402541084 0.14485620574632313 374
1757402541115 0.1445918060748327 375
1757402541147 0.14433109110427128 376
1757402541179 0.14407459203208475 377
1757402541211 0.14382186708640096 378
1757402541243 0.14357308549368927 379
1757402541276 0.14332803652985598 380
1757402541309 0.1430867491782807 381
1757402541341 0.14284910441654886 382
1757402541373 0.1426150776360898 383
1757402541405 0.1423845869335652 384
1757402541436 0.14215758794632521 385
1757402541468 0.14193401448269352 386
1757402541508 0.1417138156171065 387
1757402541542 0.14149693245059483 388
1757402541575 0.14128331261556604 389
1757402541607 0.1410729011738016 390
1757402541692 0.14086564628306425 391
1757402541774 0.14066149562724653 392
1757402541832 0.14046039862528018 393
1757402541886 0.14026230502620976 394
1757402541945 0.14006716576547473 395
1757402541988 0.1398749324072959 396
1757402542032 0.13968555747191405 397
1757402542076 0.1394989942096939 398
1757402542119 0.13931519672152792 399
1757402542163 0.1391341198628935 400
1757402542207 0.1389557192834834 401
1757402542251 0.1387799513822599 402
1757402542294 0.13860677331563143 403
1757402542339 0.13843614297261064 404
1757402542383 0.13826801897083335 405
1757402542428 0.1381023606397354 406
1757402542478 0.1379391280119687 407
1757402542537 0.13777828180987015 408
1757402542584 0.13761978343523218 409
1757402542632 0.13746359495722074 410
1757402542678 0.13730967910166308 411
1757402542722 0.13715799923969207 412
1757402542769 0.13700851937701333 413
1757402542814 0.13686120414299605 414
1757402542860 0.13671601878009706 415
1757402542927 0.13657292913330063 416
1757402543002 0.13643190163976823 417
1757402543059 0.13629290331858276 418
1757402543102 0.1361559017606622 419
1757402543137 0.13602086511879014 420
1757402543171 0.13588776209780223 421
1757402543210 0.135756561944905 422
1757402543249 0.1356272344401372 423
1757402543295 0.13549974988697022 424
1757402543413 0.13537407910305083 425
1757402543482 0.13525019341108283 426
1757402543558 0.13512806462984617 427
1757402543648 0.1350076650653597 428
1757402543692 0.1348889675021775 429
1757402543730 0.13477194519482638 430
1757402543782 0.13465657185937835 431
1757402543827 0.13454282166516082 432
1757402543865 0.13443066922660096 433
1757402543903 0.13432008959520558 434
1757402543940 0.1342110582516708 435
1757402543976 0.1341035510981298 436
1757402544014 0.13399754445052472 437
1757402544064 0.13389301503111348 438
1757402544109 0.13378993996110036 439
1757402544347 0.13368829675339855 440
1757402544422 0.13358806330551273 441
1757402544469 0.1334892178925509 442
1757402544507 0.13339173916035402 443
1757402544549 0.13329560611875216 444
1757402544590 0.13320079813493463 445
1757402544626 0.1331072949269428 446
1757402544660 0.1330150765572766 447
1757402544697 0.13292412342661752 448
1757402544734 0.13283441626766362 449
1757402544771 0.13274593613907848 450
1757402544806 0.13265866441954766 451
1757402544843 0.13257258280194475 452
1757402544879 0.1324876732876065 453
1757402544915 0.1324039181807089 454
1757402544949 0.13232130008274978 455
1757402544984 0.13223980188713402 456
1757402545017 0.13215940677385635 457
1757402545052 0.1320800982042851 458
1757402545087 0.1320018599160434 459
1757402545122 0.13192467591798435 460
1757402545157 0.13184853048526038 461
1757402545191 0.13177340815448677 462
1757402545225 0.13169929371899392 463
1757402545259 0.13162617222416909 464
1757402545293 0.13155402896288856 465
1757402545327 0.13148284947103137 466
1757402545360 0.13141261952308225 467
1757402545397 0.13134332512781466 468
1757402545434 0.13127495252405605 469
1757402545467 0.131207488176535 470
1757402545501 0.13114091877180542 471
1757402545534 0.13107523121424872 472
1757402545574 0.13101041262215107 473
1757402545611 0.13094645032385757 474
1757402545648 0.1308833318539959 475
1757402545687 0.13082104494977512 476
1757402545722 0.13075957754735312 477
1757402545757 0.1306989177782737 478
1757402545791 0.13063905396597192 479
1757402545825 0.13057997462234486 480
1757402545860 0.1305216684443885 481
1757402545896 0.13046412431089843 482
1757402545933 0.13040733127923462 483
1757402545970 0.13035127858214496 484
1757402546005 0.1302959556246529 485
1757402546038 0.1302413519810002 486
1757402546072 0.1301874573916525 487
1757402546106 0.13013426176035806 488
1757402546140 0.1300817551512648 489
1757402546176 0.13002992778609065 490
1757402546210 0.12997877004134886 491
1757402546246 0.1299282724456258 492
1757402546280 0.12987842567690847 493
1757402546314 0.12982922055996818 494
1757402546350 0.1297806480637859 495
1757402546385 0.12973269929903336 496
1757402546423 0.12968536551559937 497
1757402546459 0.12963863810016132 498
1757402546493 0.12959250857380533 499
