1757425174355 168.2165737577414 0
1757425174429 72.38046031298808 1
1757425174489 83.88852726725156 2
1757425174545 60.29330436291094 3
1757425174590 59.31350565474607 4
1757425174634 50.76719071072065 5
1757425174669 48.04115717218689 6
1757425174718 43.806546037335636 7
1757425174756 41.26368896021853 8
1757425174806 38.56839390898642 9
1757425174856 36.47808143741296 10
1757425174898 34.50104661326507 11
1757425174947 32.807184241814284 12
1757425175002 31.249606129864986 13
1757425175067 29.858602698440393 14
1757425175106 28.58119937010848 15
1757425175144 27.416255252132213 16
1757425175178 26.339736420398072 17
1757425175224 25.344896672121113 18
1757425175283 24.418469715105083 19
1757425175333 23.553944147622637 20
1757425175383 22.74300539658256 21
1757425175427 21.980412747390986 22
1757425175487 21.260556593543146 23
1757425175523 20.579408250445884 24
1757425175570 19.9330083364335 25
1757425175652 19.318287624139852 26
1757425175716 18.732361213733505 27
1757425175779 18.172880608118902 28
1757425175838 17.63768929985192 29
1757425175900 17.124971801895946 30
1757425175949 16.633079407993723 31
1757425176008 16.160589971351648 32
1757425176081 15.706216594747751 33
1757425176130 15.268828535884476 34
1757425176208 14.847401483859324 35
1757425176256 14.441022139874613 36
1757425176310 14.048859954260463 37
1757425176361 13.670165401585995 38
1757425176437 13.304253154476697 39
1757425176515 12.950498387633134 40
1757425176596 12.608326276784426 41
1757425176670 12.277208103132262 42
1757425176772 11.95665439859418 43
1757425176869 11.646211489999445 44
1757425176992 11.34545684046908 45
1757425177090 11.053996192711333 46
1757425177138 10.77146029151922 47
1757425177176 10.497502598076853 48
1757425177215 10.231796916303715 49
1757425177263 9.974035589862625 50
1757425177342 9.723927740858155 51
1757425177405 9.481197853222163 52
1757425177460 9.245584438452044 53
1757425177498 9.016838920013575 54
1757425177552 8.794724604011169 55
1757425177615 8.579015795087816 56
1757425177655 8.3694969890929 57
1757425177755 8.165962166162474 58
1757425177817 7.9682141476490935 59
1757425177885 7.776064024853004 60
1757425177932 7.589330639219878 61
1757425177995 7.407840115316259 62
1757425178038 7.231425434724139 63
1757425178075 7.059926049618524 64
1757425178124 6.8931875287499995 65
1757425178166 6.73106123383756 66
1757425178210 6.573404021673777 67
1757425178251 6.420077969922973 68
1757425178304 6.270950123436874 69
1757425178365 6.125892259307005 70
1757425178435 5.984780668421108 71
1757425178474 5.84749595204331 72
1757425178528 5.713922831796647 73
1757425178577 5.583949971850882 74
1757425178626 5.457469812107296 75
1757425178680 5.334378411423717 76
1757425178732 5.214575299960348 77
1757425178791 5.097963339884085 78
1757425178843 4.984448593719427 79
1757425178884 4.873940199737387 80
1757425178948 4.766350253822786 81
1757425178995 4.661593697331569 82
1757425179041 4.559588210492283 83
1757425179079 4.460254110956899 84
1757425179121 4.363514257141399 85
1757425179173 4.2692939560341685 86
1757425179214 4.177520875178761 87
1757425179258 4.088124958566136 88
1757425179309 4.0010383461942265 89
1757425179379 3.9161952970746787 90
1757425179420 3.833532115484968 91
1757425179463 3.7529870802811134 92
1757425179514 3.674500377101055 93
1757425179566 3.598014033302215 94
1757425179642 3.523471855488714 95
1757425179703 3.450819369494604 96
1757425179754 3.380003762699023 97
1757425179805 3.3109738285581085 98
1757425179868 3.243679913246361 99
1757425179992 3.1780738643073345 100
1757425180084 3.114108981220116 101
1757425180197 3.051739967793957 102
1757425180288 2.9909228863088844 103
1757425180392 2.931615113325095 104
1757425180517 2.8737752970885047 105
1757425180639 2.8173633164639296 106
1757425180692 2.762340241331402 107
1757425180750 2.708668294384487 108
1757425180817 2.6563108142728917 109
1757425180886 2.605232220034697 110
1757425180949 2.555397976766246 111
1757425181003 2.5067745624805298 112
1757425181063 2.4593294361072213 113
1757425181116 2.4130310065898506 114
1757425181183 2.3678486030377646 115
1757425181224 2.323752445892436 116
1757425181273 2.2807136190696764 117
1757425181324 2.238704043040923 118
1757425181375 2.197696448818574 119
1757425181436 2.1576643528117607 120
1757425181481 2.1185820325205227 121
1757425181521 2.0804245030376722 122
1757425181576 2.043167494328948 123
1757425181616 2.0067874292633254 124
1757425181674 1.971261402366483 125
1757425181741 1.9365671592715878 126
1757425181796 1.9026830768425278 127
1757425181858 1.8695881439458302 128
1757425181942 1.8372619428483776 129
1757425181981 1.8056846312189365 130
1757425182073 1.774836924712435 131
1757425182165 1.7447000801167054 132
1757425182274 1.7152558790421695 133
1757425182336 1.6864866121357525 134
1757425182397 1.6583750638009536 135
1757425182454 1.6309044974067612 136
1757425182515 1.6040586409686675 137
1757425182573 1.5778216732857342 138
1757425182633 1.5521782105181996 139
1757425182692 1.5271132931907498 140
1757425182747 1.5026123736070447 141
1757425182804 1.478661303661691 142
1757425182856 1.4552463230363062 143
1757425182905 1.4323540477668288 144
1757425182970 1.409971459169663 145
1757425183049 1.3880858931147222 146
1757425183091 1.3666850296338429 147
1757425183133 1.3457568828534492 148
1757425183184 1.325289791240746 149
1757425183243 1.3052724081531126 150
1757425183318 1.285693692680702 151
1757425183367 1.266542900772593 152
1757425183442 1.2478095766372679 153
1757425183504 1.2294835444083672 154
1757425183553 1.211554900067116 155
1757425183627 1.194014003613029 156
1757425183748 1.1768514714748421 157
1757425183817 1.1600581691538685 158
1757425183890 1.1436252040922488 159
1757425183975 1.1275439187588285 160
1757425184107 1.1118058839456513 161
1757425184249 1.0964028922682645 162
1757425184354 1.0813269518633004 163
1757425184429 1.0665702802770054 164
1757425184479 1.0521252985385896 165
1757425184526 1.0379846254124931 166
1757425184602 1.0241410718238644 167
1757425184672 1.0105876354517171 168
1757425184728 0.9973174954844521 169
1757425184783 0.9843240075325652 170
1757425184863 0.9716006986935828 171
1757425184939 0.9591412627643935 172
1757425184995 0.9469395555963193 173
1757425185068 0.934989590588428 174
1757425185133 0.9232855343147398 175
1757425185206 0.9118217022811107 176
1757425185288 0.9005925548077194 177
1757425185360 0.8895926930332471 178
1757425185412 0.8788168550369064 179
1757425185464 0.8682599120746755 180
1757425185524 0.8579168649261603 181
1757425185603 0.8477828403486264 182
1757425185667 0.8378530876349114 183
1757425185760 0.828122975271957 184
1757425185848 0.8185879876968595 185
1757425185920 0.8092437221474253 186
1757425186000 0.8000858856043127 187
1757425186087 0.7911102918219324 188
1757425186151 0.7823128584453852 189
1757425186207 0.7736896042107839 190
1757425186261 0.7652366462264051 191
1757425186321 0.7569501973322091 192
1757425186372 0.7488265635353005 193
1757425186421 0.7408621415190549 194
1757425186470 0.7330534162236263 195
1757425186520 0.7253969584956942 196
1757425186568 0.7178894228053292 197
1757425186615 0.7105275450279557 198
1757425186665 0.7033081402894217 199
1757425186716 0.6962281008722963 200
1757425186775 0.6892843941815191 201
1757425186860 0.6824740607676402 202
1757425186905 0.6757942124058968 203
1757425186960 0.6692420302294643 204
1757425187006 0.6628147629152474 205
1757425187095 0.6565097249206627 206
1757425187172 0.6503242947698444 207
1757425187216 0.6442559133878522 208
1757425187295 0.6383020824814193 209
1757425187430 0.6324603629648562 210
1757425187537 0.6267283734297973 211
1757425187625 0.6211037886574531 212
1757425187674 0.6155843381721529 213
1757425187719 0.6101678048349165 214
1757425187795 0.6048520234759139 215
1757425187869 0.5996348795646405 216
1757425187937 0.5945143079167169 217
1757425188002 0.5894882914362262 218
1757425188057 0.5845548598925611 219
1757425188131 0.5797120887307622 220
1757425188205 0.5749580979143799 221
1757425188265 0.5702910507998983 222
1757425188331 0.5657091530418197 223
1757425188396 0.5612106515275114 224
1757425188447 0.5567938333409461 225
1757425188505 0.5524570247545172 226
1757425188553 0.5481985902480992 227
1757425188603 0.5440169315545827 228
1757425188657 0.5399104867311095 229
1757425188716 0.5358777292552838 230
1757425188775 0.5319171671456283 231
1757425188837 0.5280273421055977 232
1757425188901 0.5242068286904829 233
1757425188975 0.5204542334965417 234
1757425189028 0.5167681943717243 235
1757425189085 0.5131473796473872 236
1757425189143 0.5095904873903931 237
1757425189204 0.5060962446750233 238
1757425189263 0.5026634068741332 239
1757425189323 0.499290756969022 240
1757425189378 0.4959771048774777 241
1757425189421 0.49272128679949 242
1757425189469 0.48952216458013287 243
1757425189519 0.48637862508913177 244
1757425189563 0.48328957961666663 245
1757425189611 0.48025396328493 246
1757425189658 0.4772707344750186 247
1757425189704 0.4743388742687313 248
1757425189750 0.4714573859048432 249
1757425189796 0.4686252942494804 250
1757425189871 0.4658416452801757 251
1757425189951 0.4631055055832492 252
1757425190005 0.4604159618641361 253
1757425190051 0.45777212047030413 254
1757425190113 0.4551731069264179 255
1757425190229 0.45261806548141487 256
1757425190337 0.45010615866715825 257
1757425190397 0.4476365668683593 258
1757425190448 0.44520848790345835 259
1757425190577 0.4428211366161608 260
1757425190656 0.44047374447734605 261
1757425190697 0.43816555919705974 262
1757425190786 0.43589584434632433 263
1757425190856 0.43366387898848624 264
1757425190934 0.4314689573198664 265
1757425190992 0.4293103883194402 266
1757425191058 0.42718749540731477 267
1757425191127 0.4250996161117638 268
1757425191173 0.42304610174459417 269
1757425191255 0.4210263170846094 270
1757425191330 0.41903964006897865 271
1757425191397 0.41708546149226244 272
1757425191448 0.41516318471292635 273
1757425191491 0.4132722253671258 274
1757425191547 0.4114120110895656 275
1757425191590 0.4095819812412631 276
1757425191658 0.40778158664400904 277
1757425191730 0.4060102893213749 278
1757425191790 0.40426756224606947 279
1757425191872 0.4025528890934984 280
1757425191917 0.40086576400134405 281
1757425191979 0.399205691335027 282
1757425192040 0.3975721854588796 283
1757425192131 0.3959647705128908 284
1757425192232 0.39438298019487 285
1757425192299 0.39282635754789813 286
1757425192378 0.39129445475292307 287
1757425192434 0.3897868329263545 288
1757425192481 0.38830306192255876 289
1757425192536 0.386842720141089 290
1757425192588 0.3854053943385588 291
1757425192638 0.38399067944502335 292
1757425192688 0.38259817838475535 293
1757425192738 0.3812275019013045 294
1757425192789 0.37987826838673283 295
1757425192839 0.37855010371490905 296
1757425192921 0.3772426410787718 297
1757425192988 0.3759555208314475 298
1757425193049 0.3746883903311361 299
1757425193101 0.3734409037896528 300
1757425193167 0.3722127221245598 301
1757425193250 0.37100351281476307 302
1757425193333 0.3698129497595144 303
1757425193397 0.3686407131407185 304
1757425193457 0.3674864892884647 305
1757425193535 0.3663499705497034 306
1757425193596 0.365230855159986 307
1757425193665 0.364128847118197 308
1757425193762 0.36304365606418915 309
1757425193860 0.3619749971592698 310
1757425193944 0.3609225909694504 311
1757425194049 0.35988616335139306 312
1757425194141 0.3588654453409987 313
1757425194234 0.3578601730445539 314
1757425194302 0.3568700875323853 315
1757425194356 0.35589493473495243 316
1757425194441 0.35493446534132905 317
1757425194502 0.3539884346999992 318
1757425194590 0.35305660272191575 319
1757425194652 0.35213873378578436 320
1757425194714 0.35123459664548123 321
1757425194794 0.3503439643395896 322
1757425194862 0.34946661410297997 323
1757425194967 0.3486023272803877 324
1757425195038 0.347750889241951 325
1757425195096 0.34691208930064693 326
1757425195161 0.34608572063158627 327
1757425195216 0.34527158019312276 328
1757425195281 0.3444694686497292 329
1757425195352 0.343679190296604 330
1757425195459 0.34290055298595296 331
1757425195576 0.34213336805492617 332
1757425195653 0.3413774502551455 333
1757425195720 0.34063261768381925 334
1757425195791 0.33989869171635556 335
1757425195851 0.3391754969404933 336
1757425195937 0.33846286109187057 337
1757425196002 0.33776061499102955 338
1757425196065 0.33706859248179033 339
1757425196125 0.33638663037099864 340
1757425196178 0.3357145683695792 341
1757425196256 0.3350522490348855 342
1757425196333 0.3343995177143168 343
1757425196391 0.3337562224901475 344
1757425196442 0.33312221412557697 345
1757425196502 0.33249734601193937 346
1757425196554 0.33188147411706265 347
1757425196612 0.3312744569347477 348
1757425196673 0.33067615543533563 349
1757425196745 0.33008643301734647 350
1757425196795 0.3295051554601512 351
1757425196857 0.32893219087767145 352
1757425196953 0.32836740967306427 353
1757425197093 0.32781068449438105 354
1757425197224 0.32726189019117385 355
1757425197350 0.32672090377202895 356
1757425197464 0.32618760436299943 357
1757425197521 0.32566187316692913 358
1757425197567 0.3251435934236351 359
1757425197652 0.32463265037092887 360
1757425197729 0.32412893120647457 361
1757425197785 0.3236323250504399 362
1757425197848 0.3231427229089392 363
1757425197918 0.3226600176382425 364
1757425197965 0.32218410390973545 365
1757425198044 0.32171487817561956 366
1757425198109 0.32125223863531743 367
1757425198160 0.32079608520259223 368
1757425198245 0.3203463194733422 369
1757425198289 0.31990284469406827 370
1757425198337 0.3194655657309956 371
1757425198385 0.31903438903983505 372
1757425198463 0.31860922263616803 373
1757425198533 0.3181899760664455 374
1757425198604 0.3177765603795826 375
1757425198680 0.31736888809913294 376
1757425198749 0.3169668731960415 377
1757425198795 0.3165704310619495 378
1757425198861 0.316179478483047 379
1757425198938 0.31579393361446156 380
1757425199004 0.31541371595516154 381
1757425199102 0.31503874632337525 382
1757425199156 0.31466894683250873 383
1757425199219 0.3143042408675473 384
1757425199289 0.31394455306193425 385
1757425199363 0.3135898092749222 386
1757425199422 0.313239936569372 387
1757425199487 0.3128948631900037 388
1757425199553 0.3125545185420781 389
1757425199606 0.31221883317051374 390
1757425199673 0.31188773873941145 391
1757425199779 0.3115611680119937 392
1757425199838 0.31123905483093783 393
1757425199896 0.3109213340991082 394
1757425199952 0.310607941760659 395
1757425200033 0.3102988147825216 396
1757425200104 0.30999389113625364 397
1757425200195 0.3096931097802397 398
1757425200254 0.30939641064225476 399
1757425200325 0.3091037346023589 400
1757425200395 0.3088150234761325 401
1757425200530 0.30853021999823765 402
1757425200615 0.3082492678063017 403
1757425200740 0.30797211142511627 404
1757425200848 0.3076986962511391 405
1757425200948 0.30742896853729784 406
1757425201055 0.3071628753780948 407
1757425201107 0.3069003646949895 408
1757425201165 0.3066413852220721 409
1757425201255 0.3063858864920054 410
1757425201327 0.3061338188222446 411
1757425201395 0.30588513330151446 412
1757425201458 0.30563978177655066 413
1757425201531 0.3053977168390921 414
1757425201593 0.3051588918131208 415
1757425201647 0.3049232607423477 416
1757425201719 0.30469077837793246 417
1757425201788 0.30446140016643725 418
1757425201838 0.3042350822380121 419
1757425201889 0.3040117813947989 420
1757425201952 0.3037914550995554 421
1757425202021 0.3035740614644946 422
1757425202091 0.30335955924033337 423
1757425202182 0.3031479078055441 424
1757425202272 0.3029390671558097 425
1757425202340 0.30273299789367736 426
1757425202418 0.30252966121839797 427
1757425202473 0.3023290189159649 428
1757425202533 0.30213103334932795 429
1757425202602 0.3019356674487932 430
1757425202653 0.3017428847026043 431
1757425202701 0.3015526491476867 432
1757425202756 0.30136492536057674 433
1757425202811 0.30117967844849974 434
1757425202862 0.30099687404063297 435
1757425202916 0.30081647827950975 436
1757425202968 0.3006384578125913 437
1757425203020 0.30046277978398755 438
1757425203074 0.3002894118263338 439
1757425203143 0.3001183220528077 440
1757425203226 0.2999494790493012 441
1757425203277 0.29978285186672216 442
1757425203351 0.2996184100134422 443
1757425203418 0.2994561234478812 444
1757425203494 0.29929596257122454 445
1757425203567 0.2991378982202684 446
1757425203656 0.2989819016603923 447
1757425203730 0.29882794457866724 448
1757425203881 0.2986759990770728 449
1757425204000 0.2985260376658485 450
1757425204101 0.29837803325695095 451
1757425204221 0.2982319591576387 452
1757425204332 0.29808778906416156 453
1757425204418 0.2979454970555698 454
1757425204485 0.2978050575876221 455
1757425204570 0.297666445486814 456
1757425204668 0.29752963594449705 457
1757425204738 0.2973946045111161 458
1757425204817 0.29726132709053465 459
1757425204903 0.29712977993446527 460
1757425204993 0.2969999396369996 461
1757425205080 0.29687178312922563 462
1757425205168 0.2967452876739497 463
1757425205240 0.29662043086049955 464
1757425205308 0.2964971905996229 465
1757425205388 0.2963755451184743 466
1757425205478 0.29625547295568466 467
1757425205536 0.2961369529565199 468
1757425205602 0.29601996426812355 469
1757425205672 0.2959044863348342 470
1757425205726 0.29579049889359066 471
1757425205784 0.29567798196940975 472
1757425205839 0.2955669158709483 473
1757425205897 0.29545728118613074 474
1757425205955 0.2953490587778617 475
1757425206011 0.2952422297798034 476
1757425206065 0.29513677559222845 477
1757425206122 0.29503267787794163 478
1757425206178 0.2949299185582713 479
1757425206235 0.2948284798091237 480
1757425206306 0.294728344057114 481
1757425206389 0.2946294939757484 482
1757425206453 0.2945319124816832 483
1757425206516 0.29443558273103804 484
1757425206586 0.29434048811577146 485
1757425206674 0.2942466122601234 486
1757425206746 0.29415393901710557 487
1757425206819 0.29406245246506013 488
1757425206876 0.2939721369042731 489
1757425206955 0.2938829768536392 490
1757425207035 0.29379495704738584 491
1757425207109 0.293708062431848 492
1757425207170 0.29362227816230385 493
1757425207243 0.2935375895998503 494
1757425207320 0.2934539823083382 495
1757425207390 0.2933714420513568 496
1757425207493 0.29328995478926484 497
1757425207594 0.29320950667627055 498
1757425207714 0.293130084057561 499
