1757503165969 169.1448075050061 0
1757503166034 167.07597579158093 1
1757503166094 172.81424259164297 2
1757503166152 167.54603228718472 3
1757503166210 166.58597469515573 4
1757503166272 172.4226947527243 5
1757503166368 167.4677719221622 6
1757503166479 172.7253006107488 7
1757503166543 168.11682178567722 8
1757503166609 166.48955246230165 9
1757503166672 171.10974956772324 10
1757503166732 164.67561269219013 11
1757503166795 174.52504511884737 12
1757503166855 173.90080578439674 13
1757503166921 169.84784786646637 14
1757503166981 170.49752178095602 15
1757503167035 171.996618042235 16
1757503167087 167.25406930565987 17
1757503167147 168.38085700640946 18
1757503167200 168.57876985541841 19
1757503167253 165.76830464473213 20
1757503167308 165.33941267479395 21
1757503167368 169.94339355013565 22
1757503167441 171.58509070825096 23
1757503167506 168.55239957400332 24
1757503167560 166.94498418855594 25
1757503167613 165.7168081847183 26
1757503167667 168.47783059098012 27
1757503167725 166.55543053747866 28
1757503167780 169.35276192326782 29
1757503167831 170.15400768963454 30
1757503167883 170.04108053195753 31
1757503167945 169.17092224963804 32
1757503168000 167.12986251000294 33
1757503168055 169.3373382835069 34
1757503168109 170.03479973485324 35
1757503168163 171.44563846288713 36
1757503168217 168.96972519465814 37
1757503168270 166.96935434359247 38
1757503168325 164.83287619339805 39
1757503168382 165.73831233995884 40
1757503168438 165.3229450729888 41
1757503168493 170.67025778038445 42
1757503168548 171.9570602515732 43
1757503168601 167.6672486231164 44
1757503168655 169.24883370844785 45
1757503168710 171.58144760610097 46
1757503168763 169.39910533814168 47
