1757508474607 166.52722827678483 0
1757508474663 167.5880461175673 1
1757508474720 168.11680559256615 2
1757508474791 171.4689546304304 3
1757508474853 167.18290306266053 4
1757508474912 167.31392057154858 5
1757508474974 168.65150440235578 6
1757508475033 166.87499519194776 7
1757508475094 168.6851645743985 8
1757508475154 169.49019003344418 9
1757508475215 169.33875000607685 10
1757508475273 170.85419954629933 11
1757508475333 169.28829959535344 12
1757508475392 169.64022673843917 13
1757508475450 170.6251067262098 14
1757508475518 168.25015036992224 15
1757508475573 168.63570771656472 16
1757508475633 170.0051419737584 17
1757508475696 168.3928858515257 18
1757508475765 169.41984780930673 19
1757508475828 169.83654228532185 20
1757508475889 170.34446415153644 21
1757508475948 171.36561037353093 22
1757508476007 166.44568498596195 23
1757508476069 166.4235575256972 24
1757508476126 168.02345323935214 25
1757508476183 171.28665540923177 26
1757508476239 165.8868402962084 27
1757508476295 167.18135592596957 28
1757508476354 168.80338185388024 29
1757508476412 169.99440570266256 30
1757508476471 166.29813989890314 31
1757508476526 166.6302137226782 32
