1757505105534 90.10741120692273 0
1757505105628 7.9059280804767385 1
1757505105728 1.111680752004138 2
1757505105818 2.2163681852083683 3
1757505105912 21.337745976842676 4
1757505106000 48.63179141698364 5
1757505106097 77.92212115078398 6
1757505106182 3.093350602355046 7
1757505106270 2.148973926645781 8
1757505106360 19.542762822107832 9
1757505106451 13.184267449380037 10
1757505106540 18.227468963694847 11
1757505106629 1.2730857259472754 12
1757505106720 4.467809439044997 13
1757505106816 17.77531861983828 14
1757505106906 3.4232325403530774 15
1757505106993 12.206342289536726 16
1757505107088 5.062902069909136 17
1757505107177 11.697154886519934 18
1757505107267 1.2334039226686069 19
1757505107355 6.36496054314739 20
1757505107449 0.25998799710515236 21
1757505107542 6.398238752417646 22
1757505107636 9.384658246756185 23
1757505107724 0.1686243343498205 24
1757505107814 4.744266058781033 25
1757505107899 1.8052001273585243 26
1757505107989 0.009908844554542266 27
1757505108079 0.8319503625361903 28
1757505108170 0.8688736966600341 29
1757505108258 0.0821286901675305 30
1757505108346 0.1576757888688143 31
1757505108438 1.9102582016730976 32
1757505108527 4.82317953394101 33
1757505108623 2.369755042619741 34
1757505108716 2.9665585140178727 35
1757505108808 0.5496021268251895 36
1757505108898 0.06525042304541208 37
1757505108990 2.5828758403470853 38
1757505109082 0.8193926127292543 39
1757505109172 0.11647924653503172 40
1757505109264 0.010723601580248245 41
1757505109354 0.010193606975966107 42
1757505109445 0.02042491458927497 43
1757505109538 2.6870225157282817 44
1757505109643 0.20239770039445346 45
1757505109733 0.17091301258034441 46
1757505109827 1.1321222934254485 47
1757505109915 0.8366066747777959 48
1757505110013 0.009340452875378607 49
1757505110137 0.015097059020805081 50
1757505110235 0.013800978056952955 51
1757505110333 0.47501767781892945 52
1757505110434 0.959131404070247 53
1757505110534 0.214001475826148 54
1757505110644 0.04185380027171366 55
1757505110743 0.4912928383998819 56
1757505110871 0.26588489106174285 57
1757505110989 0.43098171660364126 58
1757505111084 0.020740978276234688 59
1757505111175 0.46769139513901853 60
1757505111265 0.10322080934816062 61
1757505111356 0.16089362415811168 62
1757505111456 0.7367126771016357 63
1757505111572 0.041601591186816236 64
1757505111674 0.7039494153128286 65
1757505111764 0.42186535558810323 66
1757505111854 0.06086204385620294 67
1757505111946 0.1646451308361148 68
1757505112036 0.7818591242802612 69
1757505112126 0.0006214805200759825 70
1757505112218 0.01980192074152233 71
1757505112312 0.007647603092199985 72
1757505112402 0.012898077989123794 73
1757505112501 0.008883580932103818 74
1757505112604 0.0017080546605272593 75
1757505112695 0.08923391097882105 76
1757505112804 0.08214211128002336 77
1757505112894 0.345605366712171 78
1757505112985 0.01735508079526356 79
1757505113081 3.968783058693064e-05 80
1757505113172 0.404266255907275 81
1757505113264 1.107381059487685 82
1757505113356 0.0011451454237859904 83
1757505113445 0.0006524534878561659 84
1757505113537 0.11345014491306896 85
1757505113625 0.0009066500744356776 86
1757505113718 0.0077856063244864555 87
1757505113808 0.24674828704365467 88
1757505113909 0.3684525279728976 89
1757505114005 0.019455970907831858 90
1757505114098 7.09489065252715e-06 91
1757505114192 0.0221683414878779 92
1757505114494 0.081518067056657 93
1757505114729 0.1540148434271013 94
1757505114903 0.04746934813799333 95
1757505115134 0.27374242523934117 96
1757505115251 0.8566514714955579 97
1757505115397 0.05606646628205767 98
1757505115567 0.07215849729155852 99
1757505115722 0.0694977247607721 100
1757505115851 0.15037891753176552 101
1757505116012 0.011981055978570031 102
1757505116107 0.0025666365426137705 103
1757505116201 0.027324540395437295 104
1757505116295 0.08345329383584453 105
1757505116387 0.046869778741103804 106
1757505116481 0.005197233064032504 107
1757505116575 0.02209810884687776 108
1757505116669 0.04565485601698991 109
1757505116761 0.2300944883972508 110
1757505116855 0.1111626062490975 111
1757505116956 0.009353265511881372 112
1757505117050 0.0013264357424639904 113
1757505117146 0.0009228829643874493 114
1757505117243 0.2882720838471997 115
1757505117337 0.01373036356017829 116
1757505117431 0.03112402909432633 117
1757505117524 0.09691411459417594 118
1757505117620 0.024901193498753815 119
1757505117713 0.11459887634520383 120
1757505117805 0.002905153948253009 121
1757505117896 0.14283909431399272 122
1757505117995 0.025377356413467785 123
1757505118086 0.0007080263096103132 124
1757505118178 1.571669853988076 125
1757505118270 0.06231841988131759 126
1757505118362 0.023347801828499024 127
1757505118455 0.19734309379795767 128
1757505118548 0.025659826163054667 129
1757505118639 0.11490885575815427 130
1757505118732 0.0004941037442520277 131
1757505118825 0.13264819317384105 132
1757505118918 0.012017833849202809 133
1757505119020 0.00992913115560978 134
1757505119114 0.24334081684602213 135
1757505119208 0.03027208308196334 136
1757505119301 0.0695569566639072 137
1757505119394 0.07174630244320038 138
1757505119486 0.019972509475769302 139
1757505119584 0.004000652859994653 140
1757505119677 0.04323333834427173 141
1757505119770 0.1492779016214536 142
1757505119861 0.010773223294336618 143
1757505119954 0.0016775095594046758 144
1757505120057 0.00643826332269696 145
1757505120150 0.01211314659312958 146
1757505120243 0.089555137601898 147
1757505120337 0.00772523397883555 148
1757505120429 0.009917012583284122 149
1757505120522 0.06489914237721611 150
1757505120612 0.0386122092088687 151
1757505120708 0.0361319604481985 152
1757505120801 0.17766338809730509 153
1757505120894 0.01745364318414452 154
1757505120985 0.5998922326318759 155
1757505121082 0.028687380666379783 156
1757505121174 0.368220384432466 157
1757505121268 0.5491218890184734 158
1757505121360 0.012336509891275606 159
1757505121452 0.14541840561535205 160
1757505121540 0.016816829370220325 161
1757505121631 7.372601459093354e-05 162
1757505121723 0.025352445798366017 163
1757505121816 0.05354175032117092 164
1757505121907 0.34676427996702597 165
1757505121999 0.0006319941482148435 166
1757505122096 0.17567857034297826 167
1757505122187 0.00031474428624455827 168
1757505122279 0.09922669065446868 169
1757505122371 0.06919448845140491 170
1757505122463 0.03729869079739848 171
1757505122555 0.2073339259659923 172
1757505122649 0.002884769964940325 173
1757505122743 0.49841842765099925 174
1757505122835 0.35648542635174807 175
1757505122926 0.05243565004227723 176
1757505123020 0.0993808961377237 177
1757505123146 0.006262462965133203 178
1757505123281 0.00010176688782152397 179
1757505123409 0.19489352925684858 180
1757505123525 0.006433689834244821 181
1757505123645 4.093205435482228e-05 182
1757505123763 0.397061090473269 183
1757505123874 0.04925883003311936 184
1757505123982 0.016519367651123794 185
