1757498391876 178.4068778660736 0
1757498391925 159.9406060039952 1
1757498391973 152.92110845686366 2
1757498392027 145.96946580063516 3
1757498392082 139.6422708999089 4
1757498392136 133.78649928146285 5
1757498392190 128.38504904172808 6
1757498392242 123.39633822172709 7
1757498392293 118.78344577692964 8
1757498392344 114.51290055663102 9
1757498392392 110.55438367116142 10
1757498392441 106.88042363703755 11
1757498392489 103.46612291009492 12
1757498392545 100.28891084475866 13
1757498392596 97.32832060524508 14
1757498392644 94.56578769182583 15
1757498392693 91.98446797865687 16
1757498392752 89.56907336451738 17
1757498392801 87.30572332295895 18
1757498392854 85.18181080543177 19
1757498392907 83.1858811017177 20
1757498392956 81.30752239805076 21
1757498393005 79.53726689607811 22
1757498393057 77.86650146660863 23
1757498393106 76.28738691207835 24
1757498393157 74.7927850018892 25
1757498393207 73.37619252620192 26
1757498393257 72.03168168724515 27
1757498393305 70.75384621351483 28
1757498393353 69.53775264208289 29
1757498393403 68.37889626824102 30
1757498393452 67.27316131044648 31
1757498393508 66.21678488252253 32
1757498393559 65.20632440476498 33
1757498393609 64.2386281214334 34
1757498393658 63.31080842443947 35
1757498393706 62.42021771222812 36
1757498393762 61.56442653918474 37
1757498393813 60.741203834673165 38
1757498393862 59.94849899226416 39
1757498393912 59.184425649078406 40
1757498393961 58.44724699264662 41
1757498394012 57.735362448464606 42
1757498394063 57.04729561566105 43
1757498394113 56.38168333104851 44
1757498394163 55.737265753429874 45
1757498394212 55.11287737050554 46
1757498394269 54.5074388401791 47
1757498394330 53.91994958659456 48
1757498394385 53.349481078940336 49
1757498394439 52.79517072801091 50
1757498394492 52.25621634179542 51
1757498394545 51.73187108703038 52
1757498394596 51.22143890877189 53
1757498394648 50.72427036466276 54
1757498394703 50.2397588347424 55
1757498394793 49.767337071413905 56
1757498394852 49.306474057584275 57
1757498394905 48.856672144065996 58
1757498394957 48.41746444010082 59
1757498395009 47.98841243337293 60
1757498395076 47.569103818139986 61
1757498395127 47.15915051215498 62
1757498395180 46.75818684489633 63
1757498395232 46.36586790129226 64
1757498395283 45.981868006630194 65
1757498395335 45.60587933970355 66
1757498395387 45.237610662477216 67
1757498395440 44.87678615566366 68
1757498395493 44.52314435060545 69
1757498395544 44.176437148767114 70
1757498395594 43.83642892095868 71
1757498395644 43.502895679154655 72
1757498395693 43.17562431444134 73
1757498395744 42.854411895231955 74
1757498395801 42.53906502043524 75
1757498395853 42.2293992227594 76
1757498395908 41.92523841778034 77
1757498395958 41.626414394808386 78
1757498396008 41.33276634595398 79
1757498396060 41.0441404301242 80
1757498396111 40.7603893689822 81
1757498396161 40.48137207217255 82
1757498396213 40.20695328936193 83
1757498396264 39.9370032868664 84
1757498396314 39.67139754683842 85
1757498396362 39.41001648716894 86
1757498396410 39.152745200425386 87
1757498396461 38.899473210295994 88
1757498396509 38.6500942441469 89
1757498396561 38.40450602042119 90
1757498396609 38.162610049720826 91
1757498396660 37.924311448513905 92
1757498396709 37.68951876450084 93
1757498396756 37.45814381275715 94
1757498396816 37.23010152184576 95
1757498396865 37.00530978916064 96
1757498396914 36.783689344825945 97
1757498396962 36.565163623531646 98
1757498397012 36.34965864373818 99
1757498397062 36.13710289372963 100
1757498397112 35.927427224037594 101
1757498397161 35.720564745796764 102
1757498397211 35.51645073462869 103
1757498397260 35.315022539682474 104
1757498397309 35.11621949749035 105
1757498397359 34.91998285032333 106
1757498397407 34.72625566875605 107
1757498397457 34.534982778172754 108
1757498397509 34.3461106889665 109
1757498397561 34.159587530202444 110
1757498397611 33.97536298653312 111
1757498397661 33.793388238169236 112
1757498397711 33.61361590372378 113
1757498397766 33.435999985760525 114
1757498397823 33.26049581888973 115
1757498397874 33.08706002026531 116
1757498397924 32.91565044234744 117
1757498397975 32.74622612780413 118
1757498398027 32.57874726643402 119
1757498398090 32.41317515400005 120
1757498398141 32.249472152871554 121
1757498398192 32.088319790688935 122
1757498398243 31.92788038215705 123
1757498398296 31.77028083197647 124
1757498398346 31.614045103002947 125
1757498398396 31.459502985738066 126
1757498398448 31.306621612870316 127
1757498398498 31.155369860501736 128
1757498398552 31.00571741393723 129
1757498398675 30.857634735562957 130
1757498398787 30.71109303984367 131
1757498398866 30.566064268726045 132
1757498398921 30.42252106806885 133
1757498399000 30.28043676500151 134
1757498399141 30.139785346170797 135
1757498399202 30.000541436834357 136
1757498399320 29.862680280762095 137
1757498399380 29.726177720908748 138
1757498399440 29.591010180822764 139
1757498399496 29.4571546467586 140
1757498399552 29.324588650461163 141
1757498399610 29.193290252592885 142
1757498399667 29.06323802677528 143
1757498399722 28.9344110442184 144
1757498399776 28.806788858912874 145
1757498399829 28.680351493360508 146
1757498399890 28.555079424820573 147
1757498399944 28.4309535720501 148
1757498399997 28.307955282517486 149
1757498400052 28.186066320069706 150
1757498400107 28.06526885303439 151
1757498400161 27.945545442739 152
1757498400216 27.826879032429993 153
1757498400271 27.709252936575695 154
1757498400325 27.59265083053759 155
1757498400379 27.477056740595057 156
1757498400432 27.36245503430957 157
1757498400485 27.248830411214858 158
1757498400538 27.136167893820186 159
1757498400593 27.024452818914412 160
1757498400645 26.913670829159184 161
1757498400698 26.803807864959897 162
1757498400750 26.694850156603845 163
1757498400803 26.58678421665513 164
1757498400856 26.479596832596634 165
1757498400915 26.373275059709588 166
1757498400968 26.267806214181682 167
1757498401020 26.16317786643524 168
1757498401071 26.059377834667043 169
1757498401125 25.956394178591996 170
1757498401176 25.854215193383 171
1757498401227 25.752829403799847 172
1757498401282 25.65222555850006 173
1757498401334 25.552392624525094 174
1757498401389 25.453319781955503 175
1757498401466 25.354996418728835 176
1757498401521 25.257412125614486 177
1757498401574 25.160556691339824 178
1757498401628 25.0644200978621 179
1757498401682 24.968992515781068 180
1757498401734 24.87426429988718 181
1757498401786 24.78022598484073 182
1757498401837 24.686868280977116 183
1757498401899 24.59418207023409 184
1757498401950 24.502158402196432 185
1757498402002 24.410788490254284 186
1757498402059 24.320063707870965 187
1757498402121 24.22997558495664 188
1757498402176 24.14051580434425 189
1757498402230 24.051676198364085 190
1757498402285 23.963448745513787 191
1757498402338 23.875825567220556 192
1757498402391 23.788798924692347 193
1757498402444 23.702361215855266 194
1757498402497 23.616504972374166 195
1757498402549 23.53122285675374 196
1757498402600 23.446507659517483 197
1757498402655 23.36235229646196 198
1757498402707 23.278749805983878 199
1757498402758 23.195693346477732 200
1757498402809 23.11317619380162 201
1757498402862 23.031191738809074 202
1757498402922 22.949733484944904 203
1757498402974 22.868795045902857 204
1757498403027 22.78837014334328 205
1757498403080 22.708452604668842 206
1757498403145 22.6290363608565 207
1757498403201 22.550115444343955 208
1757498403257 22.47168398696902 209
1757498403314 22.393736217960058 210
1757498403369 22.316266461976188 211
1757498403424 22.23926913719555 212
1757498403479 22.162738753450245 213
1757498403539 22.086669910406584 214
1757498403616 22.01105729578924 215
1757498403681 21.935895683648013 216
1757498403736 21.86117993266596 217
1757498403791 21.786904984507668 218
1757498403847 21.71306586220647 219
1757498403903 21.639657668589567 220
1757498403967 21.56667558473979 221
1757498404022 21.49411486849316 222
1757498404081 21.42197085297102 223
1757498404141 21.350238945145957 224
1757498404197 21.27891462444033 225
1757498404253 21.207993441356738 226
1757498404310 21.13747101613934 227
1757498404366 21.06734303746529 228
1757498404420 20.997605261165354 229
1757498404476 20.928253508973032 230
1757498404529 20.85928366730131 231
1757498404582 20.790691686046312 232
1757498404638 20.722473577417187 233
1757498404695 20.654625414791433 234
1757498404749 20.587143331595062 235
1757498404803 20.520023520206905 236
1757498404857 20.453262230886427 237
1757498404911 20.386855770724463 238
1757498404974 20.320800502616223 239
1757498405029 20.255092844256076 240
1757498405082 20.189729267153457 241
1757498405135 20.12470629566938 242
1757498405189 20.060020506073176 243
1757498405242 19.995668525618672 244
1757498405295 19.931647031639546 245
1757498405347 19.867952750663356 246
1757498405401 19.8045824575436 247
1757498405455 19.741532974609633 248
1757498405508 19.678801170833772 249
1757498405561 19.61638396101527 250
1757498405613 19.554278304980777 251
1757498405668 19.49248120680078 252
1757498405720 19.430989714021795 253
1757498405774 19.369800916913782 254
1757498405827 19.30891194773251 255
1757498405881 19.248319979996474 256
1757498405935 19.1880222277781 257
1757498405999 19.128015945008798 258
1757498406055 19.068298424797575 259
1757498406109 19.008866998762983 260
1757498406165 18.949719036377967 261
1757498406220 18.890851944327338 262
1757498406273 18.832263165877727 263
1757498406327 18.773950180259554 264
1757498406380 18.715910502060808 265
1757498406433 18.658141680632404 266
1757498406488 18.60064129950487 267
1757498406542 18.54340697581601 268
1757498406595 18.48643635974942 269
1757498406651 18.429727133983544 270
1757498406707 18.373277013151103 271
1757498406774 18.317083743308537 272
1757498406912 18.261145101415476 273
1757498406995 18.20545889482375 274
1757498407060 18.15002296077597 275
1757498407122 18.094835165913317 276
1757498407201 18.039893405792427 277
1757498407333 17.985195604411132 278
1757498407421 17.930739713742913 279
1757498407480 17.876523713279845 280
1757498407542 17.8225456095839 281
1757498407600 17.768803435846337 282
1757498407659 17.71529525145518 283
1757498407717 17.662019141570443 284
1757498407789 17.608973216707042 285
1757498407846 17.556155612325206 286
1757498407903 17.50356448842827 287
1757498407960 17.451198029167628 288
1757498408024 17.399054442454762 289
1757498408081 17.347131959580203 290
1757498408136 17.295428834839253 291
1757498408193 17.243943345164347 292
1757498408248 17.192673789763923 293
1757498408304 17.14161848976768 294
1757498408360 17.0907757878781 295
1757498408415 17.040144048028075 296
1757498408470 16.98972165504456 297
1757498408524 16.939507014318117 298
1757498408579 16.889498551478255 299
1757498408632 16.8396947120744 300
1757498408689 16.790093961262432 301
1757498408746 16.74069478349671 302
1757498408800 16.691495682227387 303
1757498408854 16.642495179603003 304
1757498408909 16.593691816178186 305
1757498408965 16.54508415062646 306
1757498409028 16.496670759457913 307
1757498409083 16.44845023674179 308
1757498409138 16.400421193833825 309
1757498409194 16.352582259108235 310
1757498409250 16.304932077694314 311
1757498409310 16.25746931121751 312
1757498409368 16.21019263754494 313
1757498409423 16.16310075053522 314
1757498409479 16.116192359792578 315
1757498409533 16.069466190425057 316
1757498409586 16.022920982806927 317
1757498409641 15.976555492345033 318
1757498409697 15.930368489249158 319
1757498409754 15.884358758306176 320
1757498409808 15.838525098658089 321
1757498409862 15.792866323583759 322
1757498409917 15.747381260284309 323
1757498409976 15.702068749672117 324
1757498410051 15.656927646163394 325
1757498410110 15.611956817474146 326
1757498410169 15.567155144419628 327
1757498410228 15.522521520717074 328
1757498410285 15.478054852791782 329
1757498410342 15.433754059586375 330
1757498410398 15.38961807237323 331
1757498410454 15.345645834570078 332
1757498410510 15.301836301558586 333
1757498410566 15.258188440506 334
1757498410621 15.214701230189682 335
1757498410675 15.171373660824631 336
1757498410733 15.128204733893742 337
1757498410788 15.085193461980944 338
1757498410843 15.042338868607045 339
1757498410899 14.999639988068296 340
1757498410964 14.957095865277578 341
1757498411019 14.914705555608226 342
1757498411083 14.87246812474039 343
1757498411139 14.83038264850991 344
1757498411195 14.788448212759663 345
1757498411252 14.746663913193364 346
1757498411308 14.705028855231687 347
1757498411363 14.663542153870816 348
1757498411418 14.622202933543209 349
1757498411474 14.58101032798071 350
1757498411531 14.539963480079793 351
1757498411586 14.499061541769088 352
1757498411642 14.458303673878964 353
1757498411698 14.417689046013301 354
1757498411755 14.377216836423276 355
1757498411810 14.336886231883211 356
1757498411868 14.296696427568442 357
1757498411940 14.256646626935119 358
1757498412007 14.21673604160196 359
1757498412111 14.176963891233934 360
1757498412194 14.137329403427758 361
1757498412309 14.097831813599273 362
1757498412397 14.05847036487262 363
1757498412516 14.019244307971187 364
1757498412607 13.98015290111028 365
1757498412691 13.941195409891561 366
1757498412781 13.902371107199126 367
1757498412863 13.863679273097254 368
1757498412934 13.8251191947298 369
1757498413003 13.786690166221176 370
1757498413077 13.74839148857892 371
1757498413148 13.710222469597786 372
1757498413211 13.67218242376541 373
1757498413275 13.634270672169391 374
1757498413339 13.596486542405954 375
1757498413401 13.558829368489935 376
1757498413461 13.521298490766311 377
1757498413522 13.483893255823029 378
1757498413582 13.446613016405273 379
1757498413642 13.409457131331065 380
1757498413704 13.372424965408177 381
1757498413765 13.335515889352392 382
1757498413825 13.298729279707004 383
1757498413900 13.262064518763628 384
1757498414014 13.225520994484215 385
1757498414118 13.1890981004243 386
1757498414192 13.152795235657486 387
1757498414260 13.116611804701048 388
1757498414326 13.080547217442765 389
1757498414389 13.044600889068846 390
1757498414453 13.008772239993 391
1757498414514 12.97306069578662 392
1757498414573 12.937465687110034 393
1757498414633 12.90198664964485 394
1757498414695 12.866623024027326 395
1757498414757 12.831374255782801 396
1757498414817 12.79623979526113 397
1757498414876 12.761219097573099 398
1757498414936 12.726311622527884 399
1757498414998 12.691516834571399 400
1757498415058 12.65683420272567 401
1757498415122 12.622263200529092 402
1757498415184 12.587803305977635 403
1757498415243 12.553454001466939 404
1757498415301 12.519214773735321 405
1757498415359 12.485085113807639 406
1757498415417 12.451064516940031 407
1757498415475 12.417152482565484 408
1757498415535 12.383348514240259 409
1757498415591 12.349652119591136 410
1757498415709 12.316062810263427 411
1757498415834 12.28258010186984 412
1757498415947 12.24920351394009 413
1757498416017 12.215932569871285 414
1757498416126 12.182766796879049 415
1757498416273 12.149705725949431 416
1757498416352 12.116748891791506 417
1757498416415 12.083895832790718 418
1757498416475 12.051146090962924 419
1757498416534 12.018499211909115 420
1757498416593 11.985954744770863 421
1757498416652 11.953512242186406 422
1757498416711 11.921171260247409 423
1757498416767 11.888931358456368 424
1757498416826 11.85679209968469 425
1757498416883 11.82475305013135 426
1757498416940 11.792813779282206 427
1757498416996 11.760973859869928 428
1757498417054 11.729232867834497 429
1757498417111 11.697590382284323 430
1757498417176 11.666045985457929 431
1757498417234 11.634599262686244 432
1757498417292 11.603249802355377 433
1757498417351 11.571997195870052 434
1757498417409 11.540841037617486 435
1757498417465 11.509780924931897 436
1757498417524 11.478816458059457 437
1757498417581 11.447947240123822 438
1757498417639 11.417172877092142 439
1757498417696 11.386492977741607 440
1757498417753 11.355907153626417 441
1757498417812 11.325415019045348 442
1757498417870 11.295016191009696 443
1757498417930 11.26471028921174 444
1757498417989 11.234496935993665 445
1757498418046 11.204375756316939 446
1757498418107 11.17434637773214 447
1757498418166 11.144408430349221 448
1757498418227 11.114561546808199 449
1757498418285 11.084805362250309 450
1757498418352 11.055139514289541 451
1757498418411 11.025563642984606 452
1757498418469 10.996077390811317 453
1757498418527 10.966680402635344 454
1757498418585 10.937372325685418 455
1757498418642 10.908152809526861 456
1757498418699 10.879021506035539 457
1757498418757 10.849978069372177 458
1757498418815 10.821022155957053 459
1757498418876 10.792153424445042 460
1757498418934 10.763371535701042 461
1757498418992 10.734676152775727 462
1757498419049 10.706066940881653 463
1757498419106 10.677543567369744 464
1757498419164 10.649105701706056 465
1757498419231 10.620753015448905 466
1757498419289 10.592485182226328 467
1757498419349 10.564301877713838 468
1757498419408 10.536202779612532 469
1757498419466 10.508187567627473 470
1757498419524 10.48025592344639 471
1757498419583 10.452407530718698 472
1757498419641 10.424642075034797 473
1757498419698 10.39695924390566 474
1757498419756 10.369358726742714 475
1757498419815 10.341840214838008 476
1757498419875 10.314403401344665 477
1757498419934 10.287047981257576 478
1757498419994 10.259773651394417 479
1757498420054 10.23258011037687 480
1757498420115 10.205467058612163 481
1757498420176 10.178434198274825 482
1757498420244 10.151481233288711 483
1757498420303 10.124607869309301 484
1757498420364 10.097813813706175 485
1757498420423 10.071098775545817 486
1757498420483 10.04446246557459 487
1757498420542 10.017904596201975 488
1757498420601 9.99142488148404 489
1757498420662 9.965023037107127 490
1757498420722 9.93869878037176 491
1757498420782 9.912451830176797 492
1757498420866 9.886281907003774 493
1757498420930 9.860188732901452 494
1757498420995 9.834172031470622 495
1757498421058 9.808231527849067 496
1757498421121 9.782366948696746 497
1757498421183 9.756578022181193 498
1757498421256 9.730864477963092 499
