1757487204182 174.5504765256236 0
1757487204213 158.01530005952958 1
1757487204244 151.44933293911785 2
1757487204276 145.0166941308025 3
1757487204308 139.06085712933398 4
1757487204338 133.52794563620887 5
1757487204372 128.38469632627152 6
1757487204404 123.59988646302205 7
1757487204437 119.14491561050231 8
1757487204467 114.99355182587911 9
1757487204497 111.12173461038226 10
1757487204526 107.50739284943307 11
1757487204556 104.13027814634071 12
1757487204586 100.97181217695632 13
1757487204616 98.01494688706558 14
1757487204646 95.24403645010476 15
1757487204676 92.64471999421507 16
1757487204706 90.2038141912047 17
1757487204736 87.90921487650078 18
1757487204766 85.74980693923236 19
1757487204796 83.71538178573772 20
1757487204827 81.7965617385288 21
1757487204858 79.98473078653161 22
1757487204890 78.27197115167262 23
1757487204921 76.65100518197627 24
1757487204962 75.11514212263317 25
1757487204997 73.65822935430855 26
1757487205029 72.27460772258326 27
1757487205060 70.95907061412174 28
1757487205090 69.70682646419036 29
1757487205120 68.5134644067306 30
1757487205150 67.37492280253133 31
1757487205180 66.28746040333088 32
1757487205210 65.24762993008801 33
1757487205240 64.25225386234766 34
1757487205270 63.29840225273865 35
1757487205301 62.38337239630875 36
1757487205331 61.504670198750695 37
1757487205361 60.65999310070948 38
1757487205392 59.847214427392515 39
1757487205422 59.064369043719076 40
1757487205452 58.30964020533325 41
1757487205483 57.58134750504146 42
1757487205514 56.877935822693175 43
1757487205545 56.197965194269564 44
1757487205627 55.54010152303593 45
1757487205664 54.90310806210959 46
1757487205700 54.28583760374062 47
1757487205737 53.68722531604989 48
1757487205772 53.10628217295498 49
1757487205809 52.54208892758129 50
1757487205854 51.9937905836379 51
1757487205893 51.46059132306632 52
1757487205928 50.94174985177795 53
1757487205973 50.43657512850658 54
1757487206011 49.94442244474332 55
1757487206046 49.46468982641435 56
1757487206087 48.99681473042796 57
1757487206120 48.54027101147547 58
1757487206151 48.09456613653951 59
1757487206192 47.65923862645617 60
1757487206228 47.233855705612854 61
1757487206268 46.8180111424518 62
1757487206316 46.411323264903636 63
1757487206363 46.01343313620824 64
1757487206408 45.624002877799704 65
1757487206451 45.242714127049624 66
1757487206492 44.8692666186867 67
1757487206537 44.503376879647504 68
1757487206583 44.14477702797163 69
1757487206627 43.793213667140904 70
1757487206671 43.44844686798196 71
1757487206714 43.11024923091144 72
1757487206759 42.7784050219066 73
1757487206805 42.452709376137705 74
1757487206851 42.13296756370518 75
1757487206896 41.81899431238865 76
1757487206939 41.51061318274008 77
1757487206995 41.207655991242845 78
1757487207040 40.90996227761499 79
1757487207111 40.617378812661926 80
1757487207188 40.32975914338319 81
1757487207282 40.04696317231165 82
1757487207342 39.76885676831542 83
1757487207392 39.49531140632235 84
1757487207443 39.22620383363783 85
1757487207487 38.961415760720264 86
1757487207530 38.700833574454755 87
1757487207576 38.44434807212857 88
1757487207619 38.19185421445964 89
1757487207663 37.943250896166234 90
1757487207706 37.69844073269027 91
1757487207750 37.45732986180087 92
1757487207794 37.219827758910185 93
1757487207838 36.98584706502869 94
1757487207915 36.75530342637576 95
1757487207956 36.52811534474162 96
1757487208007 36.3042040377708 97
1757487208052 36.08349330840499 98
1757487208095 35.86590942278522 99
1757487208137 35.65138099597019 100
1757487208180 35.43983888488011 101
1757487208221 35.23121608792247 102
1757487208263 35.025447650801176 103
1757487208305 34.82247057804964 104
1757487208348 34.62222374986602 105
1757487208390 34.42464784386228 106
1757487208432 34.22968526137008 107
1757487208474 34.037280057974606 108
1757487208517 33.84737787797394 109
1757487208558 33.6599258924854 110
1757487208600 33.474872740942054 111
1757487208641 33.292168475743274 112
1757487208683 33.111764509841265 113
1757487208727 32.9336135670627 114
1757487208769 32.75766963498034 115
1757487208811 32.58388792016355 116
1757487208855 32.41222480565001 117
1757487208898 32.24263781049301 118
1757487208938 32.07508555124962 119
1757487208980 31.90952770528559 120
1757487209032 31.745924975781826 121
1757487209074 31.58423905833611 122
1757487209117 31.42443260906174 123
1757487209160 31.266469214091888 124
1757487209202 31.110313360405186 125
1757487209243 30.955930407894336 126
1757487209287 30.803286562605166 127
1757487209328 30.6523488510787 128
1757487209371 30.50308509573367 129
1757487209413 30.355463891231512 130
1757487209457 30.209454581769464 131
1757487209499 30.065027239251787 132
1757487209541 29.92215264229216 133
1757487209584 29.780802256003533 134
1757487209625 29.640948212534944 135
1757487209667 29.502563292317145 136
1757487209711 29.365620905981736 137
1757487209752 29.230095076920602 138
1757487209794 29.09596042445465 139
1757487209837 28.96319214758295 140
1757487209879 28.831766009284998 141
1757487209921 28.70165832135059 142
1757487209963 28.572845929713658 143
1757487210006 28.44530620026724 144
1757487210055 28.31901700513878 145
1757487210096 28.193956709405796 146
1757487210138 28.070104158233175 147
1757487210183 27.94743866441453 148
1757487210225 27.82593999630106 149
1757487210268 27.70558836610198 150
1757487210313 27.586364418542097 151
1757487210355 27.468249219862052 152
1757487210399 27.351224247148306 153
1757487210442 27.235271377980126 154
1757487210489 27.120372880381655 155
1757487210532 27.006511403067826 156
1757487210577 26.893669965973253 157
1757487210620 26.781831951053974 158
1757487210664 26.670981093352317 159
1757487210707 26.561101472315535 160
1757487210773 26.45217750335952 161
1757487210833 26.34419392966901 162
1757487210947 26.237135814226555 163
1757487211095 26.130988532062123 164
1757487211136 26.02573776271648 165
1757487211176 25.92136948291099 166
1757487211217 25.81786995941729 167
1757487211260 25.71522574212033 168
1757487211303 25.61342365726869 169
1757487211343 25.512450800906173 170
1757487211385 25.412294532479063 171
1757487211430 25.312942468613553 172
1757487211475 25.214382477058173 173
1757487211517 25.116602670786055 174
1757487211558 25.01959140225237 175
1757487211602 24.923337257802107 176
1757487211645 24.82782905222383 177
1757487211688 24.73305582344499 178
1757487211729 24.639006827364685 179
1757487211771 24.54567153281987 180
1757487211815 24.45303961668104 181
1757487211857 24.361100959073724 182
1757487211976 24.26984563872219 183
1757487212136 24.17926392841183 184
1757487212265 24.089346290566766 185
1757487212332 24.000083372939645 186
1757487212379 23.911466004410276 187
1757487212492 23.82348519089005 188
1757487212550 23.736132111329407 189
1757487212643 23.6493981138252 190
1757487212745 23.56327471182542 191
1757487212861 23.47775358042855 192
1757487212949 23.3928265527748 193
1757487212997 23.30848561652702 194
1757487213087 23.224722910438494 195
1757487213126 23.1415307210056 196
1757487213165 23.05890147920275 197
1757487213204 22.976827757297578 198
1757487213246 22.89530226574423 199
1757487213284 22.814317850152474 200
1757487213400 22.733867488330866 201
1757487213502 22.653944287401792 202
1757487213593 22.57454148098662 203
1757487213663 22.495652426459007 204
1757487213744 22.4172706022646 205
1757487213782 22.33938960530548 206
1757487213877 22.262003148387468 207
1757487213942 22.185105057728748 208
1757487214005 22.10868927052826 209
1757487214046 22.03274983259219 210
1757487214107 21.957280896017135 211
1757487214153 21.882276716928413 212
1757487214220 21.807731653272143 213
1757487214312 21.73364016265966 214
1757487214396 21.659996800263 215
1757487214524 21.586796216759954 216
1757487214622 21.514033156327724 217
1757487214750 21.441702454683593 218
1757487214839 21.369799037171685 219
1757487214927 21.298317916894483 220
1757487214985 21.22725419288802 221
1757487215083 21.156603048339644 222
1757487215193 21.08635974884723 223
1757487215277 21.016519640718858 224
1757487215376 20.947078149311864 225
1757487215439 20.878030777410306 226
1757487215526 20.809373103639935 227
1757487215581 20.741100780919577 228
1757487215660 20.67320953494819 229
1757487215705 20.605695162726573 230
1757487215745 20.538553531112935 231
1757487215818 20.471780575411458 232
1757487215940 20.40537229799298 233
1757487216004 20.33932476694711 234
1757487216121 20.273634114764924 235
1757487216224 20.20829653705141 236
1757487216315 20.143308291267154 237
1757487216430 20.07866569549831 238
1757487216516 20.01436512725423 239
1757487216637 19.95040302229218 240
1757487216756 19.886775873468302 241
1757487216912 19.82348022961435 242
1757487216952 19.76051269443939 243
1757487216991 19.697869925456068 244
1757487217026 19.635548632930615 245
1757487217061 19.5735455788562 246
1757487217097 19.51185757594899 247
1757487217142 19.450481486666316 248
1757487217180 19.389414222246504 249
1757487217219 19.328652741769798 250
1757487217255 19.26819405123985 251
1757487217291 19.208035202685334 252
1757487217327 19.148173293281165 253
1757487217370 19.0886054644888 254
1757487217411 19.02932890121533 255
1757487217451 18.9703408309907 256
1757487217491 18.911638523162786 257
1757487217528 18.853219288109837 258
1757487217563 18.79508047646986 259
1757487217601 18.737219478386606 260
1757487217639 18.679633722771655 261
1757487217675 18.62232067658235 262
1757487217712 18.56527784411513 263
1757487217747 18.508502766313846 264
1757487217782 18.451993020092875 265
1757487217817 18.395746217674482 266
1757487217853 18.33976000594028 267
1757487217888 18.284032065796314 268
1757487217923 18.22856011155151 269
1757487217960 18.17334189030925 270
1757487217995 18.11837518137158 271
1757487218031 18.063657795655974 272
1757487218066 18.009187575124205 273
1757487218101 17.954962392223123 274
1757487218145 17.90098014933702 275
1757487218182 17.84723877825135 276
1757487218233 17.793736239627556 277
1757487218324 17.740470522488646 278
1757487218398 17.68743964371541 279
1757487218437 17.634641647552975 280
1757487218476 17.582074605127413 281
1757487218513 17.529736613972254 282
1757487218548 17.477625797564617 283
1757487218584 17.425740304870825 284
1757487218619 17.374078309901133 285
1757487218655 17.322638011273543 286
1757487218690 17.27141763178641 287
1757487218727 17.220415417999586 288
1757487218764 17.169629639824056 289
1757487218800 17.119058590119742 290
1757487218836 17.06870058430138 291
1757487218871 17.018553959952172 292
1757487218907 16.96861707644527 293
1757487218943 16.918888314572598 294
1757487218978 16.869366076181155 295
1757487219018 16.820048783816404 296
1757487219057 16.770934880372753 297
1757487219093 16.72202282875088 298
1757487219129 16.673311111521727 299
1757487219166 16.624798230597136 300
1757487219206 16.57648270690688 301
1757487219243 16.52836308008196 302
1757487219281 16.48043790814408 303
1757487219318 16.432705767201096 304
1757487219354 16.3851652511484 305
1757487219392 16.337814971375998 306
1757487219432 16.290653556481274 307
1757487219471 16.243679651987225 308
1757487219511 16.196891920066104 309
1757487219552 16.150289039268312 310
1757487219591 16.103869704256482 311
1757487219630 16.05763262554461 312
1757487219668 16.01157652924208 313
1757487219704 15.965700156802614 314
1757487219740 15.920002264777859 315
1757487219779 15.874481624575662 316
1757487219818 15.829137022222891 317
1757487219858 15.783967258132646 318
1757487219898 15.738971146875855 319
1757487219938 15.694147516957113 320
1757487219979 15.649495210594669 321
1757487220027 15.60501308350453 322
1757487220067 15.560700004688519 323
1757487220109 15.516554856226243 324
1757487220149 15.472576533070917 325
1757487220196 15.42876394284892 326
1757487220237 15.385116005662995 327
1757487220309 15.341631653899107 328
1757487220362 15.298309832036745 329
1757487220403 15.255149496462733 330
1757487220445 15.212149615288384 331
1757487220484 15.169309168169965 332
1757487220525 15.126627146132432 333
1757487220562 15.084102551396288 334
1757487220602 15.041734397207584 335
1757487220644 14.999521707670977 336
1757487220685 14.95746351758573 337
1757487220724 14.915558872284674 338
1757487220764 14.873806827476026 339
1757487220803 14.832206449087996 340
1757487220844 14.790756813116172 341
1757487220884 14.749457005473582 342
1757487220923 14.708306121843417 343
1757487220963 14.667303267534304 344
1757487221005 14.626447557338167 345
1757487221046 14.585738115390539 346
1757487221088 14.545174075033335 347
1757487221128 14.504754578680002 348
1757487221171 14.464478777683006 349
1757487221215 14.42434583220363 350
1757487221257 14.38435491108402 351
1757487221309 14.344505191721437 352
1757487221353 14.304795859944676 353
1757487221396 14.265226109892595 354
1757487221438 14.225795143894732 355
1757487221478 14.186502172353984 356
1757487221519 14.147346413631247 357
1757487221560 14.108327093932049 358
1757487221601 14.069443447195095 359
1757487221651 14.030694714982705 360
1757487221693 13.992080146373105 361
1757487221734 13.953598997854511 362
1757487221775 13.915250533221036 363
1757487221817 13.877034023470307 364
1757487221855 13.838948746702807 365
1757487221920 13.800993988022913 366
1757487221998 13.763169039441571 367
1757487222092 13.725473199780582 368
1757487222138 13.68790577457849 369
1757487222181 13.650466075998011 370
1757487222233 13.613153422735037 371
1757487222276 13.57596713992906 372
1757487222320 13.538906559075148 373
1757487222364 13.501971017937324 374
1757487222409 13.465159860463359 375
1757487222452 13.428472436700993 376
1757487222498 13.391908102715472 377
1757487222541 13.355466220508466 378
1757487222582 13.319146157938292 379
1757487222625 13.282947288641402 380
1757487222665 13.246868991955202 381
1757487222707 13.210910652842047 382
1757487222748 13.175071661814489 383
1757487222796 13.139351414861734 384
1757487222841 13.103749313377259 385
1757487222885 13.068264764087596 386
1757487222930 13.032897178982255 387
1757487222974 12.997645975244739 388
1757487223021 12.962510575184693 389
1757487223064 12.927490406171087 390
1757487223106 12.892584900566495 391
1757487223148 12.857793495662369 392
1757487223190 12.823115633615364 393
1757487223235 12.788550761384657 394
1757487223278 12.754098330670248 395
1757487223321 12.719757797852198 396
1757487223363 12.685528623930876 397
1757487223405 12.651410274468066 398
1757487223447 12.617402219529055 399
1757487223489 12.583503933625572 400
1757487223531 12.54971489565963 401
1757487223575 12.516034588868235 402
1757487223619 12.482462500768941 403
1757487223662 12.448998123106248 404
1757487223704 12.415640951798835 405
1757487223746 12.382390486887553 406
1757487223788 12.3492462324843 407
1757487223831 12.316207696721566 408
1757487223874 12.283274391702848 409
1757487223917 12.250445833453758 410
1757487223958 12.217721541873884 411
1757487224001 12.185101040689387 412
1757487224044 12.152583857406329 413
1757487224087 12.120169523264654 414
1757487224129 12.08785757319291 415
1757487224171 12.055647545763645 416
1757487224222 12.023538983149445 417
1757487224265 11.991531431079643 418
1757487224310 11.959624438797686 419
1757487224353 11.92781755901912 420
1757487224396 11.896110347890193 421
1757487224438 11.864502364947112 422
1757487224480 11.832993173075842 423
1757487224523 11.80158233847255 424
1757487224567 11.77026943060462 425
1757487224610 11.739054022172212 426
1757487224653 11.707935689070432 427
1757487224696 11.676914010352014 428
1757487224739 11.645988568190576 429
1757487224782 11.615158947844392 430
1757487224826 11.584424737620726 431
1757487224867 11.55378552884062 432
1757487224910 11.523240915804273 433
1757487224952 11.492790495756857 434
1757487224995 11.462433868854855 435
1757487225037 11.432170638132888 436
1757487225080 11.402000409471004 437
1757487225123 11.371922791562449 438
1757487225166 11.341937395881896 439
1757487225209 11.31204383665412 440
1757487225261 11.282241730823142 441
1757487225304 11.252530698021783 442
1757487225348 11.22291036054168 443
1757487225391 11.193380343303716 444
1757487225435 11.163940273828855 445
1757487225478 11.134589782209414 446
1757487225521 11.105328501080713 447
1757487225567 11.076156065593166 448
1757487225639 11.047072113384711 449
1757487225703 11.018076284553672 450
1757487225774 10.989168221631969 451
1757487225830 10.960347569558726 452
1757487225880 10.931613975654237 453
1757487225929 10.902967089594283 454
1757487225979 10.874406563384829 455
1757487226063 10.84593205133707 456
1757487226113 10.817543210042777 457
1757487226163 10.789239698350055 458
1757487226211 10.761021177339385 459
1757487226266 10.732887310300004 460
1757487226314 10.704837762706626 461
1757487226362 10.67687220219646 462
1757487226412 10.648990298546565 463
1757487226460 10.621191723651487 464
1757487226510 10.593476151501239 465
1757487226558 10.565843258159532 466
1757487226605 10.53829272174234 467
1757487226652 10.510824222396746 468
1757487226697 10.48343744228006 469
1757487226741 10.45613206553923 470
1757487226783 10.428907778290531 471
1757487226828 10.401764268599536 472
1757487226872 10.374701226461323 473
1757487226916 10.34771834378098 474
1757487226959 10.320815314354356 475
1757487227003 10.293991833849082 476
1757487227049 10.267247599785819 477
1757487227093 10.240582311519768 478
1757487227137 10.21399567022244 479
1757487227181 10.187487378863647 480
1757487227228 10.16105714219374 481
1757487227286 10.134704666726073 482
1757487227330 10.108429660719706 483
1757487227376 10.082231834162338 484
1757487227421 10.056110898753445 485
1757487227465 10.030066567887664 486
1757487227511 10.004098556638368 487
1757487227554 9.978206581741484 488
1757487227606 9.952390361579484 489
1757487227652 9.92664961616562 490
1757487227696 9.90098406712834 491
1757487227740 9.875393437695907 492
1757487227784 9.84987745268125 493
1757487227842 9.824435838466934 494
1757487227887 9.799068322990406 495
1757487227932 9.773774635729382 496
1757487227976 9.748554507687437 497
1757487228020 9.723407671379771 498
1757487228066 9.698333860819154 499
